,topics0,topics1,topics2,topics3,topics4,topics5,topics6,topics7,topics8,topics9,topics10,topics11
doc0,0.0008994323402551742,0.0008996178125235886,0.9901052175476303,0.0008994721795098971,0.0008994516707504358,0.0008995955355552112,0.000899462835039084,0.000899556279656054,0.0008995962448968329,0.0008995543388154066,0.0008995910647611136,0.0008994521506067571
doc1,0.037732814071474545,0.00039349829503130455,0.00039346198129748674,0.0003934886406177241,0.00039349557201174065,0.8044064110826594,0.00039350293447187054,0.0003935092100815768,0.10706256086784953,0.04765027489771271,0.00039348135193470446,0.00039350109485743114
doc2,0.0005809342657989366,0.22131282982384556,0.0005808697698592281,0.169141549723007,0.0005808365820952482,0.0005809236429069729,0.0005808713568661529,0.0005809005436228898,0.48471937607164906,0.0005808691197440184,0.0005808119770448743,0.1201792271235601
doc3,0.0017796141270713403,0.0017797014077548944,0.0017797007128037279,0.0017796526982704584,0.001779682626280417,0.0017797272495772025,0.0017796645686039164,0.3946931784557637,0.23440515418243435,0.09885542392515995,0.0017797357313161768,0.257808764314964
doc4,0.3515619045685221,0.003425846756089387,0.003425123304624332,0.0034256851589151045,0.003425338808220963,0.0034253703381321604,0.0034251677232176115,0.5702947150546201,0.003425521594563325,0.04731533298650421,0.00342510416755351,0.0034248895390370693
doc5,0.001084897074953576,0.001084782159513884,0.001084727980841486,0.23048168702397942,0.0010848915654408714,0.5083738360211271,0.001084971662859135,0.10666844486479014,0.0010847374016377622,0.0010848538619751635,0.0010847536084833515,0.1457974167743981
doc6,0.09018457185836574,0.0014884835514404446,0.0014883360544238463,0.18761913639812408,0.0014886055303180775,0.0014884778477372517,0.0014886113944335671,0.624010804067893,0.0014886079132028559,0.08627733020414077,0.0014886778752532398,0.0014883573046671195
doc7,0.000537299054165058,0.01349305421308859,0.00950514975759288,0.0005371718250395965,0.0005372322720878043,0.0005372443096954156,0.12084223091315369,0.000537237672352987,0.0005372286508435276,0.0005372405016270665,0.0005371705347100378,0.8518617402956433
doc8,0.07444752855635839,0.10897924936076714,0.0005315948518922177,0.3640354187466802,0.0005315027172099349,0.2793735299905266,0.09095885927419269,0.0005315335513120114,0.0005315639678685098,0.0005315260418718959,0.0005315168768964924,0.07901617606442361
doc9,0.1845760911452027,0.0009418876215989721,0.013804733050767662,0.41737702507350194,0.3165059854409753,0.0009419695688490271,0.0009418512061029782,0.0009418545919967152,0.06114295966913384,0.0009418291804874807,0.0009418495774444978,0.0009419638739387478
doc10,0.2427499725227855,0.2683207983882185,0.05910712198537297,0.296535606916668,0.0013855118676956793,0.0013855420642649894,0.0013852602161670065,0.001385408582889305,0.0013855321026532287,0.0013854705946680227,0.12358825918461375,0.0013855155740032145
doc11,0.4508689800548362,0.14279366246190614,0.0005150476644236653,0.27540257090201464,0.12681432145679297,0.0005150738365948305,0.0005150376013953698,0.0005150487356696713,0.0005150711601278645,0.0005150744591484978,0.0005150422103683972,0.0005150694567215904
doc12,0.0006283074749455811,0.13101674575796196,0.01891860754774009,0.0006283486968571628,0.0006283092752393356,0.0006283399426986817,0.07192486617084765,0.45932687769367564,0.12643497526457717,0.0006282723853189162,0.1506062415440559,0.03863010824608195
doc13,0.09474547249872846,0.420308332534284,0.0007083006153591849,0.3960901480879294,0.057836091329733795,0.0007085139395826772,0.0007083406328305256,0.0007083915833919006,0.026060988406429265,0.0007084829405781929,0.0007083458245329868,0.0007085916066195953
doc14,0.09609144690550676,0.0005775024062408146,0.21816645943062482,0.10110955549030386,0.4117061643212841,0.08300455710057186,0.0005775683014408111,0.04438027268995678,0.0005775358329932688,0.000577577174635607,0.0005775480297055738,0.04265381231673548
doc15,0.0008994323402551742,0.0008996178125235886,0.9901052175476303,0.0008994721795098971,0.0008994516707504358,0.0008995955355552112,0.000899462835039084,0.000899556279656054,0.0008995962448968329,0.0008995543388154066,0.0008995910647611136,0.0008994521506067571
doc16,0.0008994323402551742,0.0008996178125235886,0.9901052175476303,0.0008994721795098971,0.0008994516707504358,0.0008995955355552112,0.000899462835039084,0.000899556279656054,0.0008995962448968329,0.0008995543388154066,0.0008995910647611136,0.0008994521506067571
doc17,0.0009508327365974224,0.2820414908454162,0.02327147207600523,0.0009508334696924091,0.06197957627880029,0.0036240062910256133,0.0009507978553980199,0.0009508472117883299,0.0009508276228168355,0.6224277352757981,0.0009508253380900182,0.0009507549985716373
doc18,0.0010730750001632409,0.44096733364175594,0.001073113083721367,0.2916713087399058,0.001073149421799997,0.001073162913987222,0.09016073962281698,0.16861482761418514,0.0010733651271769406,0.001073259540911504,0.0010734592770456613,0.001073206016530242
doc19,0.15323677328354382,0.00036216226376028696,0.0003621323595327246,0.000362171779892723,0.04414613193501804,0.3656503392036135,0.0003621740172407396,0.0003621892208889285,0.23700282084605256,0.11799456391789352,0.00036217305933070547,0.0797963681132325
doc20,0.0013665683957851727,0.2542405235732564,0.0013662346308169141,0.0013663663662082284,0.12885294775084255,0.0013665534997412301,0.001366398534505794,0.2298367937992846,0.0013664646597645704,0.0013665440064968978,0.3761383121373766,0.0013662926459210788
doc21,0.0005613321196645931,0.0005612918682498822,0.0005612109040669919,0.0005613557156784264,0.0005613462910052406,0.10146219785559622,0.0005612677167937665,0.0005612872613226293,0.0005612683148125853,0.7257236190883021,0.16776254559676276,0.0005612772677446989
doc22,0.0020751691948262103,0.002075115901003345,0.002075365277456777,0.002075471159156348,0.09486004750302614,0.002075428053126634,0.0020754465766391734,0.8380569910348545,0.0020750224129757393,0.04840559600080505,0.002075365176363201,0.002074981709766706
doc23,0.0006529771867699499,0.08656007777922432,0.0006528590919467101,0.07888828579891785,0.0006529245918083215,0.24249578998134005,0.0006529681544640732,0.000652945240047329,0.0006529283564636831,0.0006529132064028923,0.0006528773176906676,0.5868324532949241
doc24,0.0008463078261208522,0.1959385335782217,0.000846231079507475,0.0008462635457652928,0.0008462911345810098,0.42230801716254707,0.0008462608926357274,0.0008463166638051519,0.3741370553870204,0.0008462970545216351,0.0008461859278806803,0.0008462397473929887
doc25,0.10084199109579303,0.00044816394235596666,0.016168346800060955,0.050707992016623425,0.00044812450221006286,0.11071279716542792,0.21465918734928124,0.3409513762822574,0.00044815183278838034,0.0004481592800501381,0.0004481801619729713,0.16371752957117838
doc26,0.0009884239298140849,0.0009883014874954475,0.0009882364788431363,0.0009883611887007402,0.0009884170761287434,0.4491523599990072,0.0009884409990244714,0.0009883776759619192,0.0009883919801388788,0.5409638828855561,0.0009883610568513657,0.0009884452424778524
doc27,0.03204597236604078,0.001018580777691001,0.022051543166753087,0.0010186226454327943,0.19251103638434694,0.001018665513253249,0.494922392714624,0.0010185750859483594,0.0010186702445102096,0.0010185713708516164,0.19130056849304244,0.06105680123750534
doc28,0.35412605976830747,0.46607826682788756,0.03443247635329422,0.0003634906411411573,0.012537510632415165,0.0003634761197821585,0.038345279288211555,0.00036344976826752133,0.0003634504137737146,0.09229961483271835,0.00036349855445227296,0.00036342679974893166
doc29,0.1289606355921018,0.5017375667611207,0.06396394865352478,0.18243015144677305,0.0008253186082486844,0.0008253489988044781,0.0008254516675654161,0.0008252377125405603,0.0008252564883088923,0.11713064126238674,0.0008252487274668679,0.0008251940811580627
doc30,0.001216819824016307,0.07729940632658587,0.0012168520664271926,0.1451793312323421,0.0012167395978733946,0.0012167894510204396,0.2766336324751692,0.2323787636710357,0.001216889054317707,0.0012168282198779926,0.0012167200108132298,0.25999122807052094
doc31,0.20248731238755346,0.0011088301787608253,0.0011087501794487698,0.0011089131376340225,0.0011090304635077838,0.7443320343209335,0.04320027915145819,0.0011090137261423657,0.0011089767929955666,0.001108974599153415,0.0011090359916669076,0.0011088490707452303
doc32,0.0009419180882530912,0.3718063949685547,0.0009416716051315941,0.0009417957876123428,0.2154754960508778,0.169262772620106,0.000941760229109274,0.0009417803623041798,0.0009418089066578966,0.14774365894652752,0.04155109280309776,0.04850984963176774
doc33,0.47870188056915686,0.0017486128651979505,0.06940677495025056,0.08815373263315768,0.34974819836377,0.0017487535506025696,0.0017485440387903966,0.0017486770472747608,0.0017489720928029623,0.0017485961980867309,0.0017486516105256042,0.0017486060803839866
doc34,0.1037433307857849,0.00041645278021248776,0.00041640380541703567,0.04326112513606019,0.0004164310091036178,0.639254964304206,0.040014012552198316,0.08695716449660043,0.00041645549071517464,0.08427078885663031,0.0004164688658134452,0.0004164019172581904
doc35,0.8896086389004288,0.0014251106462785511,0.0014251652018396255,0.001424983252007829,0.09614143411104115,0.0014249190254274043,0.0014248078000040428,0.001425371681401949,0.0014249553196309995,0.001424924486939304,0.0014249003081556648,0.0014247892668444253
doc36,0.34722155079823064,0.4514165606219652,0.0034255655114270663,0.045007361782840635,0.12895118712885567,0.0034256187802659604,0.003425588188172856,0.0034257418922250694,0.0034256103082809727,0.0034251691375857536,0.003424917208883717,0.0034251286412663516
doc37,0.0013479535123142917,0.0013480889622895478,0.0013479060502568359,0.0013478933215497612,0.25918256977202786,0.06533367924472737,0.14379424045851924,0.0013481534949520565,0.1099353039027187,0.3260715388895311,0.08759467116078537,0.0013480012303276605
doc38,0.10870388588537061,0.6944828224219013,0.0008533349956912623,0.0008534673769745273,0.0008534808025169874,0.1390601023663559,0.0008533759653568568,0.0008534002925009421,0.0008535125887971807,0.05092572147191534,0.0008534292321507642,0.0008534666004682035
doc39,0.2570787173931047,0.10472471309284034,0.00024322198248929512,0.08156941187534197,0.00024326707724644096,0.04024484195856254,0.0002432355517898693,0.06370520362664005,0.16401182042791698,0.0002432558053179025,0.05832511967339898,0.22936719153535098
doc40,0.0033120245160613124,0.003312184567967839,0.003312074604109126,0.0033115695469374392,0.1687315744828684,0.0033122827228566493,0.00331151542054259,0.003312150510570296,0.0033132272532249082,0.003312373416731635,0.003311879055283356,0.7981471439028465
doc41,0.04764831652014465,0.0009692363992701754,0.3418186247127948,0.12213851768135513,0.14878450474223462,0.0009691316306006497,0.0009692959391825987,0.0009693312929772904,0.19536063679426707,0.0009691354670667164,0.0009692184844935791,0.13843405033561268
doc42,0.0010733341086554414,0.0010732532320950777,0.3158963422358281,0.5710763878851907,0.1033686212300154,0.0010731249240144571,0.0010731055870341194,0.0010731177312846012,0.0010731919178391897,0.0010732600799185235,0.0010731384920290238,0.0010731225760953226
doc43,0.5323149180325357,0.0017800166834894167,0.0017797906305838452,0.0017798509955903664,0.19004743012222186,0.0017799612271199553,0.12896813664662413,0.001780122294397777,0.0017799598420916959,0.0017798669113177224,0.1344294952305561,0.0017804513834715461
doc44,0.0012629043535184424,0.17195677239212903,0.001262713343136812,0.0753684395391879,0.0012628897032415424,0.0012629435137538631,0.16328290076345844,0.5792884527324023,0.0012628313797443467,0.0012630832223424044,0.0012630870480092298,0.0012629820090757364
doc45,0.2834059006575256,0.25223571313453363,0.0007343019022711056,0.0007343944307413655,0.2551108068749548,0.000734324290174845,0.0740754156846002,0.0007343892726069125,0.0007344258466576186,0.0007343904691687573,0.1300312982161235,0.000734639220641623
doc46,0.13812097651597993,0.047215695190497675,0.001133907712427138,0.0011340177293681704,0.06248696853268817,0.3217473106903854,0.05570912734344329,0.0011340217643024924,0.0011340350130809493,0.3679159421367832,0.001133961893888822,0.0011340354771546691
doc47,0.0011215411872906047,0.021167244658375682,0.0011215711819774418,0.001121383008720066,0.08142012563628916,0.0011214336083703851,0.0011214298718957327,0.2458986216366181,0.0011213296491088419,0.001121399578508844,0.0011214831420611456,0.6425424368407839
doc48,0.0005124359589573835,0.22561594832694323,0.0005124048529811176,0.0005124699947640795,0.000512425013459098,0.022089064696565578,0.10401536343219026,0.3475324521186651,0.0005124478650634989,0.25146174204960414,0.04621081927879502,0.0005124264120114871
doc49,0.1757056555341208,0.0003320576104849699,0.00033211482540149254,0.00033211424778775754,0.0003320770255253967,0.46072938387717943,0.0003320907049772911,0.16217762145517503,0.19873065232315526,0.00033206869038575907,0.0003320760390277152,0.0003320876667792272
doc50,0.0019536729862768077,0.0019537815797291114,0.0019534752276981256,0.0019535056095430522,0.22840242499292648,0.001953596270542476,0.2952210413419624,0.22520913551251903,0.0019534199409972043,0.0019536750647347516,0.23553887116812142,0.0019534003049491433
doc51,0.000978597983053441,0.0009786286573889179,0.9170382734197645,0.000978552656282343,0.0009785569093434018,0.000978703162992849,0.000978578653832319,0.0009786229262697059,0.0009785545840256733,0.07317584999156537,0.0009785380984043302,0.000978542957077146
doc52,0.0010082966364149514,0.7722316080298424,0.03987833059911464,0.0010083445087513496,0.0010082940374519596,0.0010082906681451937,0.05855614746269311,0.0010083305597850456,0.001008301388299355,0.12126739944154233,0.0010083962516829457,0.0010082604162767802
doc53,0.0026887430232907625,0.002688999600409146,0.05249537417783863,0.002689118321789187,0.08942771772918447,0.2926056688644261,0.18995050960366314,0.0026888768030084655,0.0026890659639847896,0.0026888801218344508,0.0026889959604358207,0.35669804983013503
doc54,0.0021648905968806313,0.0021651075583097304,0.0021650264801478525,0.16811075885658047,0.0021650656872560852,0.5354419052759597,0.002165045902809448,0.12348799257119045,0.002165178553064406,0.002165054541180679,0.0021651332988429878,0.15563884067777747
doc55,0.0006984798193045821,0.0006984923518684326,0.0006984523268525182,0.000698513429878763,0.0006985133751120376,0.4181683239440795,0.0006984676314849261,0.037514300961582876,0.27037658782696505,0.0006984998875445423,0.0006985652829866916,0.26835280316234006
doc56,0.18725395305707107,0.1016493563405189,0.0005489542115824415,0.060176821806111204,0.0005489721122047418,0.49456916529193096,0.0005489830806190235,0.07627015311270648,0.0005490303703783718,0.0005490190782219626,0.0005489889355734232,0.07678660260308134
doc57,0.0010290999413574268,0.0010289752831532007,0.0010291205204733611,0.0010291828526564821,0.3030140226239976,0.0010292002052539522,0.3576120474922264,0.12375289902651258,0.0010291057625043565,0.0010290121900771469,0.0010291802636643826,0.20738815383812317
doc58,0.0016613438194922375,0.38198770684650846,0.0016614636374866513,0.0016614299838166099,0.001661564237873371,0.00166138705420934,0.25103203532272444,0.1495068082356855,0.0016614978934019566,0.0016615766151851297,0.2041818164756374,0.0016613698779787437
doc59,0.05512062618801729,0.028059834150297037,0.0013127027344184783,0.38413242623177135,0.0013126672559565225,0.31780519431026716,0.0013128193471015975,0.14397349893448708,0.0013126171143174902,0.0013126564608846078,0.0013126272320957099,0.06303233004038578
doc60,0.03518078095829938,0.4152393954810412,0.027295025972925612,0.11143812556030108,0.056298424341314886,0.0005430608601092818,0.08532415996268673,0.12341639559863711,0.0005430728316774983,0.11999828631526079,0.02418026171154055,0.0005430104062058876
doc61,0.0010505523558945054,0.0010506517321563892,0.0010505868801437203,0.0010505419253747416,0.0010506207034728708,0.0010507601638858914,0.00105053785108896,0.0010505250009164879,0.0010505734588187358,0.0010509973664418826,0.9884430901261979,0.0010505624356078771
doc62,0.000978597983053441,0.0009786286573889179,0.9170382734197645,0.000978552656282343,0.0009785569093434018,0.000978703162992849,0.000978578653832319,0.0009786229262697059,0.0009785545840256733,0.07317584999156537,0.0009785380984043302,0.000978542957077146
doc63,0.001147070613952434,0.0011471791373104734,0.0011471622952280067,0.0011470811384142294,0.001146952405494887,0.0011470488016606464,0.2971697075118705,0.0011470954178485642,0.0011470194593742543,0.6913595341277406,0.001147051227885926,0.001147097863219465
doc64,0.000978597983053441,0.0009786286573889179,0.9170382734197645,0.000978552656282343,0.0009785569093434018,0.000978703162992849,0.000978578653832319,0.0009786229262697059,0.0009785545840256733,0.07317584999156537,0.0009785380984043302,0.000978542957077146
doc65,0.0007743034162649843,0.2086551674114306,0.0885292721710117,0.17059045383350652,0.000774265294134632,0.0007742426128080534,0.027707938438226182,0.0007742619300573796,0.42571703254524007,0.000774255934622271,0.0007742323934343734,0.07415457401926327
doc66,0.000750907761632051,0.0007508822063726224,0.0007508454769315932,0.0007509475621724714,0.046284877823399594,0.46489045630848047,0.0007509130919803429,0.0007508827788027018,0.0007509232146764846,0.002866979470754205,0.09420023258840737,0.38650115171639005
doc67,0.0010967215007734214,0.0010967412898161926,0.0010967648036006943,0.0010967632598687651,0.1658359110914113,0.370535859587937,0.0010968570293387334,0.001096820556718223,0.0010968461249314793,0.0010967339076959905,0.0010968897561824305,0.4537570910917257
doc68,0.000640399964607945,0.0006404107156383365,0.0006403243941257186,0.3393524629503885,0.0006403526211221436,0.0006403665495017659,0.10369540250911004,0.000640342858258446,0.08075146779982008,0.0006403638612890092,0.23068972333041934,0.24102838244571867
doc69,0.0018804139527491969,0.001879959528248853,0.0018799847939878094,0.3112404602473787,0.5631131513135177,0.001880084496210121,0.0018805263837724075,0.0018799608902479814,0.0018801310411533797,0.0018800555706793476,0.10872537118848687,0.001879900593567771
doc70,0.001160246092296732,0.39819566100661685,0.02322394522005581,0.025769837329066292,0.0011604463124020585,0.0011603468892064906,0.0011602951052036336,0.08081554038931568,0.0011603997993024592,0.0011603595557935558,0.0011604758735229285,0.4638724464272176
doc71,0.001511074923018557,0.0015108399664952549,0.0015107645209051287,0.0015108277391564044,0.0015108864667437087,0.6725979703115994,0.0015110410855778095,0.24774564190148168,0.0015109199487255177,0.0015108429884502551,0.0015108054154019449,0.06605838473244457
doc72,0.001558161491275494,0.49215826650241573,0.001557782772957847,0.001558064209595133,0.0015582453790261358,0.001558381149960975,0.0015578895887722486,0.29752542318863273,0.1962935903081152,0.0015581369054431305,0.0015580715901717514,0.0015579869136335821
doc73,0.0011472007786801335,0.6029492507883232,0.0011469587835528517,0.0011470868641342007,0.0011471014807365283,0.0011470438902808971,0.0011470736303528046,0.0011469650190426542,0.0011469606544266217,0.0011470146377554398,0.2114018101244672,0.17532553334824744
doc74,0.0006935690995514275,0.0006937252785958215,0.0006937794915488207,0.0006935484942318983,0.0006935933391850184,0.0006935748888283784,0.0006935534492473607,0.5824388682517653,0.19490558312599693,0.0006936489253850271,0.21641296146598837,0.0006935941896756935
doc75,0.08179210202112552,0.12458943909587238,0.044374391493223156,0.0006615649412487118,0.38646957744615,0.000661499314866536,0.02864574405553263,0.05726374299383194,0.05186699275068888,0.04878383472093271,0.1742296071986617,0.000661503967865759
doc76,0.004717573293300007,0.004718011764207023,0.004718921220841369,0.00471791053698008,0.7734266972032628,0.00471846632861649,0.004717313528181971,0.00471818430734846,0.179392321701566,0.0047187907937747,0.0047183021803683806,0.004717507141552697
doc77,0.571144748564707,0.0756970031212764,0.0014885138757498406,0.0014884471266482853,0.24818940247273047,0.0014887406642920646,0.06120506456249027,0.03334369512960392,0.0014886188314215765,0.0014885027921818512,0.0014883414555075937,0.0014889214033906393
doc78,0.597959373367013,0.0011880503341611503,0.0011878560566574458,0.0011879540670073556,0.33703167004695994,0.0011878848358131213,0.0011877994769083956,0.0011878288554998048,0.0011878794931318535,0.0011880454748727483,0.0543178907165205,0.0011877672754547091
doc79,0.22366116371513212,0.20119783037187436,0.0016894767687127775,0.001689689658625365,0.3476082787087205,0.0016896047758791543,0.0016896029588863808,0.08137256772351284,0.0016895891158929643,0.0016897714680734,0.0016895844628689002,0.13433284027182105
doc80,0.18759998853387386,0.17722907802385307,0.0012628797445719156,0.0012630589509669877,0.0012628626238019582,0.19033094260422395,0.39852221667985555,0.037477381526914516,0.0012629647314703059,0.0012629152868340139,0.0012628509012677612,0.00126286039236609
doc81,0.23724558917594624,0.001845862234836116,0.001845158049585848,0.06885171061061593,0.5725001173319373,0.0018454715553239064,0.0018454788749635812,0.0018453349962202009,0.0018455872190098624,0.10663899181197815,0.0018453357027956258,0.0018453624367870817
doc82,0.010874203697645777,0.13206530961215768,0.010870040215459115,0.7592162841888683,0.010873284289387025,0.010871354647678385,0.01087165827098966,0.010872048692987238,0.01087112091846347,0.010872303387705739,0.010871996397048816,0.010870395681608741
doc83,0.0014884614556661634,0.0014884914492552994,0.0014885025137950439,0.28242391044211806,0.7026914540333301,0.0014885174634552587,0.001488263688269878,0.001488424238124137,0.001488347650689798,0.0014888525571615829,0.001488489965167623,0.0014882845429670982
doc84,0.09792227847003183,0.0012790334621990349,0.001278958793272307,0.0012790992633622787,0.25912914957986843,0.0012790877752908224,0.0012789417921472326,0.17923928284501833,0.2462269431874443,0.17526055272345073,0.03454758622354963,0.0012790858843651969
doc85,0.0008683375929399448,0.03626114366480693,0.0008684130059008824,0.0008682176095042963,0.0008682929897902036,0.7022366404184482,0.0008682386688849898,0.0008682988903059112,0.0008683322431736057,0.0008682873398976546,0.0008682953482538935,0.25368750222809333
doc86,0.0015107896084352293,0.12560196998034495,0.001510789253380387,0.0015108590875391572,0.8592894411972204,0.0015107912153706118,0.0015107943084166622,0.001510773501220782,0.0015108578725888566,0.0015110950822536306,0.0015110359807093666,0.0015108029125198046
doc87,0.12451710550095574,0.0014885016746847785,0.001488441401377396,0.0014883679536995453,0.0014884611569216995,0.06847690559785091,0.0014884308591290995,0.2873835566533176,0.001488496916687714,0.5077150861509295,0.0014883149644117262,0.0014883311700340989
doc88,0.0012790760918411513,0.0012790307708375973,0.0012789761434262583,0.0012789760657899135,0.001279139338134453,0.0012789943343937515,0.0012789772119575144,0.5235974021195793,0.34202956887715646,0.0012789977201100554,0.12286162856500002,0.0012792327617737246
doc89,0.004717681497897442,0.004718032027453919,0.004718234073625606,0.6002767640443022,0.004717982440471941,0.004718215248251505,0.004718156415671779,0.004717678596884491,0.004717717764867933,0.352544230663823,0.004717593958900985,0.004717713267849291
doc90,0.029473648536149154,0.2552729202383972,0.0008993607943860541,0.07259370280924914,0.0008994437658408275,0.0008994729177908466,0.0008995432035309043,0.0722380978437278,0.0008995794495268611,0.0008995133786001921,0.0008995257787448173,0.5641251912840564
doc91,0.17868444721478371,0.0026181407376610695,0.002618035947613974,0.0026188709170929976,0.2777183265332001,0.002618223477844092,0.0026183619796813053,0.5200320744477863,0.0026183071543509837,0.002618210645504672,0.0026180837216851264,0.00261891722279566
doc92,0.0012471518865321888,0.0592090720299164,0.0012470926136618715,0.22834235507261252,0.09751151507633947,0.1924248406873401,0.0012472454276888285,0.41378195440683546,0.0012471128183257512,0.001247195351299525,0.0012473233863220896,0.0012471412431257303
doc93,0.0014248974067858629,0.0014249057605980188,0.029523065729545606,0.46076789584063577,0.0014249388646964812,0.001425018934912385,0.08607481827200728,0.001424907337735572,0.07451274407045587,0.33914690495241495,0.0014249217847341156,0.0014249810454779771
doc94,0.0007864301532987122,0.16992549305592602,0.0007862725576544864,0.0007863759723407048,0.0007863244249257475,0.5678942328483615,0.0007862867643176409,0.16490733213991166,0.000786403193905658,0.09098221274916551,0.0007862916966710643,0.0007863444435211122
doc95,0.0005709523829743255,0.2229638280396351,0.0005708417039860919,0.03551087398135461,0.06198023312334887,0.0005709493958445742,0.0005709737116193511,0.5636841870254128,0.0005709297703902401,0.0005709647845394833,0.07058981595033524,0.04184545013055938
doc96,0.0006018954502067464,0.0006018399627119874,0.0006018064000040408,0.6787936471861342,0.1456855824439255,0.0006018340905165045,0.0006018460046666209,0.0818979721755697,0.000601876717332887,0.0006018328342936941,0.0006018462667811195,0.08880802046785728
doc97,0.03343814424633124,0.0011341924092410627,0.0011339154841126917,0.001133972834299373,0.0011341542698474628,0.00113408783974837,0.0011339486523642291,0.18444924245209426,0.34999529689154085,0.0011340338664006491,0.4230445220467262,0.001134489007293649
doc98,0.0006283539744426778,0.0006282663924692025,0.0006282319716389757,0.1594478308118788,0.007718211142707251,0.021041507504166147,0.2823190918894572,0.000628355013492399,0.0006282795643961499,0.10548196273113858,0.42022162454440093,0.0006282844598115437
doc99,0.039781618555111,0.10222203465228907,0.0004995598761233013,0.0004996301414744826,0.040847198278284355,0.0004996134700051858,0.0004996546339961232,0.16505740054573553,0.18041047200133262,0.0004996125094445333,0.04186351495628695,0.4273196903799169
doc100,0.00106197233145862,0.0010618285696565902,0.0010617877791798626,0.0010619216596168416,0.0010618320946685503,0.08667925364896954,0.0010618215080002071,0.18862613687479174,0.0010619015559375467,0.0010618322074296166,0.0010618702468835875,0.7151378415234072
doc101,0.0009691830627380079,0.4308386730751246,0.021846898879954044,0.0009691606370221118,0.15743875651040434,0.0009690922014380264,0.1787621927080382,0.0009691728582496438,0.0009691602965593696,0.0009694859402640539,0.20432908359705199,0.000969140233155671
doc102,0.35961472030633157,0.4557321749996782,0.002488008601222893,0.00248795240058966,0.0024885924376302267,0.0024878647970424717,0.002487844365906648,0.09365737728898747,0.00248818581412576,0.0024882738217489684,0.0710910117560175,0.0024879934107188556
doc103,0.04214826098808669,0.16777540978695815,0.0005071734913292213,0.0005072417704085146,0.019108122037541853,0.0005072568315990248,0.1557340397620488,0.4041709414420228,0.07656785048883212,0.00050725469318642,0.13195920051471152,0.0005072481932748241
doc104,0.0010731885435219897,0.3303506863082324,0.0010731465842469174,0.15341552609509734,0.0010731790278944503,0.001073284416456275,0.0010731699565532824,0.2422666557046167,0.16484362633347466,0.001073159435888764,0.0010731519557213001,0.10161122563829575
doc105,0.26068522748972883,0.0011341875594870373,0.0011339195975724233,0.001134188825251822,0.0011341310508376516,0.08831286868655394,0.001134013813707783,0.5663045864744768,0.07562437419292045,0.0011342063930914607,0.0011342179797190783,0.0011340779366527521
doc106,0.0011878012875036707,0.19804643532625602,0.0011878633876229886,0.0011880634207851882,0.035469980204134624,0.0011878547157954788,0.19667176673488182,0.37283073499495323,0.001187967642851781,0.0011878978817140568,0.18866573841709197,0.001187895986409228
doc107,0.002841449040420321,0.0028419526831369277,0.0028415955943246313,0.0028416700532031746,0.2226991344056384,0.0028420014251425234,0.151666729537164,0.20762622456158839,0.3952740975588257,0.0028418010552783207,0.002841588186467739,0.002841755898809833
doc108,0.0007566144988816844,0.0007566358288008496,0.0007565327071556374,0.4092119650223574,0.06711495236418195,0.13292423008209725,0.0007567009362242319,0.0888134382634375,0.0007566127559098995,0.29663905309461214,0.0007566568453391335,0.0007566076010023917
doc109,0.5778768371879329,0.31402746174741214,0.06563382353377736,0.0047184058736644205,0.004718297564047353,0.004717906722263452,0.004717565612013821,0.004717356580604535,0.004717715031094384,0.004718179015304684,0.004719102788887191,0.00471734834299774
doc110,0.001953687636248604,0.00195382753119497,0.001954067712534964,0.0019536686654619815,0.5260753707037392,0.32029308733864,0.0019537420071517562,0.0019535769571058046,0.001953772690644627,0.0019537237160787463,0.0019537793403182446,0.13604769570088132
doc111,0.0017800182657946753,0.0017797058297762082,0.001779677111199214,0.0017799651631031973,0.1803731174077638,0.0017797833203871641,0.12190548422481838,0.18217796192539965,0.44691392197319696,0.001779705473011963,0.05617106245603224,0.0017795968495165778
doc112,0.0009161620786871158,0.0009161302612762513,0.8541868457515425,0.0009160820787856834,0.0009159963206065439,0.0743534074159372,0.0009159427926711246,0.0009160128619456773,0.0009159072362150157,0.0009159899323770697,0.06321565483326201,0.0009158684366937287
doc113,0.0009161620786871158,0.0009161302612762513,0.8541868457515425,0.0009160820787856834,0.0009159963206065439,0.0743534074159372,0.0009159427926711246,0.0009160128619456773,0.0009159072362150157,0.0009159899323770697,0.06321565483326201,0.0009158684366937287
doc114,0.0012789137549719708,0.0012791831014053678,0.01788801455215167,0.0012790597850002802,0.001278988758511058,0.0012791738354578435,0.0012790414260960086,0.0012789295955008557,0.8687450880781591,0.0012791165618455762,0.10185529166709133,0.001279198883809106
doc115,0.08343599905106311,0.0006446000600704274,0.010403258752948235,0.0006444712734633147,0.0006444477832953736,0.6016908888270989,0.0006446076995049656,0.11523380379596612,0.0006445102993341738,0.0006445159243547051,0.0006444612179946983,0.18472443531490598
doc116,0.0015341375109406128,0.001534095705698751,0.0015341234435263737,0.0015341468324817247,0.0015340842022517043,0.623170112387696,0.0015342682957340892,0.1445657233551535,0.0015340931120948775,0.0015339977217665762,0.001533886726992927,0.21845733070566287
doc117,0.12688141193199384,0.0007926463907547173,0.0007926457078295692,0.09732491705925024,0.0007925773942225678,0.6826766319802814,0.0007925804034210982,0.0007926100998167879,0.08677613261474125,0.0007925941033474934,0.0007926642222090828,0.000792588092132064
doc118,0.061332030962237626,0.0018121796051301174,0.0018118525891036965,0.19058813743783828,0.0018122324773459687,0.0018120557455527857,0.0018122383674115867,0.3219515786611539,0.15801389832981133,0.16253017569536202,0.0018121692439608628,0.09471145088509186
doc119,0.0008391452727477146,0.0008391077370090204,0.0008391053992354151,0.37196029543006665,0.0008391687347470882,0.16663053489962973,0.0008390948602010146,0.0008391157623349876,0.1790108210077534,0.0008391352617109225,0.0008391671532020914,0.27568530848136197
doc120,0.0018454680821957826,0.0018455209001894573,0.0018456211820977845,0.001845581124147319,0.5956607347732474,0.001845559083792154,0.0018453862088459963,0.0018454753669272415,0.14272313860866734,0.2450063329361565,0.0018454461134822197,0.0018457356202510144
doc121,0.0023701680685643315,0.002370258196804009,0.002369965627350436,0.002370077884780323,0.0023702638530313964,0.8530286945700424,0.0023701714077503442,0.0023702089267281044,0.002370069656626834,0.0023705510945328297,0.002370203724744184,0.12326936698904488
doc122,0.0012789349667782352,0.0012792132465652974,0.0012789926978957749,0.0012792198020023652,0.001279010938314162,0.0012791784713619848,0.35756204900617083,0.0012789473621021665,0.21318759688049566,0.0012791144208026597,0.0012792013662408746,0.4177385408412698
doc123,0.0019163163440027106,0.0019159471189897637,0.0019160282402098418,0.0019165134217841166,0.9789233104494608,0.0019159476757837593,0.0019158917140174633,0.0019159908209517354,0.0019162513781656393,0.0019158040929623203,0.001916170117864654,0.0019158286258070159
doc124,0.000294021916593781,0.00029403781285750904,0.00029399329107868973,0.00029402496172306077,0.24170522976971273,0.11934873174705218,0.0002940213422941893,0.14611221052678036,0.2688209053797848,0.0002940126793731871,0.00029404240616723987,0.2219547681665822
doc125,0.0021190986972110656,0.0021189096283340636,0.002118951745697779,0.13184925590836985,0.002119093308185998,0.002118951649798943,0.25049563267454505,0.3623857683883572,0.0021189473363859433,0.0021190661277090844,0.2383174299466045,0.0021188945888005037
doc126,0.0011340691577454978,0.0011341789056363094,0.0011341577935962356,0.0011340718169536384,0.0011339506981120895,0.0011340448546724744,0.29230844075371126,0.0011340811867880565,0.0011340117165365717,0.696350858480539,0.0011340433555803511,0.0011340912801287217
doc127,0.0007237533969179203,0.4831291702534436,0.0007237665871221966,0.12930054284475012,0.0007237648179497141,0.0007237710740871725,0.0007237415766309702,0.0007237683357262136,0.14198111281596631,0.0007237622296385348,0.0007238164092985606,0.2397990296584686
doc128,0.0005876588500089368,0.0005877518756231934,0.0529992537324648,0.0005877182462241418,0.1524312666092096,0.31345637647185987,0.000587690548690366,0.000587670547290634,0.0005877244290164841,0.27132423871759004,0.033124762770455535,0.17313788720156642
doc129,0.003012961371034753,0.003012634625600611,0.0030123897789913474,0.39432668539971616,0.003013257329057838,0.0030127199171050612,0.0030126286814286963,0.0030125683845689177,0.0030129323137423336,0.5755457184205413,0.003012917804622527,0.003012585973590654
doc130,0.704404665681478,0.001689467138785527,0.0016893732835584312,0.0016895875789489524,0.0016895472012400392,0.15076244635587321,0.0016895370031107153,0.001689456815627234,0.0016894927509130647,0.12962742801885363,0.0016894314933559881,0.001689566678255435
doc131,0.4853719405874485,0.0014455293045963105,0.0014454124239225053,0.0014454957878247715,0.5001735519479908,0.0014453960141735248,0.0014454505091604443,0.001445348970185836,0.0014453053740470288,0.0014455723950541803,0.0014456889008480404,0.0014453077847478523
doc132,0.0010619597238775294,0.1536820099149854,0.0010618186645770615,0.06357528736383172,0.08827056314136965,0.4489244764805312,0.0010617692496224544,0.0010618133680241671,0.001061903167741002,0.0010618334411090055,0.23811467949647513,0.0010618859878557085
doc133,0.03628117128328614,0.0011878136761053148,0.0011877396003851224,0.0011879442599570997,0.0011878307699306422,0.1007236365622121,0.0011880206397316623,0.23729637522660177,0.001187992568860949,0.001187877765019858,0.0011877718133016769,0.6161958258346079
doc134,0.4159509936244209,0.0010507531009746663,0.0010507016290720612,0.001050710775073401,0.0010507674416233344,0.09563336000386187,0.0010507537464810581,0.001050678280162262,0.273543090187946,0.20646687448749804,0.0010506982346362044,0.0010506184882502717
doc135,0.0007566144988816844,0.0007566358288008496,0.0007565327071556374,0.4092119650223574,0.06711495236418195,0.13292423008209725,0.0007567009362242319,0.0888134382634375,0.0007566127559098995,0.29663905309461214,0.0007566568453391335,0.0007566076010023917
doc136,0.0012318398465235413,0.001231836256271875,0.0012317865775606884,0.27716337819770587,0.19741221488936928,0.0012319061497272662,0.0012318234624083683,0.0012318698615407376,0.19911435561560295,0.06261079015696404,0.25507644634033527,0.0012317526459900258
doc137,0.2478175643986337,0.0005709082653298141,0.0005709002392462459,0.3269862073112399,0.31543498078265714,0.0005709250016329821,0.0005708907435578695,0.0005709455663409085,0.0005709253108186411,0.000570887637146945,0.0005709168322172327,0.10519394791117866
doc138,0.4614086310066661,0.17845203896398978,0.0020751841297659388,0.0020751168945512023,0.3414629154246055,0.0020753635698246313,0.0020748704445694406,0.00207529468624137,0.002075005526631851,0.0020755018151872046,0.0020749538922398046,0.0020751236457271184
doc139,0.003677579671118713,0.0036772699816330335,0.11661758104383572,0.003677450217388698,0.37002764292762147,0.32585184569852704,0.003677469131133329,0.0036771945126204326,0.1580849056213407,0.003677381991880323,0.003676578933733593,0.0036771002691670094
doc140,0.0027636851734095156,0.002763085201102923,0.0027630837638442144,0.12427201558678366,0.3863051634242863,0.0027634013040547774,0.002762731411695568,0.002763296116406033,0.1937065136942375,0.0027632298848869943,0.0027632755093237133,0.27361051892996885
doc141,0.0021651479555692436,0.0021651969298651414,0.002164991279084296,0.0021651733637358755,0.0021651476697897793,0.002165429086636926,0.002165028316005599,0.0021652683142448525,0.002165514301011452,0.9761833685476433,0.0021648620015898906,0.002164872234823527
doc142,0.16097728506431017,0.3496712250512497,0.0014664663461259836,0.0014665248285972395,0.0014666736008820123,0.0014665978284130945,0.27755707589359735,0.001466850295118077,0.0014665323777446272,0.0014666489214815908,0.20006148006062868,0.0014666397318515063
doc143,0.0021651479555692436,0.0021651969298651414,0.002164991279084296,0.0021651733637358755,0.0021651476697897793,0.002165429086636926,0.002165028316005599,0.0021652683142448525,0.002165514301011452,0.9761833685476433,0.0021648620015898906,0.002164872234823527
doc144,0.21545082637338608,0.001073351911051017,0.013586905456174988,0.23602943099715679,0.0010732980025674607,0.26215155096528137,0.0933507653371772,0.0010732456139843324,0.0010733375084256598,0.001073295801499798,0.0010733108066407523,0.17299068122665442
doc145,0.001582779503485713,0.0015826736520983785,0.0015824653622806776,0.0015829827327666858,0.31286791322190105,0.001582477385961553,0.030389317938240897,0.6424988007924026,0.0015826214327543959,0.0015825461815297986,0.0015829087350506903,0.001582513061527474
doc146,0.0024278699755749104,0.002427758951444597,0.05528826976156097,0.22009871297544903,0.13809952493130884,0.3734345265843859,0.0024282513511677856,0.0024277468353879625,0.19608383729818296,0.0024277755233260943,0.002428048976007448,0.002427676836203407
doc147,0.0014049134407728102,0.0014049101154243132,0.0014048562381888475,0.05309206760805989,0.24941042330752408,0.30166235826481896,0.0014047356958573091,0.0014048168261515809,0.3845961995349858,0.0014049781659510219,0.0014048647005377047,0.0014048761017278917
doc148,0.00354708961525328,0.003547109095291945,0.003546779481475773,0.003546622259846753,0.1817966240815119,0.003547216228010282,0.0035469688014626074,0.22614818939402956,0.23128870195914106,0.33239015655951154,0.003546946002620047,0.0035475965218453795
doc149,0.0012955827417182619,0.0012955984794804124,0.0012956551555249076,0.3772586371500603,0.0012956817175903083,0.001295672490164866,0.001295633421832538,0.308376203129035,0.0012956707048789662,0.0012956542687726754,0.0012955243982993932,0.30270448634264224
doc150,0.3541309791259373,0.0018118719063030743,0.001812198666141106,0.17939937032331937,0.0018121692190068495,0.20828926834146555,0.0018124430042118188,0.0018118785149574758,0.0018118859085172823,0.001812076093732359,0.0018119765898982204,0.24368388230650956
doc151,0.06991843153440341,0.5801132234153114,0.0017484368992252916,0.16229104702543126,0.0017486865044976823,0.1736872161028182,0.001748932611774014,0.0017488448919099943,0.001748901373909915,0.0017487274997125004,0.001748768829691571,0.0017487833113146044
doc152,0.000792558729461455,0.05761428406744085,0.011213113678665199,0.000792528255516548,0.0007925803118453444,0.6985798546170746,0.000792652350399763,0.22625227235970793,0.0007924937295172158,0.0007925839847514783,0.0007925873131531532,0.0007924906024664874
doc153,0.0013479035610609773,0.0013479620485412425,0.0013481020779916183,0.0013480326548561182,0.0013479717553309164,0.15013737180580888,0.0013479423921711543,0.06362455251204692,0.48503061175255896,0.0013479440451459517,0.0013479437450019211,0.2904236616494854
