,topics0,topics1,topics2,topics3,topics4,topics5,topics6,topics7,topics8,topics9
doc0,0.22811020621824193,0.0018876610974984697,0.0018870557034397736,0.0018874907403314612,0.0018874833015531524,0.001887543274476038,0.0018875394473681522,0.642895478757571,0.11578235469804496,0.0018871867614752161
doc1,0.04573491944848002,0.5798529425871588,0.0005209275304460793,0.10416681272672387,0.0005209075721135048,0.0005209697398663628,0.000520931199566149,0.26711969910268574,0.0005209171854597204,0.0005209729074997566
doc2,0.5092844885341878,0.0008334715144712456,0.0008334726312600088,0.09881250330806413,0.1514361244380294,0.2354660717888999,0.0008333957959400979,0.0008335061732534391,0.0008334820080694716,0.0008334838078243768
doc3,0.0005587457515888621,0.0005587701408516451,0.5688782960743328,0.0005588250903521938,0.0005587944736559928,0.22599350797906725,0.0005587426544128836,0.0832634046820351,0.07788244787499314,0.04118846527871018
doc4,0.001205286000407943,0.0012050941808703947,0.0012051214685305665,0.33816021705208293,0.0012051353201689265,0.15691100113965437,0.0012050823791744806,0.0012051210511181412,0.4964927584932623,0.0012051829147299708
doc5,0.0007577282037928018,0.0007577817477597619,0.0007577408922284442,0.0007577241146296155,0.0007577819939035849,0.0786660368528212,0.0007577392730065486,0.8622951229096897,0.0007577885590489907,0.05373455545311933
doc6,0.001370145348619993,0.0013700322993206824,0.08088777855095025,0.6149258173076606,0.05525693615040933,0.2407083246396957,0.0013700869205787738,0.001370354384401168,0.0013702161832828655,0.0013703082150804994
doc7,0.04566901951763773,0.08892631948864832,0.001516012571202502,0.09222715515072151,0.0015156162625679077,0.0015156563724131804,0.20369688413182563,0.31356732815702915,0.10923407565442858,0.14213193269352556
doc8,0.0006758254191151443,0.27260225440609037,0.0006759209836216381,0.1761816171122854,0.0006758542274107393,0.0006758063145844273,0.0006757739009153075,0.15861923898975863,0.32097149412077425,0.06824621452544405
doc9,0.001315925887633259,0.0013159411178850292,0.0013159206212518962,0.07765847580448224,0.05556958353972291,0.0013160261252495305,0.00131626345356617,0.001316089019195497,0.8575597867385155,0.0013159876924979585
doc10,0.0007813516823678532,0.0007813698973306422,0.0007813761513434174,0.0007814184451091899,0.20578933542278494,0.0007813789847031765,0.0007813331963069827,0.26928351194884365,0.5194575175822267,0.0007814066889835504
doc11,0.45706175136176863,0.06378672491527458,0.0006251049320139971,0.0006251717789792289,0.035468964032411385,0.000625152385415783,0.0006251551451588385,0.10466916393019568,0.33588767807408426,0.0006251334446976282
doc12,0.3073659083121151,0.0007464064195510974,0.0007464259758426822,0.06165351238777484,0.0368083580946618,0.08564794827530113,0.0007464228278357426,0.5047920752953199,0.0007465439895017644,0.0007463984220961751
doc13,0.0009902880446152516,0.0009901852129107454,0.1057697769827384,0.0009904087069335348,0.0009904494872361507,0.0009902407517314437,0.8863076286542265,0.0009903506345185949,0.0009903748472170817,0.0009902966778721082
doc14,0.0009902880446152516,0.0009901852129107454,0.1057697769827384,0.0009904087069335348,0.0009904494872361507,0.0009902407517314437,0.8863076286542265,0.0009903506345185949,0.0009903748472170817,0.0009902966778721082
doc15,0.5359931357386033,0.11585774119269114,0.15700697956196222,0.10286285101238107,0.0011365042479663436,0.0011365455933007194,0.001136611172450705,0.0011366786232998682,0.001136622735962812,0.08259633012138194
doc16,0.0009903772927876008,0.1810905892405816,0.0009902626271914342,0.03442665867232161,0.6859411988967642,0.09259969569093006,0.000990272941139047,0.000990338732818897,0.000990312576554323,0.0009902933289112727
doc17,0.08924967151701695,0.000704365937789491,0.6247501289746761,0.0007044728893398818,0.0007045363361185657,0.21769329294117867,0.0007044279442088937,0.0007043943913595244,0.0007044914315020772,0.06408021763680996
doc18,0.609841144493304,0.09202399406461524,0.09051546109714598,0.0005129901558743608,0.0005129111836251176,0.0005129522303620529,0.008380919251155172,0.0005129894384346388,0.09123026849406628,0.10595636959141706
doc19,0.07655636756223445,0.0009261130895023437,0.0669847721806533,0.35689372995557866,0.014730495568866731,0.3724550443311037,0.0009261925715432181,0.0009260775437916678,0.000926217988169444,0.10867498920855649
doc20,0.004546622047354056,0.004546705318561277,0.004545945864322416,0.004545698162373212,0.41150791571524614,0.0045462054740981256,0.044068889283206056,0.004545604427819987,0.5126007988416195,0.004545614865399297
doc21,0.00049031530911707,0.0004903063628299681,0.0004902993199822971,0.189795491926674,0.0004903364202166472,0.8062819591567281,0.0004902827594215704,0.0004903509761534076,0.0004903535858023271,0.0004903041830746479
doc22,0.0007520750699337326,0.0007521269557727647,0.0007520243724569772,0.4783840243039195,0.0007520417970101609,0.034907276403329475,0.049034529702451764,0.15015419264550445,0.28375960446589915,0.0007521042837219986
doc23,0.7039846218423588,0.1805460151969591,0.0005292125544832858,0.0005292614447046408,0.0005292840267653017,0.0005292924717335207,0.006643312638034655,0.05085144390836757,0.05532829673805758,0.0005292591785357039
doc24,0.16653782985651852,0.05375383609457223,0.000571593917859844,0.0005715275147545224,0.1160451153564685,0.0005715928876996899,0.0005715180735445637,0.06347359173116829,0.32376330597742536,0.27414008858998845
doc25,0.3528691763332234,0.0017548143835520974,0.001754747147974165,0.4404006316545112,0.04288833637069733,0.001754803362079246,0.025991842241441115,0.001754906414677335,0.1290758728767271,0.001754869215116965
doc26,0.1695308316799356,0.0002916072855006932,0.0002915888558516166,0.08133981052621625,0.00029161002877092323,0.00029159883353491346,0.043160586985879636,0.09060945022386353,0.47392534333410735,0.14026757224633954
doc27,0.0012503154635020788,0.0506753432076074,0.0012503973660578566,0.0012502313604492124,0.0012501457160601004,0.0012501420356415085,0.0012501024756892832,0.6394241556135309,0.0012504436524087188,0.30114872310905305
doc28,0.09651241581943938,0.001351776789017934,0.07073973975886813,0.0013516013736395369,0.13476443802799082,0.0013515887267898919,0.001351501922460956,0.4682152811580414,0.0013517338378193212,0.2230099225859326
doc29,0.09006251677056384,0.08345865146628406,0.0009616874819234544,0.0009619162144168386,0.2604753114398686,0.0009617428634922494,0.0009616899983475768,0.06577287306348413,0.3824527615644874,0.11393084913713182
doc30,0.34113596014512043,0.0007409430625400013,0.0007408661203277978,0.0007410240490110266,0.22507596712710545,0.0007409768860635415,0.000740837583300756,0.42860155564861063,0.0007409418986115354,0.0007409274793089383
doc31,0.00238198030408869,0.0023818419033160517,0.0023817616620765937,0.1965229600745656,0.0023811540371319303,0.0023813256236433207,0.0023815021221872314,0.1389652588636541,0.6478403135822844,0.0023819018270519873
doc32,0.0887717935187048,0.0023820307155949854,0.0023812612700638094,0.0023814976769949057,0.0023814562206761307,0.0023816197984282686,0.002381737901687333,0.002381241159450843,0.8921758271041973,0.0023815346342016784
doc33,0.0013516255805782666,0.0013515071244897864,0.0013515498744404947,0.0013515869703611843,0.13869791644981436,0.0013519535738496836,0.0013515234905719803,0.00135171085241769,0.8504889748343276,0.0013516512491488328
doc34,0.009093219766223699,0.5772579899033777,0.009093169640251468,0.009093001864387402,0.009091825788613223,0.00909583652044391,0.009091728818330537,0.3499963267343888,0.00909436760806695,0.009092533355916269
doc35,0.2240391609254694,0.0021282100376780514,0.0021281741314802785,0.002128238901113452,0.002128339034844664,0.07952024301718189,0.002128023399140103,0.0021283100769468716,0.6815428707450181,0.0021284297311271213
doc36,0.00333432186432526,0.003334189395453554,0.0033339143688705273,0.003334246869024765,0.0033341402645818046,0.23901957227307297,0.0033350168621772997,0.003333889494952789,0.6058383611815372,0.13180234742600372
doc37,0.45291788772649555,0.002083625395116789,0.002083744507320556,0.002083718599119197,0.0020838170664186782,0.0020839117971797583,0.0020836107795825765,0.0020836032166554924,0.530412370664363,0.002083710247748393
doc38,0.0008132015321059927,0.0008132315871821911,0.0008131224184501954,0.0008132841847771892,0.0008132256051748026,0.09340477394330411,0.2939317982068478,0.0008132470705339256,0.6069709855702755,0.0008131298813480851
doc39,0.0011497801411691326,0.001149624547587932,0.0011496529148913306,0.0975364251143503,0.0011496957632152155,0.5145350024012543,0.001149630767156989,0.001149582436771811,0.379880901438767,0.0011497044748359857
doc40,0.21106775278131726,0.000699511232068023,0.0006995207042145631,0.4540759818283518,0.0006996438070339187,0.0006995104039324295,0.0006995100072863287,0.32995963330666184,0.0006994888502007089,0.0006994470789332331
doc41,0.053367931609692346,0.001724634980093028,0.0017244587806580516,0.5914515775390622,0.0017245824372752179,0.0017243767301433777,0.0017243831279162374,0.3431087609435094,0.001724529823735253,0.001724764027914838
doc42,0.0007195254336059872,0.0007195038594203824,0.0007195547090004141,0.000719733490405439,0.0007196583484280472,0.0007195990994850277,0.0007195607215704358,0.0007195093003991206,0.9935237732279922,0.0007195818096928504
doc43,0.003705011174236755,0.6811739111741272,0.1019508842711683,0.003704791401231575,0.00370479202285196,0.003705049833047522,0.0037043065315143808,0.19094219789032937,0.003704402628219252,0.0037046530732737157
doc44,0.04203219456672369,0.0004185092379091617,0.00041851131262178105,0.3560801889960283,0.052387526113718295,0.0004185357155876921,0.0004184996876069591,0.03682619418906887,0.5105813219187862,0.00041851826194902675
doc45,0.0016951833450009677,0.001695196362622075,0.2934864246768448,0.0016952718858189637,0.0016955592002080764,0.5905773356789374,0.001695202670534254,0.0016956723314152545,0.10406852821214395,0.0016956256364741996
doc46,0.0003984872437797249,0.00039848163339438654,0.00039854512393122795,0.042986063649574344,0.4859283778042929,0.4682960048494691,0.00039847504702398006,0.0003985211183745458,0.000398504438857729,0.0003985390913021673
doc47,0.0008199106714632157,0.0008198230990116296,0.0008199022871025702,0.0008198544638585269,0.0008197974639345329,0.5173386756657292,0.0008197758627052775,0.34260725540587805,0.0008200240085481429,0.13431498107176887
doc48,0.0023260566092368584,0.002326466221497511,0.5834698185832627,0.1710282571465303,0.0023261454165757586,0.2292176786030777,0.002326888988816185,0.0023261175476256687,0.0023262877561337045,0.0023262831272434586
doc49,0.005001542953523705,0.0050015983654398835,0.005002896991896333,0.7587186428181728,0.005001070408972102,0.005001054708545166,0.0050010859704260925,0.20126935569913243,0.0050008928877641,0.005001859196127436
doc50,0.0017549628397463609,0.0017549807219875827,0.0017547844193649127,0.5855723142250685,0.0017546194831181575,0.0017548156471888854,0.02089642730857993,0.38124710109435395,0.0017549939963117343,0.0017550002642799907
doc51,0.46628941241476646,0.19483685174734797,0.0005077027028960107,0.0005077242806847495,0.0005077637229868246,0.08230309157422767,0.0005077512863159179,0.09522123848965303,0.15881070811511488,0.0005077556660064651
doc52,0.0011630977741083086,0.0011630996170385378,0.001163170507873735,0.001163134857894321,0.9895317712762142,0.001163105415823707,0.0011630910938027332,0.001163320184451166,0.0011631706344446473,0.0011630386383487802
doc53,0.001389325438498567,0.0013892606379273945,0.0013891553640322687,0.001389099520422892,0.2531841319284773,0.0013890771137600195,0.001389092667297228,0.7357022336341025,0.0013894119561280289,0.00138921173935392
doc54,0.0025648729526267567,0.002564687142703069,0.002565152228971049,0.6002875479341627,0.00256472352240571,0.3791928574833368,0.002565283272728156,0.0025647030109600018,0.0025649635509869683,0.0025652089011187216
doc55,0.32263403087365644,0.0016956787953207682,0.0016950908237803892,0.0016953533303551414,0.35183135216107475,0.31366705149235813,0.0016954849571648109,0.0016951992339226223,0.001695420034350039,0.0016953382980168569
doc56,0.0033339609636683152,0.0033340184801093496,0.0033341590192026618,0.0033341949461286875,0.0033339335195641025,0.8553225863699983,0.003334445412742608,0.11800356794439651,0.003334438452977013,0.003334694891212529
doc57,0.5654892609351742,0.0015629511523275873,0.001562734914197087,0.0015626718625057104,0.10296653806492999,0.32060457839431294,0.0015626263449211601,0.0015628442336533648,0.0015630066251965495,0.0015627874727814463
doc58,0.001389115714431898,0.0013890706146887266,0.11040899960539369,0.001389125260833547,0.001389304155742211,0.7256293771264766,0.001389138339255052,0.15423745042131934,0.0013892532216378695,0.0013891655402210957
doc59,0.1346279345532275,0.0007248576313184287,0.20226627481588896,0.0007247466661698521,0.0007247244323685277,0.0007248436275359921,0.000724899239679836,0.3898130283678772,0.26894392361248753,0.0007247670534461985
doc60,0.0012660682068436487,0.001266032878000444,0.001265984893568507,0.001265963625195176,0.10930701418178802,0.0012660604755326532,0.0012659693170216162,0.08603833903948713,0.795792521973027,0.001266045409535704
doc61,0.0006712926738953886,0.0006712949946549546,0.0006713091301282234,0.0006713153837091251,0.000671309929516016,0.000671322327745637,0.0006712809563971826,0.3001405719378181,0.6944890138283853,0.0006712888377500881
doc62,0.29174483994626277,0.5037451364991582,0.0011630492062567523,0.0011631376607770358,0.0011629581017450342,0.001163031684221136,0.001162953516229627,0.001163163975221675,0.0011632227743764367,0.19636850663575128
doc63,0.18852979805090872,0.0013702220283211993,0.0013701444281613816,0.001370364000774839,0.001370042833272136,0.0013703306758591285,0.09716394572927706,0.2751898256626626,0.0013702756016315926,0.43089505098913145
doc64,0.08022701268350228,0.000943573721812155,0.0009436037820922948,0.0009435645385966363,0.0009434839549754847,0.0009437838987296454,0.9122241474448866,0.0009435386969135207,0.000943680017399348,0.0009436112610920611
doc65,0.08022701268350228,0.000943573721812155,0.0009436037820922948,0.0009435645385966363,0.0009434839549754847,0.0009437838987296454,0.9122241474448866,0.0009435386969135207,0.000943680017399348,0.0009436112610920611
doc66,0.8590423537107741,0.048044588850457405,0.001075418804367621,0.001075475013845437,0.08538473400344591,0.0010755179673373094,0.0010754416452474968,0.001075423096795875,0.0010755211304535046,0.0010755257772754345
doc67,0.20924644340530701,0.2375733067059272,0.0006329837051591296,0.0006330402108418341,0.0006331144206335953,0.0006330481302429449,0.0006329763550580105,0.12010074123711623,0.4292813306120125,0.0006330152177014786
doc68,0.4796961288390652,0.10926890297825634,0.15252944112138755,0.0024393310064374303,0.002439387643411968,0.002439547310322927,0.0024399613564704543,0.002439766959466899,0.0024395512067597446,0.24386798157842152
doc69,0.0013517275276782974,0.0519616696106495,0.0013515933607318622,0.1742771052227632,0.0013515577156852255,0.1720791003269969,0.0013515159159803235,0.0013517117951948965,0.5935723225856746,0.001351695938645186
doc70,0.0020839998330070193,0.0020839081439749346,0.0020836499895867076,0.00208409866891119,0.0020837025097188632,0.0020838045710264543,0.0020837581158377506,0.4436909304901987,0.31416214448443264,0.2275600031933057
doc71,0.0009711524821193972,0.092699158460381,0.0009710426510093198,0.8995318609521035,0.0009710960127857273,0.0009711002710728827,0.0009709828694370481,0.0009711203049903575,0.0009713084447423551,0.0009711775513581813
doc72,0.0009618491769016528,0.0009617657445986303,0.0009617631953120523,0.39556448873827377,0.16836945918857865,0.0009618966439290793,0.0009620094618382441,0.3042856028138524,0.12600935372168753,0.0009618113150279805
doc73,0.1853525984739357,0.6270934820344896,0.0016953187379235616,0.0016954276678541004,0.06718198813333391,0.0016954067212187607,0.0016952470760223303,0.0016954133024393388,0.11019966856652601,0.0016954492862568283
doc74,0.00312584820304942,0.1336722696433875,0.0031252162529493543,0.0031252989075807283,0.0031258467104566205,0.0031253115146483816,0.003125158960172705,0.0031260242303683974,0.8413235163562603,0.003125509221126562
doc75,0.12427336126697883,0.001316142000204972,0.0013159940785873545,0.0013161677968012014,0.0013161076978609944,0.0013162478976089355,0.0013163043474255756,0.16994801772589269,0.6965656356408524,0.0013160215477870988
doc76,0.001234766872508381,0.736789994089488,0.001234708885435126,0.015485555908314037,0.0012347628834003819,0.0012348222938491308,0.0012346933421411891,0.2390811189683462,0.0012347207198356335,0.0012348560366818337
doc77,0.16777384319804434,0.25808158257156993,0.001492735579034754,0.0014927916785398173,0.4748412035553488,0.0903462465089285,0.0014928268365230254,0.0014928394012024432,0.0014931676543402696,0.0014927630164681123
doc78,0.0010103441535329978,0.4241626276228439,0.0010104281146234423,0.0952475977274293,0.0010104304494903745,0.0010105046193500155,0.0010102049119468071,0.4735170712587943,0.0010103647299537276,0.0010104264120353028
doc79,0.001250445613244398,0.0012504784670163418,0.0012503289222152375,0.32944018234996575,0.0012501932669714089,0.005219356327793626,0.16957884371799203,0.0012503624703936918,0.48825948179610473,0.0012503270683027967
doc80,0.4737601990729686,0.0024398190851517027,0.002439595018920942,0.0024395878357483056,0.0024397377545599657,0.13790213443166677,0.002439842500256867,0.002439757826257132,0.3712592702165907,0.0024400562578790115
doc81,0.18666337573386138,0.001052919465119251,0.0010529957068703731,0.001052874993884336,0.10213374060092185,0.07259281707550493,0.0010529119049244925,0.391969675423604,0.2413756737288245,0.00105301536648463
doc82,0.11901042050800535,0.0019235812216454838,0.5488585270917103,0.0019238769291503096,0.06151561425118843,0.0019237082805454238,0.0019234517636967537,0.0019235743119212197,0.2590737236612965,0.0019235219808400282
doc83,0.21311671533368065,0.0012662550278877845,0.0012664551502786533,0.0012661174576305194,0.2135055370078758,0.001266255720684946,0.0012659736588450901,0.00126619610327745,0.4402022581728698,0.12557823636696952
doc84,0.6295715865777017,0.003334578881949296,0.0033336245962624395,0.0033336862058036838,0.0033336667777703038,0.10352744450441476,0.0033337651066114647,0.2435642371485417,0.003333624180890533,0.003333786020054091
doc85,0.001266185753392215,0.0012660918359658705,0.0725085843418154,0.31843466157564215,0.048615927010661586,0.0012661560749806762,0.0012659596432775576,0.12310020614659219,0.4310100296484611,0.0012661979692111694
doc86,0.0013894298245215662,0.001389358188816115,0.0013892674573332403,0.0013894119527347668,0.001389087475150041,0.0013894169170162107,0.0013890983439506493,0.1420829047013304,0.846802798292645,0.0013892268465021066
doc87,0.002222769116347527,0.002222980799362059,0.0022228343750565803,0.28051176133131145,0.0022231633862245317,0.16776964057843363,0.0022228198526500795,0.3388451003218873,0.19953626040933448,0.002222669829392407
doc88,0.004167765199488509,0.004167537510778451,0.11710001787769478,0.5744376734988285,0.004167077565873773,0.004168271347395216,0.004167139786240209,0.0041687124357972965,0.27928809558032985,0.0041677091975734345
doc89,0.0017246794296674028,0.05707694782291478,0.0017243022272888698,0.0017243582124916398,0.001724614303149534,0.0017243305542964723,0.0017242955143398299,0.0017244033850513211,0.9291275692184447,0.0017244993323553505
doc90,0.002703283726869826,0.002703109957515973,0.0027031671553174636,0.00270347290111625,0.22719876221091756,0.0027035905836112818,0.0027027398915096218,0.002703197895005004,0.7511752980271409,0.0027033776509959523
doc91,0.0010756046684911715,0.001075698314141634,0.0010753799584428858,0.10291594334727315,0.0010755871973064724,0.0010756562994143608,0.0010754559483794077,0.4127277091899533,0.0010756799700734798,0.476827285106524
doc92,0.433898311220647,0.0020413876841433843,0.1402545796729065,0.0020414842152432907,0.0020414658520618973,0.17765165373307135,0.002040936741098208,0.0020415544362019982,0.23594734714475463,0.0020412792998719415
doc93,0.0008132015321059927,0.0008132315871821911,0.0008131224184501954,0.0008132841847771892,0.0008132256051748026,0.09340477394330411,0.2939317982068478,0.0008132470705339256,0.6069709855702755,0.0008131298813480851
doc94,0.40098401454602206,0.2364427721212067,0.0006494579138826121,0.0006494738569187979,0.2677629141834924,0.0006494923928521345,0.0006494526388343815,0.000649510264968203,0.0909133957923126,0.0006495162895102691
doc95,0.7665210825990394,0.0015629133051047257,0.0015627326124136017,0.0015627652367989256,0.0015627441502316806,0.10317735715300597,0.0015627313157078123,0.0015630303976918915,0.0015628581844667464,0.11936178504553908
doc96,0.0012199352678100123,0.0012199676906171904,0.4265400035669267,0.563701321781453,0.0012197815868394285,0.0012199056806378712,0.0012195909188472396,0.0012199620323539075,0.0012197783532518882,0.001219753121262961
doc97,0.6122816006155931,0.2796790176326719,0.0738395711421438,0.0010103501490166097,0.028137409023093016,0.001010463252541864,0.0010103487404417412,0.0010104465863435938,0.0010104350815453153,0.0010103577766090743
doc98,0.34086134233262966,0.11947832525523258,0.26712670062375554,0.0007635286689277566,0.0007634530180367228,0.0007634767529602089,0.0007634432119580897,0.12425163411593916,0.0007635113971533948,0.14446458462340667
doc99,0.0014288845354326124,0.0014287073988917913,0.16922419239900036,0.0014287542325368576,0.08198467020991353,0.7387889234805383,0.0014290907764492897,0.0014290184349391758,0.0014288881358319704,0.0014288703964660454
doc100,0.2085906215253784,0.0008266492793140487,0.0008265685531880967,0.0008266137987115686,0.0008271229807065395,0.0008266249787657401,0.0008265220852159111,0.7847958914230505,0.0008267580158685569,0.0008266273598006495
doc101,0.001695410022603818,0.0016952567210628616,0.5786119746434031,0.12776543740812255,0.001695158493094587,0.2817556660518786,0.0016950534366021689,0.0016954119586305547,0.0016951812852809471,0.001695449979320704
doc102,0.0007521080013380448,0.0007520707941636702,0.04272193279510381,0.0007521197216346895,0.15831245619789786,0.5747818432374295,0.0007520739635733757,0.0007520936072225079,0.2196711698180842,0.0007521318635523298
doc103,0.002174515868024413,0.0021744539696552153,0.002174501450080446,0.5998047127187975,0.0021748477253244213,0.29124104693549396,0.0021746403948450835,0.09373221272194304,0.0021744319542265104,0.0021746362616091694
doc104,0.0017243545793282642,0.0017243128066429048,0.5644618628083131,0.0017244214286228456,0.0017244051306667275,0.4217416697757052,0.0017249600293835175,0.0017249110192822281,0.0017246585991566713,0.0017244438228983983
doc105,0.0010872092640087229,0.061544163830129346,0.001087168236492126,0.0010873609656005024,0.001087116163288073,0.38693197631915155,0.0010871350206227571,0.0010872247701916042,0.18164619329165152,0.36335445213886386
doc106,0.0015876846068669486,0.001587576874441491,0.21507205197920745,0.0015878289305465041,0.0015874267799794715,0.6454219464821128,0.0015875519780507916,0.0015877577315316352,0.001587657693223052,0.12839251694403983
doc107,0.0020839998330070193,0.0020839081439749346,0.0020836499895867076,0.00208409866891119,0.0020837025097188632,0.0020838045710264543,0.0020837581158377506,0.4436909304901987,0.31416214448443264,0.2275600031933057
doc108,0.08560070154036892,0.27686958466724604,0.026581429014484168,0.14385756634172975,0.0006580363777949047,0.0006580460187324018,0.0006579727914576601,0.4638005182360332,0.0006580806576741357,0.0006580643544789176
doc109,0.001818555410180279,0.11018437855453551,0.0018186304538171769,0.24061379500283778,0.0018185039101444001,0.5186817734028054,0.0018187861645191084,0.0018187599137881368,0.0018188445441746344,0.1196079726431976
doc110,0.31634614380017767,0.24631499860386996,0.0016670906722410733,0.0016671283068018167,0.3194172982716013,0.0016672419231227782,0.0016667971042988248,0.0016670531670179797,0.0016672081717360261,0.10791903997913257
doc111,0.0027790971128493526,0.002778568400347715,0.0027786955623400177,0.17587653927197927,0.0027784242822666456,0.8018947012365163,0.0027781571047285885,0.002778649166091352,0.00277872300433521,0.0027784448585456427
doc112,0.4336436374588748,0.0013160984679817477,0.0013160442279666759,0.0013162176324162337,0.22439547014416497,0.33274800020819645,0.0013160112186758315,0.0013162067184195037,0.0013161282688464399,0.0013161856544571175
doc113,0.002273127336867543,0.03330150166820721,0.002273308246850954,0.020151949618074885,0.5391377725539513,0.3937694589115116,0.00227337042532887,0.002273450805348337,0.0022730417070632664,0.002273018726796021
doc114,0.001724487189776111,0.0017246830980633299,0.5542777450052844,0.046537130046753854,0.001724429301677862,0.13835545159887935,0.0017243387420315841,0.2504823773156136,0.0017247211192657273,0.0017246365826542
doc115,0.06346771217891245,0.0016130793225689966,0.8699203637568593,0.001613455468840712,0.0016132063339647502,0.05531915664877772,0.001613170812344621,0.0016132100433183037,0.0016132714501592756,0.0016133739842538984
doc116,0.09831182212111518,0.000641142277210291,0.3594774679624633,0.0006412329355167531,0.0006413225666677987,0.0006411562155261009,0.0006410960949762905,0.1626360825770451,0.23397719101059558,0.14239148623888354
doc117,0.07089404982171578,0.29005659769260644,0.0015877260539370669,0.001587902128610869,0.09652854467951975,0.28665725131363823,0.0015874269387919709,0.24792479018723182,0.0015879313441379606,0.0015877798398100018
doc118,0.0014089246814699558,0.0014087639208859078,0.001408658783622003,0.20016555443000758,0.09763488651679221,0.0014087335028337166,0.0014085738563088034,0.5653941496964462,0.1283529942416344,0.0014087603699991895
doc119,0.37192423303068,0.203007367428818,0.0007195368635934104,0.000719644268102922,0.0007196096038174589,0.0007196641315002321,0.0007195025250110626,0.31909025348991094,0.1016606009959344,0.0007195876626316354
doc120,0.0010641190729341696,0.0010641576164668323,0.01809920724788844,0.1630946788455634,0.001064058022872127,0.0010640846586491902,0.0010639313803058087,0.3258328242633673,0.4865888457452478,0.001064093146704983
doc121,0.3884552886100596,0.005885318233887831,0.005883075653288261,0.005883623668812529,0.005882972646959021,0.005883478983887937,0.005883171728870314,0.005884181048451823,0.20560753257602737,0.36475135684975535
doc122,0.00048557002012214885,0.01518957602151201,0.0004855236304072294,0.00048553863296927453,0.36330199455426193,0.0004855386024230613,0.0004855298026718752,0.1261969614757989,0.4181665183405329,0.07471724891930072
doc123,0.002858175035862575,0.002857624719859954,0.002858075591481756,0.0028578110910556344,0.0028576108001122846,0.002857586123062145,0.0028583492874853533,0.37638297679846433,0.4036661071695901,0.19994568338302587
doc124,0.0025646982418923306,0.002564536693586149,0.0025647864436415353,0.002564591350334686,0.17401046939839906,0.00256502676765041,0.0025648048303525436,0.0025647748934769306,0.8054713729755532,0.0025649384051132165
doc125,0.000990237862678553,0.0009901769204129522,0.0009902999509589772,0.0009903837617022961,0.0009905415642429164,0.0009901993735791422,0.9910869513420625,0.0009903508369501217,0.000990506571248098,0.0009903518161644823
doc126,0.000990237862678553,0.0009901769204129522,0.0009902999509589772,0.0009903837617022961,0.0009905415642429164,0.0009901993735791422,0.9910869513420625,0.0009903508369501217,0.000990506571248098,0.0009903518161644823
doc127,0.0019612368098875965,0.19495740991034086,0.0019611881884542175,0.15271258991946568,0.00196120849373489,0.4083704871651119,0.001960973233376221,0.23219228040825088,0.001961396601359154,0.001961229270018624
doc128,0.0017548183618933924,0.08629306304004557,0.18698185828232805,0.0017548608760287123,0.0017551288633721072,0.0017548096594480161,0.0017544870389175889,0.560642260274577,0.15555372786970362,0.0017549857336861539
doc129,0.0007814507030337891,0.05402078877534127,0.0007814567834280069,0.4502918316541152,0.10902755185112391,0.0007815119823534549,0.0007813335144466384,0.3819712459787264,0.0007813901468739449,0.0007814386105573992
doc130,0.010004419165021596,0.010004321896213194,0.01000074568395751,0.01000053350983107,0.5866908970230986,0.010003126287221449,0.010003749982820203,0.333287301679138,0.010001786792523113,0.01000311798017517
doc131,0.1218513093778799,0.0007754618143258141,0.0007753396937320742,0.06254908069638102,0.0007754184664935837,0.2875751511301584,0.0007754327131528809,0.3037689552731638,0.0906911527460332,0.13046269808867922
doc132,0.8314190297342822,0.06044063292478854,0.000629011327843299,0.0006290344136887158,0.1037370422980228,0.0006290505966167963,0.0006290134603954318,0.0006290395732601996,0.000629076938806153,0.000629068732295801
doc133,0.1545297015780513,0.0018185852913994043,0.0018185815682881651,0.001818881937026022,0.0018184974055365601,0.001818879064981223,0.21940374370260188,0.51192762383634,0.10322665152254051,0.001818854093234885
doc134,0.4064060467533272,0.0014088497976409262,0.0014087720797594466,0.0014089976618174812,0.0014089723567439587,0.001408818457445196,0.0014086633118900072,0.0014089591062476396,0.5823230656170731,0.0014088548580549292
doc135,0.2635116261447102,0.000433019163896773,0.07924429240321512,0.0004330538778871167,0.00043302964776870394,0.00043304370578943604,0.00043300047771008076,0.00043304871942335515,0.6542128483528058,0.00043303750679347464
doc136,0.0013517977573302893,0.001351619592178304,0.0013516617445895115,0.3862502144147904,0.0013516334977552449,0.0013516265698676293,0.001351470894802817,0.6029365009830584,0.001351622871901612,0.0013518516737258046
doc137,0.12501255773460365,0.26105064071250617,0.022886210285208392,0.0004485882034207964,0.05874653627211089,0.00044855949612705373,0.0004485124585253565,0.203288216159579,0.11219848028740366,0.21547169839051494
doc138,0.0005526509867541354,0.000552670638596423,0.04919581671808749,0.051944213936733145,0.22462557042961423,0.02957679574955118,0.0005525765716214424,0.0005526133623868155,0.641894435764412,0.000552655842243293
doc139,0.2832579153645271,0.0023815469356390007,0.07817017143162237,0.3352111771883289,0.002381396961781489,0.13159076763623523,0.0023817450964221045,0.0023815713757643843,0.1598621225641708,0.002381585445508633
doc140,0.001471122746942648,0.0014709390895920427,0.0014708406350659943,0.3833415443517944,0.0014709355503138343,0.5069143078952231,0.0014707449883401141,0.09944725169378277,0.0014711512805182434,0.0014711617684268737
doc141,0.0959114350514717,0.23625028836735126,0.0005749018498707219,0.0005748953853747681,0.0005748528928486828,0.0005749167909058371,0.0005748219740371417,0.0005749242310719811,0.6638141556005508,0.0005748078565171909
doc142,0.0006946732666739566,0.0006945867179729679,0.7914026217228389,0.0006946020652820005,0.0006946363128179585,0.05378082300059658,0.0006945786398703911,0.05743673064455351,0.0006946015403421914,0.09321214608905164
doc143,0.0010205620376529004,0.0010206271988498171,0.0010205754554114843,0.1368458167463635,0.001020663316483362,0.15406326159170947,0.154931305767594,0.5480356591026133,0.0010207987709312488,0.0010207300123910399
doc144,0.0015877822380471185,0.0015877481493423642,0.001587548344614951,0.1319343732030092,0.001587847112903368,0.0015876937155845541,0.0015876593698001746,0.5312670492626419,0.2366622758865959,0.09061002271746049
doc145,0.17831197356231962,0.0014711590473979032,0.08106388759761363,0.001470878240534481,0.0014710457736232057,0.0014709203248937785,0.0014709203686752103,0.0014709168967872268,0.7303271243859599,0.0014711738021950262
doc146,0.0013162936191216063,0.0013160271383832907,0.001316318940172885,0.23286711880677102,0.001316090227368476,0.0013160987094531593,0.001315992988906441,0.2737801671942646,0.4841396334343475,0.0013162589412109179
doc147,0.0015626822304790683,0.0015627226695925803,0.5184302968306769,0.0015629104304843505,0.0015626891449733466,0.17255212893335406,0.045481422661584885,0.001562932579001725,0.25415918635837204,0.0015630281614811465
doc148,0.0012501321642429267,0.0012501419649876171,0.0012502441315463556,0.001250386335021158,0.001250353946374105,0.0012503602007197558,0.0012502445923371474,0.0012503400314794275,0.9887475427495684,0.0012502538837229052
doc149,0.33859955832791433,0.2992545527761638,0.0016397334782106477,0.0016396594712835963,0.248786380019655,0.0016397434982863698,0.0016395146011703636,0.0016396455892667343,0.10352155279171082,0.0016396594463382252
doc150,0.09081897521962785,0.0011114986307986438,0.0011114053535410653,0.0011112920476143988,0.0011113518257616366,0.0011113677705426152,0.06313254352246435,0.0011113048690099554,0.7792126590215219,0.06016760173911763
doc151,0.0012659768446200911,0.001265994259737855,0.0012660360305142204,0.0012659868053321146,0.23383043911393503,0.0012663137013865435,0.0012659458895279772,0.0012660229491157837,0.7560413059166057,0.0012659784892246032
doc152,0.0007196363704575296,0.0007196486531611945,0.0007195881515193331,0.7305771731275318,0.04783404730379446,0.0007196126310939508,0.0007197172639690866,0.21655134442774235,0.0007196416818854882,0.0007195903888447697
doc153,0.00312584820304942,0.1336722696433875,0.0031252162529493543,0.0031252989075807283,0.0031258467104566205,0.0031253115146483816,0.003125158960172705,0.0031260242303683974,0.8413235163562603,0.003125509221126562
doc154,0.0010756046684911715,0.001075698314141634,0.0010753799584428858,0.10291594334727315,0.0010755871973064724,0.0010756562994143608,0.0010754559483794077,0.4127277091899533,0.0010756799700734798,0.476827285106524
doc155,0.0005651469190296314,0.0005651418801268054,0.0005650709351434659,0.26291065400359925,0.0005651445334639416,0.0005651229540955048,0.0005650353193815585,0.15111375825960346,0.5127698233341457,0.0698151018614106
doc156,0.0008132015321059927,0.0008132315871821911,0.0008131224184501954,0.0008132841847771892,0.0008132256051748026,0.09340477394330411,0.2939317982068478,0.0008132470705339256,0.6069709855702755,0.0008131298813480851
doc157,0.8372828688422407,0.0010755581429932077,0.0010756236012090408,0.001075564176091961,0.0010754463567658125,0.00107566466615513,0.0010756605137148473,0.15411232820400092,0.0010756565579964688,0.0010756289388318904
doc158,0.6612549634058222,0.2749524988194514,0.0012049540066588883,0.0012050911607141153,0.001205017581692013,0.05535705203268268,0.0012049297177078267,0.0012052325949162858,0.0012051424985887362,0.0012051181817658004
doc159,0.07853271140725901,0.09058067354079437,0.20370956338482918,0.0010418879117090592,0.10743638991719669,0.0010418728332117742,0.0010419027121508103,0.5145310270579371,0.001041983528119723,0.0010419877067921156
doc160,0.0015876846068669486,0.001587576874441491,0.21507205197920745,0.0015878289305465041,0.0015874267799794715,0.6454219464821128,0.0015875519780507916,0.0015877577315316352,0.001587657693223052,0.12839251694403983
doc161,0.001234766872508381,0.736789994089488,0.001234708885435126,0.015485555908314037,0.0012347628834003819,0.0012348222938491308,0.0012346933421411891,0.2390811189683462,0.0012347207198356335,0.0012348560366818337
doc162,0.2145616727992885,0.0010873496819354996,0.3036610920987279,0.0010874734341464144,0.0010871207044715538,0.0010872926635467743,0.0010870460963231428,0.47416650411634487,0.0010871862264512653,0.0010872621787641698
doc163,0.10476973674260058,0.0013891706536622206,0.001389069121830353,0.8841170262973977,0.0013890833683467753,0.0013892852367218427,0.001388995792944857,0.0013891818837706957,0.0013891339812132741,0.0013893169215117786
doc164,0.0008198529473951698,0.0008199537235391331,0.0008199625174752818,0.0008198620557721775,0.0968262308846785,0.7423959212967404,0.0008197799647026343,0.12145730426388039,0.03440119289177634,0.0008199394540400451
doc165,0.000917884074952794,0.0009176799290577025,0.0009176583641112887,0.0009177180710708774,0.0009177070761203301,0.000917687439286447,0.0009175352545125196,0.7681485538876138,0.178718254820149,0.04670932108312526
doc166,0.0014927987210005857,0.0014928088657609664,0.2362837288053551,0.05395764634847197,0.001492769359559303,0.5569227650910893,0.0014927476440786736,0.001492832904747002,0.001492912862328122,0.1438789893976091
doc167,0.0024395940118843275,0.002439473045817175,0.0024396474955555776,0.0024396467733636207,0.0024392154060856493,0.8706182391982146,0.0024395485445538206,0.10986569124876013,0.0024395197754188123,0.002439424500346406
doc168,0.19138329840702126,0.0009807562037884815,0.0009805794169163945,0.06053019477996396,0.000980621818592583,0.000980798952929026,0.0009806063513313574,0.74122199462206,0.00098059423364422,0.0009805552137528192
doc169,0.00212837692656776,0.0021279021681313865,0.0021279312760891893,0.12186306352683789,0.002128261841189323,0.3435806674902773,0.18126606787916674,0.0021280501876317004,0.34052143753474257,0.0021282411693661417
doc170,0.02752725284736556,0.00043875369534657346,0.00043869408900519796,0.8177653165249358,0.0004386869798514873,0.00043871847615080997,0.00043862878060029506,0.07011936227368551,0.0004387569641271381,0.08195582936893168
doc171,0.005001496496641918,0.005001769515811098,0.005001261493332988,0.005001588127743662,0.005001692117682568,0.6382642249314007,0.005002180493078195,0.005001943848617324,0.3217225886794027,0.00500125429628886
doc172,0.3028816946546754,0.18030574871270322,0.001695035006345313,0.0016952422565274547,0.5049462907652975,0.001695510382139086,0.0016950762950204477,0.0016951600713982482,0.0016951234692636986,0.0016951183866295999
doc173,0.3322063371071944,0.0021281453763618875,0.0021281188228978185,0.15339621073118923,0.002128786269985724,0.3080389272020891,0.002128131855702526,0.19358922872254805,0.0021280951093413823,0.0021280188026898813
doc174,0.0012051643714591801,0.0012050846364982238,0.001205317338964337,0.001205242005943028,0.0012051326815716542,0.6445433629976974,0.0012050612501790735,0.0012051151382995201,0.0012052577271961108,0.34581526185219147
doc175,0.0012503520219094898,0.001250298675843379,0.001250301424036755,0.7985602435472915,0.0012502179700957586,0.0012503177651340296,0.0012503076244158725,0.0012502580881247802,0.0012504175271601367,0.19143728535598836
doc176,0.2137543197569998,0.0003185518824138196,0.07538620162254975,0.1835357713315781,0.00031855818778146646,0.00031858273800776957,0.00031858355704162056,0.07344915142153663,0.38641389771540313,0.0661863817866879
doc177,0.0011628805838813,0.001162895324545447,0.0011629051471731822,0.0011635650439245947,0.0011634570366520242,0.0011630581077211818,0.001163045268630105,0.0011630109238480468,0.9895321910883699,0.0011629914752543328
doc178,0.3027343587433143,0.001429073290995755,0.0014287458011355868,0.0014288044128682633,0.0014288124024303265,0.001428973466384127,0.05393495650353196,0.1358056165555985,0.4989517662299612,0.0014288925937800969
doc179,0.0013701374903311802,0.0013700617380997307,0.001370066562646351,0.18982243955574082,0.001370095464802107,0.0013701287967266794,0.0013704643868422046,0.0013702759016956275,0.7992162277979944,0.0013701023051209034
doc180,0.7714310792270318,0.08643244058947905,0.0006371934376960519,0.0006370545528177442,0.13767686066659343,0.0006371131824790147,0.0006370174154016822,0.0006370795130473073,0.0006370703089266107,0.0006370911065274097
doc181,0.47852391807458144,0.0015875408841828584,0.0015875113359209785,0.14114545991103714,0.04883109220219708,0.0015876829185534934,0.02230179030026893,0.23976350501211077,0.06308386280389164,0.0015876365572556463
doc182,0.0030311552515574105,0.003031586941255296,0.0030310984761316856,0.003030965324296908,0.16789238902427908,0.003031472103238905,0.003031265727328434,0.0030312771332702626,0.43435406342542493,0.3765347265932171
doc183,0.000990265914759107,0.000990275892968802,0.000990171876725516,0.0009902785191986683,0.0009904176576096724,0.000990250222390441,0.9910871066202654,0.0009903233946455428,0.0009903818947961218,0.0009905280066406727
