,topics0,topics1,topics2,topics3,topics4,topics5
doc0,0.000880423916933156,0.7961280045400927,0.0008805101537752778,0.0008804474058632204,0.0008805456223041129,0.2003500683610315
doc1,0.05840146700556995,0.7237784957526274,0.0013971460487235843,0.0013970594908578997,0.21362868346927857,0.001397148232942662
doc2,0.061165355938545385,0.2715737749979281,0.159092210503727,0.001004234228058254,0.5061601459790485,0.0010042783526927473
doc3,0.0007063761017214697,0.5895977843654505,0.08945151208356723,0.0007063048794903575,0.3188315777209718,0.0007064448487985724
doc4,0.2431430719057005,0.001866131382750127,0.001866257475067253,0.0018662411679314767,0.7493921268208367,0.001866171247713973
doc5,0.0003305626700499055,0.34371446993349963,0.00033057015568689277,0.0003305260238372021,0.01900393015246547,0.6362899410644608
doc6,0.0005276046098021287,0.031363720076938224,0.5910913111576033,0.0005275140015435628,0.03241833414829821,0.3440715160058145
doc7,0.25901572369853126,0.6206586832091766,0.116778747705957,0.0011822254739503506,0.0011823267781715851,0.001182293134213053
doc8,0.0010041721653167059,0.18074910551981205,0.2614362073805116,0.20631060350652006,0.0010042694562861418,0.3494956419715534
doc9,0.1871685492061648,0.06222661088402798,0.470441355238956,0.0013590382228300798,0.001359013799725715,0.27744543264829546
doc10,0.005683501003313109,0.005684018950660942,0.971581784199012,0.005682644279741513,0.00568497200049223,0.00568307956678041
doc11,0.03740223839630829,0.0009655428741403149,0.0009654511358305135,0.9587357634549929,0.0009655207124221525,0.0009654834263057636
doc12,0.682082476378395,0.17321373567326762,0.037819223412192265,0.0009296398330672734,0.08464377207730542,0.021311152625772444
doc13,0.03740223839630829,0.0009655428741403149,0.0009654511358305135,0.9587357634549929,0.0009655207124221525,0.0009654834263057636
doc14,0.15417575219140517,0.7259802637714574,0.0013058165083284642,0.0013058844304037504,0.11592645766827599,0.0013058254301293083
doc15,0.11370742137922399,0.0012726721830758148,0.0012726164873591978,0.0012726056399904862,0.5713281657716217,0.31114651853872877
doc16,0.1455193250670439,0.6357873482546533,0.0008159048740899558,0.0008158280919413173,0.0008157653665124169,0.21624582834575917
doc17,0.0008883112153242137,0.07939102503396947,0.11565633813143107,0.000888301949936568,0.39409573105207985,0.4090802926172588
doc18,0.34327058787470366,0.6373071117656831,0.004855659425460847,0.004856000131632734,0.004855305347545515,0.004855335454974351
doc19,0.0008363599244907975,0.3249366822075365,0.0008363899995130989,0.000836404008336436,0.0008363498926987163,0.6717178139674244
doc20,0.0010249507151353337,0.2813836807976861,0.3283557025879422,0.0010250540979933778,0.38718570188626134,0.001024909914981531
doc21,0.0006005511159065501,0.13680891138295667,0.2490745265357262,0.014776622760412254,0.5981389751916265,0.0006004130133717602
doc22,0.1288849816327253,0.001377817050573208,0.16872019201502902,0.0013776377922831223,0.458690355471688,0.2409490160377015
doc23,0.9972308378759395,0.0005538728082685809,0.0005538602803568588,0.0005537574051673515,0.0005538311821262489,0.0005538404481414811
doc24,0.0014372660529577935,0.2039852026608746,0.2674871298103292,0.0014372136034815598,0.4043116637115462,0.1213415241608106
doc25,0.0006642680931731903,0.6146302975128491,0.0006642158024464357,0.0006641466589284182,0.0006641456740662849,0.3827129262585367
doc26,0.0008962432280209069,0.05356261393075492,0.6135387371500709,0.0008964177708274932,0.0008962293551960843,0.3302097585651296
doc27,0.48884940580714087,0.26412242981762624,0.08730388015942109,0.03343213211964047,0.0008027827943432195,0.12548936930182827
doc28,0.0019765538159512725,0.0019766375599358263,0.9901166372935515,0.0019764858782658403,0.001976743510617094,0.0019769419416783853
doc29,0.08086087860719522,0.3526366659841789,0.001014494167403903,0.02622179565165847,0.001014495204024147,0.5382516703855393
doc30,0.0012112147314761838,0.3726724586572793,0.0012109321691183051,0.0012107973902419434,0.0012108483833049406,0.6224837486685794
doc31,0.11466360046680582,0.0008159240030788754,0.2622079140820479,0.0008158161352952773,0.00081582005261736,0.6206809252601548
doc32,0.26412577491495665,0.0012728693900426853,0.15755881266262572,0.0012724240592047078,0.0012724347107238867,0.5744976842624463
doc33,0.23023305674327854,0.398840907267409,0.07328577207387085,0.04829725044340149,0.10051073038705531,0.14883228308498486
doc34,0.8181439410774821,0.11884250801858177,0.000470498812696764,0.0004704109260397906,0.06160213123464169,0.00047050993055790724
doc35,0.16511421253337794,0.47209556774356354,0.10210604342607821,0.0017673047953963724,0.001767531464988761,0.2571493400365953
doc36,0.0010247817895289255,0.0010249162585665888,0.8865465529904962,0.001024804000837949,0.001024832164605432,0.109354112795965
doc37,0.0008027576084783667,0.0008027494805960921,0.8930383177689932,0.0008026296506682732,0.0008027335632750665,0.10375081192798884
doc38,0.2075637728879687,0.0005140577228122126,0.6992676644191829,0.0005139418101111539,0.0005140080755086535,0.09162655508441643
doc39,0.09201415128917814,0.13871484655549343,0.44346857031402165,0.0011041620905121975,0.001104042989140178,0.3235942267616545
doc40,0.05743429362189097,0.029870648219190173,0.7284097428620222,0.0004513117412130449,0.18338262664605762,0.00045137690962588603
doc41,0.8844693704986406,0.0019013896224088064,0.10792491790495135,0.0019013841053376582,0.0019015593998502225,0.001901378468811215
doc42,0.0006190195567024145,0.5406438940512521,0.000618981982958102,0.11401797945768755,0.0006189529985635836,0.3434811719528363
doc43,0.34208867615941735,0.0006917979696293672,0.0006917990199194008,0.000691686072857179,0.0529261344550909,0.6029099063230857
doc44,0.0021463474861022984,0.5298159508259017,0.002146204853569217,0.002146039992032458,0.46159919733786,0.0021462595045342657
doc45,0.2874644498622771,0.43548439082821266,0.2740682899858329,0.0009943047347531618,0.000994318776336182,0.000994245812588029
doc46,0.0017674576108181294,0.7529471901053721,0.0017671827341698369,0.0017668792631227318,0.0017674160953535252,0.23998387419116365
doc47,0.20629645680285463,0.3234724490557496,0.00048652814706183197,0.0004864334036989527,0.0004865360596023122,0.46877159653103284
doc48,0.0012727523514159582,0.18443332754424224,0.6335565677170404,0.0012725076118507998,0.15094160624711966,0.02852323852833093
doc49,0.0009748558918532332,0.5298226518669429,0.09015679457185631,0.000974786904201077,0.37709605938864355,0.0009748513765029393
doc50,0.0017675668242715928,0.2548996250312473,0.0017674130848308429,0.0017673775187371837,0.6020827036633422,0.13771531387757097
doc51,0.4980211076614121,0.0016505924218540853,0.07384547925996146,0.0016506609145803843,0.4231815574725649,0.0016506022696270474
doc52,0.0014582070184651808,0.4407132059500645,0.34454003456073073,0.0014578934845594325,0.16407652627821062,0.04775413270796954
doc53,0.0009846012499905394,0.8829345023437083,0.11312763734378914,0.0009843007030558369,0.0009844323727938426,0.0009845259866622606
doc54,0.7085367530407664,0.1750408143004054,0.001225707325025253,0.0012256524335962876,0.0012259090006048817,0.1127451638996018
doc55,0.12069586253954767,0.6129289478289544,0.0009043869341497606,0.0009043190382538656,0.047351615246109334,0.21721486841298504
doc56,0.5111981105810783,0.0034975687062700636,0.3410418279415338,0.0034968647338159396,0.13726824005418345,0.0034973879831183105
doc57,0.0006114052734534461,0.2890018869023327,0.6439117555995244,0.000611322172866998,0.06525218470282643,0.0006114453489960681
doc58,0.0031654504113915864,0.4101687438381552,0.0031653804745011374,0.0031655784010998006,0.5771691989119566,0.003165647962895597
doc59,0.0005863544224997754,0.8830457705007295,0.0005863319852964132,0.0005863067915699943,0.03767903898986151,0.07751619731004268
doc60,0.0024046681846371003,0.002404848804158351,0.7930706579208053,0.0474613929398545,0.0024041781590367485,0.1522542539915079
doc61,0.0006151570186151078,0.30882274689288636,0.2298003053410845,0.15874058950200415,0.0006151272127547184,0.3014060740326551
doc62,0.0014370829454643567,0.0014371569967420851,0.9572164522016746,0.03703498110028086,0.001437167253397973,0.0014371595024401888
doc63,0.0031652167110574336,0.003165160705849348,0.3215319181544777,0.11195528153598922,0.5570168037568898,0.003165619135736526
doc64,0.0009383063734247892,0.0009382637474193473,0.0009383364285632824,0.995308468806013,0.0009383384232472204,0.000938286221332421
doc65,0.3283527879923626,0.6660594003639868,0.0013968959529614996,0.0013970472191599619,0.0013969788839320945,0.0013968895875967888
doc66,0.0009383063734247892,0.0009382637474193473,0.0009383364285632824,0.995308468806013,0.0009383384232472204,0.000938286221332421
doc67,0.16901906017506932,0.35901496309836356,0.002463700867151095,0.0024637841177673125,0.002463754025657848,0.46457473771599084
doc68,0.016192857953078385,0.6871253694363321,0.0007217423872270021,0.0007216527315844116,0.14861225403589617,0.146626123455882
doc69,0.0010573503270122399,0.7086834002153378,0.0010574626449932924,0.0010575052116308442,0.28708683351589614,0.0010574480851295914
doc70,0.0007113569664955284,0.6737091258608169,0.226948137805899,0.0007113648715344194,0.0007114397490308756,0.09720857474622333
doc71,0.20174635649654185,0.0006268374422108113,0.7957466182061607,0.0006266805227152132,0.0006266441515056955,0.0006268631808657389
doc72,0.001901787613830178,0.33270405366211214,0.0019015354330314772,0.0019018766794452334,0.5974888452892978,0.06410190132228319
doc73,0.0008363599244907975,0.3249366822075365,0.0008363899995130989,0.000836404008336436,0.0008363498926987163,0.6717178139674244
doc74,0.0056825851001916115,0.005683501633610159,0.9715849213175096,0.005682604188860398,0.005683607610798961,0.005682780149029343
doc75,0.17880410340311265,0.0022943582823865944,0.5307260367562967,0.08445007606283662,0.0022940428057594735,0.20143138268960792
doc76,0.2544549737573695,0.0007014725235919915,0.000701410366349928,0.0007013427898382255,0.11147389170316682,0.6319669088596837
doc77,0.6970825970089578,0.09139824782055336,0.002016637927399691,0.026493926620724507,0.1809922347521786,0.0020163558701862265
doc78,0.0007600857976667492,0.565365692023405,0.43159410464510306,0.0007600004011993854,0.0007600407790850792,0.0007600763535410038
doc79,0.001437025004202691,0.0014373211295838286,0.0014370346055781768,0.001436929934289223,0.9928146007034534,0.0014370886228926582
doc80,0.5567123982127533,0.11649167893363457,0.0019015179230616813,0.0019014909814355806,0.001901661077779588,0.3210912528713353
doc81,0.001976908921040429,0.001976773633358511,0.565010590802531,0.18187754753944502,0.24718142031200166,0.001976758791623492
doc82,0.7631511374150559,0.023109740347390856,0.2093000173936704,0.0014795630825333546,0.0014798825262966964,0.001479659235052725
doc83,0.23207056345872162,0.19065812507303695,0.1359369242896461,0.0016238478937450976,0.17609452417202082,0.2636160151128294
doc84,0.9977122425068826,0.00045757712228526376,0.000457579634280158,0.00045749282710220415,0.000457553185426831,0.000457554724022916
doc85,0.07526219374663881,0.19391009773884704,0.4028860431741395,0.0008651936295985893,0.028919387455868684,0.2981570842549074
doc86,0.632318408693229,0.08709997142148901,0.0007838701598340449,0.0007837493244783329,0.0007838476874981765,0.27823015271347157
doc87,0.9942252995159934,0.0011549173520709803,0.001155043978993714,0.0011548252982146341,0.001154895330237026,0.0011550185244902404
doc88,0.17525953100927277,0.0007600796620226336,0.0007600642723606342,0.0007599978697088726,0.0007600273745248534,0.8217002998121101
doc89,0.053848130093077165,0.0010464308061494511,0.6046792353587368,0.001046229457963211,0.0010463201760917092,0.3383336541079817
doc90,0.7095212150411995,0.0018320000771856774,0.001831994233947195,0.0018318482051691606,0.28315073450352396,0.001832207938974727
doc91,0.0013058814194868572,0.2929965542588137,0.7017799160377715,0.001305647853917112,0.0013061398706164446,0.001305860559394209
doc92,0.28444091766222845,0.001706985506995194,0.6640940447892385,0.0017067329160468663,0.0017067588466101876,0.04634456027888068
doc93,0.2806239348557057,0.3876976582586,0.32390503408362065,0.002590826198986864,0.002591403729145029,0.0025911428739418007
doc94,0.0009943354560082414,0.0009943282343306175,0.6828488396737296,0.0009942341447503247,0.0009943568623005006,0.31317390562888053
doc95,0.9920113792560011,0.0015976336758719697,0.0015979016060421855,0.001597720419758789,0.001597732829365388,0.0015976322129605013
doc96,0.0756971076648318,0.0013408879118467125,0.14602620626472476,0.0013406754567450072,0.7742542834773554,0.0013408392244963162
doc97,0.27967734687616186,0.002242645274738332,0.2197752331141553,0.0022425609320503685,0.4938197737411564,0.002242440061737801
doc98,0.5588406645466084,0.0004913309926952079,0.43919398558131534,0.0004913953892622503,0.0004913059298603293,0.0004913175602584403
doc99,0.0005538820373526244,0.0005538591527087359,0.38785645064396473,0.0005538228017442435,0.3134485968076961,0.2970333885565336
doc100,0.0020167699461833247,0.28872854916606644,0.0020167885501686635,0.0020164127979029607,0.703204998525868,0.002016481013810591
doc101,0.0023482405043182913,0.5031997773587603,0.002348202700324198,0.14643357577006955,0.002348031172517508,0.3433221724940102
doc102,0.13180048002374506,0.5008242210296808,0.06116819927904942,0.0025253621099404623,0.002526188296964547,0.30115554926061955
doc103,0.0009748558918532332,0.5298226518669429,0.09015679457185631,0.000974786904201077,0.37709605938864355,0.0009748513765029393
doc104,0.0007659190047740973,0.6640403926850033,0.33289606037948594,0.0007658376895410558,0.0007659017083962149,0.0007658885327992812
doc105,0.0030686072880844015,0.0030679882292227287,0.8638997066929289,0.0030677711807432432,0.12382774642509514,0.0030681801839255876
doc106,0.0013058285278933742,0.0765490531820757,0.0013059951048600097,0.0013055790273634137,0.9182277360874956,0.0013058080703118363
doc107,0.33568060245222847,0.0020167890383793498,0.002016805140403104,0.002016525081098114,0.6562523969938483,0.0020168812940427674
doc108,0.07530197604477917,0.5000073539679301,0.001068713764129841,0.001068593461901718,0.42148481124419623,0.0010685515170629747
doc109,0.6161750749816348,0.022548399633996918,0.06534293847980308,0.03497833383340791,0.07964899435352119,0.18130625871763603
doc110,0.6373088588652371,0.0011418084986496554,0.1544648829139055,0.0011418399036615132,0.0011419235816635446,0.20480068623688263
doc111,0.0006776237352273143,0.10422303397820888,0.000677700130192015,0.0006776159521096417,0.5736428227650593,0.32010120343920295
doc112,0.0030678823768799804,0.0030678776530569467,0.8412267177943614,0.0030679785601866565,0.1465015229285801,0.0030680206869349276
doc113,0.0012258872219274954,0.5551383106675533,0.32074440781289165,0.001225805419426291,0.0012258836908383816,0.12043970518736308
doc114,0.0009044176030060043,0.18172254609622432,0.0009044784753258426,0.027334863769581177,0.5803724856675305,0.2087612083883321
doc115,0.2679927299405759,0.7245428029904818,0.00186619545201053,0.0018657938227368844,0.0018661442599262432,0.0018663335342685478
doc116,0.0024045038155797826,0.6137758641415451,0.002405405358746661,0.0024053878737234622,0.37660418835721843,0.00240465045318654
doc117,0.6673483509475218,0.33026428299844657,0.0005968490636863216,0.0005967663906176155,0.0005968825462142265,0.0005968680535136136
doc118,0.0003539402527076034,0.7215097594882317,0.00035395993989831883,0.00035393432859362597,0.039014496353144745,0.238413909637424
doc119,0.002193754598150569,0.12028541709511398,0.6050389885800106,0.002193651902788001,0.002193461799789182,0.26809472602414763
doc120,0.43202796182572883,0.000822566806636291,0.5646819492896649,0.000822468273408702,0.0008225002025365137,0.0008225536020248749
doc121,0.002890599099333905,0.5793431333390997,0.31909462115295834,0.09288975546798117,0.002890867356888389,0.0028910235837386533
doc122,0.002463817319812682,0.10394844930239165,0.5609637637897131,0.13952009105761298,0.19064001694782703,0.0024638615826423774
doc123,0.0014370829454643567,0.0014371569967420851,0.9572164522016746,0.03703498110028086,0.001437167253397973,0.0014371595024401888
doc124,0.00038831731289308276,0.09723521824954161,0.5253951326426901,0.00038826470699900755,0.0003882649444085479,0.37620480214346774
doc125,0.0009848043813292468,0.0009844953599705733,0.0009844405558245108,0.9950772117880539,0.0009845855562510475,0.0009844623585707534
doc126,0.0009848043813292468,0.0009844953599705733,0.0009844405558245108,0.9950772117880539,0.0009845855562510475,0.0009844623585707534
doc127,0.0006776237352273143,0.10422303397820888,0.000677700130192015,0.0006776159521096417,0.5736428227650593,0.32010120343920295
doc128,0.09256796384633705,0.0015019557607843584,0.3662980927647676,0.0015017477757523702,0.03933127650254421,0.4987989633498144
doc129,0.2686973542340176,0.21064954810784273,0.5166306890412512,0.0013407777178725147,0.0013407984470793371,0.0013408324519367635
doc130,0.14407597935761907,0.00124094779474452,0.0012409735829375472,0.0012413098993110535,0.7086770282229122,0.14352376114247553
doc131,0.0014371179338588367,0.4279707186037549,0.5364855937031162,0.031232230212596735,0.0014371918447236255,0.001437147701949776
doc132,0.7735979375924769,0.001548315701342985,0.001548123452810597,0.0015481507516577806,0.22020935772861444,0.0015481147730972795
doc133,0.5364683025785254,0.0012568081356059127,0.458504796631714,0.0012566047049527005,0.00125683455943675,0.0012566533897652888
doc134,0.0008363599244907975,0.3249366822075365,0.0008363899995130989,0.000836404008336436,0.0008363498926987163,0.6717178139674244
doc135,0.0011163231937022927,0.7394203008537051,0.0011164311813321396,0.001116493466311751,0.25611406744458876,0.0011163838603600296
doc136,0.2475806129864946,0.3532613255575883,0.00246381619829137,0.0024634065117706324,0.1122384720008565,0.2819923667449986
doc137,0.3879874141180817,0.0017991902516039866,0.07803255963414366,0.0017988780858049546,0.5285829124829244,0.0017990454274413627
doc138,0.3549261229112422,0.0002886010963767263,0.5407546479288516,0.0002885642704825103,0.0002885792996317321,0.10345348449341506
doc139,0.0007718303918917469,0.6578343979079273,0.3390784116282397,0.0007717482839371182,0.0007718132395007673,0.000771798548503454
doc140,0.0003551971422495637,0.054752376318190105,0.23092351136679923,0.028093410737414868,0.0003551804868005487,0.6855203239485458
doc141,0.01857243502716915,0.3299990654068781,0.647054266085572,0.0014580502896884963,0.0014580538861872264,0.0014581293045049825
doc142,0.8485147941317542,0.0019388802808058662,0.14373070320132553,0.0019382257874785312,0.0019386212580590476,0.001938775340576643
doc143,0.9977122425068826,0.00045757712228526376,0.000457579634280158,0.00045749282710220415,0.000457553185426831,0.000457554724022916
doc144,0.0020582509397977537,0.002058207425232874,0.9897074826375917,0.0020583759050707426,0.0020593831489233937,0.0020582999433835986
doc145,0.2644927480009768,0.42359038836878704,0.23393051351504998,0.0009561620124895978,0.000956308236128426,0.07607387986656836
doc146,0.0027336033079913306,0.0027329724194253818,0.558343681731154,0.002732580947640342,0.22069325421671823,0.2127639073770707
doc147,0.12382852819048881,0.12799434444396213,0.4512345753171043,0.001256526852779324,0.029817959639830343,0.26586806555583503
doc148,0.12193190616836322,0.0028097222305944677,0.47727020163499256,0.1721562626448703,0.0028097478417506683,0.2230221594794288
doc149,0.36273651632273674,0.001678220385745812,0.2988633106117824,0.0016779828184623879,0.0016783505430732855,0.3333656193181993
doc150,0.0010685815712193208,0.001068722094648735,0.8192209087703377,0.0010688736932419314,0.0010685592832568452,0.17650435458729544
doc151,0.0022941771730574413,0.4628660610094237,0.002293809614615815,0.09388412948409494,0.4363677194017014,0.0022941033171069145
doc152,0.001323040487262941,0.5208703531138172,0.2808386331282313,0.04822433870258425,0.001323004922109943,0.14742062964599423
doc153,0.26333402685704244,0.13120675925915892,0.6020337965947878,0.0011417862000438757,0.0011417131805416625,0.0011419179084250677
doc154,0.0022943234146956216,0.0022940080161757627,0.4763312530160732,0.002293951012256118,0.07005161087870058,0.4467348536620988
doc155,0.1771899825584047,0.0008159394038905188,0.07868890994557673,0.0008158098334660106,0.7416734558204027,0.0008159024382593136
doc156,0.0013058285278933742,0.0765490531820757,0.0013059951048600097,0.0013055790273634137,0.9182277360874956,0.0013058080703118363
doc157,0.33568060245222847,0.0020167890383793498,0.002016805140403104,0.002016525081098114,0.6562523969938483,0.0020168812940427674
doc158,0.0014795414508640995,0.0014795785758589196,0.19666471821586232,0.001479801087555206,0.7974166883242528,0.0014796723456065447
doc159,0.002660120264723197,0.6603294571459878,0.0026603601107004896,0.0026598690344114017,0.002660471528683108,0.32902972191549407
doc160,0.0009748558918532332,0.5298226518669429,0.09015679457185631,0.000974786904201077,0.37709605938864355,0.0009748513765029393
doc161,0.7526175001764426,0.23860838478649113,0.00219343308823641,0.0021936486888502315,0.002193614739113164,0.0021934185208665985
doc162,0.4837983830788974,0.38869961137660836,0.08829110051189985,0.034402195956822354,0.002404240348315121,0.0024044687274571443
doc163,0.001976822628830905,0.0019768579455681098,0.23486570160858422,0.00197701242248356,0.7572267899949827,0.0019768153995504394
doc164,0.0007063563921681966,0.0007063849890653996,0.1296859488529636,0.000706513335917763,0.8674883691629472,0.0007064272669376604
doc165,0.07530197604477917,0.5000073539679301,0.001068713764129841,0.001068593461901718,0.42148481124419623,0.0010685515170629747
doc166,0.49305210319129006,0.0015019718461214953,0.311089919164432,0.0015017263224105224,0.0015020412594141724,0.1913522382163317
doc167,0.001678288260303333,0.13682611137778045,0.001678339107687647,0.0016780715914057008,0.11216196899814708,0.7459772206646758
doc168,0.2921099771207785,0.0010462615427122473,0.0010463095846500823,0.0010461818212556778,0.6314674772100779,0.07328379272052556
doc169,0.0014371323430842002,0.9928147071898894,0.001437019572776703,0.0014368904986931251,0.0014371338576018688,0.0014371165379545743
doc170,0.3299935235660267,0.002660019596113345,0.25458413221850296,0.002659824754927866,0.4074426090001138,0.0026598908643153995
doc171,0.0010686825884282981,0.0010687809976796191,0.5038986195987276,0.016930306587457963,0.28226247575429564,0.19477113447341093
doc172,0.12163496061929428,0.00190164843175518,0.10807364225992196,0.001901325041433561,0.7645866748937674,0.0019017487538275629
doc173,0.01786434461992428,0.017860074649042757,0.01786527066061758,0.017858086257159345,0.017860536195208224,0.9106916876180478
doc174,0.002146384079392775,0.0021467513269292,0.7428954434581811,0.0021477067872162584,0.0021462775910098225,0.24851743675727078
doc175,0.2151029838760957,0.0021016481077431887,0.5885950975394516,0.0021014801378219147,0.18999719984166566,0.0021015904972219997
doc176,0.0010142794131806556,0.0010143222537648156,0.0010143256302239496,0.9949284530796716,0.0010142886729227318,0.0010143309502363377
doc177,0.9045140366234057,0.0008728439879090547,0.09199485378809139,0.0008727463825364834,0.0008728012053949746,0.0008727180126624453
doc178,0.0010142794131806556,0.0010143222537648156,0.0010143256302239496,0.9949284530796716,0.0010142886729227318,0.0010143309502363377
doc179,0.002058246583991914,0.0020582822572363423,0.1972910260240843,0.002057820733178904,0.3438176077688562,0.4527170166326522
doc180,0.2807631090604486,0.4782540369553278,0.0007963658179682199,0.000796234672589352,0.0007964453522746144,0.2385938081413914
doc181,0.0008728032978349313,0.6380152400502519,0.0008728812665176318,0.0008726974096499176,0.0008728801592226164,0.35849349781652295
doc182,0.0009383545092318394,0.8992850054463092,0.0009383575478923109,0.0009383063189608757,0.09696167174007754,0.0009383044375281947
doc183,0.6300259857155439,0.35873548850564185,0.0028099400692537814,0.0028092068054311648,0.002809877297775038,0.0028095016063543828
doc184,0.9947689574321065,0.0010461910290858298,0.0010462940478736466,0.0010461345096439338,0.0010461740715108706,0.0010462489097790217
doc185,0.001323040487262941,0.5208703531138172,0.2808386331282313,0.04822433870258425,0.001323004922109943,0.14742062964599423
doc186,0.006026161713839783,0.006025402327159098,0.9698719781258383,0.0060242303448853115,0.006025439540556539,0.006026787947721136
doc187,0.0017672573361609302,0.5456854865846285,0.1771512534331116,0.0017673119582088074,0.2718612546475465,0.0017674360403436213
doc188,0.17905587987329094,0.2259194586801272,0.0023479824864650334,0.0023477867833405484,0.20243163740719447,0.38789725476958187
doc189,0.30224611545679914,0.000829363477368168,0.0008293317919097561,0.0008293943702001629,0.2037851349132786,0.49148065999044427
doc190,0.004066509254214978,0.35192599877051967,0.004066045970647484,0.004065698950036185,0.6318101716231184,0.004065575431463333
doc191,0.0005113959842976349,0.6683381312316086,0.28951231593613885,0.0005113064186943865,0.040615440886322754,0.0005114095429378148
doc192,0.6794400841555049,0.0013407543982165652,0.001340799517602716,0.0013407063746965035,0.0013407192243876558,0.31519693632959145
doc193,0.5863473596645159,0.10133097630604729,0.0004056450272600518,0.05929949826188608,0.0004056208390119209,0.25221089990127876
doc194,0.0012565737356853436,0.0012565590221112486,0.5634201947898169,0.00125651226881328,0.4315536787375363,0.0012564814460369787
doc195,0.9977122425068826,0.00045757712228526376,0.000457579634280158,0.00045749282710220415,0.000457553185426831,0.000457554724022916
doc196,0.0015247481901943041,0.001524768547284517,0.0015249319703600423,0.00152488495418588,0.1956025477394376,0.7982981185985376
doc197,0.2560609275164433,0.0015977142560476088,0.737547695959298,0.0015978690468556305,0.0015978580335473695,0.0015979351878080308
doc198,0.0011417908063596801,0.6196891487001872,0.3474615690404765,0.001141787545265925,0.029423730689877796,0.001141973217832999
doc199,0.4623010267478394,0.0016505256616409652,0.2183038802006724,0.0016502296770687214,0.31444379475022555,0.0016505429625528712
doc200,0.0018318229971516777,0.0018320113097404966,0.0018324405915543067,0.0018316143928272998,0.44569247853954225,0.5469796321691839
doc201,0.0741787276442588,0.0010041998474919842,0.8211522719242056,0.001004349315644514,0.10165621856098375,0.0010042327074153733
doc202,0.37006671160876425,0.0010354667339694031,0.6257917147977704,0.001035239297792647,0.0010353483430370724,0.0010355192186661643
doc203,0.0018663231692413068,0.3475817361505644,0.48738636919759804,0.0018660386343399328,0.0018662358872220597,0.15943329696103414
doc204,0.33543343311025514,0.0015484002486331598,0.0015483387613548188,0.0015482181611144695,0.001548373767894661,0.6583732359507477
doc205,0.06724182823111828,0.0011551032561064089,0.30364453676710246,0.0011551201895809897,0.6256484670771194,0.0011549444789725406
doc206,0.4506901589368562,0.081283217576345,0.4615871281472752,0.0021464950511587747,0.0021466524174701906,0.0021463478708944666
doc207,0.5863473596645159,0.10133097630604729,0.0004056450272600518,0.05929949826188608,0.0004056208390119209,0.25221089990127876
doc208,0.34687164007672777,0.6435105101780428,0.002404312045889091,0.0024041677664536206,0.002404904870688138,0.0024044650621985538
doc209,0.0016782374870288799,0.43051149278885636,0.27029351567328536,0.001678121723076004,0.11068137640328225,0.1851572559244711
doc210,0.23984236328344724,0.0024044990170037552,0.6580181540586855,0.0024040771477089997,0.09492642112963467,0.002404485363519749
doc211,0.0030678823768799804,0.0030678776530569467,0.8412267177943614,0.0030679785601866565,0.1465015229285801,0.0030680206869349276
doc212,0.6673483509475218,0.33026428299844657,0.0005968490636863216,0.0005967663906176155,0.0005968825462142265,0.0005968680535136136
doc213,0.0007164761654133978,0.0007165055344361932,0.1337595301860514,0.000716640579495846,0.8633742993185951,0.0007165482160079871
doc214,0.23596838981429594,0.35219418258892915,0.002526051979239637,0.0025256265819299656,0.12504085004657997,0.2817448989890254
doc215,0.0008294623022411664,0.46446488044004125,0.4592599790129124,0.0008293662083383556,0.05998534901104152,0.014630963025425464
doc216,0.7604122781974334,0.2310019180629248,0.0021463623257274955,0.002146559516273389,0.0021465310856376594,0.002146350812003197
doc217,0.00065123570240107,0.0006511950471129438,0.3631567722656392,0.0006511688798597517,0.5103438178022671,0.12454581030271995
doc218,0.3795611029890386,0.338710898116821,0.002101961447366859,0.0021013625732210573,0.27542341553769795,0.002101259335854518
doc219,0.0012258904239151503,0.30276309576134114,0.6923337322133866,0.0012257095995602443,0.0012257109443939537,0.0012258610574028405
doc220,0.7859946633418887,0.004066286782314908,0.004066100060768047,0.004065962460533702,0.19774090596763505,0.00406608138685985
doc221,0.0014799776534571373,0.9926011494127533,0.0014797316148720194,0.0014796299822544972,0.0014797351330381398,0.0014797762036247624
doc222,0.9200168902132462,0.0026600036355284656,0.0026602781686020727,0.0026597697547562625,0.06934306599603414,0.0026599922318328423
doc223,0.5092320039300694,0.00147983775735841,0.2306083564294329,0.0014797494853416723,0.11129417993062005,0.14590587246717754
doc224,0.0005193521420963254,0.9180907531907134,0.0005193788136097755,0.0005192590528627693,0.0005193023643985368,0.07983195443631916
doc225,0.0011162729449772629,0.8143322719382972,0.0011162805655668977,0.001116219828923978,0.0011164704530239134,0.18120248426921087
doc226,0.2793672565045118,0.2058516175293882,0.3928490756380357,0.0009209821392374205,0.12008997105285861,0.0009210971359681548
doc227,0.0738777979687457,0.9247912131301615,0.0003327779552018399,0.0003327037700825191,0.00033273280135150433,0.0003327743744567616
doc228,0.6300259857155439,0.35873548850564185,0.0028099400692537814,0.0028092068054311648,0.002809877297775038,0.0028095016063543828
doc229,0.0012888336785851745,0.0012888795383521883,0.9036702740170917,0.09117413118986767,0.001288865463493136,0.001289016112610099
doc230,0.0009296692484545636,0.2680492195374162,0.7282323011754734,0.000929535115548065,0.000929563571437514,0.0009297113516702132
doc231,0.0019014932100660977,0.0019019699516402118,0.990491694259118,0.0019014557693492278,0.0019015275388704915,0.0019018592709558885
doc232,0.0010142794131806556,0.0010143222537648156,0.0010143256302239496,0.9949284530796716,0.0010142886729227318,0.0010143309502363377
doc233,0.7174851092359965,0.09727366408013843,0.0006554671787173459,0.0006553760770654006,0.000655484961531299,0.18327489846655093
doc234,0.0010142794131806556,0.0010143222537648156,0.0010143256302239496,0.9949284530796716,0.0010142886729227318,0.0010143309502363377
doc235,0.001938622135900803,0.9903076347448485,0.0019386162887221922,0.0019381373475741218,0.0019384662231699136,0.0019385232597843541
doc236,0.001479644635400318,0.07476756757335691,0.001480012415046151,0.0014796998467743465,0.919313198397328,0.0014798771320943416
doc237,0.6230300882009195,0.0012726142331046667,0.001272613310273613,0.0012724145059471268,0.3177413151057386,0.055410954644016464
doc238,0.0010572908971044131,0.5230114900494532,0.0010572786966631716,0.0010572801412537431,0.17112561761567516,0.3026910425998502
doc239,0.0014799776534571373,0.9926011494127533,0.0014797316148720194,0.0014796299822544972,0.0014797351330381398,0.0014797762036247624
doc240,0.0005478222016272766,0.5047159982892135,0.0005478116775009613,0.148622255552312,0.0005477755672059358,0.3450183367121403
doc241,0.30035352068781607,0.45689752513223075,0.0010248678346190846,0.0010247146239638393,0.0010249387538196245,0.23967443296755056
doc242,0.000461815812937926,0.07529096764615653,0.4296355976384526,0.00046177439226667934,0.07313625114985556,0.42101359336033073
doc243,0.22817579531341498,0.4847394619479556,0.0016782385470473613,0.0016783731092287514,0.001678303797529951,0.2820498272848234
doc244,0.3772757974045711,0.0010044717402050026,0.0010041812685015938,0.0010042226478179743,0.19595303550132886,0.42375829143757554
doc245,0.0022427268004048045,0.3603379517962809,0.002242949209338628,0.26695277579626814,0.0022424503175957518,0.3659811460801119
doc246,0.4623010267478394,0.0016505256616409652,0.2183038802006724,0.0016502296770687214,0.31444379475022555,0.0016505429625528712
doc247,0.08415195064041868,0.0003305607979014901,0.0003305410670959804,0.0003305971773725421,0.0003305830260808096,0.9145257672911306
doc248,0.2176439445021451,0.0016239405578133714,0.0016236943727694446,0.0016236865024075282,0.16405919997058338,0.6134255340942811
doc249,0.1039325713276249,0.001211064460595685,0.32267884287812454,0.0012109136338607097,0.27571497231415987,0.2952516353856343
doc250,0.0011290289216243253,0.001128875439629716,0.001128867848852059,0.06368063504682826,0.10960494468038802,0.8233276480626777
doc251,0.05313227246808913,0.3854828833604484,0.0010355361911126794,0.0010359423869200858,0.0010355856145301534,0.5582777799788995
doc252,0.3982918985208941,0.2656038639113546,0.08287418932487083,0.0007271710037849954,0.0007270394432203152,0.25177583779587515
doc253,0.0012258904239151503,0.30276309576134114,0.6923337322133866,0.0012257095995602443,0.0012257109443939537,0.0012258610574028405
doc254,0.6413536450037334,0.0013230096961155755,0.3533544232403236,0.0013228445094736903,0.0013230288519008673,0.0013230486984526905
doc255,0.0008092373063110752,0.1031379470335742,0.000809260380615698,0.0008091686317406099,0.6994209052580584,0.19501348138969998
doc256,0.01786434461992428,0.017860074649042757,0.01786527066061758,0.017858086257159345,0.017860536195208224,0.9106916876180478
doc257,0.04344327167953176,0.0017068028650905022,0.826694508704342,0.02282491874016077,0.0017068015834358012,0.10362369642743913
doc258,0.0015019866183965168,0.001501911188139006,0.9924900626068018,0.0015018780029686582,0.0015022834143028332,0.001501878169391228
doc259,0.0011549227473698915,0.17905390936098423,0.8163259852007736,0.0011550268919482925,0.0011551546196611783,0.0011550011792626329
doc260,0.0017069039264266794,0.5085492271056159,0.2670246191901151,0.0017068338365680165,0.2193053865160083,0.001707029425266039
doc261,0.0010573533259816727,0.00105734959142529,0.5616568515057311,0.0010572328879957197,0.43411391101517377,0.0010573016736923698
doc262,0.0011418564769591745,0.4023987803893713,0.0011418041439960275,0.0011416996757773468,0.2166401559009552,0.3775357034129409
doc263,0.3893088950832362,0.602625035007271,0.00201664354813768,0.002016300440897827,0.002016619917917882,0.0020165060025392778
doc264,0.2327998796703119,0.09922473038858494,0.0016504975512948254,0.0016503705353892136,0.2185780412103972,0.44609648064402196
doc265,0.002058246583991914,0.0020582822572363423,0.1972910260240843,0.002057820733178904,0.3438176077688562,0.4527170166326522
doc266,0.9138269944117731,0.0020166514498153707,0.07810652999926253,0.002016411328579654,0.0020168883897064165,0.0020165244208628034
doc267,0.0022939942873155235,0.0022941173866660863,0.49133628860433065,0.0022944087410142425,0.2247913339692264,0.2769898570114472
doc268,0.24057530924122064,0.001196513018146654,0.3886251227485175,0.0011962453960403354,0.3672104913405721,0.001196318255502693
doc269,0.0011163018049927878,0.9944181337664851,0.0011165188356296325,0.0011163060468069666,0.0011164153318622316,0.0011163242142233085
doc270,0.004856586140473996,0.26276313432509557,0.6591093105435196,0.00485512249787167,0.06356093051250325,0.004854915980535971
doc271,0.0010142794131806556,0.0010143222537648156,0.0010143256302239496,0.9949284530796716,0.0010142886729227318,0.0010143309502363377
doc272,0.9944801800359985,0.0011039244405560368,0.0011040839099893064,0.0011039097811548707,0.001103904701480468,0.0011039971308208578
doc273,0.47198481533424175,0.516776038093468,0.0028099042364133054,0.002809925390547203,0.002809628114258331,0.002809688831071411
doc274,0.0008433965731627226,0.8118502321889234,0.0008433653585595523,0.0008433209817314358,0.0008434483509628138,0.1847762365466601
doc275,0.0009209921714508575,0.9953949300475352,0.0009210101326309923,0.0009211579255262802,0.0009209367137830524,0.0009209730090736935
doc276,0.0012566049976926597,0.0012565175741754376,0.06466491711482222,0.0012564923075363181,0.930308838696522,0.0012566293092514
doc277,0.2086666563951394,0.14027195120143712,0.0016238808455826435,0.0016238926635967947,0.6461897631699361,0.0016238557243078865
doc278,0.0009211239889812714,0.21607315964508722,0.3694359838681004,0.000920908627411669,0.000920971581289551,0.4117278522891298
doc279,0.0012888336785851745,0.0012888795383521883,0.9036702740170917,0.09117413118986767,0.001288865463493136,0.001289016112610099
doc280,0.0010142794131806556,0.0010143222537648156,0.0010143256302239496,0.9949284530796716,0.0010142886729227318,0.0010143309502363377
doc281,0.0010142794131806556,0.0010143222537648156,0.0010143256302239496,0.9949284530796716,0.0010142886729227318,0.0010143309502363377
doc282,0.0010248822652716742,0.001024964792603083,0.0010250190383368353,0.001024703970675523,0.072508541750276,0.9233918881828369
doc283,0.9901161674555755,0.001976986586601269,0.0019765894440497657,0.0019765292300724232,0.0019768449346312645,0.0019768823490697025
doc284,0.1764427509032789,0.15774104542874082,0.0007165165387898502,0.0007164671258942223,0.176361785528433,0.4880214344748631
doc285,0.11321259939362557,0.0009043341090659966,0.8599227751116181,0.0009043585493575194,0.024151626690257236,0.0009043061460755624
doc286,0.0006642680931731903,0.6146302975128491,0.0006642158024464357,0.0006641466589284182,0.0006641456740662849,0.3827129262585367
doc287,0.9023652303692853,0.0021463799375911977,0.002146244496568364,0.0021463254004280012,0.08904958094302652,0.0021462388531007207
doc288,0.001548493277090747,0.5012357517712673,0.13456928226486073,0.04800694608315666,0.0015484434315914757,0.313091083172033
doc289,0.0006228703121355942,0.44639261569980077,0.000622850075084889,0.1618722309307382,0.0006228086169029006,0.3898666243653376
doc290,0.1311258559291575,0.0013059069820608538,0.8636509894729555,0.0013056581641878926,0.0013058539196078255,0.001305735532030648
doc291,0.14521506188147898,0.7824181138996579,0.001799030568728259,0.0017988539134222326,0.0017992308841440654,0.06696970885256856
doc292,0.0009209921714508575,0.9953949300475352,0.0009210101326309923,0.0009211579255262802,0.0009209367137830524,0.0009209730090736935
doc293,0.003759879030512876,0.003759985774226381,0.5969382987169536,0.0037601439165080436,0.0037602575504979943,0.3880214350113011
doc294,0.4650555808295611,0.38180854129664005,0.0006114346557171402,0.000611362057911939,0.1478707842460424,0.004042296914127392
doc295,0.0022939942873155235,0.0022941173866660863,0.49133628860433065,0.0022944087410142425,0.2247913339692264,0.2769898570114472
doc296,0.08415195064041868,0.0003305607979014901,0.0003305410670959804,0.0003305971773725421,0.0003305830260808096,0.9145257672911306
doc297,0.33550507643631555,0.0021937517698966905,0.002193506185732868,0.002193488726245879,0.43271742376905725,0.22519675311275192
doc298,0.0010247978604075157,0.27718225267980895,0.35803646322598603,0.0010249209797505284,0.0010247204215849213,0.36170684483246196
doc299,0.25096939277344577,0.3701971126398982,0.10819699928096627,0.0009561709839123983,0.000956328291107449,0.26872399603067
doc300,0.06485669168046057,0.4889553361642526,0.2015035163654397,0.0013592986874918066,0.0013589423129504491,0.24196621478940486
doc301,0.03715502937473188,0.42751813183990345,0.0008505540598953262,0.000850505423646531,0.0008505785078583287,0.5327752007939646
doc302,0.2762142363317875,0.17945325232685563,0.0011164551955886645,0.030715527672838028,0.0011164606697176489,0.5113840678032125
doc303,0.0011549227473698915,0.17905390936098423,0.8163259852007736,0.0011550268919482925,0.0011551546196611783,0.0011550011792626329
doc304,0.0013969835068430813,0.8628651690781449,0.0013969601012042028,0.13154695208275766,0.0013969845181050454,0.0013969507129452383
