,topics0,topics1,topics2,topics3,topics4,topics5,topics6,topics7,topics8,topics9,topics10,topics11
doc0,0.0009244714712073268,0.0009243739827811785,0.0009243726584575444,0.0009246793471013292,0.0009243303541633189,0.0009244368067506168,0.0009243280783485893,0.9898313825575129,0.0009245207589269394,0.0009243440559279601,0.0009243788805069998,0.0009243810483153275
doc1,0.00038591981225807783,0.45511684057576524,0.0003859099524326244,0.06294510943504558,0.0003858832668128819,0.11087414974097441,0.00038588498731980005,0.00038585921671028595,0.055982034779933056,0.19956856086998392,0.00038592803104348496,0.11319791933172058
doc2,0.10471246824999915,0.0005677169889266578,0.13049493648056215,0.0005676467146158604,0.000567641771598831,0.0005677613775936901,0.06905028909683866,0.0005676657641176673,0.6392259811270053,0.0005677371273105512,0.0005676655531289879,0.05254248974830244
doc3,0.0017486531572949346,0.0017487513904976923,0.2233330696750235,0.0017487980998246596,0.0017484813763282894,0.0017486112622160251,0.30773633684786045,0.00174857027343204,0.3773137776249976,0.0017486101465370588,0.07762777432165506,0.0017485658243325817
doc4,0.003106259045827585,0.0031062433500241983,0.0031061231138314617,0.23058353872677775,0.0031059320729928857,0.003106302419767203,0.003105842241848488,0.0031061367936295377,0.1093963341861506,0.0031060859213050086,0.24809111875470677,0.38708008337313854
doc5,0.001050591400374169,0.0010507947079521978,0.0010505687036201131,0.28533081151054,0.0010506634137918967,0.0010507761862677168,0.08248549618158671,0.0010505799195182231,0.0010506395411879917,0.19263328143001035,0.20693149635574848,0.225264300649402
doc6,0.0015110864334022477,0.0015109543445067494,0.7933332611253645,0.0015111768820987247,0.0015111167264006524,0.0015109900288802754,0.0015108102666393716,0.0015109016706051851,0.0015110391567021285,0.0015108241195804805,0.0015109618883483932,0.19155687735747146
doc7,0.0004946878521104578,0.0004947253554449218,0.0004946691079020573,0.0004946789506477608,0.0004946449022528618,0.0004947522352076257,0.9878848700246013,0.007168253026831147,0.0004946758733547585,0.0004946890788343858,0.0004946780134539964,0.0004946755793588147
doc8,0.18456040482571198,0.2071489138740231,0.0005519953030895447,0.0005520249045291054,0.0005520142217316473,0.0005520078388841808,0.04949236090960866,0.013132013902741923,0.000552040847562118,0.1308181834934557,0.0005520512819338733,0.4115359885967283
doc9,0.0008995232363072034,0.0008995167261131424,0.0008994906178961159,0.0008994727044699268,0.2671851107427838,0.08572667107608281,0.0008996712868429796,0.01387746228927371,0.0008995597164438452,0.044786835561433855,0.000899462220002338,0.5821272238223502
doc10,0.29711999095603564,0.0013301258054805758,0.0013301783465724598,0.0013300384191359158,0.0013303372901647976,0.0013302053070198803,0.0013299900425017886,0.038510924854721094,0.0013301486784979008,0.0013301264559877448,0.0013301679181528649,0.6523977659257293
doc11,0.0005315353898872454,0.0005315641834652784,0.000531542969713432,0.0005315254969534716,0.05319735400009626,0.10462282001698493,0.0005315213907024973,0.0005314547997457932,0.0005315351666312475,0.000531464113139038,0.0005315467211506407,0.8373961357515303
doc12,0.2279997217332606,0.000584275888130319,0.20238160408939554,0.0005842866694902834,0.06985364947803259,0.0005842595131874301,0.01173566308288145,0.000584414392600535,0.483939325562759,0.0005843173691391975,0.0005842302398907149,0.0005842519812324237
doc13,0.000708448405024094,0.044386663531853825,0.15114826160778777,0.0007084137723229901,0.0007084481346515724,0.35306071371588205,0.0007083747524539935,0.0007083031402101524,0.0007084469230017897,0.0007084515344322277,0.0007084449447921245,0.4457370295375875
doc14,0.0005645173761690621,0.12620883641332037,0.05884281790009027,0.0005645225514812185,0.409895592402928,0.1515982386531462,0.000564512194569613,0.24950303425969986,0.0005644540060607012,0.0005644834330560649,0.0005644840287974631,0.0005645067806812042
doc15,0.0009244714712073268,0.0009243739827811785,0.0009243726584575444,0.0009246793471013292,0.0009243303541633189,0.0009244368067506168,0.0009243280783485893,0.9898313825575129,0.0009245207589269394,0.0009243440559279601,0.0009243788805069998,0.0009243810483153275
doc16,0.0009244714712073268,0.0009243739827811785,0.0009243726584575444,0.0009246793471013292,0.0009243303541633189,0.0009244368067506168,0.0009243280783485893,0.9898313825575129,0.0009245207589269394,0.0009243440559279601,0.0009243788805069998,0.0009243810483153275
doc17,0.3091443968325541,0.0009419873615593788,0.0009418718835859941,0.0009418246119230428,0.0009419010454720307,0.0009419134771401418,0.0009417518297506741,0.000942153729305431,0.11888312723586567,0.0009418521011879433,0.5089992975464802,0.055437922345175285
doc18,0.251519312068605,0.0010847730032581852,0.0010849671744401826,0.23486727655080067,0.0010848075983600708,0.0010848217263832107,0.0010848346237491697,0.0010847322451981807,0.2893767223747128,0.0010848588259449235,0.001084899027460391,0.21555799478108736
doc19,0.0003557242681289522,0.17576077962324754,0.0003557343189642713,0.000355714263047879,0.0003557443108597182,0.0831194345441766,0.00035573268524547624,0.0003556829989324159,0.20959472030235834,0.18704853716489397,0.06027076155096525,0.2820714339691796
doc20,0.4438115978311384,0.0013663679634342962,0.2432019112271354,0.0013664266060048553,0.12610634066261384,0.001366736400113218,0.0013663331698997594,0.0013663265899599337,0.0013665971540207597,0.0013663016668897653,0.1759482556836165,0.0013668050451734544
doc21,0.0005177117911994442,0.12235557507777885,0.0005177230319550945,0.0005177140033690361,0.0005177287564079604,0.0005177838771233269,0.0005176596757375309,0.0005176438707632632,0.0005177421331143521,0.0005176898686700959,0.8724672735216428,0.0005177543922381136
doc22,0.0021648791313419774,0.002164827631639146,0.5875509745716108,0.15294189620650595,0.0021648261567216377,0.24002227632316056,0.0021649238406965467,0.002165332013931411,0.0021649772279062856,0.002164829437693159,0.00216520896141523,0.0021650484973774237
doc23,0.0006019197754310933,0.1510390132575091,0.034573724809623584,0.0006018892618572046,0.000601835607998187,0.0006018699351058072,0.0006018274471373312,0.0006017801567156728,0.0006018795125279524,0.7680521083247165,0.0006018449274589884,0.041520306983918634
doc24,0.19962506109269976,0.3348718993543551,0.035182765911671146,0.0008461750776654684,0.000846221331155542,0.2543862587198585,0.0008462537879434744,0.0008462972926204981,0.0008462709480487241,0.04716329817308743,0.0008463043037549458,0.12369319400713961
doc25,0.0004584249288188773,0.00045840035572051037,0.00045841509909269254,0.5863356152472698,0.00045837916306224385,0.00045841121729015466,0.00045844464095521486,0.00045851452747928506,0.17412327240905354,0.14025155132203682,0.0004583884965131916,0.0956221825927077
doc26,0.0009786912765761377,0.7295976325724238,0.0009787367005738045,0.000978650039965856,0.0009788201593352824,0.0009787259302305384,0.0009786977363123888,0.0009785413020864323,0.019395275867369763,0.000978677784003018,0.24219851209073526,0.0009790385403878328
doc27,0.0010507630492129743,0.0010506531898237547,0.5865904794430387,0.21536538633864857,0.17020404620613047,0.0010506298186383118,0.0010507867736837414,0.01943424852857813,0.0010506940629021815,0.0010508226350164262,0.001050747053450688,0.0010507429008761756
doc28,0.0003729806827335421,0.00037292932644094836,0.00037298368837317516,0.00037294686408136145,0.00037298020698295516,0.6954914757753962,0.00037295760169062965,0.0003729809256427609,0.00037296047754742677,0.0003729403756358879,0.1678033445149915,0.13334851956048333
doc29,0.25794434064517247,0.000825347358907312,0.0008252538635983223,0.0008252623824551077,0.0008253469873660534,0.3834379061944235,0.0008252252489929751,0.021558924462731655,0.0008252802285178351,0.0008253235669078377,0.12497043604063021,0.20631135302029685
doc30,0.0479316618494444,0.001160344612951269,0.1243501468506673,0.06855915070397853,0.0011602416727937018,0.001160444380914902,0.6603988290400118,0.0011603996579898962,0.001160506975838021,0.0011604470177782656,0.0011604353519096661,0.09063739188572244
doc31,0.0011212936358078764,0.48902971801060213,0.05535980549827085,0.05269832693359264,0.0011213857486412158,0.32800326811161007,0.001121254007721182,0.0011211718202464398,0.0011213629950564228,0.06705962748966007,0.001121353251063219,0.0011214324977279707
doc32,0.3710073972665766,0.14824685136480822,0.0009598506362954365,0.0009599905807191649,0.19474417293799573,0.1244772521416154,0.021731699765888745,0.0009597943983584166,0.0009599431595591805,0.0009599884659292553,0.13403313114009247,0.0009599281421614763
doc33,0.0016616844043877681,0.0016615549990300568,0.054248915004146324,0.0016615603783528261,0.0016615939705230487,0.00166149049914355,0.0016612419201877536,0.049268631504745086,0.0016614656085836273,0.0016615592435941394,0.0016614953424987765,0.881528807124807
doc34,0.05722639000342483,0.00041299299412740864,0.0004130223174056994,0.1940380568708487,0.00041299181274961536,0.7450185334150455,0.00041300040421530333,0.000412976531623947,0.00041299970665197277,0.00041298459150834044,0.00041302500665058224,0.00041302634574817465
doc35,0.0014452858682533817,0.0014453305664111858,0.0014453699412156872,0.0014454165979638312,0.09624371727183312,0.001445434283699473,0.0014451918547240892,0.0014454618353510584,0.0014456921153328417,0.0014452709379033284,0.0014453310370366862,0.8893024976902753
doc36,0.0033121147785892154,0.0033118599527488467,0.08384048293948664,0.003312003754932084,0.003312093540515717,0.8830405624183472,0.003311519507152221,0.0033113881296119264,0.003312199687143086,0.003311823360295983,0.0033116076848732296,0.0033123442463040046
doc37,0.06251262969971869,0.0013483166891118856,0.3306445154646038,0.14032341606082105,0.1622371148682626,0.08098666362478595,0.0013480054467160136,0.001347987272281519,0.0013480660498396528,0.001348062943176835,0.21520709119527326,0.0013481306854086841
doc38,0.5341734769776728,0.13591382239392946,0.0008534349452705561,0.0008534579997280027,0.0008534497750969,0.0008534902116190575,0.0008533626926172828,0.0008533423434025127,0.10849173269488993,0.0008535311289979426,0.023093725506118212,0.19235317333065732
doc39,0.25172593796789094,0.00024032829288512554,0.00024035404163238517,0.00024031599061959325,0.044099925520272754,0.1768548229812856,0.05113855485457459,0.00024029750103121242,0.0002403406329131605,0.21151697374006742,0.00024032050640539773,0.2632218279704218
doc40,0.0029247898292862353,0.0029246965838138923,0.0029242881281313776,0.0029252044449899267,0.2730613166991644,0.0029250053794545147,0.5933944363378322,0.0029242918284994785,0.0029248990509134604,0.0029249920094376472,0.10722164782204667,0.0029244318864302286
doc41,0.000933094526770724,0.03918005456389329,0.0009331678938803239,0.0009333918905170492,0.0009332099608211914,0.0009331577682388175,0.13577480128967281,0.3224620403750134,0.0009330322475750335,0.000933133843979628,0.014814750024511669,0.48123616561512594
doc42,0.00095096832075416,0.000950733523863463,0.0009508482186839938,0.0009507291766556939,0.4758023482434326,0.0009507878970510388,0.0009507723959285311,0.3576056821613038,0.0009508818271658912,0.0009507689231693284,0.0009508329872027396,0.15803464632478872
doc43,0.0017798363121207302,0.03695316386761687,0.0017796460914969762,0.1372016184764681,0.36631836314197647,0.001779868200722309,0.001780130191748241,0.00177975155450552,0.0017799458864838239,0.0017797743063448887,0.0017796176220011204,0.4452882843485149
doc44,0.0011604371807575782,0.0011603192778017004,0.0011604167320060671,0.8837950365721032,0.0011601643321962284,0.0011602568378133121,0.0011603959348945316,0.0011601914455740886,0.001160426314764509,0.0011603165027062197,0.10460165181563766,0.0011603870537448082
doc45,0.20794865668477078,0.0007681515319107425,0.1128022370205924,0.0007682128746867233,0.1181209772577393,0.0007682254239090286,0.0007684412203168955,0.0007681329556774039,0.0007682965219669518,0.0007682257778560856,0.10138285390026795,0.45436758883030565
doc46,0.0011471543478719145,0.0011471870665073496,0.0011470544319543733,0.0011471630307722386,0.0011472749396217602,0.6803081825082627,0.0011470893928981984,0.001146945499602882,0.0011470855745381822,0.0011471114503322243,0.3082205997558242,0.0011471520018139828
doc47,0.0011089476203716999,0.0011089357533483643,0.0011089381348594848,0.13924751180875103,0.03111279601556647,0.0011089173969564016,0.12404798489990788,0.0011089690613173921,0.0011090909303537796,0.6397301282367642,0.05809872551265248,0.0011090546291506777
doc48,0.16505508604257033,0.0004996319212678784,0.09148271709276357,0.5829792438333303,0.0004996181340325014,0.0004996325676031478,0.0004995980947253878,0.0004995607170080767,0.0004996571596904843,0.0004996034523448552,0.15648603052546603,0.000499620459197396
doc49,0.0003173041652206243,0.4806887145156535,0.0003173303742289182,0.0003173586161909322,0.00031732307372199015,0.00031734388100945597,0.00031730386831146137,0.00031734400561721785,0.1769226768664419,0.05888720382003867,0.00031730215319751874,0.28096279466036794
doc50,0.1951626206482231,0.0020749834636783157,0.14609336867872422,0.4722772499401957,0.0020759196037450443,0.1698647868533353,0.0020749603671908466,0.00207527910292073,0.0020750487461367244,0.0020749713810217867,0.002075388573663211,0.002075422641165219
doc51,0.0010184887989941253,0.0010185874779290863,0.0010183748555120898,0.0010185209739393222,0.0010184289517215378,0.0010185164460737824,0.0010183727865873133,0.9887965509334693,0.0010184964297437103,0.0010184718499911464,0.0010187598974802177,0.0010184305985583672
doc52,0.8793567623202803,0.0009883752921088923,0.0009884160710704763,0.0009884350599642837,0.0009883617467280608,0.11075885071374314,0.000988335879436874,0.0009887321078048301,0.0009886004219609096,0.0009883061450780644,0.0009883896743976574,0.0009884345674265433
doc53,0.16936550378429582,0.0027635675321313175,0.002763438643959073,0.0027633553452631877,0.06491922860753536,0.002763433551356097,0.0027631383362005674,0.05655414307759373,0.24032510857632647,0.4494928504618489,0.0027631418784269546,0.002763090205062514
doc54,0.002075103811744278,0.21236543856872758,0.0020751406192483423,0.26695780205937486,0.0020752957948090038,0.0020751113639662444,0.0020752097205979677,0.0020754697822385954,0.11965627219403525,0.38441890703752163,0.0020751000228103307,0.002075149024926065
doc55,0.12712634882613622,0.18832546629176022,0.0006704017523634352,0.0006703650377304096,0.0006704334416560382,0.0006704789602140497,0.032727397846695094,0.0006703607737594285,0.1553182785691902,0.4918096441611066,0.0006704017066522745,0.0006704226327361076
doc56,0.0005490107041298605,0.04002526906693902,0.0005489646386158554,0.06933528031354397,0.0005489729652751129,0.45834325588182206,0.0005489381186582463,0.0005489424872528073,0.07066089359975625,0.2542518155157903,0.0005490482954650058,0.10408960841275174
doc57,0.001039720508525223,0.0542714257924152,0.4319608418674074,0.11425529954959102,0.20998729998934174,0.0010396541058177798,0.18224713835510908,0.0010396580074332426,0.001039685551232785,0.0010397534632247151,0.0010397595154567948,0.0010397632944450146
doc58,0.5627032595151515,0.0016894885514789717,0.3011871215568953,0.07888051330985413,0.0016895483565653275,0.0016898325981495581,0.0016894580538292544,0.0016895671242459945,0.0016896997617038177,0.0016895345169942897,0.04371252639949683,0.0016894502556350469
doc59,0.0012791379062256094,0.0012792182498943443,0.0012790743747842469,0.1862772444182947,0.0012790362480279774,0.07604702379160802,0.06401502500408651,0.001279234341468969,0.033692888331105085,0.0865486464973631,0.13492484142436065,0.4120986294127808
doc60,0.40489406090033275,0.0005430805094022096,0.07302044393156124,0.10337296619050612,0.0005430899721470495,0.0005430680828903857,0.0005429801792371774,0.024254474932864645,0.019681812106230493,0.0005430303550410057,0.14307404376084404,0.22898694907894288
doc61,0.197641609622224,0.0010506286133243037,0.0010507209351561268,0.0010506562146240322,0.5269738725568147,0.001050535693821203,0.0010505095287120269,0.0010505099298643336,0.0010505071677365915,0.0010504964060146632,0.26592942793529295,0.0010505253964150688
doc62,0.0010184887989941253,0.0010185874779290863,0.0010183748555120898,0.0010185209739393222,0.0010184289517215378,0.0010185164460737824,0.0010183727865873133,0.9887965509334693,0.0010184964297437103,0.0010184718499911464,0.0010187598974802177,0.0010184305985583672
doc63,0.0011470604041674919,0.01930794862906568,0.0011471424297494484,0.0011471272336565756,0.0011470617880593723,0.0011470828074151582,0.0011470171854091526,0.0011469679618120038,0.0011470344553961794,0.0011471896155210287,0.9692211621120717,0.0011472053776762732
doc64,0.0010184887989941253,0.0010185874779290863,0.0010183748555120898,0.0010185209739393222,0.0010184289517215378,0.0010185164460737824,0.0010183727865873133,0.9887965509334693,0.0010184964297437103,0.0010184718499911464,0.0010187598974802177,0.0010184305985583672
doc65,0.151813761479998,0.0007682686088427825,0.4096385604215497,0.0007682511395050986,0.000768253530724704,0.0007682964548727406,0.000768286806505485,0.09447185644301263,0.24137240927947817,0.013863497783557749,0.045471828604790016,0.03952672944716291
doc66,0.0007623513326984357,0.6096394631933701,0.0007624278757177542,0.0007623904164129107,0.0007624431671703806,0.000762306065919719,0.0007623764158704904,0.0007622761834227632,0.0007622771556558079,0.3827368542839551,0.0007624458990819015,0.0007623880107245728
doc67,0.0011090146578011213,0.08757915035698217,0.001108969342495129,0.16254118393185085,0.0011092046219993244,0.0011089796926387432,0.12346708773856573,0.001108840115472143,0.001109000200630051,0.5342295859426871,0.0011088973663373317,0.08442008603254034
doc68,0.3442863281003927,0.0006704201905931213,0.1158606058519165,0.11703651773523054,0.1648626066649164,0.0006704781019185657,0.18323520227964296,0.0006704278525496547,0.0006704591349996757,0.0006704736012645441,0.0006703870293503686,0.07069609345722479
doc69,0.002074970883387792,0.002075082952472348,0.002075249987736513,0.00207510980654934,0.9771729824448586,0.0020751192263587124,0.0020749977489453956,0.0020750726673011014,0.002075425052644356,0.0020752161537854826,0.00207530058096776,0.002075472494992558
doc70,0.44467459485645816,0.001121436995098053,0.0011215115769193469,0.0011213340525514262,0.04455264744449191,0.0011215539316276784,0.3647895260909089,0.018130091454557573,0.001121294972619386,0.12000336170187247,0.001121341441019639,0.0011213054818755464
doc71,0.001488271410242861,0.0014885869276136958,0.0014883425818594425,0.12027636916321052,0.0014882881486502613,0.36111291335966367,0.04492384660561642,0.0014882445069697612,0.2342262522147724,0.22904203891451327,0.0014883938373123152,0.0014884523295755207
doc72,0.29809849619048795,0.0015825873970756901,0.2849695862501664,0.0015825362579566303,0.0015827187241602384,0.19133485199891367,0.0015825321546091848,0.0015823983037748723,0.2129360027117022,0.0015827980068206693,0.0015827945463946184,0.0015826974579378086
doc73,0.7408926270924295,0.001202181117258812,0.0012021906763712731,0.0012022722196622859,0.0012023849016427493,0.001202216760437696,0.0012021594333746965,0.0012020727259153415,0.0012021924854539558,0.24708500586351412,0.0012022627526084367,0.0012024339713310518
doc74,0.09013059161540325,0.00059818797174887,0.18898558619261885,0.0005982028086002178,0.0005981974772338557,0.0005981552869500718,0.0005981469902033587,0.0005982093217060801,0.7155001650812872,0.0005981694495558802,0.0005982250401296027,0.0005981627645627309
doc75,0.12441704577432987,0.0006486775664705396,0.08462306446905991,0.04475353824248886,0.31756542361909057,0.0006486721938351248,0.0006486671189784512,0.0006487934872514509,0.045894387993895676,0.0006486220159277633,0.2071323878792562,0.1723707196394157
doc76,0.004951998692373039,0.0049511289442766265,0.0049521851402734435,0.004950965585945431,0.004952578265634113,0.9455318366613249,0.004950744311765351,0.004951770953455866,0.0049516333117482795,0.004951197198961854,0.004951929905963872,0.004952031028277394
doc77,0.0015827753511852359,0.0015825345229372773,0.001582560916172844,0.0015827405082961255,0.0015830070350893062,0.20675939346838387,0.0015825954027724064,0.0015828422375438011,0.046057761390580224,0.0015827574133445868,0.0015827028166425514,0.7329383289370517
doc78,0.001160317661736871,0.0011601944280775409,0.0011602842354915609,0.0011602497447822766,0.35585946334475904,0.0011604527754568198,0.001160168527693808,0.0011603028498298699,0.0011603135590465186,0.0011602137158285384,0.0011605766959088154,0.6325374624613884
doc79,0.001689808778183951,0.0016894041775236748,0.001689828546883684,0.0016896582073028512,0.24317059160343157,0.001689570568794817,0.0016895569270942994,0.0016893273193313973,0.0016895454461894324,0.24805560823469366,0.10365882333856152,0.3915982768520091
doc80,0.06956229894584728,0.0013126990495733184,0.0013127660488332915,0.40192675019877444,0.0013126336678983806,0.3877896592474704,0.0013125933722067348,0.0013126266920269734,0.0013128392297558924,0.001312647531252552,0.0013125969553473512,0.13021988906101348
doc81,0.00188022068376874,0.0018799900656739157,0.0018801558427739935,0.001879969950178494,0.0018802638879420867,0.0018805316783379864,0.0018798776852590802,0.0018799867049901235,0.0018802944735976023,0.0018800119354315298,0.15927671235552773,0.8219219847365188
doc82,0.010871784185628362,0.010872530763770575,0.01087141951464424,0.010873540136637003,0.01087358967231787,0.010870808639521445,0.01086992366102292,0.010870622758806821,0.010871053545913055,0.010870773117695635,0.3000986041826815,0.5911853498213605
doc83,0.0015826364184235403,0.001582617242730245,0.0015828164229126195,0.0015824395021281198,0.34940519544223136,0.27062732626837444,0.0015824360904213306,0.1049213697563891,0.001582494703699962,0.0015825697885065765,0.2623853556898648,0.0015827426743179498
doc84,0.0012318107309409656,0.0012318191842581436,0.20315268964624106,0.0012318534813542071,0.1439608589574626,0.0012319485063720412,0.0012317311982576573,0.0012317591485872135,0.2334738270318144,0.0012318264076118057,0.2252417272451607,0.18554814846193907
doc85,0.054563525016354295,0.3305328750916433,0.0008119955090371328,0.0008119376450601386,0.0008118555999277727,0.0008119123538058424,0.0008120348387027554,0.0008119215039071431,0.000812019020019358,0.6075960912619145,0.0008118813973229846,0.0008119507623047913
doc86,0.18334229229679314,0.0014883965761863147,0.0014883935595625503,0.0014883441233224594,0.6474583785602004,0.0014883755183186357,0.0014882361592616685,0.0014882610720262372,0.030109019802358136,0.0014882528251746814,0.1271835387240687,0.00148851078272703
doc87,0.0014248223898563012,0.001424832996057885,0.0014247382339873118,0.001424861154585555,0.001424760923784278,0.3977996818831181,0.0014247010110105816,0.0014249486827345695,0.13261779528279313,0.0014247133128262607,0.4567592365082472,0.0014249076209989799
doc88,0.15026219425284806,0.001121265885237666,0.12568655545572738,0.001121296346987779,0.001121457977011064,0.001121289224869491,0.0165621936348973,0.0011212881553126393,0.698518294428966,0.0011213629833732013,0.001121302116637993,0.001121499538131528
doc89,0.005209387940068293,0.005209668203883329,0.005209552756770674,0.005209102519737716,0.005209289685541338,0.005211362875747327,0.005208976662980667,0.005209691346274247,0.005209640465558107,0.005209724248573965,0.3408618924039699,0.6070417108908944
doc90,0.3595966328872845,0.000825259674406731,0.0008252314362252048,0.0008252528504281071,0.000825248675159254,0.0008253000468834623,0.29863399902967713,0.0008251924996670653,0.0008253134566160548,0.3022424189669581,0.0008252764205769354,0.0329248740561175
doc91,0.0024880578385647113,0.002487726022056101,0.39771246008440114,0.0024881083129214675,0.002488168331608326,0.20259959661685747,0.05652511356669429,0.002487824452525942,0.0024878741800194943,0.04727813529909038,0.002487933975514956,0.27846900131974583
doc92,0.08477116256801824,0.0011340355279663194,0.17509267913748414,0.0011340797363217317,0.0932843269476505,0.521045757884068,0.0011340487747095525,0.0011340183101799575,0.11786759084992338,0.0011341143015181083,0.0011340634739091045,0.0011341224882509269
doc93,0.0014885030832653984,0.0014885774296363988,0.0014885419218539175,0.1631036666762855,0.0014886421770513956,0.001488574514163012,0.001488586294960226,0.035773962149787654,0.20477171091771534,0.0014884431712974173,0.31613978028747697,0.26979101137650685
doc94,0.12728121892333844,0.18740888128276983,0.0007863296199114573,0.18394597146576758,0.0007863107709966122,0.4441068410157037,0.0007863782140396638,0.0007862709598673426,0.0007864167009245794,0.051752528559071344,0.0007864403682961792,0.0007864121193132599
doc95,0.000567734413608959,0.0005676752207355187,0.11071254272593825,0.4855070855818253,0.04533912569803127,0.0005677088175220805,0.000567692444267858,0.0005675984296286385,0.2243922677319929,0.0005676974917469807,0.13007515345334808,0.0005677179913543092
doc96,0.0006205886956577572,0.0006205226974056818,0.0006206448731045751,0.0006205621428026453,0.3256505705650813,0.0006205372924046682,0.0006205376380059221,0.0006205126651166156,0.19180179224973476,0.1416293035671216,0.0006205220745909623,0.3359539055389735
doc97,0.2800895396325201,0.000988376673981846,0.06507876680950064,0.0009882876000421137,0.22431421136099783,0.000988371061006798,0.016086940203244093,0.0009882683851706383,0.4075121001510392,0.0009883413014126286,0.000988333091421437,0.000988463729662692
doc98,0.0006362749460737762,0.0006363682452325955,0.3559173119373306,0.0810696370357784,0.23698582136225446,0.0006362838626211912,0.0006362819181760349,0.0006362151468844496,0.0006362918547921732,0.0006362740698570381,0.32093699618115723,0.0006362434398419791
doc99,0.3380223521091885,0.00048740394660757067,0.02585046396656466,0.00048744053178785904,0.00048744667848780256,0.00048749421830360023,0.2946180469034677,0.00048739283090370046,0.00048747957526559945,0.20248093459010147,0.0004874112596556758,0.13561613338966577
doc100,0.0010397270283000195,0.0010397920335595632,0.0010398465017864072,0.0010397281229390205,0.0010398114521938057,0.001039782029616035,0.186669963025933,0.0010397972493964651,0.3936426447394679,0.41032913979307795,0.0010398332945109638,0.001039934729218861
doc101,0.5642210772386403,0.0009691257077727044,0.21886406303398012,0.0009692316558068879,0.13825776018734454,0.0009691820146898195,0.0009692235264497602,0.033511920793213676,0.0009691330145617815,0.0009690823102226731,0.03836094444256591,0.0009692560747517965
doc102,0.451222589829197,0.002618097284127259,0.002618227143679401,0.002618487234479049,0.04883791726697816,0.002618567263268114,0.0026180565332213014,0.002618392321747726,0.002618659024890298,0.0026183934416639846,0.14481335316833388,0.3341792594884138
doc103,0.12826627922305298,0.0005046502642038996,0.13674298321986778,0.5254352596276209,0.015956756762499507,0.0005047111615580412,0.0005046249909191833,0.0005046262817967831,0.19006605697394577,0.0005046632124942682,0.0005047001891613603,0.0005046880928796814
doc104,0.5124467989187921,0.0010966363176916822,0.0010967565840230681,0.0010967654615399382,0.001096793684936415,0.0010967438227761348,0.0010966607742236181,0.0010967372764491019,0.0010968118598037493,0.4765856558001292,0.0010967065697894763,0.0010969329298454959
doc105,0.3170542881210935,0.001096708240780527,0.0010967786221370039,0.07918446508991386,0.0010967874974936523,0.42831413075821084,0.0010966705119413221,0.0010966160595685195,0.0010966757131546385,0.0010966972737381164,0.0010967303015557875,0.16667345181041235
doc106,0.2553568431780343,0.0012167693380453965,0.37061419014087293,0.001217000551297977,0.0637147773433199,0.0012167895495969235,0.001216752595317969,0.0012167865998027327,0.3005796054528528,0.0012168214184977353,0.001216851071791201,0.001216812760570052
doc107,0.0028419992868343688,0.0028414359956744515,0.4083353935339844,0.002841390751370545,0.08512657491563463,0.48096349877149114,0.0028413573269219965,0.002841433947827611,0.0028419196845478807,0.0028418457192358657,0.002841681543493389,0.002841468522983432
doc108,0.0007134235134853186,0.00071354740744293,0.0007134787909494774,0.0007134129828806969,0.25390621719541745,0.0007134990741451626,0.0007133788201035935,0.0007134033518394094,0.0007135293391058952,0.0007134944802802164,0.7389591282633428,0.0007134867810069436
doc109,0.17613565297809822,0.005209639171873274,0.005209643902638467,0.005209441961175554,0.005210321762693875,0.005209860553556761,0.005209127600429997,0.0841009357979593,0.005209645652508058,0.005208985138426716,0.005210123945186334,0.6928766215354536
doc110,0.0019537784169195737,0.16504174960180726,0.0019537807019317033,0.00195394403822545,0.41214933274284316,0.15234958827639092,0.0928223999285495,0.001953639743508248,0.00195351039613718,0.0019540749405757476,0.16396053977489158,0.0019536614382196235
doc111,0.4056206360297797,0.0018117727675047424,0.39298236698522454,0.0018118909534639881,0.001812197619182665,0.18508949334317487,0.0018117804034579817,0.001811772320533419,0.0018121480250742875,0.0018120164061462191,0.001811725256110572,0.0018121998903471036
doc112,0.0009508601834812403,0.0009509492638753457,0.0009507031737944813,0.11712822366348952,0.0009508428164224159,0.0009508694753073842,0.0009506326985352885,0.8733636773760007,0.0009508419500561049,0.000950731274821869,0.0009507878330093188,0.0009508802912062816
doc113,0.0009508601834812403,0.0009509492638753457,0.0009507031737944813,0.11712822366348952,0.0009508428164224159,0.0009508694753073842,0.0009506326985352885,0.8733636773760007,0.0009508419500561049,0.000950731274821869,0.0009507878330093188,0.0009508802912062816
doc114,0.20376348438754852,0.42766425806317526,0.15452314432107192,0.0012789316612180563,0.001278986169767956,0.0012789708797426003,0.0012789514209560885,0.015930139414790382,0.0012789993106399734,0.1891661305874168,0.0012790635602662693,0.0012789402234061852
doc115,0.0006529254084563719,0.0006529694914751752,0.0006529519752713602,0.0006529949379499117,0.0006529643773800009,0.3071911557935862,0.0006532221281118105,0.0006530834429374518,0.09191283061080407,0.5950189720100256,0.000652979315558908,0.0006529505084430986
doc116,0.0014883218945371775,0.0014883323516673788,0.0014884582414274208,0.0014886617390865251,0.0014883699742112239,0.0014884413937107167,0.0014885109821761683,0.001488449135537185,0.259447158510349,0.7256683350599168,0.0014883718617616155,0.0014885888556188693
doc117,0.0007927034636376538,0.19490620633839148,0.0007926397785430614,0.08860109404939691,0.0007926081947992218,0.48817488823442357,0.0007925677741509839,0.0007925740514241271,0.12458756951574364,0.0007926314572631569,0.0007925822916211706,0.09818193485060506
doc118,0.0018803556288202175,0.0018803864451745302,0.19665594456179394,0.301746508556239,0.0018800398274255066,0.001880255981218554,0.14655461346768672,0.001880038538156831,0.13178884933359183,0.0018799772946603047,0.0018803351083624476,0.21009269525687005
doc119,0.0008186443565217381,0.0008186151214122184,0.0008186097275256569,0.0008185521120534908,0.08966186427509534,0.0008185228417797784,0.0008185670890142667,0.0008185164007112328,0.0008185737625494499,0.6471369265782635,0.0008185619151471067,0.2558340458199261
doc120,0.001880269086194433,0.001880164761202494,0.0018803148100510296,0.001880153910192583,0.30054092626467765,0.2875113791045817,0.0018801742992349808,0.11384390230558433,0.0018803657838867703,0.0018805432907252804,0.28306158262204945,0.0018802237616193389
doc121,0.002315199723810083,0.4294017853832627,0.002315732949800086,0.18630019447936866,0.0023153189962484572,0.0023156646055566585,0.002315231368386913,0.0023152398943680494,0.002315218147760738,0.36345954890003573,0.002315477423552889,0.0023153881278490593
doc122,0.10867846577635253,0.001385601431054611,0.05549790934831791,0.001385286940347395,0.001385654693249006,0.0013853729858968402,0.669138632150006,0.0013852312290288423,0.15560175705117366,0.001385440928071038,0.001385400267664615,0.0013852471988376018
doc123,0.0017484578862997948,0.0017484369087129436,0.0017487774275378885,0.001748449246507794,0.8663036070169111,0.0017484300155618398,0.0017483436952713098,0.0017487668575709504,0.0017486756663805782,0.0017483860989571966,0.0017483322018093256,0.11621133697847924
doc124,0.26688867497802643,0.00028892543526873316,0.037383228171827536,0.00028891568477869186,0.10624974674912531,0.21217905830603348,0.030920061437372397,0.00028889059530952296,0.049065747002575856,0.2958689079920657,0.00028891377145419693,0.00028892987616213893
doc125,0.002370183161691745,0.0023701190574128015,0.7242033879419046,0.0023701632073464414,0.002370528690563293,0.1319650519905812,0.00236991614561502,0.0023703418762152147,0.0023701675735736884,0.0023701430555335334,0.00237096671929018,0.12249903058027233
doc126,0.0011470579316760817,0.019519802366970315,0.0011471354585266076,0.0011471240831736024,0.0011470595100615524,0.0011470895826546936,0.0011470165476524135,0.0011469693664748922,0.0011470222597170102,0.0011471798326712173,0.9690093696692015,0.0011471733912202119
doc127,0.6515764812330666,0.0007083847845276648,0.0007083643699592443,0.0007084002733800112,0.0007083276659961373,0.000708424796867262,0.049818855853939255,0.0007084612458121051,0.0007084059050804415,0.2922290827202524,0.0007083852814269213,0.0007084258696921866
doc128,0.0005775605683435736,0.36059052479580955,0.000577552748218819,0.0005775339204288817,0.1373471047799404,0.0005775787563453852,0.0005775484865898073,0.04192420877433842,0.0005775469159922023,0.1352859525379151,0.32080938556350885,0.0005775021525689717
doc129,0.0032058803126382702,0.0032060095769329802,0.003205675215181972,0.0032056256465612856,0.42938903920655647,0.0032067302564843195,0.003205652315106027,0.0032057582985977103,0.0032063168050986642,0.003205651857807847,0.5385515693194003,0.0032060911896340995
doc130,0.0017183706439288537,0.0017187416177211051,0.0017184482758644535,0.0017185048231022255,0.0017185522240582933,0.40477506681507075,0.0017188611748753017,0.001718386289042121,0.00171856341403102,0.0017186214510579987,0.0017188251539902296,0.5780390581172576
doc131,0.0014458243982711414,0.0014458484630054593,0.0014452962521844966,0.0014457712493740737,0.2554657596680216,0.001445705701354102,0.001445532599774317,0.0014455170055889305,0.0014454250216577073,0.0014456763502022245,0.0014465293648722353,0.7300771139256936
doc132,0.11309531055030991,0.15313188412542184,0.0010732152088549886,0.0010731816129567451,0.24265124283240228,0.39997004663262087,0.0010731455959675324,0.001073092630460303,0.0010732898625030432,0.08363909856699338,0.0010732067269166002,0.0010732856545926418
doc133,0.0012166388851038688,0.0012168051317753361,0.0012167709376240338,0.0012168225905300454,0.0012167350207418707,0.001216897507193231,0.29706464008908035,0.0012166274335134878,0.3598081874627146,0.29042133824588773,0.0012167398722107616,0.04297179682362469
doc134,0.0010618603484447732,0.0010620324784330793,0.12285359976731884,0.0010618492482614848,0.0010620191923994913,0.4709108536484074,0.001061825281564175,0.0010618826902421593,0.0010618759060069642,0.0010618425761286573,0.136210681801992,0.26152967706080094
doc135,0.0007134235134853186,0.00071354740744293,0.0007134787909494774,0.0007134129828806969,0.25390621719541745,0.0007134990741451626,0.0007133788201035935,0.0007134033518394094,0.0007135293391058952,0.0007134944802802164,0.7389591282633428,0.0007134867810069436
doc136,0.0012630488745649204,0.23830765907583773,0.19248260852399096,0.13515919523085507,0.21032904275275982,0.0012629010257039267,0.0012628372991621204,0.0012629521540780842,0.0012630282360103842,0.0012630221026407255,0.00126308237564165,0.21488062234875466
doc137,0.0004995819459122025,0.0004996504088431459,0.0004996222322288871,0.0004996609768278841,0.5014949297952521,0.0004996342051261644,0.000499638305521211,0.0004996138251040546,0.0004996871863150304,0.09731035068476364,0.000499584267788255,0.3966980461663173
doc138,0.1548965536132319,0.0021198248133566192,0.0021189590231193954,0.04041760311173829,0.0021195719535042285,0.002119448888596553,0.0021189585028479787,0.002119216434014152,0.00211900517355761,0.0021192154673488387,0.002119538018461212,0.7856121050002233
doc139,0.003969856283909134,0.4700652467747097,0.19656817725012668,0.003968994375032165,0.24576217229922456,0.003969687410114358,0.0039686761955992,0.0039695509334319035,0.00397037200869471,0.00396956333765556,0.003969128810808093,0.05584857432069393
doc140,0.002488449458082397,0.271637991268049,0.14492794838905057,0.002487876033745247,0.15547342734477454,0.0024879786569460965,0.002488123485989522,0.002488053127201926,0.002488320641938654,0.0024880743245521025,0.07601346432117698,0.3345302929484929
doc141,0.0020750707252232574,0.002075126918545014,0.002075128968201903,0.002075214092490144,0.0020751008243704004,0.4972215124744235,0.002074999266001106,0.0020750903711236673,0.0020752388019599304,0.00207503749427181,0.4820272297524831,0.002075250310906131
doc142,0.4258715867975384,0.0015824636040593012,0.2812753665710086,0.0015828112607590614,0.1035179479979188,0.17667354099892146,0.0015826753948947607,0.0015825507718879633,0.0015827075735875525,0.0015827928982389973,0.0015827229743306428,0.0015828331568544021
doc143,0.0020750707252232574,0.002075126918545014,0.002075128968201903,0.002075214092490144,0.0020751008243704004,0.4972215124744235,0.002074999266001106,0.0020750903711236673,0.0020752388019599304,0.00207503749427181,0.4820272297524831,0.002075250310906131
doc144,0.12751968593195148,0.0010732526126257928,0.0010731997187177203,0.0010733002073232696,0.0010733128171583565,0.4305979398479378,0.06764903541188792,0.011958337875962436,0.0010733435006368033,0.0010733679660488893,0.0010732090453603094,0.3547620150643892
doc145,0.001558024477540678,0.0015578405392385906,0.6814887303177151,0.0015580892262163323,0.05100409193270776,0.0015579806781557755,0.0015578556509388967,0.0015579231393491775,0.11692600045991536,0.0015578290444490364,0.001557878381566392,0.13811775615220698
doc146,0.0022128464943252366,0.17230459813448878,0.002213046976450549,0.0022128266221571827,0.20747152531160487,0.3480411409431018,0.002212871414336317,0.03013564012635717,0.22655608036274308,0.0022130319522976156,0.0022132026461546277,0.0022131890159829003
doc147,0.09191599130315345,0.6167495219346661,0.0013666029629236568,0.0013663837042371765,0.0013667386299210018,0.15618890857440698,0.001366360285245153,0.0013664618099063308,0.0013664904672457483,0.0013665833869236706,0.001366406952567457,0.12421354998880328
doc148,0.0033123176098577285,0.0033123499508416598,0.0033124601007025966,0.0033124144253193263,0.18814548271216272,0.0033123209293681047,0.0033122219443342646,0.003311698410922561,0.4160561487530439,0.003312338834892177,0.3659877208881127,0.003312525440442195
doc149,0.0013126682730612183,0.0013127325047868922,0.001312652679131578,0.08131798496911341,0.11267107155319787,0.0013125926673629234,0.0013126290541185578,0.0013125236267349557,0.0013127448146538787,0.7941970566157321,0.0013126473870774611,0.0013126958550290103
doc150,0.0016895678472011303,0.2896786956888301,0.06862506018606976,0.001689437672750267,0.0016897100819450674,0.0016895057535489307,0.0811948250447862,0.0016897177270982825,0.0016894814729508023,0.0016897153721817414,0.0016896432132421026,0.5469846399393956
doc151,0.2092029340258616,0.0017488422467746257,0.001748605534034874,0.0017487709484219763,0.0017485193883380143,0.0017489149031946645,0.0017492283247594266,0.0017484069084516777,0.5251665247145155,0.0017487322590692546,0.0017486148935525708,0.24989190585302593
doc152,0.0008186768319412158,0.16076954109899227,0.0008184998011730117,0.682622736385073,0.0008185157617679277,0.04359007085525195,0.0008184243098441116,0.01248051269224015,0.000818509587338118,0.09480736096519482,0.0008185575189660454,0.0008185941922175434
