,topics0,topics1,topics2,topics3,topics4,topics5,topics6,topics7,topics8,topics9,topics10,topics11
doc0,0.0009244713919131384,0.0009243739082061326,0.0009243727790871389,0.0009246858530019431,0.0009243301021450596,0.0009244368503155745,0.0009243279919303081,0.989831375942565,0.0009245211340615107,0.0009243440423333811,0.0009243788854710973,0.0009243811189695882
doc1,0.0003859197496302882,0.45511251924345875,0.00038591003814620505,0.06252136761173666,0.00038588329559774534,0.11184683735797986,0.0003858852300057367,0.0003858592751741159,0.055895100178251104,0.1998156284990964,0.00038592794965258974,0.11249316157127051
doc2,0.1046426095222787,0.0005677165115637412,0.13042103308693098,0.0005676467452969604,0.0005676418124652026,0.000567760835053922,0.06896302908208304,0.0005676657357474718,0.6393815826765162,0.000567736947363156,0.0005676655088657484,0.05261791153583485
doc3,0.0017486540954869654,0.0017487506738760369,0.22418379415838227,0.001748797542168581,0.0017484818775537932,0.0017486108564035328,0.3063089368843987,0.0017485732902000266,0.3773034200923395,0.00174861013126325,0.07821480410191876,0.001748566296008585
doc4,0.003106260493698111,0.0031062457820355766,0.0031061220214943595,0.23022305718957745,0.003105932458371326,0.0031063026404215465,0.0031058426438979932,0.0031061373698703493,0.10940271287442144,0.0031060865838813782,0.2482661242084963,0.38725917573383417
doc5,0.0010505914121445323,0.0010507948879225934,0.0010505689077202414,0.28487453150151604,0.0010506639157239481,0.0010507763672226713,0.08263359223225551,0.0010505800156711644,0.0010506394369161581,0.1930550288134805,0.2073238546542599,0.22475837785516667
doc6,0.0015110864482495523,0.0015109550250193232,0.7936563505033319,0.001511177553796322,0.001511116806463449,0.0015109898964422276,0.0015108101578994147,0.0015109039137292258,0.0015110394641663749,0.0015108243871545391,0.0015109638025229148,0.19123378204122476
doc7,0.0004946877408686102,0.0004947254020005432,0.0004946692159496036,0.0004946787810558622,0.0004946449823957768,0.0004947552385376289,0.987887064422967,0.007166055338695824,0.0004946757851263411,0.000494689381466841,0.0004946781682831253,0.0004946755426529819
doc8,0.18423181550204543,0.2074296102542946,0.0005519951653339472,0.0005520248563371699,0.0005520140948120361,0.0005520078119069042,0.04965933549663061,0.013136393150220282,0.0005520409745223394,0.13058071224892676,0.0005520513980349888,0.41164999904693506
doc9,0.0008995259298026489,0.0008995155204271697,0.0008994905602056223,0.0008994728379879034,0.26621570960390617,0.08561183080776685,0.000899670724805049,0.013870055895337666,0.0008995591916890045,0.04547256520584114,0.0008994625251408308,0.58253314119709
doc10,0.29705718189502633,0.0013301258655553467,0.0013301789682705616,0.001330037351715942,0.001330336670920103,0.0013302065595423593,0.0013299902160638225,0.038512620077137835,0.0013301488153034118,0.0013301257020666567,0.0013301678117617433,0.6524588800666359
doc11,0.0005315350157620114,0.0005315640359068702,0.0005315431194810636,0.0005315254155749899,0.05319271007527923,0.1050344991603574,0.0005315213435790547,0.0005314546573107393,0.0005315350446454165,0.0005314640016732267,0.0005315465478413089,0.8369891015825887
doc12,0.2274683203162208,0.0005842753917071389,0.20187724652464947,0.0005842867881954196,0.07065576663226483,0.0005842593352938646,0.011756277976317137,0.0005844121379527428,0.48415235622625996,0.0005843166632875453,0.0005842301621252106,0.0005842518457259063
doc13,0.0007084488278671415,0.043547181692752006,0.15077578750822523,0.0007084137383789683,0.0007084478772023467,0.35401254472661686,0.000708375314987216,0.0007083029320901569,0.0007084470175151761,0.0007084511540079795,0.000708445214537336,0.44599715399581946
doc14,0.0005645173098501705,0.1261258634066098,0.05894044205894547,0.0005645220672067751,0.4097119249302368,0.15204237498045076,0.0005645121612072686,0.24922791505601136,0.000564453935460804,0.0005644835019995252,0.00056448393610133,0.0005645066559200427
doc15,0.0009244713919131384,0.0009243739082061326,0.0009243727790871389,0.0009246858530019431,0.0009243301021450596,0.0009244368503155745,0.0009243279919303081,0.989831375942565,0.0009245211340615107,0.0009243440423333811,0.0009243788854710973,0.0009243811189695882
doc16,0.0009244713919131384,0.0009243739082061326,0.0009243727790871389,0.0009246858530019431,0.0009243301021450596,0.0009244368503155745,0.0009243279919303081,0.989831375942565,0.0009245211340615107,0.0009243440423333811,0.0009243788854710973,0.0009243811189695882
doc17,0.3095756328379942,0.0009419868229364346,0.0009418725271340895,0.0009418247594584168,0.0009419022992413063,0.0009419129130963729,0.0009417514933548513,0.0009421543230243337,0.11859241788666053,0.0009418514555567734,0.508893316243671,0.055403376437871674
doc18,0.25133079620979204,0.0010847739746920968,0.0010849677750819913,0.23451024196868295,0.0010848069754571751,0.0010848219219037581,0.0010848332976544333,0.0010847320817948124,0.2897060106327874,0.001084859593006358,0.0010848988651127735,0.2157742567040342
doc19,0.00035572443646676667,0.17537829197184981,0.0003557344042527296,0.0003557142353211738,0.0003557441529291196,0.08419844320221216,0.00035573295808508657,0.00035568301675805304,0.2094081389194948,0.1874459461885271,0.06021075611759486,0.2812240903965085
doc20,0.44361715450529793,0.0013663677436073147,0.24273471543895278,0.001366426472178905,0.12722472983853655,0.0013667359718434568,0.001366333193762176,0.0013663264762826777,0.0013665970517908858,0.001366301420613258,0.17549150753069837,0.0013668043564356613
doc21,0.0005177118057591078,0.1227317826736781,0.0005177230335561911,0.0005177140513097966,0.0005177287775554483,0.0005177835814054277,0.0005176597014163294,0.0005176438623397377,0.0005177416757652265,0.00051768970409994,0.8720910669945614,0.0005177541385532928
doc22,0.0021648795653140727,0.002164827653396169,0.5870782569828943,0.15330940883754732,0.002164827233839386,0.24012748051037602,0.0021649249014927675,0.0021653309046870462,0.002164977146266285,0.0021648291933595134,0.0021652092521005513,0.0021650478187266184
doc23,0.000601919499602009,0.15104748951913355,0.03448934892176328,0.000601889136980594,0.0006018358226233402,0.0006018702053781703,0.0006018276604272092,0.0006017801182461308,0.0006018795370730659,0.7681725844712197,0.0006018448801647543,0.04147573022738814
doc24,0.19978377611381073,0.3351754600651801,0.03492955906214258,0.0008461752284603146,0.0008462219053045298,0.2546377262783822,0.0008462540319209377,0.0008462977359345194,0.0008462710406653789,0.04669289618539476,0.0008463042094232051,0.12370305814338066
doc25,0.0004584245655689987,0.00045840040983978963,0.0004584149828604808,0.5863413855778773,0.00045837918373185836,0.00045841119699916095,0.00045844488794642176,0.00045851460062944113,0.17422866080749483,0.14009752259854405,0.00045838840007829087,0.09566505278842923
doc26,0.0009786914469584022,0.7297409408256661,0.000978736327881819,0.0009786500574434512,0.0009788195601247885,0.0009787259340670134,0.0009786972976770561,0.000978541297792144,0.019390286697747082,0.0009786781947719314,0.24206016860645588,0.000979063753414465
doc27,0.001050765854733257,0.0010506532531890155,0.5856247676969131,0.21564698272133784,0.17093923726173804,0.001050629379938412,0.0010507901111506558,0.01938316692110369,0.0010506940129063787,0.001050822950944101,0.001050747285935655,0.0010507425501099362
doc28,0.0003729807928211702,0.0003729292578726787,0.0003729836205673173,0.0003729468047552034,0.00037298049630302,0.6957047703297207,0.00037295757951966564,0.0003729810777239091,0.00037296053485510474,0.0003729403229430783,0.1678790926554423,0.13305947652747604
doc29,0.2579735471305017,0.0008253474313224413,0.0008252536193059322,0.0008252624886023483,0.0008253469688097041,0.38310692587422174,0.0008252249971831877,0.02128182128918749,0.0008252803041105158,0.0008253233827321778,0.1252572539184047,0.20660341259561815
doc30,0.047899871669782,0.0011603450019356369,0.12391643410606516,0.06875854774680489,0.001160241623654422,0.0011604442683130713,0.6607015582900269,0.00116040019588136,0.0011605066333101165,0.0011604466320358584,0.0011604353531193023,0.09060076847907139
doc31,0.0011212933596740603,0.48911062866591265,0.05535325791748253,0.05297129765125362,0.0011213842925656677,0.32753638870036994,0.0011212541610730897,0.0011211716216748063,0.0011213626607277016,0.06717917603409705,0.0011213531693567557,0.0011214317658120583
doc32,0.3709203005537576,0.14836155063822837,0.0009598505174721274,0.0009599898350766093,0.19498778292358251,0.12421204958892292,0.021731420253525233,0.0009597944128480192,0.0009599431063575124,0.0009599883164776912,0.13402740154006004,0.0009599283136911816
doc33,0.001661680072012189,0.001661551933203622,0.05415129018009964,0.0016615576562627238,0.001661592797910133,0.0016614895944252217,0.0016612406815452647,0.04945128955919847,0.0016614646523773538,0.0016615580776879661,0.0016614927321674721,0.88144379206311
doc34,0.0572341818019569,0.0004129931337080848,0.0004130222937769375,0.1942957700405696,0.00041299149253004776,0.7447530290513475,0.00041300028848857787,0.0004129763442797493,0.0004129997467630836,0.00041298459514212344,0.0004130247954530286,0.00041302641598430564
doc35,0.0014452855410824691,0.0014453305713104077,0.0014453704463936478,0.0014454165980501503,0.09590114225051583,0.0014454347339078095,0.0014451919630250418,0.0014454620150498045,0.001445691275916357,0.0014452710506310282,0.00144533118047399,0.8896450723736435
doc36,0.003312131422529379,0.003311851777540095,0.05990532826312458,0.003311992123255106,0.0033121231014896987,0.9069756799618877,0.0033115271843301808,0.003311387335332077,0.003312189261391661,0.0033118158743824493,0.0033116132973854046,0.0033123603973516935
doc37,0.06347586695702272,0.0013483158306871195,0.32971169799828864,0.14050107720485722,0.16279814753323646,0.08093747979256014,0.001348006037498826,0.001347987012241334,0.0013480659886382239,0.001348062600680296,0.2144871623276899,0.0013481307165991068
doc38,0.5339911291956189,0.1358132470821512,0.0008534351393071021,0.0008534574745715173,0.0008534497646036867,0.0008534903440683494,0.000853362928944677,0.0008533422140431233,0.10874431619626321,0.0008535307443803178,0.023202335886539478,0.1922749030295087
doc39,0.25163385875147676,0.00024032825589005846,0.00024035404853928047,0.00024031597893256918,0.04420537302093049,0.17718367939690846,0.05107436800394493,0.0002402974604466961,0.0002403406368448102,0.2115038218721374,0.00024032050115811338,0.2629569420727904
doc40,0.0029247884027510493,0.0029246943554089018,0.002924289569602205,0.002925207138227955,0.27285524574220243,0.0029250055613253274,0.5930756026081061,0.0029242959521098037,0.002924897871900063,0.002924991209344914,0.10774654873381648,0.0029244328552045173
doc41,0.0009330940584565995,0.039103646188274624,0.0009331682841638959,0.0009333902666700045,0.0009332092869998911,0.0009331575930379055,0.13453775145838426,0.3223124317727155,0.0009330317531747197,0.0009331340260993023,0.01481188328317473,0.48270210202884856
doc42,0.0009509701122523504,0.0009507340184648518,0.0009508488712987081,0.00095072927424064,0.47577157897812977,0.0009507881012828974,0.0009507744388343058,0.3575001718832981,0.0009508820271254117,0.0009507688213539411,0.000950834016620307,0.15817091945709863
doc43,0.001779835302068095,0.03685350648036529,0.0017796449793889763,0.13687490997614174,0.36612233177894554,0.0017798693412723462,0.0017801347012220512,0.0017797521235705324,0.0017799476737523443,0.0017797753516898183,0.001779618031062046,0.4459106742605212
doc44,0.0011604371904404022,0.0011603190889525922,0.001160415442010776,0.8844257920853871,0.0011601641422181541,0.0011602566522473773,0.0011603961013595314,0.0011601914326147395,0.0011604265072847782,0.0011603164824432436,0.10397089876265539,0.0011603861123858754
doc45,0.20754149342591882,0.0007681514664495967,0.11333745723449899,0.0007682128624213078,0.11806773117419923,0.0007682254459596982,0.0007684412628623698,0.000768132890470927,0.0007682965317386242,0.0007682258294042258,0.10153396064207047,0.4541416712340059
doc46,0.0011471541694494953,0.0011471870061744872,0.0011470542856899138,0.0011471636587828194,0.0011472755557110797,0.6796295805563698,0.0011470894392479041,0.0011469451646734703,0.001147085741604137,0.0011471119966819572,0.3088992006897766,0.0011471517358383222
doc47,0.0011089479992942792,0.0011089360621620978,0.0011089393649198543,0.14015937872486023,0.031486890805076224,0.0011089171128380556,0.11794078198137008,0.0011089734244195111,0.0011090905033933729,0.644474660762957,0.058175431360945266,0.0011090518977640452
doc48,0.165347450218803,0.0004996320546278045,0.09159852426151856,0.5827902239616165,0.000499618147191136,0.0004996328358701196,0.0004995980966014741,0.0004995610472670653,0.0004996573361301071,0.0004996036779943803,0.1562668779009937,0.0004996204613863549
doc49,0.00031730424517498754,0.48106896995041204,0.0003173302459391649,0.00031736002843025087,0.00031732322076971116,0.0003173442047328987,0.00031730388498131274,0.0003173444506465274,0.1768214968429722,0.05873351911079931,0.0003173022062041766,0.2808374016089375
doc50,0.1947683725118875,0.0020749842546850866,0.14595535254960942,0.4727516682646421,0.002075919679217623,0.16992263018086878,0.002074960673108471,0.002075279917848598,0.0020750489993614516,0.002074971499552429,0.0020753890471999197,0.002075422422018648
doc51,0.00101848871954603,0.0010185879646687304,0.0010183748045954947,0.0010185210025725107,0.0010184286976392552,0.001018516391309678,0.0010183727430074611,0.9887965685077954,0.001018496488578522,0.0010184716964960028,0.001018742326387364,0.0010184306574036871
doc52,0.8799218137995346,0.00098837478751058,0.0009884160827114618,0.0009884351231162643,0.0009883616544038682,0.1101939425852876,0.0009883360039310435,0.0009887312492243261,0.00098845848606664,0.0009883058799660142,0.0009883895842845473,0.0009884347639632618
doc53,0.16954516661576138,0.002763565599724408,0.0027634391503169567,0.0027633557879800127,0.06487426672575332,0.0027634352378230215,0.0027631394245773446,0.05680391841162051,0.24090319411723524,0.448530285515806,0.0027631422897318706,0.0027630911236697186
doc54,0.0020751036683277595,0.21254780782916316,0.0020751406281276637,0.2677704308186345,0.002075295093120586,0.002075111303251701,0.0020752111371640384,0.0020754731412289803,0.11887622741820617,0.38420395039964056,0.002075099745045872,0.0020751488180889757
doc55,0.12736863299406512,0.1883360908427709,0.0006704014678065162,0.0006703651173931768,0.0006704338003128178,0.0006704791970146901,0.03268208560809933,0.0006703607003212743,0.15451397408514417,0.49240635216675743,0.0006704014858630434,0.0006704225344516489
doc56,0.0005490107004080346,0.03998797815722863,0.000548964614600702,0.0695210460129212,0.0005489729730334123,0.4585467230147353,0.0005489382121087051,0.0005489423811493531,0.07068085266695819,0.25414162549404784,0.000549048166295332,0.10382789760651329
doc57,0.0010397207604454263,0.05416976768665344,0.4312833039662861,0.11445408465976394,0.21055090477448996,0.001039654391666806,0.18226394180655262,0.0010396581088268826,0.001039685593309403,0.0010397549642617253,0.001039759583400654,0.0010397637043428496
doc58,0.5624181179003211,0.0016894877807712904,0.3014581965042535,0.07896434992217481,0.0016895476510201215,0.0016898317291476484,0.0016894576929932272,0.0016895651291365943,0.0016896998199518356,0.001689533917430219,0.04364276180240829,0.0016894501503913284
doc59,0.0012791374908101816,0.0012792181311895613,0.00127907458308296,0.18568143282075247,0.0012790365889184176,0.07553706984802719,0.06412436959282537,0.0012792347994054398,0.033672649158942546,0.08729285764082695,0.13558981238160323,0.4117061069636157
doc60,0.405637444654159,0.0005430805991201829,0.07292656615650603,0.10272245941165538,0.0005430901603383,0.0005430681468567522,0.0005429801894330397,0.024291376680454575,0.019478387497324234,0.0005430302851248325,0.1430262682299778,0.2292022479890499
doc61,0.19779146729160133,0.0010506287240211016,0.0010507208429568922,0.0010506555057162548,0.5282905559192989,0.001050535753264986,0.0010505095054438056,0.0010505101339115953,0.0010505072269509324,0.0010504963195448961,0.2644628872320454,0.0010505255452439208
doc62,0.00101848871954603,0.0010185879646687304,0.0010183748045954947,0.0010185210025725107,0.0010184286976392552,0.001018516391309678,0.0010183727430074611,0.9887965685077954,0.001018496488578522,0.0010184716964960028,0.001018742326387364,0.0010184306574036871
doc63,0.00114706083803001,0.01932367785762572,0.0011471493086873728,0.001147127881798758,0.0011470604218942783,0.0011470830773607618,0.0011470171760864774,0.0011469681870829296,0.0011470345389458206,0.001147189069580056,0.9692054264681748,0.0011472051747332022
doc64,0.00101848871954603,0.0010185879646687304,0.0010183748045954947,0.0010185210025725107,0.0010184286976392552,0.001018516391309678,0.0010183727430074611,0.9887965685077954,0.001018496488578522,0.0010184716964960028,0.001018742326387364,0.0010184306574036871
doc65,0.15325126207281878,0.0007682718554175818,0.4093219942178002,0.0007682517776799798,0.0007682535105145208,0.0007682972459248857,0.0007682916171809736,0.0945883197345543,0.2433182864567822,0.010271764872704496,0.045736984250846914,0.0396700223877752
doc66,0.0007623513668510866,0.6092713419473037,0.0007624279489470661,0.0007623906140969259,0.0007624432472547456,0.0007623062093442389,0.0007623766488550703,0.0007622761359297319,0.000762277151125248,0.3831049747569684,0.0007624460089231801,0.0007623879644007269
doc67,0.0011090141612144224,0.08748273577976207,0.0011089690037239814,0.16284896635996154,0.001109204707956716,0.0011089799916282241,0.12361932514015754,0.0011088398483221668,0.0011090001887748993,0.5340994725688794,0.001108897247438983,0.08418659500218013
doc68,0.3445829359200425,0.0006704199351660812,0.11558624490956704,0.11699642307280836,0.1648840236896103,0.0006704779625020103,0.18323428306362344,0.0006704323345197535,0.0006704590219075874,0.0006704737700576957,0.0006703875476644099,0.07069343877253066
doc69,0.002074971424818443,0.0020750839585083063,0.0020752474059458786,0.0020751112017774664,0.9771729782468468,0.0020751207577049554,0.0020749979358337316,0.002075070718820134,0.0020754263711854396,0.0020752172268578223,0.002075299516343518,0.0020754752353573267
doc70,0.44488888603417914,0.0011214381805765771,0.0011215129505447589,0.0011213332711234641,0.044895446721345725,0.0011215537609169024,0.3637639709029824,0.018076758300507607,0.0011212945401018737,0.12052515939077287,0.0011213409149665255,0.001121305031982211
doc71,0.0014882713694374578,0.0014885864574332992,0.0014883422481851408,0.12075998273731886,0.0014882877256303525,0.36073961152389494,0.044991959170838314,0.001488244121947825,0.23446022796359223,0.2286296409942688,0.0014883938547000865,0.0014884518327527227
doc72,0.2974460654099454,0.0015825876740650318,0.2857445603439831,0.0015825363629705272,0.0015827200193078404,0.19087652845177677,0.0015825317712401766,0.001582398390115486,0.2132717805365319,0.0015827973334895825,0.0015827958211622221,0.0015826978854118453
doc73,0.7408348936804641,0.0012021813147010901,0.0012021902933036514,0.0012022725379446473,0.0012023860249908518,0.0012022164952324758,0.001202159784322967,0.001202072538125184,0.0012021923164532828,0.24714273819602206,0.0012022626193109592,0.0012024341991286561
doc74,0.0898686812613213,0.0005981880075172743,0.1890449733662035,0.0005982023949008978,0.0005981985763531605,0.0005981552583635371,0.0005981467443730596,0.0005982090563665068,0.7157026882340426,0.000598169264747884,0.0005982249463399088,0.0005981628894705419
doc75,0.12484682076520884,0.0006486771082272536,0.08449499476765387,0.044818565526378314,0.3176349264984077,0.0006486722263191645,0.0006486666462175218,0.0006487937108586123,0.04541029059591985,0.000648622061307206,0.2067704239652673,0.17278054612823426
doc76,0.004951996948051492,0.004951129742697647,0.00495217269049066,0.004950966118344193,0.004952547997739362,0.9455318879713082,0.0049507446474532715,0.004951769329670561,0.004951633916184176,0.0049511980728780556,0.004951930323937557,0.004952022241245
doc77,0.0015827738281753664,0.001582534976857073,0.001582560609980238,0.0015827388014433056,0.0015830077727850224,0.20606017672976598,0.0015825935594581955,0.0015828321408485064,0.046136008221234676,0.0015827584880784165,0.0015827022048059618,0.7335593126665673
doc78,0.0011603171098748277,0.001160194529550442,0.0011602838014238247,0.0011602495619093185,0.355564103086921,0.0011604529539681419,0.0011601685412342168,0.0011603027051270344,0.0011603136869977376,0.0011602136118681907,0.0011605777952430364,0.6328328226158823
doc79,0.001689807689578148,0.0016894039325661622,0.0016898304274357424,0.001689656329801936,0.24271895854685485,0.001689570119762859,0.0016895513084844629,0.001689326974522673,0.0016895438531957282,0.24924413092941194,0.10256795613974347,0.39195226374864195
doc80,0.06950931221060395,0.0013126976718334704,0.001312766460031039,0.4023672277477834,0.0013126337890644838,0.38818995112569,0.0013125947663407034,0.0013126265795935202,0.0013128383647495049,0.0013126474390447536,0.0013125972902109412,0.12943210655505444
doc81,0.0018802206406368044,0.0018799898483328485,0.0018801568907076953,0.0018799708010644907,0.0018802645152911437,0.0018806875664488987,0.001879877354333131,0.0018799865772625584,0.001880295057573978,0.0018800118594404812,0.15937505898903404,0.8218234798998739
doc82,0.010871783705966323,0.01087252819761168,0.010871417667406933,0.010873530204733303,0.010873592938318568,0.010870805950147026,0.010869924783343966,0.010870621673286581,0.010871051661342505,0.010870769906186916,0.29979667083024164,0.5914873024814146
doc83,0.0015826356560751963,0.001582618378298295,0.0015828167522586568,0.0015824396685239746,0.34927276969200904,0.2724256198688979,0.001582435605321952,0.10369315924756387,0.0015824942163826631,0.0015825702657494153,0.26194769833388687,0.0015827423150322367
doc84,0.0012318107700723558,0.0012318193446976503,0.20301518651159778,0.001231853925595695,0.14467041958397456,0.001231948926030283,0.0012317308529669131,0.00123175923182952,0.23298831631132624,0.0012318267124694254,0.22525751886032225,0.18544580896911747
doc85,0.054294701347780625,0.3308290140840569,0.000811991328883609,0.0008119378863434288,0.0008118553301799976,0.0008119126908030613,0.0008120325534383626,0.0008119222769784901,0.000812015791867711,0.6075687848224702,0.0008118817537026566,0.0008119501334950588
doc86,0.1830587626527286,0.00148839691329273,0.001488393907859096,0.0014883443257542076,0.64760880532467,0.001488375733790972,0.001488235928120122,0.001488261412829686,0.030086118597877822,0.0014882527159551877,0.12733954117316973,0.0014885113139518152
doc87,0.001424822740867292,0.0014248323847115996,0.001424737795093947,0.0014248614631512226,0.0014247606438729879,0.39789497186686457,0.0014247010197503355,0.0014249491667437963,0.13249777583127145,0.0014247135615360442,0.45678396606783667,0.0014249074583002523
doc88,0.15032235849591696,0.0011212662288178092,0.1253707969343999,0.0011212964431915602,0.0011214612345808765,0.0011212891911079165,0.016564929880861605,0.0011212879568748765,0.6987711479335188,0.0011213624835608004,0.0011213032626107271,0.0011214999545581512
doc89,0.005209388097717683,0.00520966879555956,0.005209556313831836,0.00520910246316988,0.005209289420689191,0.005211030549397631,0.005208967673651854,0.005209694410181969,0.005209640920265612,0.005209732932015397,0.34129462082093914,0.6066093076025802
doc90,0.35990787044959077,0.0008252596419561807,0.0008252317561548666,0.0008252528286239365,0.0008252490966356061,0.0008252995337139212,0.2978619284039725,0.0008251925109587435,0.0008253133812374634,0.3024230097293409,0.0008252765728363062,0.03320511609497869
doc91,0.002488057828304657,0.002487726144195744,0.3976122989005999,0.0024881072500590284,0.0024881696061143095,0.2032283461860621,0.05666353632025392,0.0024878230885063634,0.002487874320385762,0.04717968743382163,0.0024879341760208605,0.2779004387456757
doc92,0.08503395472486759,0.0011340352233358804,0.17438899151686554,0.001134079403594427,0.09495432907576193,0.5205450342566625,0.0011340485579088874,0.0011340183247137352,0.11713920800875756,0.0011341148492701888,0.0011340638028022583,0.0011341222554597556
doc93,0.0014885029364459564,0.0014885773770614466,0.0014885422187929573,0.16333415891020453,0.0014886424036090627,0.0014885751785188538,0.0014885868705220556,0.035501562782940546,0.20519519953511384,0.001488443379327669,0.31575876652263274,0.26979044188483026
doc94,0.12767845967255836,0.18761683835347118,0.0007863295303601985,0.18329004151312556,0.0007863106153185975,0.4437631648108206,0.0007863779939156905,0.0007862707426423599,0.0007864169191694528,0.05214693679392132,0.000786440509863634,0.0007864125448328948
doc95,0.0005677346131802458,0.0005676754796875108,0.11084627750575171,0.485426902836567,0.04515164413807173,0.0005677087599924761,0.0005676926262432172,0.0005675985689780821,0.2243668695217949,0.0005676972647942859,0.1302344807920335,0.0005677178929053637
doc96,0.0006205882719759295,0.0006205221439875744,0.0006206450979363627,0.0006205622945508012,0.3261375210321439,0.0006205376621583156,0.0006205376151096013,0.0006205115654745423,0.19162258780638605,0.14154134706886057,0.0006205216796842187,0.33573411776173206
doc97,0.2787242717332276,0.000988376816942248,0.0639564523715853,0.0009882880554946537,0.22635193331207368,0.0009883710795945842,0.0160988826608066,0.0009882675824649106,0.40795001850343515,0.0009883418830694199,0.000988332676302047,0.000988463325003762
doc98,0.0006362753259842973,0.0006363678115166943,0.3561022620351109,0.08100584034307587,0.2365811537442914,0.0006362836322676751,0.0006362821357261506,0.0006362153313097269,0.0006362918728912816,0.000636274056598992,0.3212205101863799,0.0006362435248470557
doc99,0.33813347072136063,0.0004874039647934452,0.02579951384256427,0.00048744049659159376,0.00048744699685177305,0.0004874940157796681,0.2944020076376476,0.000487392815452826,0.0004874795856937102,0.20242732319860063,0.0004874112883586892,0.135825615436305
doc100,0.0010397265713979428,0.001039791560790183,0.0010398466576525584,0.0010397281378352599,0.0010398116232874933,0.0010397822284083007,0.18706190537062836,0.0010397949215628778,0.3941362661304593,0.4094435790843464,0.001039832695553785,0.00103993501807765
doc101,0.5643092594617033,0.0009691257444402656,0.21842216983723817,0.0009692317477747645,0.1384716645858396,0.0009691819696943661,0.0009692235938322861,0.03352868961399386,0.0009691332466503777,0.0009690823535086891,0.03848398170061575,0.0009692561447085771
doc102,0.4510687243844202,0.002618097699957294,0.0026182264742337304,0.0026184863470697537,0.04861150450979989,0.0026185660592746188,0.0026180541395383074,0.002618388935256232,0.0026186580442443437,0.002618392724944769,0.14484755538423258,0.3345253452970284
doc103,0.1286279459887632,0.0005046505869997716,0.13583274448557942,0.5255653523892864,0.016321601687048156,0.0005047108522207333,0.0005046249925863857,0.0005046262957603587,0.19011969158167935,0.000504663172765126,0.0005046999983991005,0.000504687968912084
doc104,0.5127500756993625,0.0010966365288186254,0.0010967561933020922,0.0010967652884835628,0.0010967930338110243,0.0010967432460213694,0.0010966609693860048,0.0010967380391071915,0.0010968119008081508,0.47628237903889425,0.0010967078312823092,0.001096932230723014
doc105,0.31738033013803624,0.0010967085962813208,0.0010967786518710125,0.07871926611007218,0.0010967872759803906,0.42833262906365166,0.0010966703344531185,0.0010966157000639636,0.0010966758469337827,0.0010966973275908813,0.0010967306002259197,0.16679411035483926
doc106,0.2553426609921923,0.0012167694163367504,0.3706075191549434,0.0012169993602082019,0.06362478878509817,0.0012167898484360612,0.001216751888723284,0.0012167866875103547,0.3006904479453852,0.0012168219575037565,0.001216850982154794,0.0012168129815078026
doc107,0.0028420014881277832,0.0028414334219625417,0.40804134983655904,0.002841392287979997,0.08476273924902593,0.48162137332582144,0.0028413557872573633,0.0028414360459834633,0.0028419209954140636,0.0028418457708665507,0.0028416811112408537,0.002841470679761005
doc108,0.0007134236352416793,0.000713547569221042,0.0007134789992094843,0.000713412864020677,0.25386175898862123,0.0007134989757641179,0.0007133789399758752,0.0007134028192782674,0.0007135293129822003,0.0007134942633155123,0.739003587049682,0.0007134865826879461
doc109,0.17570568515424398,0.0052096326229792754,0.005209642678180063,0.005209442858065303,0.005210302627940356,0.00520985872574412,0.005209110302037592,0.0840011667994926,0.005209644680399338,0.00520898595230941,0.005210116536611836,0.6934064110619962
doc110,0.0019537790150545753,0.16576527872424798,0.0019537787360356,0.0019539450633598446,0.41228125051079034,0.15209674620994118,0.09260102242537092,0.001953639358296342,0.0019535108961779924,0.0019540761480951302,0.16357931158533162,0.001953661327298563
doc111,0.40603944290926364,0.001811773184381868,0.39244898553049334,0.0018118903480010488,0.0018121991780138318,0.18520406817760235,0.0018117796337838471,0.0018117720247168689,0.0018121478965199332,0.001812016054622221,0.0018117250824136622,0.0018121999801873755
doc112,0.0009508598717500207,0.0009509487016696359,0.0009507032567905815,0.11716646154629747,0.0009508422745812255,0.0009508696149205526,0.0009506327162699792,0.8733254417437579,0.0009508415937572842,0.0009507312106401424,0.0009507875524178223,0.000950879917147327
doc113,0.0009508598717500207,0.0009509487016696359,0.0009507032567905815,0.11716646154629747,0.0009508422745812255,0.0009508696149205526,0.0009506327162699792,0.8733254417437579,0.0009508415937572842,0.0009507312106401424,0.0009507875524178223,0.000950879917147327
doc114,0.20270929453260664,0.42732657713602995,0.15390777431402658,0.0012789321204303233,0.0012789856745685092,0.001278970807887158,0.0012789496080268532,0.015929939911522133,0.0012789986968050864,0.1911735742214021,0.0012790628965700735,0.0012789400801247845
doc115,0.0006529232274911197,0.0006529693432671744,0.0006529421464036051,0.008011814714635185,0.0006529589388548263,0.3022950260662361,0.0006531655197348364,0.0006530868170440813,0.09069385987446404,0.5937753353511297,0.0006529674199451375,0.0006529505807940635
doc116,0.001488321599561257,0.0014883316241049843,0.0014884574178448294,0.0014886601842642006,0.0014883701067617194,0.0014884413981359125,0.0014885107441824214,0.0014884503031730159,0.2597215400602779,0.7253939556137655,0.0014883718938786725,0.0014885890540496257
doc117,0.000792702613204968,0.1954029771464219,0.0007926394605207659,0.08714573512730919,0.0007926081503493534,0.4888001181150077,0.0007925671496634237,0.0007925741432580189,0.12469219197431684,0.0007926316072962616,0.0007925823634075427,0.098410672149244
doc118,0.0018803537773926771,0.0018803882359186268,0.1968694809105288,0.30167791076181655,0.0018800399619926945,0.0018802569662499547,0.14691516285014328,0.0018800374735756275,0.13173318810339305,0.0018799770621369992,0.0018803339114524,0.20964286998539924
doc119,0.0008186509696376422,0.0008186152345652773,0.0008186093253046871,0.000818552390682854,0.0896766793694201,0.0008185226151826583,0.0008185739774721167,0.000818516565190721,0.0008185742294723595,0.6467367049228372,0.0008185626336345465,0.2562194377665998
doc120,0.0018802686922296961,0.001880164744826721,0.0018803145370436668,0.0018801536896636073,0.3005875227542564,0.2879544406703097,0.0018801734797006696,0.11319969327884633,0.0018803652634153574,0.0018805432481865403,0.28321613613519075,0.0018802235063306346
doc121,0.0023151998524606294,0.42865400743388143,0.0023157321062565383,0.18610667202946526,0.0023153195380115825,0.002315663185349899,0.002315230768163792,0.002315244637010366,0.0023152182560936432,0.3644008447050493,0.0023154789713615894,0.0023153885168960804
doc122,0.10972545345562154,0.001385601729111652,0.054997762993002894,0.0013852869559877541,0.001385653933081011,0.0013853731093487038,0.6686360609238163,0.0013852323410400438,0.15555748634257724,0.001385440807922258,0.0013853998130626524,0.0013852475954280342
doc123,0.0017484569701868423,0.0017484371379645118,0.0017487784636909432,0.0017484497465966866,0.8663572816647169,0.0017484305140329083,0.0017483435568778085,0.001748767030279828,0.0017486750474820702,0.0017483862039625925,0.0017483324973021437,0.11615766116690668
doc124,0.26691017331884337,0.00028892535468054615,0.037394319059423885,0.000288915730563638,0.10617043208467697,0.21228594237004803,0.030502498242442038,0.0002888906022870543,0.04894275394729833,0.29634930559298167,0.00028891381619388994,0.00028892988056050266
doc125,0.0023701836563680486,0.0023701164613224375,0.7241235684880621,0.002370164306041413,0.0023705299927827294,0.13197754013923366,0.002369916415878717,0.0023703431744361105,0.00237016838129311,0.0023701425249490157,0.002370968908338312,0.12256635755129422
doc126,0.0011470584374428058,0.019533705284754732,0.0011471374203580337,0.0011471247825860442,0.0011470581980234083,0.0011470898635939832,0.001147016663946896,0.0011469695927374297,0.0011470223926289113,0.0011471793608223617,0.96899546464203,0.0011471733610753237
doc127,0.6516696632086106,0.0007083850913974103,0.0007083643580630788,0.0007084002503052363,0.0007083278884784468,0.0007084248155271436,0.04988340510186397,0.0007084615334828552,0.0007084059679297747,0.29207135043557814,0.0007083853722694469,0.0007084259764938969
doc128,0.0005775610734990274,0.3609822456867746,0.0005775523341562654,0.0005775341569732125,0.13733925381061843,0.0005775788695427901,0.0005775484835596173,0.04200479726946673,0.0005775469192836423,0.1355036559445765,0.32012722326058335,0.0005775021909658117
doc129,0.003205880946426317,0.003206009631924497,0.0032056767891415357,0.003205627144010717,0.4287743859002198,0.0032067337545882003,0.003205652261173579,0.003205759196833795,0.0032063183435494585,0.003205652460283224,0.5391662101566905,0.0032060934151583865
doc130,0.0017183707686822297,0.0017187416707746324,0.0017184483416309772,0.0017185050500571045,0.0017185516550277786,0.40474646223591465,0.0017188614859673654,0.0017183862040948154,0.0017185634906263269,0.0017186204407480734,0.0017188262316057093,0.5780676624248702
doc131,0.001445825415447691,0.0014458493563956009,0.001445296604418595,0.0014457717701682302,0.2534919854998658,0.0014457064161240848,0.0014455323823023853,0.0014455149424716287,0.0014454251569684612,0.001445675378982151,0.0014465328752895994,0.7320508842015657
doc132,0.11112639947442063,0.1527822353728981,0.0010732148765867967,0.0010731818948072896,0.24378303702564655,0.40061135642624107,0.0010731448594464828,0.0010730928565562633,0.0010732902184282633,0.08418455415338069,0.001073206743568651,0.0010732860980192504
doc133,0.001216639013571028,0.001216804204483128,0.0012167708705132817,0.0012168229384253127,0.001216734910620031,0.001216897901038828,0.2970099478232093,0.0012166273466186182,0.35992141546070133,0.29032016155709117,0.0012167398168930962,0.043014438156834915
doc134,0.0010618616395074078,0.0010620313018770285,0.12244464298909945,0.001061849404388451,0.001062018157683995,0.47041331059353503,0.0010618253417255267,0.0010618815687374948,0.0010618758880559167,0.0010618452443359665,0.13610541573576376,0.26254144213529
doc135,0.0007134236352416793,0.000713547569221042,0.0007134789992094843,0.000713412864020677,0.25386175898862123,0.0007134989757641179,0.0007133789399758752,0.0007134028192782674,0.0007135293129822003,0.0007134942633155123,0.739003587049682,0.0007134865826879461
doc136,0.001263048074316275,0.23977977001756656,0.1923106323745557,0.1344015953236989,0.21051151016536387,0.0012629009875167467,0.00126283744108484,0.0012629527563755042,0.0012630283892843602,0.0012630236198835935,0.0012630817481709214,0.21415561910218273
doc137,0.0004995819232291598,0.000499650228141792,0.0004996225020921299,0.0004996609584328727,0.501178648509996,0.0004996343670274029,0.0004996377863011508,0.0004996138151885296,0.0004996871861641912,0.09740772121056424,0.0004995843212312942,0.396916957191631
doc138,0.15470948663443285,0.0021198345351000837,0.0021189591833740656,0.04036499932846195,0.0021195731835346805,0.002119484311209278,0.002118955722073315,0.0021192163669739848,0.002119005189224179,0.002119214432718216,0.002119538509441559,0.7858517326034558
doc139,0.003969853400409046,0.47119773448584423,0.1898555021854218,0.003968980320824797,0.242014048961703,0.0039696683433127055,0.003968664328742902,0.003969528023963727,0.003970341372252629,0.0039695506919561,0.003969125170677855,0.06517700271489123
doc140,0.0024884475263101695,0.27168579475806004,0.14475044742592094,0.002487876258875754,0.1557837531563964,0.00248797878545067,0.002488124409872193,0.002488053532836777,0.002488320474083181,0.0024880741595741996,0.07598174497895806,0.33438138453366156
doc141,0.0020750704771894265,0.0020751269671199376,0.0020751278394486503,0.0020752144640785158,0.0020751014366929797,0.4970227851434239,0.0020749993765838736,0.0020750902948802265,0.002075237307209959,0.002075037588396792,0.4822259615554708,0.0020752475495049616
doc142,0.42631353824545914,0.0015824635432205004,0.2811606062397542,0.0015828105711019557,0.1022878747727528,0.17757642340869034,0.0015826756701192018,0.0015825501520944567,0.0015827077220288916,0.0015827924614494058,0.0015827236198606013,0.0015828335934686645
doc143,0.0020750704771894265,0.0020751269671199376,0.0020751278394486503,0.0020752144640785158,0.0020751014366929797,0.4970227851434239,0.0020749993765838736,0.0020750902948802265,0.002075237307209959,0.002075037588396792,0.4822259615554708,0.0020752475495049616
doc144,0.12675554245305404,0.0010732525200222256,0.0010732003287208867,0.0010733009023459797,0.0010733133778134047,0.43150766011550973,0.06784838762852115,0.011971138305958641,0.0010733431258416152,0.0010733675469920753,0.0010732092133325022,0.3544042844818877
doc145,0.001558021565598685,0.0015578405878232805,0.6814885750776237,0.001558089774582075,0.051343960739962204,0.001557980886633142,0.001557855699671717,0.001557924340587109,0.11700418720535925,0.00155782916724745,0.001557878475643204,0.13769985647926805
doc146,0.0022128479696998608,0.1722698982127834,0.002213044849428045,0.00221282573373468,0.2087781265468154,0.34916372529729367,0.0022128723234941176,0.03051696007074837,0.22378028163563746,0.0022130311415584415,0.0022132004890364414,0.0022131857297701374
doc147,0.09008925858124595,0.6191029742001855,0.0013666060673583641,0.0013663832172052675,0.0013667492745828656,0.16096458352967072,0.0013663607603755193,0.0013664599145507413,0.0013664906312224224,0.0013665849293439183,0.0013664067275047525,0.11891114216675423
doc148,0.003312314682290918,0.0033123457519719664,0.0033124583661024503,0.0033124103987607952,0.19025949773736656,0.0033123203801353244,0.0033122232385996105,0.0033116977710862215,0.41401984810284626,0.0033123407185354867,0.36591002359870994,0.0033125192535943524
doc149,0.0013126650155472837,0.0013127328336684579,0.0013126527655501928,0.08036135290593534,0.11283851877175058,0.001312590494560905,0.0013126217424649367,0.0013125234970239137,0.0013127426245345948,0.7949862610610715,0.0013126422751202546,0.0013126960127720646
doc150,0.001689568122887658,0.2895002309172196,0.06859919159009009,0.001689437146614839,0.001689709428772918,0.0016895058140220392,0.08137169635433258,0.0016897181017620111,0.0016894814936765448,0.0016897157966216743,0.0016896427997027254,0.5470121024342973
doc151,0.20916201653176456,0.0017488425916368036,0.0017486053170576589,0.001748769121000486,0.0017485190077676667,0.0017489139771178738,0.0017492280833266449,0.0017484067443417476,0.5251708471576121,0.001748732326735944,0.0017486147834071051,0.24992850435823138
doc152,0.0008186792734291121,0.1631332505494731,0.0008184989568950744,0.685937889169927,0.0008185164125360065,0.03708386504325235,0.0008184242681529003,0.012486853308156175,0.000818510275911051,0.09562835976581241,0.0008185578382337405,0.0008185951382209256
