,topics0,topics1,topics2,topics3,topics4,topics5,topics6,topics7,topics8,topics9,topics10,topics11
doc0,0.001029127355352859,0.001029035732584153,0.032243859035210765,0.001029139627278744,0.0010289825863392253,0.0010289927737078203,0.0010291988894211318,0.0010290313702794177,0.0010290627701296901,0.6907946848553008,0.26769975941506247,0.0010291255893329963
doc1,0.052628715005640286,0.0007290878639704556,0.0007289917406142904,0.0007290779536400239,0.0007291218597434834,0.06429639387502448,0.04213003263300151,0.000729053941245413,0.3105656869732671,0.00072897643436194,0.3190345917139566,0.20697027000553445
doc2,0.1444195608998747,0.0007925202310935142,0.053804755665101955,0.000792635173288531,0.7294082260138829,0.0007925334315798184,0.0007927005457283062,0.000792660857834748,0.000792587614842831,0.0007925982878664383,0.0007925222585268502,0.06602669902037943
doc3,0.0016344250766515541,0.0016342715042090832,0.001634550765267281,0.34356530508464317,0.0016343247167772022,0.0016343452326228714,0.08599119917165048,0.0016344769506651616,0.3883062571676816,0.0016343001046227729,0.16906204177998999,0.0016345024452187704
doc4,0.0008913906658633836,0.0008914696840460068,0.0008914597751424232,0.0008914885102633714,0.0008914724901178115,0.17060510797752365,0.000891378518737013,0.09665718092095858,0.6466538265268172,0.0789520117937659,0.000891626841274512,0.0008915862954901049
doc5,0.0010081379785501542,0.0010081178717938316,0.9889098393561377,0.001008271828384267,0.0010082468335057926,0.001008243170729675,0.0010081732975187163,0.001008171083326689,0.0010082395208814868,0.0010081834725224415,0.0010082043463989529,0.001008171240250299
doc6,0.0010081379785501542,0.0010081178717938316,0.9889098393561377,0.001008271828384267,0.0010082468335057926,0.001008243170729675,0.0010081732975187163,0.001008171083326689,0.0010082395208814868,0.0010081834725224415,0.0010082043463989529,0.001008171240250299
doc7,0.0007398385936305313,0.000739854666665052,0.0007400183619875721,0.5346187259620861,0.0007398074711600661,0.000739840501019728,0.10077118497908912,0.0007399079370491294,0.3261915764753572,0.0007398348257697802,0.032499556781034986,0.0007398534451508284
doc8,0.0005741571302022384,0.0005741521598864069,0.0005741175100247323,0.7854757411173268,0.000574171217219433,0.03185325628720425,0.0005742811237635697,0.0005741853027195563,0.0005741806355090085,0.030707271025487225,0.14737031968287262,0.0005741668077842356
doc9,0.03773416348891355,0.0005343140153545136,0.0005343289920781636,0.20305061050454148,0.0005343578000904282,0.0005343750651643635,0.01430537681005224,0.4599840660672656,0.0005343752299205464,0.0005343975820988247,0.2811853521519303,0.0005342822925899477
doc10,0.0005203830833953377,0.0005204478229628023,0.0005204242010757612,0.0005204670047515115,0.0005203629977430712,0.0005205103637723222,0.0005204390479605408,0.48614530158992625,0.254685094196968,0.060281815686352075,0.16917929860566322,0.02606545539942924
doc11,0.0007926523148706974,0.000792679856366727,0.0007926169440821028,0.4309464935330181,0.0007926104282271028,0.056024226198203624,0.0007925578240729746,0.0007926162831144092,0.5058957360259311,0.000792651125403838,0.0007925658340339942,0.0007925936326754386
doc12,0.0008914712604366872,0.0008915013306279451,0.0008914343751533602,0.0008914371364082921,0.0008914651785788261,0.4506439351572579,0.000891394813191971,0.09054634300465095,0.0008914384447461639,0.12211288813972891,0.20744367273967856,0.12301301841954043
doc13,0.004718150547860537,0.00471751304416861,0.11828425872577535,0.39567472411922566,0.00471838818055439,0.0047183374916964236,0.004717202851696009,0.0047178667159940586,0.24740944428049225,0.004719020924544514,0.20088716816805666,0.004717924949935637
doc14,0.09743491207810055,0.12338233654454592,0.0021189526427695046,0.5034993143160928,0.0021189757562218173,0.0021192862690866377,0.25873047642203223,0.0021189367196381734,0.0021190329232172495,0.0021191238558691244,0.002119387382569384,0.002119265089856353
doc15,0.000745212399038975,0.0007453214075224202,0.0007453610421188399,0.6437485264539583,0.0007452585588783236,0.0007453728516122739,0.0007453166302826424,0.0007453491612230282,0.23780148873298018,0.11174215510693523,0.0007453618946428063,0.0007452757608069762
doc16,0.03025435325684935,0.001385334788927612,0.0013854439474434825,0.0013855557786592494,0.0013853444195037416,0.0013853168472341636,0.0013856677438849898,0.31213230694820293,0.0013853937902092914,0.0013854815162358623,0.645144285695033,0.0013855152678162435
doc17,0.00025899101059688576,0.00025898396074284526,0.00025896099174771875,0.0002589989383387563,0.00025900564626893965,0.00025897129697430196,0.00025898860663369617,0.7137224046599431,0.18218917409615717,0.1017575558744811,0.00025898279658253664,0.0002589821215329677
doc18,0.0004874992798079684,0.0004874528005281746,0.00048746725300171,0.4358288281718182,0.012317272681300397,0.0004874027451515764,0.00048749349437545494,0.29709681241206093,0.00048746713996364056,0.2508573577757269,0.0004874709830412796,0.00048747526322387
doc19,0.0007134124211755784,0.5631014314153634,0.0007133238777875768,0.21381135984889849,0.0007135161010145041,0.08323883559130557,0.0007134923279768936,0.0007134658251932411,0.10842548665719925,0.0007135693433643502,0.0264286555700541,0.0007134510206671724
doc20,0.0014249737701605527,0.001424606092439201,0.0014250031418461412,0.9843268543413374,0.0014247430447279824,0.0014248641115508155,0.0014250729100067343,0.0014248222752081552,0.0014248181938634745,0.0014246949492060306,0.0014247808229878884,0.0014247663466656238
doc21,0.007576404666827725,0.007575757578368375,0.007576231627644451,0.0075765524417001524,0.00757650640590041,0.007576095776315571,0.7053307365427638,0.007575928590426787,0.0075767549494313025,0.21890732531183085,0.007575876271180021,0.007575829837610573
doc22,0.4651000341537006,0.007042530476008887,0.007042548331944825,0.007044204617006761,0.007042578697295106,0.0070429025437845506,0.007044358319963749,0.007042872775764825,0.33029584936254525,0.14121445011694309,0.007042741774798285,0.007044928830244092
doc23,0.06938730721301566,0.001748843964165045,0.001748929986370198,0.1293440172918789,0.24944877150336958,0.0017485487803069674,0.0017487141953231777,0.21243050844011369,0.3271479148768848,0.0017485948754136385,0.0017490578924937912,0.001748790980664438
doc24,0.016132421573628052,0.34538834881655744,0.49329568705160337,0.016131207583787954,0.016134174584899644,0.016129588401578077,0.01613184707378899,0.016132752251136934,0.016131100404508537,0.01613048192547406,0.01613073298662047,0.016131657346416393
doc25,0.3349269037927132,0.009806623542316258,0.009809529549254825,0.009805976818788899,0.009804099738305393,0.009804440493804533,0.5670133500539511,0.009805073326054573,0.009805724588254816,0.009806999290324499,0.009803962697009429,0.009807316109222333
doc26,0.005209109081706344,0.005208766189650636,0.005208976565423159,0.00520902428965533,0.12131871219367873,0.2473855840169028,0.5844145944292745,0.005209082857553937,0.005209363600817971,0.005208729579483918,0.005209341514354097,0.005208715681498517
doc27,0.0075770918497791205,0.007575874051024275,0.007577093936697032,0.007576784321900304,0.007576321215392793,0.007576270811810506,0.9166592888635474,0.007576126975818796,0.0075763567469578465,0.007576427031422192,0.007576252410535398,0.007576111785114355
doc28,0.005209113900653439,0.005208510755866481,0.005208642214054092,0.0052088166853811995,0.005208776305635337,0.00520911629127197,0.9427038722027072,0.005208533169395517,0.00520895942110176,0.005208672357460827,0.005208435343365213,0.005208551353107107
doc29,0.007577589834966405,0.007576818340836512,0.007577013574936717,0.007577514001369603,0.0075762565431887075,0.007576219551992079,0.40283314767665995,0.007578069344078383,0.007577580567220478,0.5213946020093371,0.007577612672973031,0.0075775758824410365
doc30,0.010871938142331967,0.01087106809538111,0.010869739894643245,0.010870536701865505,0.010870554839977967,0.010870718484016582,0.8804172442633538,0.010870607876798593,0.010872971429214269,0.010872351846482655,0.010872086824875957,0.010870181601058557
doc31,0.006174106542359016,0.0061728698067058186,0.006173486013356057,0.006173630385522593,0.006173621751348435,0.0061730774378277115,0.006174981450478691,0.00617380346129372,0.006173521898665408,0.9320903276475627,0.006173281996148709,0.00617329160873126
doc32,0.01613140527691913,0.01612920279370908,0.01613078967686513,0.01612970790281736,0.01612919822518837,0.01612926143498167,0.8225745717254598,0.016129081611837306,0.01612925058468714,0.016129285735276874,0.016129135097060217,0.016129109935197877
doc33,0.00520869183429742,0.005208470299998786,0.0052086886689194775,0.005209127096851038,0.005208669144980729,0.005208857526790639,0.9427038901075543,0.005208910578970133,0.005208919886264026,0.0052087588468109035,0.005208438639649464,0.005208577368913281
doc34,0.08363865795284157,0.0012956989182573775,0.0012954959775971153,0.0012954868508418724,0.001295554963774932,0.08249927878710897,0.0012956465487161375,0.6689620146401917,0.0012955795885325851,0.001295679462726488,0.15453516621234012,0.001295740097071233
doc35,0.004950990277429467,0.004950549311955957,0.004951019368695626,0.004951461753428301,0.004950701679020153,0.004950560308727662,0.8735351785613845,0.004950923126122586,0.004951051489808831,0.004951392032560515,0.07695509408866891,0.004951078002197617
doc36,0.006173946328239491,0.0061730144480644815,0.006174387934077465,0.006173220358039368,0.006172923175528501,0.006173053702966,0.9320935872699053,0.006173243877343393,0.006173103572498923,0.006173677014612843,0.006172924693460433,0.006172917625263569
doc37,0.0008915744591236095,0.0008914936295353557,0.0008913607193473601,0.0008915321111083824,0.029670089625043528,0.0008914826973718032,0.0466135399137255,0.0008915731657949633,0.2962940570365103,0.0008914057797371078,0.04184436147632037,0.5793375293863816
doc38,0.0012168651983569324,0.0012169195929748694,0.001217053677140018,0.0012168763378419501,0.03324282902646962,0.0012168683490374102,0.0012168094002023093,0.0012169547189460185,0.724540304941876,0.0012173731848375451,0.23126412016869582,0.0012170254036214365
doc39,0.001366502292430761,0.0013664599635690024,0.001366405573243243,0.7862781691946475,0.0013664065335235738,0.08810415365843756,0.0013669568651482656,0.0013665032365634499,0.11331902168243155,0.0013665310843538093,0.0013663940960193122,0.0013664958196319516
doc40,0.11527399494993586,0.0019923577099661043,0.0019924312739464257,0.0019926427047506396,0.0019925711301322685,0.0019926151307466254,0.06167198925285919,0.0019924499614344896,0.805121434112211,0.0019925234578648237,0.001992469550258031,0.001992520765894452
doc41,0.0006090648328986644,0.0006091383140040156,0.0006090768991739801,0.0006091476348587645,0.0006090984386850909,0.000609143861492041,0.0006090618112203602,0.0006091189431665914,0.0006091913230468786,0.0006091224636735167,0.993299735941463,0.0006090995363171382
doc42,0.001263011495199722,0.060371266993873615,0.0012630605160942878,0.0012631104173656152,0.0012628351109605213,0.0012629300793486112,0.27533980721924806,0.09653443695928828,0.001263049553202545,0.5576505011020226,0.0012631246640128658,0.001262865889383104
doc43,0.001445482054064094,0.0014453238700961849,0.06349468055747173,0.001445600994362237,0.0014454319181099987,0.21603405939720666,0.0014455352177509583,0.0014456072322503104,0.5837354707954083,0.001445468541347305,0.12517179888470756,0.0014455405372247395
doc44,0.0016895319859908846,0.0016895342513049952,0.14491168153712464,0.6923905846558669,0.0016895778607361105,0.001689766717490411,0.058137766760809735,0.0016897390290897638,0.09104296491027514,0.0016896406306983322,0.0016896367579752774,0.0016895749026377457
doc45,0.0003019845306791418,0.338588732953855,0.00030196717955611064,0.00030201980211132056,0.0003020001188790595,0.0003019895213783643,0.0003019978696750614,0.0003019849185351285,0.47356688452711254,0.0003019923354947481,0.0003019896911935998,0.18512645655152993
doc46,0.0014665713362865009,0.3124172337174077,0.0014666538533826118,0.443409693301292,0.001466790868889157,0.027670761348753105,0.06164777584970903,0.0014667142100201558,0.0014667887723667876,0.058575676430171586,0.08747863972475042,0.0014667005869708975
doc47,0.0007454112926838052,0.0007452670163349939,0.0007452965701526837,0.31327591787939796,0.000745304582638576,0.0007453011703795091,0.19990353168013872,0.1285162747885053,0.1259514764748145,0.0007453951175406758,0.22713550980772274,0.0007453136196906577
doc48,0.0009076833236491397,0.0009075649187518912,0.000907620862006129,0.8204628209277427,0.0009075530299339609,0.0009075776923074713,0.017066609773715696,0.0009078092253697775,0.1543015882317531,0.0009078424341430405,0.0009076747207432039,0.0009076548598838497
doc49,0.000587678801365894,0.0005877115895675019,0.0005877100089239721,0.5954698076217896,0.0005877939218149414,0.1922146636716398,0.0005876359967835589,0.0005876804636271968,0.0005877295128570289,0.0005877431194192879,0.2070261027904354,0.0005877425017756964
doc50,0.0007398533465824843,0.5482648345906885,0.0007398552146204328,0.000739852144602404,0.06546659225596209,0.0007398863040350077,0.05473741254034149,0.0007397769298285228,0.2552468173550621,0.0007397802418220526,0.0007398275775480431,0.07110551149890701
doc51,0.0007925717062495567,0.33818845118682295,0.0007926372656911836,0.16199715935947673,0.0007926511561755832,0.23405901976813884,0.04710851650881591,0.0007925713482096782,0.0979043634663033,0.0007925593698960503,0.0007925998405313778,0.11598689902368878
doc52,0.00107334262492298,0.0010731225095238408,0.0010731183565043604,0.0010731393399359625,0.0010731164112868865,0.2209572214496919,0.0010730941097621836,0.0010734127172041716,0.0010732317405927217,0.0010731879382877118,0.7683106673997603,0.0010733454025270296
doc53,0.08363865795284157,0.0012956989182573775,0.0012954959775971153,0.0012954868508418724,0.001295554963774932,0.08249927878710897,0.0012956465487161375,0.6689620146401917,0.0012955795885325851,0.001295679462726488,0.15453516621234012,0.001295740097071233
doc54,0.002370301586605581,0.0023702793844574193,0.0023698951263854432,0.0023706044263606934,0.0023701681514827016,0.002370076762030765,0.0023710824185737903,0.002370458381411224,0.002370330612788006,0.002370213497385661,0.7523234022418245,0.22397318741069422
doc55,0.003012273392139099,0.0030125057164391207,0.0030127190890552624,0.2992016243934196,0.003012409818484642,0.0030123651946818678,0.0030131066451078584,0.06083590991450485,0.0030128703718138,0.003012635838488728,0.18714150196482268,0.4287200776610426
doc56,0.0016079910711498298,0.0016080706980680004,0.0016079690001671839,0.17594275890011463,0.0016081643969648924,0.001608235035663326,0.07048423307641143,0.0016081940248210583,0.14906659225974905,0.44237785743857616,0.15087183825744566,0.0016080958408686852
doc57,0.08793882027778738,0.1908276890904982,0.0023154374607663093,0.0023155693700758354,0.002315320449982895,0.002315207446884172,0.05634607857077746,0.0023153276389829896,0.0023154779636582546,0.2113499244701851,0.4373295377621453,0.0023156094982560676
doc58,0.003546517130237405,0.003546716083538687,0.0035467599761239105,0.2762466924399394,0.0035468292524327965,0.0035464275027764685,0.0035465324298899837,0.003546703452245931,0.22292256722951498,0.46890999388003973,0.0035474448338068407,0.0035468157894538934
doc59,0.0007454862963384822,0.0007453053610747338,0.0007452314785035579,0.0007453991081382816,0.0007453221818855484,0.0007453212155544716,0.0007453192754106199,0.24484077629061157,0.0007454299434089182,0.0007453264861410155,0.7477057054658047,0.0007453768971280439
doc60,0.0017796853103819786,0.0017796182779186514,0.0017795448923638116,0.0017799878912825738,0.0017800704067648828,0.0017796815456925879,0.0017799360369406291,0.1647626693452627,0.0017800607477703385,0.0017800010551404022,0.81743865489422,0.0017800895962614357
doc61,0.09672652899244474,0.0007803232400435684,0.0007801255251470495,0.0772272915804235,0.6555844538694502,0.0007802547813778198,0.0007801704483704177,0.0007802383114071452,0.16421978510563376,0.0007802758105143799,0.0007802747434316833,0.0007802775917555642
doc62,0.0016084028087915004,0.001608134944319899,0.0465694200826863,0.001608216840235665,0.252241947572234,0.001608250092578321,0.0016080656470860723,0.09647290131793379,0.5122388728797087,0.0016081692383377202,0.03804958828493728,0.0447780302911507
doc63,0.0016342150175510698,0.001634250090440489,0.001634167412359891,0.001634469334677331,0.0016345185460958848,0.20116397803726443,0.001634346773586311,0.001634613398900198,0.0016344644258349816,0.0016345909793978354,0.0016342131655501702,0.7824921728183415
doc64,0.0004344903748764707,0.03824729509529236,0.000434569198787168,0.00043453221590353497,0.0004345081069800799,0.015415251304918942,0.057962584047804536,0.18165698547077735,0.6287735944607837,0.07533707661759606,0.00043451996292613414,0.00043459314335367284
doc65,0.12671594617074775,0.17479115698575445,0.0012630363471142839,0.0012629278574200582,0.0012627791863477848,0.0012629406497616966,0.0012628016227297714,0.0012629657724397164,0.0012628261996409154,0.0012629585575436501,0.30306634456688614,0.38532331608361375
doc66,0.1216451076231251,0.003425470253781039,0.003424983399946193,0.29513507378564263,0.0034252476406041684,0.0034252620710812937,0.0034253068229706217,0.16905229339132663,0.2163651666407306,0.0034256054849856666,0.0034257153964420465,0.17382476748936404
doc67,0.0011468717406702927,0.4723054081569389,0.0011468074413751809,0.0011469160076335266,0.0011470049147846674,0.0011472077069566789,0.0011468816180403994,0.001146955533258501,0.0011469479633689275,0.4688459222509014,0.0011470056329225195,0.04852607103314892
doc68,0.0010084899549056925,0.0010083385178264364,0.9889090685596423,0.0010082961429687303,0.001008322184721559,0.0010081184666232165,0.0010082759999166908,0.0010081791593407683,0.0010082585395732402,0.001008342549761541,0.0010081577397357485,0.0010081521849838921
doc69,0.0010084899549056925,0.0010083385178264364,0.9889090685596423,0.0010082961429687303,0.001008322184721559,0.0010081184666232165,0.0010082759999166908,0.0010081791593407683,0.0010082585395732402,0.001008342549761541,0.0010081577397357485,0.0010081521849838921
doc70,0.0018120450840757986,0.0018119671251717573,0.0018117934448196678,0.23503205500318955,0.0018121080691925764,0.06014430187203298,0.0018118969475059423,0.0018122346567372026,0.0018121263463150197,0.057530988438424184,0.6327963692548771,0.0018121137576582538
doc71,0.26106640265911696,0.0023702920094973187,0.0023698441215792964,0.32745478645502807,0.002370676009503178,0.0023703890437751867,0.002370230819430793,0.0023704389522553786,0.0023702092564084455,0.0023708143983298536,0.3901456730463959,0.0023702432286796253
doc72,0.0010966313278405137,0.1286990292708408,0.0010966495087112369,0.19639388799585747,0.0010967478750306043,0.0865744334440406,0.0010967751450797134,0.06354110760223394,0.1402631436468339,0.001096693343972122,0.0010969632657490368,0.3779479375738102
doc73,0.0006888900961645082,0.0006889173873875249,0.0006888083274635651,0.0006889301938822844,0.0006889037104482939,0.0006888964830866339,0.0006888246182506217,0.03691560876102807,0.1604198187229809,0.5728843536652448,0.22426910826952953,0.0006889397645333044
doc74,0.0009416845910124574,0.0009417891859904838,0.0009418806229321663,0.22058440201085647,0.0009418373654410105,0.12198469785304898,0.0009419430636502498,0.12166327637781164,0.0009418484390700878,0.000941812717542227,0.5282329380936641,0.0009418896789801201
doc75,0.0010185490587356575,0.0010185685199174386,0.001018478222387118,0.0010186281838235431,0.0010185387854702945,0.0010187225777276787,0.0010185764681559255,0.0010186475802657676,0.001018581053955048,0.5834297388363159,0.35928803109560753,0.048114939617638235
doc76,0.0027632043579481147,0.002763460230889043,0.0027636574752861187,0.6496038687363146,0.0027628593917849004,0.09238229407316305,0.002762879411338207,0.0027631013713304195,0.23314485144643127,0.002763408962301023,0.002763682071291177,0.0027627324719219646
doc77,0.0026184085653991355,0.0026183790204083843,0.0026181252043022338,0.4354888470403741,0.0026182176706013483,0.08369700863312388,0.0026180667133987256,0.0026185743685731133,0.0026183289861369773,0.4572488930203815,0.002618559975231744,0.0026185908020689205
doc78,0.0019923998785650664,0.001992357255287641,0.0019923292699531563,0.0019925638312395994,0.0019924264754786008,0.2981095778506415,0.1566090243248031,0.0019926048604066464,0.2628385408930367,0.2665034280848583,0.001992386525098664,0.001992360750630856
doc79,0.03197448806432307,0.0010083698120636898,0.0010081529511985247,0.0010083223687039119,0.0010082143572563438,0.001008193249041324,0.0010081724205114656,0.15417215353453131,0.0010082671268049274,0.0010082540324508052,0.1704481407048496,0.6353392713782651
doc80,0.0006444893760161651,0.0006444316784642369,0.0006445183636734126,0.20496518603225114,0.0006444487209266848,0.0006444437884313753,0.0006445326994202435,0.04431406891206264,0.0670577362886452,0.678507119722262,0.0006445142856665383,0.0006445101321803754
doc81,0.0007925928010273061,0.0007925406997892773,0.000792593693177739,0.19584308896134997,0.0007925532500506102,0.05777318560422068,0.0007925108237728153,0.0007925854839070823,0.3697125410722814,0.0007925313974154942,0.2863888819030038,0.08473439431000375
doc82,0.003106323854568562,0.0031060434343763185,0.003105929427586312,0.5069102736073829,0.0031062147673328135,0.0031060442491136447,0.0031062107176040945,0.4620269289170247,0.00310690727455005,0.0031067026600972406,0.0031062461409621846,0.003106174949401071
doc83,0.007576404666827725,0.007575757578368375,0.007576231627644451,0.0075765524417001524,0.00757650640590041,0.007576095776315571,0.7053307365427638,0.007575928590426787,0.0075767549494313025,0.21890732531183085,0.007575876271180021,0.007575829837610573
doc84,0.005209109081706344,0.005208766189650636,0.005208976565423159,0.00520902428965533,0.12131871219367873,0.2473855840169028,0.5844145944292745,0.005209082857553937,0.005209363600817971,0.005208729579483918,0.005209341514354097,0.005208715681498517
doc85,0.0021190953801406526,0.1715176247690713,0.09824140819388134,0.0021193372864494876,0.42677606326441064,0.0021192143111741914,0.21894958497370873,0.0021189638759925872,0.002119351054469449,0.002119166951929838,0.0021190453163124168,0.06968114462245967
doc86,0.0075770918497791205,0.007575874051024275,0.007577093936697032,0.007576784321900304,0.007576321215392793,0.007576270811810506,0.9166592888635474,0.007576126975818796,0.0075763567469578465,0.007576427031422192,0.007576252410535398,0.007576111785114355
doc87,0.005209113900653439,0.005208510755866481,0.005208642214054092,0.0052088166853811995,0.005208776305635337,0.00520911629127197,0.9427038722027072,0.005208533169395517,0.00520895942110176,0.005208672357460827,0.005208435343365213,0.005208551353107107
doc88,0.007577589834966405,0.007576818340836512,0.007577013574936717,0.007577514001369603,0.0075762565431887075,0.007576219551992079,0.40283314767665995,0.007578069344078383,0.007577580567220478,0.5213946020093371,0.007577612672973031,0.0075775758824410365
doc89,0.010871938142331967,0.01087106809538111,0.010869739894643245,0.010870536701865505,0.010870554839977967,0.010870718484016582,0.8804172442633538,0.010870607876798593,0.010872971429214269,0.010872351846482655,0.010872086824875957,0.010870181601058557
doc90,0.006174106542359016,0.0061728698067058186,0.006173486013356057,0.006173630385522593,0.006173621751348435,0.0061730774378277115,0.006174981450478691,0.00617380346129372,0.006173521898665408,0.9320903276475627,0.006173281996148709,0.00617329160873126
doc91,0.01613140527691913,0.01612920279370908,0.01613078967686513,0.01612970790281736,0.01612919822518837,0.01612926143498167,0.8225745717254598,0.016129081611837306,0.01612925058468714,0.016129285735276874,0.016129135097060217,0.016129109935197877
doc92,0.00520869183429742,0.005208470299998786,0.0052086886689194775,0.005209127096851038,0.005208669144980729,0.005208857526790639,0.9427038901075543,0.005208910578970133,0.005208919886264026,0.0052087588468109035,0.005208438639649464,0.005208577368913281
doc93,0.004950990277429467,0.004950549311955957,0.004951019368695626,0.004951461753428301,0.004950701679020153,0.004950560308727662,0.8735351785613845,0.004950923126122586,0.004951051489808831,0.004951392032560515,0.07695509408866891,0.004951078002197617
doc94,0.006173946328239491,0.0061730144480644815,0.006174387934077465,0.006173220358039368,0.006172923175528501,0.006173053702966,0.9320935872699053,0.006173243877343393,0.006173103572498923,0.006173677014612843,0.006172924693460433,0.006172917625263569
doc95,0.001279041625473335,0.0012793062807347154,0.0012788568059205563,0.11452273945148797,0.4432190537034138,0.0012791543225502107,0.001279085707813571,0.001279068155959052,0.43074646809662165,0.0012790757352404494,0.0012790885510014403,0.00127906156378319
doc96,0.001008193333499726,0.4301186462332773,0.001008195661424257,0.0010083332685057783,0.001008313181126979,0.0010083055388366681,0.0010082313249801392,0.06050997454615204,0.0010083742988699525,0.2515621543865947,0.0805620439459545,0.17018923428077812
doc97,0.05589474684718355,0.0010618809937452793,0.0010617299314796766,0.3736028000200757,0.07043706028372029,0.0010618343081343702,0.0010617970999363764,0.17735525325490617,0.0010618969695424258,0.2618792288489328,0.05445985877868256,0.001061912663661124
doc98,0.0013855610087442746,0.0013854006586125362,0.0013851911653049993,0.12039022818817455,0.0013853887065120008,0.0013853168635916211,0.14482908359316618,0.0013854561474260629,0.3811835452864108,0.001385497130635615,0.001385320363262773,0.3425140108881587
doc99,0.0010616920605168033,0.00106191511885108,0.0010619304220925493,0.1203309684843084,0.0010618548258004513,0.15651373706476152,0.04257742703437967,0.30382500046315825,0.3693199707121316,0.0010617502776493004,0.001061846500917759,0.0010619070354324779
doc100,0.0006090648328986644,0.0006091383140040156,0.0006090768991739801,0.0006091476348587645,0.0006090984386850909,0.000609143861492041,0.0006090618112203602,0.0006091189431665914,0.0006091913230468786,0.0006091224636735167,0.993299735941463,0.0006090995363171382
doc101,0.05501693382854136,0.0015579275736552363,0.001558070977857227,0.6659248286188288,0.0015579143036382219,0.0015580295501438257,0.0015582073600945308,0.001558030327284682,0.0015580532110368445,0.11906899484983835,0.14752506040828872,0.0015579489907921599
doc102,0.0007084097159761763,0.0007083305713126109,0.01071776823500238,0.5527247075841271,0.0007083170958653514,0.0402598211906655,0.0007084286534006275,0.0007083537193855016,0.0007083971679779277,0.3906307714644332,0.0007083757385477051,0.000708318863305908
doc103,0.09743491207810055,0.12338233654454592,0.0021189526427695046,0.5034993143160928,0.0021189757562218173,0.0021192862690866377,0.25873047642203223,0.0021189367196381734,0.0021190329232172495,0.0021191238558691244,0.002119387382569384,0.002119265089856353
doc104,0.00158323809501967,0.0015825237614930413,0.0015826169121785682,0.8622476407744665,0.0015827527932359591,0.023198303396270957,0.0015831681461179355,0.10030917462742149,0.0015827428526520083,0.0015825555051385376,0.0015827443605666892,0.0015825387754386552
doc105,0.0006362651677929926,0.0006361980670351763,0.000636187834183735,0.0006362916538847784,0.0006361835106822703,0.0006362866984349221,0.1394846041476879,0.0006362584890069436,0.24832241701742544,0.6064668588304692,0.0006362393634201917,0.0006362092199764817
doc106,0.0014883333585327654,0.21330372930696465,0.0014884123440613072,0.17529594731587797,0.0014887364717529029,0.0014885181770001158,0.0014883852777055053,0.0014884106105121674,0.31809222576245194,0.15572664894897578,0.12716196485993939,0.0014886875662255333
doc107,0.001748630627741522,0.0017485138367801408,0.001748683961337144,0.0017487052119890406,0.0017486344552826768,0.08649797758543624,0.0017484280966645997,0.001748692419746945,0.0017485129598150794,0.0017483950302932885,0.4422915118366459,0.45547331397826735
doc108,0.0009243952181459075,0.0009243988871190538,0.0009243161731043572,0.0009244498166924627,0.022491187916864795,0.0009243976228346895,0.0009243419062700789,0.5678755141402065,0.09926584113604155,0.3029723154130042,0.00092442209257123,0.0009244196771451043
doc109,0.0017796853103819786,0.0017796182779186514,0.0017795448923638116,0.0017799878912825738,0.0017800704067648828,0.0017796815456925879,0.0017799360369406291,0.1647626693452627,0.0017800607477703385,0.0017800010551404022,0.81743865489422,0.0017800895962614357
doc110,0.001263011495199722,0.060371266993873615,0.0012630605160942878,0.0012631104173656152,0.0012628351109605213,0.0012629300793486112,0.27533980721924806,0.09653443695928828,0.001263049553202545,0.5576505011020226,0.0012631246640128658,0.001262865889383104
doc111,0.0012629255716837813,0.0012628425924145628,0.0012627722080009373,0.001262932729301879,0.033580696872300475,0.001263127212899241,0.0012630024061203774,0.2577450059274233,0.0012628876046610962,0.001262926093123308,0.5949431291294379,0.103627751652633
doc112,0.03618845904046677,0.000825378703661788,0.0008253029645713539,0.0008252709613314465,0.0008252179608549017,0.0008252662485578963,0.0008251766281708754,0.0008253167949829781,0.00082524767785837,0.6186256972486434,0.2871966594311628,0.05138700633973756
doc113,0.002315174857213076,0.0023154583382012516,0.002315118706538841,0.5110620277223146,0.0023151389673735823,0.0023154013464264937,0.002315173144168752,0.002315342802044839,0.46578489110655213,0.002315503029085111,0.0023153728281978475,0.002315397151883625
doc114,0.03254444446802907,0.00113403978378702,0.001134007397303109,0.0011341802376072783,0.023413424382900307,0.0011341346661262774,0.10307847588830038,0.06740674145175791,0.0011340829802256194,0.0011341195483276579,0.7055854695865778,0.06116687960905757
doc115,0.000670510821866078,0.0006704456613347612,0.0006703213002611068,0.0006703980699950708,0.0006703679700404084,0.0006704844324428422,0.0006704011924065628,0.8281249057168427,0.11821872192104428,0.0006704234536874209,0.0006703977448968977,0.04762262171518179
doc116,0.0005314390942251538,0.0005314553700090382,0.0005314708204073702,0.0005315053062802707,0.25179018235180023,0.0005314912063315256,0.0005315233753925461,0.08601115860624227,0.5807896467771835,0.0005315256085147512,0.07715711241636006,0.0005314890672532404
doc117,0.0012956828949350497,0.5955460030323336,0.0012956560557460899,0.31123309277947175,0.0012957347794926178,0.0012955951043275838,0.0012957829754504351,0.08155992855842918,0.0012956300583597301,0.0012956037840191976,0.001295619672755291,0.001295670304679677
doc118,0.10175890993660322,0.0024276114697345565,0.0024276350143759523,0.0024280836640619505,0.002427640303414358,0.0024279132901437765,0.002427637974381854,0.10924341125393729,0.0024279944936651723,0.4643128523098345,0.3052627256248563,0.0024275846649910978
doc119,0.0013479480356748251,0.0013479572981303768,0.0013480555692028519,0.0013480957647421014,0.0013480290405629572,0.21339548281001733,0.36060169066556685,0.001348089505149706,0.0013481089530297352,0.41387062527192603,0.0013479927735285079,0.001347924312468798
doc120,0.001534195463270078,0.0015340670206004433,0.0015340241409549614,0.32803382619570415,0.0015341307737572255,0.0015342649434231667,0.0015340192424830958,0.5868011563864548,0.001534065214490994,0.07135808099260318,0.0015341308764106553,0.0015340387498472897
doc121,0.0008534347258885612,0.0008533420152343805,0.0008533904915522777,0.3148182181707946,0.000853420342075421,0.0008534249684680184,0.0008533912387446562,0.0008534006325236987,0.0008534619146387625,0.0008534530377979913,0.5514233051746211,0.12607775728766052
doc122,0.0018121134576906074,0.24268625210156394,0.0018117949530280402,0.0018119235871548339,0.0018118063671276824,0.09611656339361689,0.0018118370552918602,0.0018121721518965814,0.0018118183030504072,0.0018120342984828477,0.11398100744321206,0.5327206768878842
doc123,0.000648579633926104,0.20351045328192116,0.0006485580764796128,0.000648720909155868,0.0006486333246815561,0.0006486102064432571,0.0006485758332032136,0.0006486463572674788,0.3167575550484488,0.0862065563686936,0.3883365138588913,0.0006485971008880586
doc124,0.000950737673230627,0.0009507746554470933,0.989541775030317,0.0009507400552988443,0.0009507653172674825,0.0009507514438032691,0.000950749231692435,0.0009507582381503755,0.000950741796639877,0.0009506664677440249,0.0009507881294414336,0.0009507519609676043
doc125,0.000950737673230627,0.0009507746554470933,0.989541775030317,0.0009507400552988443,0.0009507653172674825,0.0009507514438032691,0.000950749231692435,0.0009507582381503755,0.000950741796639877,0.0009506664677440249,0.0009507881294414336,0.0009507519609676043
doc126,0.001348058195670159,0.0013482109088562696,0.0013478425841133167,0.0013481507167803135,0.0457531620401616,0.13141290036552142,0.05471260917941707,0.28002963156542604,0.0013480347067397237,0.0013479634593037708,0.4786553643843589,0.001348071893651472
doc127,0.0007185281761497121,0.38567800137540054,0.0007184576570636639,0.13398478052747342,0.022840124425871147,0.0644618373085299,0.0007185853833064259,0.04214185433801793,0.0007185819255312244,0.34658205158286626,0.0007186218866864759,0.0007185754131032926
doc128,0.0011089159477170663,0.001108975258645667,0.001109008603577802,0.0011090016430087006,0.0011088600742167663,0.001109061999062028,0.126524189021638,0.0011089717347995054,0.0011090139718147104,0.0011088449410501747,0.49018056946003385,0.37331458734443573
doc129,0.0015342309077794342,0.0015341271907683993,0.0015340567714245221,0.0015343326488758123,0.05007075115885427,0.0015341773626773173,0.08825839054051282,0.00153423260332859,0.001534437750497666,0.3998716584588824,0.44952545611653133,0.0015341484898675458
doc130,0.06402018407600567,0.0007343496384958877,0.030924304791963397,0.5417521225043037,0.0007343157627057873,0.14037702461178514,0.0007345350969900832,0.000734519694874915,0.1355650890883436,0.08295476735383134,0.0007344001871711227,0.0007343871935292457
doc131,0.0005644817996538408,0.9937909559928575,0.0005644701400550887,0.0005644738489136722,0.0005644903062062694,0.0005644280570991927,0.0005644181326547685,0.0005644576821368777,0.0005644798838334938,0.0005644349452155554,0.0005644685267578711,0.0005644406846156845
doc132,0.0016615924455004893,0.0016616705678149395,0.0016613024257674783,0.001661719776181363,0.0016613444197996895,0.0016616669609818403,0.0016618532118155742,0.0016617796937900347,0.30240029962845033,0.0016616097312373492,0.3668498782046927,0.31579528293396825
doc133,0.0008533949055200873,0.6038833456621339,0.000853454514896984,0.000853498795702814,0.06823471991868939,0.0008535286476197502,0.07697581803216473,0.0008534125244381568,0.0008535073381107087,0.06935015762297968,0.016899736851233905,0.1595354251865099
doc134,0.0008186281739421969,0.0008185091973281514,0.0008186833831166818,0.000818593013895989,0.15266020994007506,0.0008185582192134291,0.0008185745980906672,0.0008185400482628013,0.3189225984624541,0.0008184775718012017,0.0008184882839455364,0.5210501391078741
doc135,0.0004626828426761194,0.00046264013998058333,0.00046262618106928283,0.1283283041669727,0.0004626419750650362,0.0004626329724734761,0.0004626660353186707,0.2575167150030837,0.11602480344605143,0.12344558820699526,0.12444352129728017,0.24746517773303353
doc136,0.05518604129349233,0.0008915442732112448,0.0008914423609504876,0.0008915084531381788,0.08236066019766082,0.0008915050984909129,0.15897161220360445,0.14297916571371827,0.5542620849143446,0.0008915050391305232,0.0008914795823628875,0.0008914508698952801
doc137,0.0006529258924425936,0.07208001642951321,0.0006529356145698402,0.0006528803432107028,0.0006528463435839687,0.000652879965211719,0.0006528735438304269,0.0006529796992901688,0.0006529195220037892,0.9213910527760142,0.0006528466745848376,0.0006528431957446872
doc138,0.001915956039706473,0.0019161471538554926,0.0019159473119811409,0.6405498079249125,0.0019166440045921143,0.0019159483621009712,0.0019162590820653443,0.0019163633123851507,0.0019163290928129267,0.0019159737722808344,0.0019163739608679233,0.34028824998243934
doc139,0.0006362651677929926,0.0006361980670351763,0.000636187834183735,0.0006362916538847784,0.0006361835106822703,0.0006362866984349221,0.1394846041476879,0.0006362584890069436,0.24832241701742544,0.6064668588304692,0.0006362393634201917,0.0006362092199764817
doc140,0.004310610715397365,0.004311580344365429,0.0043106543215115775,0.5754965714571366,0.004311546920064561,0.004311115662568563,0.3813913275067504,0.004311913748462788,0.004311498022241098,0.004311325712415634,0.004310980665139288,0.004310874923947043
doc141,0.007576404666827725,0.007575757578368375,0.007576231627644451,0.0075765524417001524,0.00757650640590041,0.007576095776315571,0.7053307365427638,0.007575928590426787,0.0075767549494313025,0.21890732531183085,0.007575876271180021,0.007575829837610573
doc142,0.00038008590127925306,0.0003800176416408725,0.00037997958357733616,0.08274092695352195,0.0003800011717332367,0.06157624845806984,0.03708303550529954,0.6222872988743577,0.0003800139721478872,0.000380009097072715,0.19365232729385345,0.0003800555474463401
doc143,0.005209109081706344,0.005208766189650636,0.005208976565423159,0.00520902428965533,0.12131871219367873,0.2473855840169028,0.5844145944292745,0.005209082857553937,0.005209363600817971,0.005208729579483918,0.005209341514354097,0.005208715681498517
doc144,0.0075770918497791205,0.007575874051024275,0.007577093936697032,0.007576784321900304,0.007576321215392793,0.007576270811810506,0.9166592888635474,0.007576126975818796,0.0075763567469578465,0.007576427031422192,0.007576252410535398,0.007576111785114355
doc145,0.005209113900653439,0.005208510755866481,0.005208642214054092,0.0052088166853811995,0.005208776305635337,0.00520911629127197,0.9427038722027072,0.005208533169395517,0.00520895942110176,0.005208672357460827,0.005208435343365213,0.005208551353107107
doc146,0.007577589834966405,0.007576818340836512,0.007577013574936717,0.007577514001369603,0.0075762565431887075,0.007576219551992079,0.40283314767665995,0.007578069344078383,0.007577580567220478,0.5213946020093371,0.007577612672973031,0.0075775758824410365
doc147,0.010871938142331967,0.01087106809538111,0.010869739894643245,0.010870536701865505,0.010870554839977967,0.010870718484016582,0.8804172442633538,0.010870607876798593,0.010872971429214269,0.010872351846482655,0.010872086824875957,0.010870181601058557
doc148,0.006174106542359016,0.0061728698067058186,0.006173486013356057,0.006173630385522593,0.006173621751348435,0.0061730774378277115,0.006174981450478691,0.00617380346129372,0.006173521898665408,0.9320903276475627,0.006173281996148709,0.00617329160873126
doc149,0.01613140527691913,0.01612920279370908,0.01613078967686513,0.01612970790281736,0.01612919822518837,0.01612926143498167,0.8225745717254598,0.016129081611837306,0.01612925058468714,0.016129285735276874,0.016129135097060217,0.016129109935197877
doc150,0.00520869183429742,0.005208470299998786,0.0052086886689194775,0.005209127096851038,0.005208669144980729,0.005208857526790639,0.9427038901075543,0.005208910578970133,0.005208919886264026,0.0052087588468109035,0.005208438639649464,0.005208577368913281
doc151,0.004950990277429467,0.004950549311955957,0.004951019368695626,0.004951461753428301,0.004950701679020153,0.004950560308727662,0.8735351785613845,0.004950923126122586,0.004951051489808831,0.004951392032560515,0.07695509408866891,0.004951078002197617
doc152,0.006173946328239491,0.0061730144480644815,0.006174387934077465,0.006173220358039368,0.006172923175528501,0.006173053702966,0.9320935872699053,0.006173243877343393,0.006173103572498923,0.006173677014612843,0.006172924693460433,0.006172917625263569
doc153,0.0004095372324705004,0.9954946665315733,0.0004095377656847392,0.0004095615743577136,0.0004096141743691965,0.00040956603433216226,0.0004095354335486708,0.0004096686614892895,0.0004095719751403631,0.00040957584604124896,0.0004095773910156754,0.00040958737997728607
