,topics0,topics1,topics2,topics3
doc0,0.9002787066745898,0.0019089007677809287,0.00190897223572212,0.09590342032190717
doc1,0.9984073512027238,0.0005309169640868071,0.0005308524217014249,0.0005308794114879428
doc2,0.500555713353056,0.49778288142174354,0.0008306496303689658,0.0008307555948315881
doc3,0.0005484033886287267,0.7590965014777589,0.059104633176047035,0.18125046195756528
doc4,0.17566611310720195,0.125600029434421,0.0012287582169162366,0.6975050992414609
doc5,0.6824371578778569,0.0008040991731255448,0.0008040483791007379,0.31595469456991687
doc6,0.4667393680538179,0.48536480935638115,0.00150642926936417,0.04638939332043681
doc7,0.6069404789122456,0.0014841986259632929,0.137799395205211,0.2537759272565802
doc8,0.6231352353963191,0.0006832163394200377,0.0006831504718397938,0.3754983977924212
doc9,0.0013445634523319729,0.0013444662914183115,0.0013443486002964952,0.9959666216559533
doc10,0.0007851767749663551,0.0007852171921114785,0.0007850059126127294,0.9976446001203094
doc11,0.5737846134857212,0.022018027440057885,0.000623568181242904,0.403573790892978
doc12,0.7741993781607333,0.08998286248980221,0.0007912819916584856,0.1350264773578061
doc13,0.000976788219414761,0.0009768579753015368,0.9970693611613932,0.000976992643890416
doc14,0.000976788219414761,0.0009768579753015368,0.9970693611613932,0.000976992643890416
doc15,0.9294508010828321,0.0011444426168811537,0.06826022275211435,0.001144533548172404
doc16,0.0010064178020077696,0.9969810780820567,0.0010061845750870017,0.001006319540848588
doc17,0.063883422574279,0.5318483644257221,0.29103753849387676,0.11323067450612205
doc18,0.8337958786830612,0.0005337588335579361,0.00053375328587694,0.1651366091975039
doc19,0.14351155694660145,0.6145364226773743,0.0009227811794974105,0.24102923919652683
doc20,0.00467390045209268,0.0656633317647389,0.004674594618401991,0.9249881731647664
doc21,0.00046439737010245283,0.9986068843345924,0.00046432959577240394,0.0004643886995325942
doc22,0.4556092636495185,0.0007976404577746216,0.0251595006865703,0.5184335952061365
doc23,0.9518819079817351,0.0005337811298586461,0.0005337280408454934,0.04705058284756075
doc24,0.41688602278782266,0.08963730211158523,0.0005904024764626385,0.49288627262412943
doc25,0.8017683283753332,0.001773519728542192,0.001773464967933864,0.19468468692819066
doc26,0.37158904338538634,0.0003018043411976307,0.03251216261467366,0.5955969896587422
doc27,0.7150671803226337,0.05190386244527947,0.001292211358540199,0.23173674587354665
doc28,0.6479267638151076,0.2564984218643816,0.0013626259147046739,0.09421218840580618
doc29,0.2501472175428149,0.0009490261089846531,0.0009489005978955962,0.747954855750305
doc30,0.7314287328031087,0.26701331105925297,0.0007789172443350855,0.0007790388933033565
doc31,0.13348338322446243,0.0024158838281406465,0.002416039265818455,0.8616846936815785
doc32,0.002359195849582268,0.06079559628388988,0.002359060497845763,0.9344861473686821
doc33,0.001309127822659099,0.0013093817516432657,0.0013090834435318971,0.9960724069821657
doc34,0.9711409758312927,0.009622475238768448,0.009616605232744636,0.009619943697194202
doc35,0.19007984534188235,0.0022033608612328295,0.0022030112812624464,0.8055137825156223
doc36,0.003402637470116605,0.22984687271705892,0.003402704153859958,0.7633477856589646
doc37,0.26589183098377717,0.0020666066404622665,0.0020663514763287604,0.7299752108994317
doc38,0.0008239736442285736,0.000823975742708097,0.28513499912733503,0.7132170514857283
doc39,0.0010825379031808484,0.6325553683141998,0.0010825065304084168,0.36527958725221094
doc40,0.9814084708308287,0.017146070232193934,0.0007227142689886048,0.0007227446679888936
doc41,0.9944838603809567,0.0018387712979093384,0.001838577313558582,0.0018387910075753796
doc42,0.0007332113826816044,0.0007332635153763538,0.0007332260408089984,0.9978002990611331
doc43,0.7313440268427731,0.2607810063292314,0.003937474245270829,0.003937492582724746
doc44,0.23319071544554218,0.0004249312978854057,0.00042489214985591686,0.7659594611067165
doc45,0.001805573980588173,0.9014146798998758,0.0018053863469264823,0.09497435977260948
doc46,0.00040596170893237335,0.9987821580464021,0.00040593262036270106,0.0004059476243027277
doc47,0.3322150601183596,0.6661637276672325,0.0008105641488967074,0.0008106480655112803
doc48,0.0023049910297645716,0.631001807491634,0.28974547195246847,0.07694772952613294
doc49,0.9845322470309719,0.00515598021862347,0.005155981450416878,0.005155791299987772
doc50,0.9005133965863272,0.001712775257728851,0.0017131407978571904,0.09606068735808684
doc51,0.7049096921095632,0.11513125279104368,0.0005092760941727069,0.17944977900522033
doc52,0.001185151842386987,0.8881015917340301,0.0011851023489753499,0.10952815407460757
doc53,0.410225065591388,0.0015063856803340975,0.0015062798959664344,0.5867622688323115
doc54,0.6567885871860925,0.3380014024462996,0.0026050391337077384,0.0026049712339001213
doc55,0.14388140256256882,0.8529627170551829,0.0015780067769590408,0.0015778736052893473
doc56,0.003087466259636048,0.9907379420757686,0.0030871672605660237,0.0030874244040293227
doc57,0.4426578169717101,0.5541868911165225,0.0015774640726773231,0.001577827839090074
doc58,0.0012922863624746505,0.8216149848045593,0.0012922289655743322,0.17580049986739169
doc59,0.42210469184512356,0.0007124757298254504,0.07514647310154361,0.5020363593235073
doc60,0.001275827926418901,0.0012758458805658753,0.0012756485831250217,0.9961726776098903
doc61,0.10203561531350354,0.0006832669266876281,0.0006832026142299479,0.896597915145579
doc62,0.9965269925804112,0.0011576505751780032,0.0011575201971147269,0.0011578366472962233
doc63,0.8262439769314587,0.0014009204467863982,0.06858364403678088,0.10377145858497408
doc64,0.0009402294692430897,0.0009400807282727375,0.9971796223007842,0.0009400675016999618
doc65,0.0009402294692430897,0.0009400807282727375,0.9971796223007842,0.0009400675016999618
doc66,0.7355093260596535,0.2623715325024574,0.0010595177871040198,0.0010596236507851744
doc67,0.584514918539934,0.0006354768354801626,0.0006353865545953505,0.4142142180699905
doc68,0.9923835952891544,0.0025385751475035722,0.002539218907921936,0.002538610655420015
doc69,0.10747240118552068,0.17288130380707933,0.0013813894771801116,0.7182649055302199
doc70,0.6383878659901827,0.0021556024272255093,0.0021555804028023156,0.3573009511797896
doc71,0.9970978393839443,0.0009674293096352656,0.0009672031271007994,0.0009675281793196367
doc72,0.4874324842610351,0.36604184142059903,0.0009582726982739619,0.145567401620092
doc73,0.8057323968963486,0.09845389518668245,0.0017424826994942642,0.0940712252174747
doc74,0.0032909332408316925,0.003289919476737838,0.0032896496728481808,0.9901294976095822
doc75,0.1983940213807405,0.0012923724768861401,0.001292331622963905,0.7990212745194095
doc76,0.9963585165797748,0.0012140111221010312,0.001213738467748058,0.0012137338303759699
doc77,0.2703455916376523,0.3717908892725998,0.00148388055677685,0.356379638532971
doc78,0.9406330726161193,0.057247906419910684,0.0010594357154149218,0.001059585248555107
doc79,0.1899578825285651,0.0013093030744221249,0.14311328640102827,0.6656195279959846
doc80,0.5598744476607547,0.002476111406017742,0.0024760335588975115,0.43517340737433025
doc81,0.41619628721874424,0.22572536975622653,0.001048479089671407,0.3570298639353578
doc82,0.15574479124868698,0.5723556520098456,0.0017737543172413723,0.27012580242422607
doc83,0.21793785038805283,0.10429041590828478,0.001275692712957125,0.6764960409907051
doc84,0.8519635290636921,0.14123292160078837,0.0034018256777454646,0.003401723657774079
doc85,0.3694986367139108,0.0012923899270874722,0.0012922077331794179,0.6279167656258223
doc86,0.10430729688655542,0.0013815971851192904,0.0013814420031662146,0.892929663925159
doc87,0.40528254365201305,0.3868416716044458,0.0023590916712298545,0.20551669307231119
doc88,0.6346674918901452,0.004274822104559586,0.004274181771464259,0.35678350423383093
doc89,0.04255458032794452,0.0017732955098820496,0.0017732003656701716,0.9538989237965033
doc90,0.002748092360115334,0.0027483931342254637,0.002747377840526303,0.991756136665133
doc91,0.8604009013206815,0.0011188375013269393,0.0011187127401787178,0.1373615484378129
doc92,0.2583685603529281,0.24415874283335623,0.07310328931565233,0.42436940749806346
doc93,0.0008239736442285736,0.000823975742708097,0.28513499912733503,0.7132170514857283
doc94,0.5799405190681528,0.27206941085349096,0.000635405028253961,0.14735466505010225
doc95,0.8983714835570313,0.0983162912006604,0.0016560127377102524,0.001656212504597916
doc96,0.10744392610238764,0.8527613420983917,0.0011991776182866923,0.03859555418093407
doc97,0.8253927120549809,0.1725947377638432,0.001006232411855486,0.00100631776932049
doc98,0.7811019179147558,0.0007670100934649086,0.21736391849929484,0.0007671534924844074
doc99,0.0013626826488934572,0.9959117388045632,0.001362898665584413,0.001362679880959098
doc100,0.9161883862506773,0.0008820716389717737,0.0008819358202443688,0.08204760629010656
doc101,0.20122716893191556,0.526884668137423,0.27001514654651265,0.0018730163841489966
doc102,0.000749827005761842,0.8159036935431608,0.0007498015075495412,0.18259667794352774
doc103,0.5810309035111817,0.3295444800627501,0.0022529393571827944,0.08717167706888523
doc104,0.00174255737937538,0.8777731641468874,0.05019088049448442,0.07029339797925276
doc105,0.23501915202355841,0.49951762527185545,0.0010942950332030645,0.2643689276713831
doc106,0.24519738289587803,0.692491237645595,0.060708018699152766,0.0016033607593742164
doc107,0.6383878659901827,0.0021556024272255093,0.0021555804028023156,0.3573009511797896
doc108,0.9812377842306587,0.0006606741307499157,0.0006606552235568899,0.01744088641503472
doc109,0.0018388053752677986,0.7631509268249267,0.0018386401766972238,0.2331716276231084
doc110,0.3623676929466506,0.6342646270489817,0.0016836157125246982,0.0016840642918430257
doc111,0.08346892957144993,0.9110350974515935,0.0027478063431784637,0.002748166633778127
doc112,0.4160008823489371,0.5812736756673516,0.0013626555163322072,0.0013627864673790837
doc113,0.002305522523901628,0.9930851932148096,0.002304740220976751,0.0023045440403119404
doc114,0.23532278913587265,0.45304816337408355,0.001945789055278675,0.3096832584347652
doc115,0.0015778564198133417,0.6357612980309901,0.3610830599353552,0.0015777856138412916
doc116,0.29993565846459047,0.3550431606910981,0.0006436063981357773,0.34437757444617567
doc117,0.523463596852518,0.4733306663579501,0.0016027035016952247,0.0016030332878366584
doc118,0.7873678175809087,0.001381541691081261,0.0013813286949457264,0.2098693120330643
doc119,0.8776149231373289,0.0007555045968249319,0.0007553856719196099,0.12087418659392658
doc120,0.25573082290800664,0.0010825218878503656,0.012741884564209717,0.7304447706399333
doc121,0.6337377837787375,0.006098627584743207,0.006098101972930256,0.35406548666358906
doc122,0.12765744868580015,0.1406448939962105,0.0004869239951751807,0.7312107333228142
doc123,0.0029079646845129752,0.0029077053130568222,0.19872452262166004,0.7954598073807702
doc124,0.002604808110120272,0.15592759075146603,0.002604740762806271,0.8388628603756075
doc125,0.000996246113586325,0.0009962014468273054,0.9970110887111235,0.000996463728462902
doc126,0.000996246113586325,0.0009962014468273054,0.9970110887111235,0.000996463728462902
doc127,0.44685202963187404,0.5492562090637464,0.0019456977431717858,0.0019460635612078164
doc128,0.7302274250225436,0.001805632384833653,0.001805279762235023,0.2661616628303877
doc129,0.6409162634688605,0.3573197796813318,0.0008819459282359781,0.0008820109215717874
doc130,0.009618694313960839,0.9711460148736875,0.00961825843018243,0.009617032382169299
doc131,0.5640775214091897,0.2993803286030238,0.000773011155716656,0.13576913883206984
doc132,0.7960117770622893,0.20275640685554921,0.0006158632463684685,0.0006159528357928517
doc133,0.5297570333624821,0.0018055129263524104,0.2478174886218115,0.22061996508935391
doc134,0.3086528179332448,0.001400926923304571,0.001400806104493404,0.6885454490389572
doc135,0.19980765454286203,0.06802819462336424,0.0004341668207278734,0.7317299840130458
doc136,0.995855563140103,0.0013815544366394142,0.0013813780349440535,0.0013815043883134818
doc137,0.6807938917185516,0.09170938635254758,0.0004558668733506252,0.2270408550555501
doc138,0.0005483717303788313,0.2058106160632739,0.0005483373596382959,0.793092674846709
doc139,0.6236985392474829,0.0024759614304743728,0.002476075440435238,0.3713494238816076
doc140,0.3248013912833967,0.6723968379633486,0.001400726298840865,0.0014010444544138689
doc141,0.288630507689948,0.0005870343801639934,0.0005869501778723767,0.7101955077520156
doc142,0.1709550929618206,0.40560056748892903,0.42274185895358735,0.0007024805956631346
doc143,0.43365256334078406,0.0010377144788205656,0.1724667218513721,0.39284300032902325
doc144,0.4490321364884864,0.0015294834592728577,0.0015293758380537585,0.5479090042141872
doc145,0.15899955363042648,0.0014842105190211981,0.0014839793482695194,0.8380322565022829
doc146,0.4233218632981117,0.0014412500631710379,0.0014411825219817775,0.5737957041167355
doc147,0.0016029229734793708,0.276619126823644,0.406969833850939,0.3148081163519377
doc148,0.0012596366686326763,0.0012597216109793755,0.0012595941808348817,0.9962210475395531
doc149,0.5847606214800921,0.001684077194196911,0.0016837234428562597,0.4118715778828547
doc150,0.08125187677556732,0.0011314710487740818,0.062450153142403965,0.8551664990332546
doc151,0.0012921522191912166,0.0915279566024065,0.0012920780292922489,0.90588781314911
doc152,0.9234178964778637,0.07511544781328293,0.0007332940302370987,0.0007333616786161373
doc153,0.0032909332408316925,0.003289919476737838,0.0032896496728481808,0.9901294976095822
doc154,0.8604009013206815,0.0011188375013269393,0.0011187127401787178,0.1373615484378129
doc155,0.34241955929274953,0.0005768432528698259,0.0005767629745745404,0.6564268344798061
doc156,0.0008239736442285736,0.000823975742708097,0.28513499912733503,0.7132170514857283
doc157,0.9965666259886173,0.0011444612268404482,0.0011443854379253166,0.0011445273466169788
doc158,0.9096044067164616,0.08796799947455611,0.0012136867444398414,0.0012139070645423957
doc159,0.4861942157290029,0.22836902228163783,0.0010484464888997384,0.28438831550045945
doc160,0.24519738289587803,0.692491237645595,0.060708018699152766,0.0016033607593742164
doc161,0.9963585165797748,0.0012140111221010312,0.001213738467748058,0.0012137338303759699
doc162,0.7711206606277975,0.15650522503290054,0.0011711177353476438,0.07120299660395425
doc163,0.9959121033536631,0.0013626960575894662,0.0013625133620854507,0.0013626872266619425
doc164,0.000791340690799217,0.9976258030170346,0.0007912833259708901,0.0007915729661953144
doc165,0.8919812668922239,0.0009401286635168217,0.0009399934200606876,0.1061386110241986
doc166,0.0014624005603183392,0.6742825595527134,0.0014624929884666626,0.3227925468985015
doc167,0.002538837881571631,0.9923841352325132,0.0025384535258756594,0.002538573360039524
doc168,0.9626259669220113,0.035439414306696504,0.0009672903182194027,0.0009673284530727349
doc169,0.0021558544121534993,0.2871209332686833,0.17743140047263664,0.5332918118465264
doc170,0.9372780808503263,0.0004379699133037379,0.0004378594425262771,0.061846089793843734
doc171,0.004465988996395816,0.9866020121882599,0.004465944742193988,0.004466054073150218
doc172,0.15902152715910578,0.8373015390753801,0.001838352038777713,0.0018385817267364186
doc173,0.6125192884655045,0.3832603499304205,0.0021101916035857265,0.00211017000048935
doc174,0.001213989155834757,0.9279674118578748,0.06960459009152827,0.001214008894762187
doc175,0.8273371779624014,0.0013266077868650324,0.0013266017910531943,0.1700096124596804
doc176,0.46264400640006637,0.0003222592680641195,0.0003222442370280357,0.5367114900948414
doc177,0.0011314467967730821,0.0011314941905331923,0.0011313629931262038,0.9966056960195676
doc178,0.31915749156088324,0.001462292985412278,0.0014624295833986526,0.6779177858703057
doc179,0.0013446275263448641,0.0013444458074944893,0.00134443060069408,0.9959664960654665
doc180,0.7326893229363053,0.2660864312158265,0.0006120927084640155,0.0006121531394041076
doc181,0.913119529331734,0.0016840533363874344,0.0016842346592348778,0.08351218267264372
doc182,0.002995055760327404,0.3454809092359475,0.0029944834973693827,0.6485295515063557
doc183,0.0009768361949120416,0.000976802771953123,0.9970695514401583,0.0009768095929765536
doc184,0.0009768361949120416,0.000976802771953123,0.9970695514401583,0.0009768095929765536
doc185,0.9968545862061673,0.0010484844643522053,0.0010484963994350908,0.001048432930045475
doc186,0.0031855214893692753,0.990444079779297,0.0031851159211662024,0.0031852828101675418
doc187,0.9135336186577022,0.083978292133971,0.0012439529703676985,0.0012441362379591015
doc188,0.9984073512027238,0.0005309169640868071,0.0005308524217014249,0.0005308794114879428
doc189,0.9626259669220113,0.035439414306696504,0.0009672903182194027,0.0009673284530727349
doc190,0.18392183054919942,0.0024163538888460744,0.0024159952734697887,0.8112458202884848
doc191,0.6477727897972205,0.35111205642556376,0.0005576209868366377,0.0005575327903790299
doc192,0.8072849949062034,0.002674526300015782,0.002674844173479906,0.18736563462030092
doc193,0.5684667632119733,0.4281657177946742,0.001683720063093785,0.0016837989302586622
doc194,0.39240315193886166,0.12269758672829241,0.0025385142015371307,0.48236074713130883
doc195,0.8273371779624014,0.0013266077868650324,0.0013266017910531943,0.1700096124596804
doc196,0.3835359480893939,0.0010376488864732663,0.0010374683538780843,0.6143889346702548
doc197,0.6546601459039865,0.002066540840622019,0.13394801216545593,0.2093253010899356
doc198,0.29116770682972126,0.06234908572243953,0.15211816290925564,0.4943650445385836
doc199,0.7446215771643052,0.0009490387882344345,0.0009489234154107693,0.2534804606320495
doc200,0.6738989833397541,0.0008307661011726216,0.0008307620074622056,0.3244394885516111
doc201,0.3227298520618644,0.21572280875418925,0.022966714187647383,0.43858062499629885
doc202,0.8178700870673173,0.0004322480920149857,0.0004322509662436838,0.18126541387442408
doc203,0.30185293295776444,0.0009490723662563614,0.0009489340011689558,0.6962490606748103
doc204,0.2446581737719612,0.0018386672752116146,0.0018385445248029412,0.7516646144280242
doc205,0.0013815015191970656,0.0013813630938623695,0.0013813887044099992,0.9958557466825305
doc206,0.17852747917188005,0.3448809443000174,0.0014206236955205313,0.47517095283258187
doc207,0.42337462995877,0.0017129669677386928,0.001712465812246936,0.5731999372612443
doc208,0.013515140549260455,0.013515408569571605,0.013517107875972968,0.959452343005195
doc209,0.6196975391620069,0.002203202434943378,0.002203109940744378,0.3758961484623054
doc210,0.7445728671858206,0.002155743657721231,0.002156063239054183,0.25111532591740404
doc211,0.5213778916716648,0.33338292182485313,0.0006158539801612042,0.14462333252332107
doc212,0.0012758251327988196,0.996172644732313,0.0012756905177768564,0.001275839617111231
doc213,0.6330706912162491,0.36270867782923794,0.0021100953139421893,0.002110535640570628
doc214,0.5011078215030937,0.4947586362433897,0.002066918305348573,0.0020666239481679956
doc215,0.559266101440645,0.2378373429169565,0.0013091311190379614,0.20158742452336054
doc216,0.7583568935452916,0.18558014422981245,0.055329604514716656,0.000733357710179104
doc217,0.0028255879742032025,0.9915237995247104,0.00282513872554798,0.0028254737755383516
doc218,0.5483981250442872,0.0008448345895025381,0.0008447963636995464,0.4499122440025107
doc219,0.8827814643646136,0.0009227052769700836,0.06539979752533179,0.05089603283308449
doc220,0.3508389890040216,0.6456757468920037,0.0017424809890670434,0.0017427831149076534
doc221,0.001742681879344907,0.785821707944878,0.0017426198175216228,0.21069299035825534
doc222,0.28403004904408297,0.08579112914051247,0.001908556254531096,0.6282702655608734
doc223,0.49583393962202393,0.0010376054256950225,0.0010375222107667625,0.5020909327415144
doc224,0.9050665400514997,0.000823871031186027,0.0150949956250093,0.07901459329230491
doc225,0.08794030362163097,0.00031121994681427857,0.00031116718920282544,0.911437309242352
doc226,0.12188503332406635,0.6368820058105067,0.03534974114498731,0.2058832197204397
doc227,0.5626475746490172,0.0039381574169519065,0.003938694349882822,0.4294755735841481
doc228,0.000749827005761842,0.8159036935431608,0.0007498015075495412,0.18259667794352774
doc229,0.2587166396378732,0.0017126235511760739,0.001712688466132708,0.7378580483448179
doc230,0.0007913242241126102,0.8119297231638493,0.05570566611834343,0.13157328649369474
doc231,0.40811427434270314,0.000940064728974225,0.0883386949884307,0.5026069659398918
doc232,0.29909827520678,0.00042853828685569757,0.013020706829329138,0.687452479677035
doc233,0.0011314467967730821,0.0011314941905331923,0.0011313629931262038,0.9966056960195676
doc234,0.0009768361949120416,0.000976802771953123,0.9970695514401583,0.0009768095929765536
doc235,0.772016895116513,0.08146168748809336,0.0004600716149249059,0.14606134578046875
doc236,0.0009768361949120416,0.000976802771953123,0.9970695514401583,0.0009768095929765536
doc237,0.0005226483275843024,0.18898255956269924,0.0005225689061389276,0.8099722232035775
doc238,0.7112148841753192,0.0003826615728049373,0.0003826068447270017,0.2880198474071489
doc239,0.0006274858015433803,0.06827233430182142,0.0006274025108913508,0.930472777385744
doc240,0.0006436852939484645,0.0006436307338135969,0.0006438634439130563,0.9980688205283249
doc241,0.2572346777243722,0.0011443934833835592,0.0011442927470891745,0.740476636045155
doc242,0.1720380993769061,0.0017426204223294425,0.0017425115493558134,0.8244767686514086
doc243,0.017515820677489382,0.02055172144906181,0.0009399861775432436,0.9609924716959055
doc244,0.6646680775295104,0.0037888570114682804,0.0037886524073838337,0.3277544130516375
doc245,0.4842896518581375,0.0004643778924447435,0.0004643314384979553,0.5147816388109198
doc246,0.7427663322044664,0.25262480740229676,0.0023043156646495224,0.0023045447285871736
doc247,0.4434217094822069,0.0014413683947339878,0.19612666561288622,0.3590102565101728
doc248,0.0009143413206064657,0.9972570973243483,0.0009142716104644422,0.0009142897445807719
doc249,0.19415716649264864,0.0008744204307359878,0.0008743955551831217,0.8040940175214322
doc250,0.04651720908902593,0.010079063658162853,0.009651401160171238,0.93375232609264
doc251,0.006259884606780013,0.052241230635861294,0.00027906827646772056,0.941219816480891
doc252,0.8507656526824032,0.004465028911532893,0.004464473150207726,0.14030484525585607
doc253,0.9365879159632499,0.0009313288422714303,0.0009312361836824105,0.06154951901079619
doc254,0.9976629733122634,0.0007789992942430533,0.0007789820710439317,0.0007790453224495164
doc255,0.0013092056165692613,0.7669732315754699,0.0013090829183362458,0.2304084798896245
doc256,0.0011851109052882646,0.8048361638188106,0.045490000849453524,0.1484887244264475
doc257,0.9359571694837057,0.00039162289424874255,0.06325958396182223,0.00039162366022335246
doc258,0.0008519763012792293,0.06624032204883447,0.000852002827547892,0.9320556988223384
doc259,0.0023593389929921584,0.4917881978460861,0.22616441749938446,0.2796880456615373
doc260,0.0009226403016763545,0.0009226505112179968,0.0009227176605299224,0.9972319915265757
doc261,0.013515140549260455,0.013515408569571605,0.013517107875972968,0.959452343005195
doc262,0.0013815015191970656,0.0013813630938623695,0.0013813887044099992,0.9958557466825305
doc263,0.011905911235980683,0.011907090884808989,0.011909560804504513,0.9642774370747058
doc264,0.9957374112007344,0.0014209059833216278,0.001420844579859971,0.0014208382360839144
doc265,0.001199273749199225,0.9964022857928015,0.0011991100014637536,0.0011993304565356918
doc266,0.0018054148302257581,0.1071763197625338,0.10146288711642251,0.7895553782908179
doc267,0.9235758358024111,0.07506695244574074,0.0006786201366302425,0.000678591615217886
doc268,0.00021917654293054402,0.8623166510470713,0.00021914569987154816,0.13724502671012662
doc269,0.3521734450785757,0.644720116942873,0.0015530851484566713,0.0015533528300947328
doc270,0.15140972790776136,0.8449133024435267,0.0018383692531533788,0.00183860039555864
doc271,0.8544280540803885,0.14295360000072052,0.0013091723009061738,0.0013091736179846284
doc272,0.0009143413206064657,0.9972570973243483,0.0009142716104644422,0.0009142897445807719
doc273,0.0028255879742032025,0.9915237995247104,0.00282513872554798,0.0028254737755383516
doc274,0.0009582273289589284,0.9441319339994423,0.0009581041444373167,0.053951734527161614
doc275,0.0009963055077403654,0.9970110745018239,0.0009962547217700747,0.000996365268665587
doc276,0.9973536021203624,0.0008820628904587599,0.0008823089175641465,0.0008820260716146446
doc277,0.8544217682824973,0.03990685854338193,0.0005252951839534835,0.10514607799016724
doc278,0.0005514346648184793,0.7927807777026542,0.0005513603005292811,0.20611642733199795
doc279,0.9805140947992093,0.006495726417817477,0.006494531878350753,0.006495646904622351
doc280,0.1606792306953984,0.626039890360627,0.0011443865654051932,0.21213649237856932
doc281,0.8945582312065944,0.0004942024394526151,0.0004941541145650331,0.10445341223938807
doc282,0.6360448377442643,0.0011993930468498445,0.07959837178480332,0.28315739742408247
doc283,0.6245097810620825,0.10429718951358222,0.0005639177724324916,0.27062911165190284
doc284,0.002024744762302765,0.8669696462531056,0.002024424231864591,0.12898118475272696
doc285,0.0011444261844494087,0.5000686665310274,0.0011444526819198654,0.4976424546026033
doc286,0.7891344500102399,0.20973146761602382,0.0005670617527880615,0.0005670206209483338
doc287,0.0018054414805640923,0.9945838306764878,0.001805187241080455,0.0018055406018677462
doc288,0.9422867236996787,0.0016028953513613847,0.0016027278068990556,0.054507653142060825
doc289,0.0011994349461169034,0.001199350593570723,0.0011992510214556185,0.9964019634388568
doc290,0.0011850887335360244,0.0011852048848476485,0.0011850447295042204,0.9964446616521121
doc291,0.5134832909745565,0.0016030320180729298,0.0016029845970219057,0.48331069241034885
doc292,0.003938841721504217,0.003937904313931654,0.003937708637866503,0.9881855453266977
doc293,0.0009769443381785884,0.0009768693132268475,0.9970693159483143,0.0009768704002802915
doc294,0.0009769443381785884,0.0009768693132268475,0.9970693159483143,0.0009768704002802915
doc295,0.9951126506930473,0.0016292496259562154,0.001628928471179414,0.0016291712098170956
doc296,0.9965269968105671,0.0011576816038924868,0.0011576404736985172,0.0011576811118418336
doc297,0.7887830796699404,0.20996193121871504,0.0006274642905366105,0.0006275248208078187
doc298,0.835934716627266,0.001244231153186205,0.0012439675808516124,0.16157708463869624
doc299,0.9965269822685676,0.001157637011415457,0.0011575354959730958,0.001157845224043918
doc300,0.9982388396985407,0.0005870038661806228,0.0005871650041200801,0.0005869914311585765
doc301,0.6933874641783855,0.3042970128047068,0.0011577217551735348,0.0011578012617344314
doc302,0.5096372403041992,0.002304790267442944,0.0023044862518132076,0.48575348317654465
doc303,0.7780044865212901,0.002252765358457034,0.002252538758743345,0.21749020936150956
doc304,0.7477343973224149,0.001144456441418209,0.24997665841514896,0.0011444878210180424
doc305,0.8302263279775689,0.0013627831257143443,0.0013626987038343836,0.16704819019288245
doc306,0.43747398261790205,0.0026743515505517922,0.002674205162733344,0.5571774606688129
doc307,0.153935841319689,0.21161325148172394,0.09451476051478126,0.5399361466838056
doc308,0.21802099717166123,0.6830594753895081,0.0018054340639456065,0.09711409337488516
doc309,0.0011851000116457617,0.7235833287979994,0.0011850292445384357,0.27404654194581635
doc310,0.9972063935114419,0.0009312436342800014,0.0009311234171084374,0.000931239437169801
doc311,0.1463000570410836,0.09061240095134128,0.24194907545133706,0.5211384665562381
doc312,0.0014624884174529768,0.05432964659850758,0.0014622365360215817,0.9427456284480178
doc313,0.2635280525075672,0.20622653898215193,0.001144388293217435,0.5291010202170633
doc314,0.3319987580282026,0.002155731684045831,0.05313889463963413,0.6127066156481173
doc315,0.31283752588543584,0.004674289791033154,0.0046740141967487195,0.6778141701267824
doc316,0.19366798097799365,0.0013444105819605254,0.049354924012854504,0.7556326844271913
doc317,0.9024501526654478,0.0024758794474486322,0.09259806662997382,0.0024759012571295633
doc318,0.00282526662467538,0.052443529526533215,0.0028256153445549875,0.9419055885042363
doc319,0.7079840638183484,0.0019088270372352033,0.001909365210278376,0.28819774393413794
doc320,0.9982388396985407,0.0005870038661806228,0.0005871650041200801,0.0005869914311585765
doc321,0.9978159236104454,0.0007281082652652399,0.0007279217856210452,0.0007280463386684371
doc322,0.15513889575700157,0.22564217546636928,0.0016028198562337936,0.6176161089203954
doc323,0.0008448954690856645,0.965320837155872,0.0167340475209535,0.017100219854088616
doc324,0.0010379280820791998,0.0010376823933646322,0.0010375269692413345,0.9968868625553149
doc325,0.4698130794284735,0.1524162441216227,0.0008519891263790816,0.3769186873235247
doc326,0.11817519570246751,0.5427114009637746,0.0019844261880777804,0.3371289771456802
doc327,0.7542974727332179,0.008208830278061298,0.0013443071065982726,0.23614938988212245
doc328,0.16450821258237516,0.0013817079758392532,0.09109246610894155,0.7430176133328441
doc329,0.5385335850637072,0.0008593569421682396,0.0008592383276029128,0.4597478196665218
doc330,0.9501485574295918,0.0006741173449301397,0.04850327303182236,0.0006740521936559872
doc331,0.9019900721951106,0.0015063591230914455,0.0015064653210538714,0.0949971033607441
doc332,0.9962677744814528,0.0012441394045436622,0.001244021781303869,0.001244064332699785
doc333,0.9983638169571716,0.0005454056379371159,0.0005453613691288175,0.0005454160357624722
doc334,0.371876909371703,0.34744642131855413,0.10748361964230546,0.17319304966743745
doc335,0.9159419803349991,0.0014623992822903405,0.0014623079126806875,0.08113331247002976
doc336,0.6826500279446371,0.12822756384620737,0.00039471994236237685,0.1887276882667931
doc337,0.0995732767530413,0.8953494065058926,0.0025384682957941863,0.0025388484452718877
doc338,0.7708859340840386,0.22293926979513182,0.0030874426552214233,0.0030873534656080787
doc339,0.2384908275794567,0.23107708761077783,0.0013625354487062675,0.5290695493610592
doc340,0.28557986803612145,0.34731268608899135,0.00241628513138627,0.3646911607435009
doc341,0.505551561699137,0.491829634802538,0.0013093805272785877,0.0013094229710463713
doc342,0.9904427538184898,0.0031853943985698367,0.0031861706963240547,0.0031856810866164468
doc343,0.0013816397366273312,0.34594654806825786,0.1489069305131599,0.5037648816819549
doc344,0.34960783341033225,0.0005225632775566903,0.0005226660219517503,0.6493469372901592
doc345,0.0012597840704422797,0.0012599762956629072,0.0012597968731904293,0.9962204427607043
doc346,0.7014209304375387,0.020261995600027963,0.0005453099467241113,0.2777717640157092
doc347,0.25362388923108264,0.001984561665799434,0.0019843802684366345,0.7424071688346813
doc348,0.4785427835126463,0.00044378094529522703,0.00044373708887396253,0.5205696984531845
doc349,0.0010484286693397166,0.0010483355961332045,0.996854872225677,0.001048363508850093
doc350,0.0010484286693397166,0.0010483355961332045,0.996854872225677,0.001048363508850093
doc351,0.17939368850755316,0.001946024859399856,0.0019460591538856544,0.8167142274791613
doc352,0.9057250379323244,0.0014841149706177324,0.001484126614816766,0.09130672048224114
doc353,0.9971530069612811,0.0009490418011711792,0.0009489163129095525,0.0009490349246382038
doc354,0.659584520079058,0.03691733476984256,0.0013267042379453834,0.3021714409131541
doc355,0.8189734005096451,0.10490188119670033,0.0007333705734873504,0.07539134772016735
doc356,0.9973300543345006,0.0008899112866535262,0.0008901627587688394,0.0008898716200770304
doc357,0.8022061829666416,0.05211584072043799,0.14481113061126397,0.0008668457016563299
doc358,0.502717195567926,0.0007280163885308367,0.23574272897584753,0.26081205906769556
doc359,0.25877874205554663,0.002538772678838315,0.002538519759130643,0.7361439655064844
doc360,0.8091615936344102,0.18103357190483507,0.004902271214777798,0.004902563245976837
doc361,0.004274806499649635,0.3836118731789282,0.004275110270800555,0.6078382100506216
doc362,0.9877008089586985,0.004099783127171869,0.004098754126945207,0.004100653787184346
doc363,0.4114584249727939,0.3324166820551687,0.0012757601709419023,0.25484913280109556
doc364,0.7232187487726904,0.0015064759592177436,0.0015061958046194038,0.27376857946347255
doc365,0.4270377291966591,0.0015295136975033252,0.057776942462252734,0.5136558146435849
doc366,0.7134327703434902,0.0012757630253727949,0.0012757098475872741,0.2840157567835496
doc367,0.5711674817175041,0.04316167416815215,0.05315325315406045,0.33251759096028327
doc368,0.9022039862897485,0.0014623045439583922,0.09487134523678653,0.0014623639295065927
doc369,0.0016290445767296754,0.0016290830918816806,0.0016288763055819122,0.9951129960258067
doc370,0.0021104306582168117,0.3056578143600213,0.0021103017755571656,0.6901214532062047
doc371,0.732903712061515,0.12028609988556813,0.0012439826109063347,0.1455662054420106
doc372,0.0026743336846509038,0.9919768600562437,0.0026742092338819796,0.002674597025223303
doc373,0.5503256076292189,0.19414018662161212,0.0017423742200789684,0.2537918315290901
doc374,0.006494442267909341,0.006494108869944609,0.006494003545940131,0.9805174453162059
doc375,0.0018732494934765491,0.001873619459198518,0.0018734476257058971,0.9943796834216191
doc376,0.44448241528148713,0.002110264006502031,0.002109813638245176,0.5512975070737657
doc377,0.002476016500751751,0.2968579158923457,0.0024758669152019444,0.6981902006917006
doc378,0.7079840638183484,0.0019088270372352033,0.001909365210278376,0.28819774393413794
doc379,0.7793144649750525,0.12124999666204511,0.0019086080443980443,0.09752693031850429
doc380,0.9982388396985407,0.0005870038661806228,0.0005871650041200801,0.0005869914311585765
doc381,0.9805158466340337,0.006495284871783465,0.006494016242909064,0.006494852251273892
doc382,0.0014624310713522667,0.9956126200257199,0.0014625524751948938,0.0014623964277329542
doc383,0.8304545810849939,0.0016029793919840518,0.0016029726582470322,0.16633946686477494
doc384,0.9978159236104454,0.0007281082652652399,0.0007279217856210452,0.0007280463386684371
doc385,0.004673947398192512,0.9859786552796849,0.004673037921727124,0.00467435940039572
doc386,0.9966434395721726,0.0011187935037319922,0.0011187748989353538,0.0011189920251599903
doc387,0.9608375272497333,0.03494247807262763,0.002110005764116196,0.0021099889135228647
doc388,0.6558924379289433,0.15852822565312033,0.0022030249768419147,0.1833763114410945
doc389,0.0014624310713522667,0.9956126200257199,0.0014625524751948938,0.0014623964277329542
doc390,0.9980047885512057,0.0006650018970740891,0.0006651103583425042,0.0006650991933778441
doc391,0.9951126506930473,0.0016292496259562154,0.001628928471179414,0.0016291712098170956
doc392,0.7746983315754944,0.22455073280068594,0.00037546211566846967,0.00037547350815117313
doc393,0.001984619526229055,0.5625436952556421,0.0019844240314147673,0.43348726118671416
doc394,0.9620713523606083,0.0010375892616448824,0.0010376916349504378,0.03585336674279658
doc395,0.789829156489506,0.0008820302530737745,0.0008820376970402401,0.2084067755603799
doc396,0.10411766109996516,0.6696320479639548,0.001131563781873742,0.22511872715420617
doc397,0.002110409591195772,0.9936688753578676,0.0021101483577115497,0.002110566693225049
doc398,0.8679605323554989,0.13098878537086908,0.0005253017937860186,0.0005253804798460404
doc399,0.03304834990828077,0.812519482200699,0.0013265174923359402,0.1531056503986842
doc400,0.9836928906448207,0.0054367026210181725,0.005434999692386281,0.005435407041775038
doc401,0.9088493803126355,0.002416028927847416,0.0024157430917654513,0.08631884766775155
doc402,0.8974218650617815,0.0005735317068434807,0.0005735589243666795,0.1014310443070083
doc403,0.16900375545579235,0.7151727984733292,0.0011712621003828777,0.11465218397049566
doc404,0.4026833747177694,0.5049301505285518,0.0022033313010512406,0.09018314345262764
doc405,0.2928297265930966,0.0016838637963041215,0.25409073100452506,0.4513956786060742
doc406,0.4555563938633937,0.0002806615790008189,0.004972836430146168,0.5391901081274593
doc407,0.5042552432550311,0.0029078356486506736,0.0029074074133107375,0.4899295136830075
doc408,0.0011063650419236317,0.0011065861264346567,0.9966806222195794,0.0011064266120622253
doc409,0.0011063650419236317,0.0011065861264346567,0.9966806222195794,0.0011064266120622253
doc410,0.4941718249156101,0.5031395934466797,0.0013443008009907114,0.0013442808367192661
doc411,0.2747892246550699,0.39358354526681616,0.33022626969387525,0.0014009603842388035
doc412,0.7663593557378443,0.15539220513025698,0.0005365912821137398,0.07771184784978492
doc413,0.8917867773648404,0.001712709155692665,0.0017127284487234971,0.10478778503074342
doc414,0.0016291456895114306,0.24314089019408808,0.026109866708640343,0.7291200974077603
doc415,0.7415024531371225,0.1979170782354851,0.0013814214813841737,0.05919904714600817
doc416,0.8653022392268832,0.0005395173728446801,0.0005394924187042168,0.1336187509815679
doc417,0.6393877813030762,0.3574564875935968,0.0015780512317969465,0.0015776798715302009
doc418,0.6853739960211599,0.0030871783465234977,0.3084519054229844,0.0030869202093322767
doc419,0.10314507625121058,0.0017426782254818705,0.001742521953666488,0.8933697235696411
doc420,0.4624266600729509,0.0017734379153288913,0.0017735771339104102,0.5340263248778099
doc421,0.23497098185547496,0.6747098781155804,0.002024942365112831,0.0882941976638318
doc422,0.0035223312920695344,0.5673167377974199,0.003522186730864628,0.42563874417964603
doc423,0.46024083281385,0.537070444760451,0.001344212118695641,0.0013445103070033528
doc424,0.47647725117667183,0.00044571718110715915,0.020537978863114925,0.502539052779106
doc425,0.0016563532251139808,0.0016560168869359706,0.0016559027924477505,0.9950317270955022
doc426,0.11931556749285323,0.05722323350419541,0.0013091959812193943,0.8221520030217321
doc427,0.5774710283351567,0.001656344944800683,0.001656017107590064,0.41921660961245244
doc428,0.9960724868302878,0.001309310350340213,0.0013090338904444333,0.0013091689289274609
doc429,0.4438465331621907,0.08636837607515688,0.0011991805505367189,0.4685859102121157
doc430,0.9446433041995509,0.052986398691180055,0.001185134120323712,0.001185162988945138
doc431,0.1525093917396885,0.4336513841924458,0.19476011728884904,0.21907910677901657
doc432,0.6231414589688857,0.010760896476479005,0.0003027100435348333,0.36579493451110046
doc433,0.0022532388511028113,0.6334987488730733,0.00225287490052046,0.3619951373753034
doc434,0.0042743927229128564,0.33924796697720505,0.004274550078492196,0.6522030902213899
doc435,0.25877874205554663,0.002538772678838315,0.002538519759130643,0.7361439655064844
doc436,0.0012600801822917874,0.0012596897572391859,0.001259594080074514,0.9962206359803946
doc437,0.7079840638183484,0.0019088270372352033,0.001909365210278376,0.28819774393413794
doc438,0.9982388396985407,0.0005870038661806228,0.0005871650041200801,0.0005869914311585765
doc439,0.7322985282600364,0.26489966189043007,0.0014008144664083122,0.0014009953831252964
doc440,0.49278483996413985,0.000631445535592112,0.0006313824957424236,0.5059523320045256
doc441,0.9608375272497333,0.03494247807262763,0.002110005764116196,0.0021099889135228647
doc442,0.2384908275794567,0.23107708761077783,0.0013625354487062675,0.5290695493610592
doc443,0.48078216318510525,0.5173016787076192,0.0009579948792304209,0.0009581632280450859
doc444,0.7014209304375387,0.020261995600027963,0.0005453099467241113,0.2777717640157092
doc445,0.8504965095900868,0.14878483553259864,0.0003593360193301636,0.00035931885798442723
doc446,0.8356740774719646,0.0016290129671867853,0.0016292250752748723,0.16106768448557368
doc447,0.0005395203081747867,0.9594380996159798,0.0005394810696585219,0.039482899006186865
doc448,0.16993082111262342,0.827010498117876,0.0015292170617292767,0.0015294637077710592
doc449,0.8986077242142575,0.09999726245061727,0.0006974546916552455,0.0006975586434700094
