,topics0,topics1,topics2,topics3,topics4,topics5,topics6,topics7,topics8,topics9,topics10,topics11
doc0,0.0008758908045176406,0.0008759027514374387,0.0008757929500761839,0.0008757829991001438,0.2367100503061844,0.0008758591847434547,0.7545312784754442,0.0008758418314256,0.0008758555331194351,0.0008759290714046554,0.0008758922323431739,0.0008759238602036695
doc1,0.001405012078972482,0.0014048195811395773,0.0014048289006394477,0.08962673593637915,0.0014049446182698682,0.0014050075294306647,0.001404843285555332,0.0014046169172784967,0.5531961145048616,0.16091261650680835,0.18502555341415816,0.0014049067265069616
doc2,0.0009330859038429809,0.0009332647654808581,0.0009329968344879872,0.0009330858931094342,0.035101117127300734,0.151420450022012,0.0009330837787724517,0.0009329533355884321,0.3451389953450954,0.4608748065775793,0.0009330971021666127,0.0009330633145637018
doc3,0.0007185421273261849,0.055292469994621986,0.000718555388647663,0.0007185549877329972,0.0954071074509957,0.000718563166482394,0.2546304467354049,0.0007184712418924188,0.29785329595476845,0.29178677096606553,0.0007185651176897449,0.0007186568683718883
doc4,0.15353685922930105,0.0018455264959288625,0.0018454576595357832,0.0018453823875862053,0.43105010296151564,0.0018456112241302717,0.0018454644026143188,0.0018456220559259612,0.03301729174211486,0.2407149218885908,0.0018452766750198105,0.12876248327773637
doc5,0.047307538869488554,0.23612264544348194,0.00033766893757980736,0.02761415105947277,0.06401157237312752,0.0003376783905905449,0.4801193487288272,0.0003376779662365231,0.03831847593027814,0.011264366183900375,0.0003376862076858272,0.09389118990933051
doc6,0.0005343202240227662,0.20357645046334097,0.0005343505634473151,0.09765944797082822,0.0005343914030114539,0.2568195500416216,0.03539535939970402,0.0005342641355934506,0.06301636225500684,0.0005343146412263055,0.0005343018396293316,0.3403268870625677
doc7,0.001263160462002525,0.0012630334210348545,0.0012628211829449915,0.11464072489048376,0.0012628921283372523,0.08213589753095733,0.0012629870929993365,0.001262802088925372,0.701396105657004,0.0012628854379379366,0.09172383384447358,0.0012628562628991852
doc8,0.001039708405059664,0.2801034102427146,0.0010397392706458814,0.0010397018414377492,0.0010398010522777211,0.0010397291089368297,0.03729221312697028,0.0010398009567766605,0.0010396881722776045,0.0010398410303113891,0.5911958948849044,0.08309047190768724
doc9,0.07795653055939039,0.45346422236297174,0.0013300110095047768,0.0013302559388085147,0.001330025964069878,0.0013301702339626488,0.0013301458664135173,0.0013302457021386852,0.17174596259882388,0.0013300450270516465,0.028713173163908437,0.25880921157295583
doc10,0.007577673768484319,0.6245109131612282,0.007577286467642648,0.2147454436346768,0.007576899407733071,0.0075788351362492765,0.007577314712302407,0.00757693772580844,0.09254506366567009,0.007577362981523203,0.007578102556034346,0.007578166782647218
doc11,0.04492242773412641,0.0009691458868185424,0.0009691775874972944,0.000969119085820338,0.0009692311808769741,0.0009691471261856012,0.0009692978634217999,0.9095352941166733,0.0009692683419668479,0.0009693468358039843,0.036819347613497616,0.0009691966273112941
doc12,0.38825034315402607,0.0009159742841067675,0.0009158985554793659,0.06458913747426914,0.024542991204702738,0.04556043415057376,0.0009159541435100187,0.0009159645140474886,0.42824252630598436,0.04331888223094871,0.0009159384254835949,0.0009159555568679596
doc13,0.04492242773412641,0.0009691458868185424,0.0009691775874972944,0.000969119085820338,0.0009692311808769741,0.0009691471261856012,0.0009692978634217999,0.9095352941166733,0.0009692683419668479,0.0009693468358039843,0.036819347613497616,0.0009691966273112941
doc14,0.11775667757976366,0.0013300084151875655,0.0013299859363804243,0.0013302246036724944,0.0013300603739597999,0.0013303125399852797,0.0013300927491152917,0.001329957712613645,0.6655989276103743,0.10156908532557275,0.10443450821393284,0.0013301589394421282
doc15,0.16545922048027475,0.1467922240500604,0.0012470922955932038,0.06792773722197279,0.29883115796763177,0.001247368815638229,0.0012472730550742385,0.0012473016214628425,0.0012472270187060268,0.3122591170509209,0.0012470968494273536,0.001247183573237557
doc16,0.09825404067622259,0.0007989659185448801,0.000798799475214198,0.0007989014244593596,0.0007988607127918599,0.0007989423904646215,0.19902763498444412,0.0007988909573846906,0.4050906622226433,0.000798812815009726,0.05435306770859987,0.23768242071422097
doc17,0.0009331250914324392,0.19925349886146174,0.0009330080964872169,0.0009330808671217614,0.33943338006936585,0.0009330747088587566,0.05448556619001923,0.000933036235043411,0.06102892183641939,0.0009331313995825227,0.13187453161598298,0.20832564502822493
doc18,0.004717792903488519,0.0047193684312272915,0.004717763731015083,0.21703931453538125,0.004717797913569031,0.004717829959714396,0.004717867838027973,0.004718580431658209,0.735780253978527,0.004717522398145741,0.004718056715506996,0.0047178511637385595
doc19,0.04000732169882286,0.0008463057888362024,0.0008461387089926067,0.000846257296151566,0.0008462239373085112,0.0008462187626646907,0.0008463144584486957,0.000846159020885153,0.14994326003886838,0.000846257781097129,0.17115862634746024,0.632120916160464
doc20,0.0010732976763654903,0.23550135392628604,0.0010732308906045594,0.0010731747407331147,0.0010733454265704156,0.061586486799665864,0.1818458407940804,0.0010732523676685167,0.16669899514823117,0.2634914580275553,0.08443622030070722,0.0010733439015319583
doc21,0.0006018724717637368,0.12842251958892584,0.06417490642341325,0.06692801654422273,0.0006018990645136363,0.05995575815768824,0.19977690824470384,0.027339501152353705,0.000601813352360197,0.45039305415355124,0.0006018669625756789,0.0006018838839278723
doc22,0.1308862272094411,0.07039928066901961,0.001366386046739857,0.0013664552207177164,0.42461010020293466,0.13049371091799017,0.061301536766589323,0.0013663976740552755,0.0013664591248497499,0.17411071446518114,0.0013663871524322497,0.0013663445500491603
doc23,0.33755165473421467,0.0005911433121047957,0.0005912198094279761,0.05237234536418539,0.052870087876591525,0.2505058169586062,0.0005911819895717448,0.0005910622144982015,0.3025620662065682,0.0005911188527836339,0.0005911897870179237,0.0005911128944298519
doc24,0.0013126270244137215,0.023792441928468244,0.0013125998051502145,0.001312667971990817,0.5108753888618307,0.15130256715701007,0.0013125232250854111,0.0013126950462163845,0.20706776895337625,0.09777351494658365,0.0013125934367951599,0.0013126116430794467
doc25,0.07738112593186529,0.14864889251107358,0.0007083475585505768,0.0007084103165217559,0.0007084094590581141,0.0007084088316961157,0.5059822090419824,0.0007083219369557792,0.0007084242706384589,0.0007083467087998194,0.2055916521023801,0.05743745133047801
doc26,0.0008916011803805854,0.6792993077303707,0.0008914437225574512,0.000891537489960315,0.08011228781944865,0.0008916167205799373,0.0008915614250845486,0.000891441225372224,0.0008914909989809009,0.0008914497582061106,0.23256468693378324,0.0008915749952752728
doc27,0.45688922846233765,0.11543223420601569,0.0008053647773607441,0.0008053435336979939,0.0008053419474420235,0.0008053961928674232,0.0008054216731584545,0.0008053810984441098,0.30086646777295434,0.0008054058461040773,0.12036899099817165,0.000805423491445873
doc28,0.0018118131596195342,0.7298037016280222,0.001811950258358992,0.19326495706141114,0.0018121757352269005,0.060623619154799406,0.0018118827245480048,0.0018117828479909664,0.0018120021356810298,0.0018120424031961688,0.0018118198104360704,0.00181225308070965
doc29,0.12152514572155976,0.2911427301553543,0.0010397313860880748,0.001039842340545839,0.24256456719199707,0.0010397245357584074,0.31530098736224277,0.022188003970837974,0.0010398573715288326,0.0010397929559976757,0.0010398709779058527,0.001039746030183199
doc30,0.045350086257041684,0.11766541029265867,0.001187809485302745,0.00118805387505717,0.20289364477060706,0.0011879550273392319,0.5071891197080891,0.0011878023174457407,0.11858634647166215,0.0011877981003238734,0.0011879475409164418,0.0011880261535560878
doc31,0.15332498358083224,0.42805976478832003,0.09259854169176958,0.0535128267751614,0.0008322457674308735,0.0008321743687863023,0.26667860704728874,0.0008321602705009849,0.0008322519885515641,0.0008320780882667463,0.0008321263317225207,0.0008322393013691311
doc32,0.3357789613008239,0.5828696575699107,0.0013124791824247802,0.0013126013530991095,0.001312653947403196,0.0013125844475853138,0.0013126915459003021,0.0013125369652022853,0.06953806015764141,0.0013125060624835279,0.0013125543566988532,0.0013127131108263761
doc33,0.3651977603279577,0.11404972933074844,0.0024882680100779208,0.0024886103287186673,0.0024888029047464475,0.0024881087822431415,0.13673692145970892,0.03845394744548321,0.0024881805625877936,0.10760273677293135,0.2230284818564399,0.0024884522183564765
doc34,0.5609282151913283,0.0004850871417115507,0.0004850403551895652,0.0004850559355579206,0.0004850826388177334,0.026857182078217266,0.0004850691923766028,0.00048501123276453625,0.3825126334241109,0.00048512385454029856,0.000485080852355099,0.02582141810303027
doc35,0.25753973760082816,0.1659422206282476,0.0018118912776902817,0.0018119066434632092,0.0018120578508291072,0.0018119663176106673,0.3764617469519159,0.0018120082629195541,0.001812240891889397,0.11609484764462819,0.07127726460328222,0.0018121113266956266
doc36,0.0009982572083079265,0.6759876990686732,0.0009981579473481075,0.0009982572554385982,0.0009981604628342855,0.0009982633407267,0.0009983689540171954,0.0009981986109941841,0.000998156611148572,0.000998281060211112,0.3140298266605657,0.0009983728197345495
doc37,0.0007863805548373945,0.9913499597196143,0.0007863225276876577,0.0007863801611400803,0.0007863049750714214,0.0007864245701378432,0.0007864722080001038,0.0007862319331152233,0.0007863374764506493,0.0007863855014508571,0.00078641210293167,0.0007863882695628082
doc38,0.1526375408874725,0.735515116055738,0.0005046346878008099,0.02237741752824765,0.0005046680094310353,0.000504698216544446,0.0278578424464115,0.0005046268243271926,0.05807939398689127,0.0005046820747645231,0.0005046812410299952,0.0005046980413410237
doc39,0.15223708332874494,0.4407790917273246,0.0011214331730243995,0.0011212897439163867,0.03195133297862072,0.0011214091260685444,0.13210307540410862,0.0011212554275239353,0.0011214233790015178,0.0011213788159689297,0.23507979998729772,0.0011214269083995615
doc40,0.0004781087509014993,0.5068708353975836,0.00047809983957008615,0.04709469379379562,0.022725211703232936,0.31176400923398284,0.034049132125037435,0.0004780743995292449,0.00047815596376861214,0.07462746583614598,0.00047810025144610707,0.0004781127050061257
doc41,0.3320882025887406,0.0018799344742183063,0.001879879205328284,0.0018805761672961321,0.0018798985941519749,0.6491108973299933,0.0018799910448362538,0.0018800229390079028,0.0018801422959447355,0.0018801108990070148,0.0018801419658113115,0.0018802024956640815
doc42,0.027784188032023666,0.0006243440697286132,0.0006243242634016464,0.17969793364635575,0.0006243390397710323,0.0006243536525876888,0.15272786874310254,0.0006243649173840807,0.0006244194080405871,0.000624346396711669,0.5880330417968033,0.0473864760340895
doc43,0.24779794766912186,0.13269724748116066,0.28690507555617983,0.0006529535676965874,0.1366250597864294,0.0006529355024679035,0.103976334529946,0.0006528239162597153,0.04605307930768076,0.0006529358554396247,0.0006528535520248727,0.0426807532755928
doc44,0.0021191243136075436,0.002118901578168106,0.002118939595543749,0.002119275992078935,0.002118966144154723,0.0021189716307436364,0.40292617010194914,0.039498414530342044,0.09660694650769303,0.4440162762398823,0.0021190828037323133,0.002118930562104435
doc45,0.026646209135119194,0.044085394998262986,0.0009982099330186679,0.000998299550586507,0.0009983045751029518,0.1759689609658984,0.000998214038329952,0.000998221154862039,0.7453133509807361,0.0009982492706168734,0.0009982876972629122,0.000998297700203373
doc46,0.0017798995300355425,0.001780147408589177,0.0017799218968257437,0.0017799422326078415,0.18302283910357042,0.001779529368779699,0.0017799432007020064,0.0017794393025114407,0.7991790327532948,0.0017796950126786682,0.0017796747111407604,0.0017799354792639402
doc47,0.0931330853027893,0.0946014245631996,0.054024020565231076,0.10082205734713741,0.26838003016182094,0.00048745468489435413,0.1392609213375545,0.0004873762251407226,0.23479340263224707,0.0004874158766174786,0.0004874240550783226,0.013035387248289183
doc48,0.0013128731432559822,0.3496323357840471,0.0013129281660605079,0.141350018246649,0.001313021242381436,0.19241174968561928,0.13514515417449294,0.0013125479339653608,0.001312823055466202,0.13057203526488734,0.0013127280102386855,0.0430117852929362
doc49,0.0010082431578215133,0.09096364577341785,0.0010082093016552745,0.0010082146181156011,0.0010082631150579908,0.001008343029395119,0.45109249977699695,0.0010081937560985485,0.0010083325410215232,0.4488692542984209,0.0010083770219230016,0.0010084236100756949
doc50,0.0016342979877790875,0.0016343765821789573,0.4136736262738862,0.001634705316781086,0.0016345322641105595,0.001634619618918301,0.21413333432576875,0.0016344321410075753,0.0016345433505137211,0.3574827722376371,0.0016343895248434241,0.001634370376575291
doc51,0.16151618058695213,0.05441056333619318,0.0017484732591980677,0.0017486706200235656,0.001748582470953519,0.0017488091688977769,0.0017485574196403814,0.001748732649271854,0.3856127218131655,0.3844716377090288,0.0017485764229981037,0.001748494543677129
doc52,0.0014883874896339348,0.12937813783112584,0.0014883182699672963,0.0014884858440687178,0.5185742904826388,0.18210719894209337,0.158032871414585,0.0014882526643907313,0.0014884178026858608,0.001488644560135695,0.0014883931768604225,0.0014886015218142914
doc53,0.001039763074464566,0.0010397172770186306,0.0010396334824015218,0.04646366903227158,0.0010398373581839775,0.0361126943923053,0.0010397669055913462,0.0010395374561095543,0.709895458526354,0.0010396461540676605,0.19921052936684783,0.0010397469743838909
doc54,0.5587850553632286,0.0012629146666798788,0.0012628482052333713,0.0012628673550729335,0.001263125762075606,0.0012627775114196235,0.06587659665194237,0.0012628061562826832,0.36397179009185104,0.0012630519785594336,0.0012630377445857189,0.0012631285130686263
doc55,0.1799124784154988,0.05943583814413162,0.0009883508145458388,0.000988379900071754,0.06439820486602685,0.0009882821587047967,0.6883465494050012,0.000988363832384566,0.0009882944573170193,0.0009883634170522427,0.0009885471079384386,0.0009883474813267039
doc56,0.0032057016031326667,0.00320603750330597,0.0032059078643479947,0.34891345747647295,0.08217697663435254,0.40012429086280904,0.003205417955531912,0.0032053123207483594,0.1431389290661093,0.003206443945168316,0.003205840568247527,0.0032056841997734537
doc57,0.0006204625375167184,0.4446390515288553,0.0006205298094936664,0.000620476105434624,0.03942252791659488,0.11255970379025743,0.026125515164398525,0.000620430095747487,0.20705883221302793,0.03999208136308324,0.12709987040384904,0.0006205190717411289
doc58,0.0026188611250442563,0.002618326131546668,0.002618015053494172,0.002618430239097185,0.7476865217813906,0.0026182443962967754,0.002618805050125691,0.0026185597613223605,0.002618456760940381,0.2261291289988982,0.002618412548966147,0.0026182381528775107
doc59,0.0006404099363267839,0.016337264237971254,0.0006403627293768709,0.0006403314190678844,0.06933264442951009,0.0006402976996762655,0.06944442609212814,0.0006403054289281256,0.7849283050337773,0.0006403878173243511,0.055474813368043115,0.000640451807869868
doc60,0.12698481126860123,0.6400544248025728,0.0024878539184293846,0.0024887960278380094,0.002488349969401763,0.21056482307628077,0.0024887196714889373,0.0024889159875061163,0.0024887862004949204,0.002487805038377527,0.0024884239841232725,0.002488290054885344
doc61,0.04399921454854162,0.290269310911224,0.0006402882362938747,0.0006403506050599134,0.0006404947185423899,0.0006403997698101106,0.08576708165772734,0.0206474599502275,0.000640357614051883,0.0006403406417284733,0.5548342903948672,0.0006404109519256935
doc62,0.0013301940414688828,0.7270277391351215,0.0013301078565639663,0.0013303317878155755,0.0013300235599755864,0.178293372300963,0.0013301144382386958,0.0013301333900065425,0.0013302794032253212,0.001330158766378028,0.08270725549223377,0.0013302898280090217
doc63,0.003425509791332493,0.3019057077042784,0.0034255315268161843,0.0034251893921309283,0.003425509783511461,0.003425826433844098,0.0034252748919046797,0.14845228571998942,0.0034253050552816417,0.5188126741846564,0.0034256131883452523,0.0034255723279089374
doc64,0.0009418714965363854,0.07755634477587067,0.000941761571022831,0.000942076490024782,0.0009418287944659215,0.0009418738971593432,0.0009417964377634366,0.8879525918739454,0.0009419596019740404,0.026014337536950326,0.000941785591892357,0.0009417719323944811
doc65,0.10396976896974919,0.0014246539357261798,0.0014246257531843611,0.0014245973450023187,0.0014247523953045934,0.001424656916691408,0.0014248055410277854,0.0014247828962865835,0.7887876291703095,0.0014247858405185166,0.09442023362029413,0.0014247076159053197
doc66,0.0009418714965363854,0.07755634477587067,0.000941761571022831,0.000942076490024782,0.0009418287944659215,0.0009418738971593432,0.0009417964377634366,0.8879525918739454,0.0009419596019740404,0.026014337536950326,0.000941785591892357,0.0009417719323944811
doc67,0.0027634694544149607,0.002763406977923037,0.002763088851559457,0.09103272037814363,0.0027634825609955363,0.0027631297461856675,0.3781747855281,0.002763332917495243,0.5059237290016774,0.0027628357082667243,0.0027629176068982722,0.0027631012683400876
doc68,0.0007566449860005904,0.0007566983737035797,0.000756566839363687,0.0007566120352831324,0.0007565763465044273,0.0007566615384501088,0.2734962203236279,0.0007565454783846072,0.24694997085812623,0.0007566757661723958,0.12366941454672527,0.3498314129076582
doc69,0.0011213522545409894,0.001121418859252494,0.0011212594553186763,0.0011212845299011557,0.6013032297190845,0.0011213175307108498,0.0011213807435388268,0.0011213002015479968,0.30013063279915847,0.0011214178861034712,0.021729917190450438,0.06786548883039215
doc70,0.0007185060982598218,0.0007185718712349221,0.0007185940362486414,0.0007185448052926718,0.0007186443196001099,0.2188561134834335,0.33692438258265184,0.0007185735291948634,0.15001657713175903,0.0007185590724577678,0.0007185876719343954,0.2884543453979325
doc71,0.18522231556237984,0.5223929409030581,0.000636213373725932,0.0006362557628365831,0.0006362427434845589,0.2866581435490767,0.000636472293392934,0.0006362631100491861,0.0006363006682239818,0.0006362228482329671,0.0006363091258617989,0.0006363200596775289
doc72,0.0016344328342250824,0.0016342426200027943,0.6326240003673776,0.0016346115883264574,0.04387989453316452,0.0016345474832979955,0.2003370156328589,0.001634610883662243,0.0016344412263089286,0.11008362185322809,0.0016343791915011314,0.0016342017860464246
doc73,0.04000732169882286,0.0008463057888362024,0.0008461387089926067,0.000846257296151566,0.0008462239373085112,0.0008462187626646907,0.0008463144584486957,0.000846159020885153,0.14994326003886838,0.000846257781097129,0.17115862634746024,0.632120916160464
doc74,0.005209002211208421,0.21258982227034331,0.005209086259924618,0.005210877413351009,0.00521018631643422,0.7353117666808896,0.005209575470044287,0.005209697406758947,0.0052102652312067685,0.005210475024358995,0.005209630987567834,0.005209614727912161
doc75,0.0022131000834145417,0.6074246978154435,0.11672293240215542,0.0022126231425244193,0.0022129588126305055,0.0022130407414688333,0.07392172330806326,0.08394934702119315,0.10249083303397397,0.0022127436211740884,0.002213175710505154,0.002212824307453085
doc76,0.29335577761470893,0.0006129496137965883,0.6124143438044171,0.0006129050220796466,0.0006129486485071471,0.0006128412770589357,0.0006129435126092651,0.0006127998787131646,0.0006129441250417034,0.0006129339136023815,0.0006129480344492761,0.08871366455501604
doc77,0.3493160433683749,0.0020328154048891473,0.002032807905595088,0.0020329369761878336,0.002032854948511235,0.29701964082049437,0.0020332770022603733,0.0020327612417583188,0.21969869330930997,0.11770262780662538,0.0020327883954093283,0.0020327528205841723
doc78,0.0007566081491462007,0.23634903374484045,0.000756538203674064,0.0007566524731970804,0.0007565747957044202,0.11293928137740199,0.23468565612464903,0.0007565352563719027,0.2335630199911525,0.0007566193848795839,0.1771669124275912,0.0007565680713916863
doc79,0.0015578273660576882,0.001557837821893415,0.0015579063692484918,0.0015579310409743906,0.10150943224268147,0.0015578698540148195,0.0015581930210315396,0.0015577377285574282,0.0015580666970231854,0.8009193364640087,0.0015579573088466611,0.08354990408566236
doc80,0.3205265931199522,0.0018122652190262285,0.3332815426568923,0.001811974082407682,0.0018121054863154522,0.001811936022545565,0.0018122561449738046,0.0018119368990162639,0.3298828859115306,0.001811929691007738,0.0018126996200743572,0.0018118751462577215
doc81,0.0017796862600832407,0.0017798197711466086,0.35450866537621367,0.0017795571707081804,0.0017796160237759707,0.23758893073211282,0.0017795568340445332,0.0017801065648855184,0.0017796638787066657,0.10062430119214472,0.293040432525875,0.001779663670302887
doc82,0.6199803228648249,0.22515149864040251,0.001445258555535238,0.0014454481224279757,0.0014453348345977775,0.001445418755977081,0.0014458744687662192,0.0014453962938008119,0.14185888204300412,0.0014458291926745502,0.0014453519673936555,0.0014453842605951467
doc83,0.2391323317721102,0.0017185641288946464,0.0017184316600653711,0.0017187831810045035,0.03403859227139328,0.14453434996271886,0.0017189250732623283,0.001718456711929014,0.0017186263556061162,0.0017186961037741067,0.0017187579827176115,0.568545484796524
doc84,0.32774106004672815,0.0004946573995772213,0.0004947170746452202,0.05484120088025386,0.032472315648184424,0.2843695408492927,0.0004946849315612523,0.0004945953259366061,0.2971132549568458,0.0004946498160467958,0.0004946844874900836,0.0004946385834379069
doc85,0.12173752255324836,0.47142811688351327,0.0008681928014879155,0.13673936629121677,0.07852892030143563,0.0008683576801540657,0.11391532334581779,0.0008682067087543641,0.07244109829849898,0.0008682860943068898,0.000868244055758635,0.000868364985807198
doc86,0.6560068722844314,0.07665184464857512,0.06095150530230998,0.0008462283358027328,0.0008463679909106544,0.0008462000484418105,0.19961991734734494,0.0008460843224666652,0.0008463206984647705,0.0008462088161455216,0.0008462411345953192,0.0008462090705109811
doc87,0.8031274225527103,0.0011878669785049015,0.0011878200838732627,0.0011881008890625682,0.001187786559981845,0.18499382376199466,0.0011878789945380104,0.001187750583898584,0.0011878879914240207,0.0011878321930891191,0.0011878808241178062,0.0011879485868049365
doc88,0.28956904919297627,0.24614153780839576,0.2945383361373066,0.08732220523821153,0.0007864293744813407,0.000786295345641886,0.07692435197594043,0.0007863239226587767,0.0007864007836823452,0.000786282655497018,0.0007863992720543835,0.000786388293153729
doc89,0.035836556953373074,0.3118226726006127,0.001073165563632395,0.0010732280709868168,0.0010733465918558124,0.3178737370817752,0.0010733140897526009,0.0010731304829704339,0.0010733342012590266,0.0010732106573398312,0.03848322038170075,0.2884710833247414
doc90,0.26300675284174274,0.001634321231767281,0.1684888292044892,0.059504391572633875,0.0016344601040802192,0.1414106560590074,0.0016343472641599573,0.0016342443337847435,0.14842065515707054,0.2093623295395803,0.0016344008289722067,0.0016346118627115712
doc91,0.0012629898506239519,0.07383873881852879,0.001262939417396796,0.0012630273334948605,0.0012630769036679642,0.5630084456928663,0.19680472403111704,0.0012627628850652983,0.0012630498944908308,0.0012629700839683834,0.15624436391618973,0.0012629111725899337
doc92,0.3426240459364079,0.6025414431790297,0.0017186982605417109,0.0017184112275290446,0.0017184269423646007,0.0017188433269047932,0.0017186392531953973,0.0017184655309471113,0.0017186007338428066,0.001718520834745771,0.0017191363623033059,0.039366768412187926
doc93,0.13173637018311174,0.2138961467556749,0.0024275047796996733,0.0024278456793278935,0.002427528878830006,0.24080139485647414,0.0024277732082734847,0.002427341788393292,0.3941442307831,0.002428102412267368,0.0024280366159796897,0.0024277240588679613
doc94,0.0723984313606386,0.7762679812851593,0.0010289282663732953,0.0010291978046303057,0.0010290012747475835,0.0010291035289068037,0.0010291093250120082,0.0010289787471976536,0.0010292024362673106,0.0010289730428823679,0.07336768065772015,0.06973341227046456
doc95,0.4324860766072139,0.001634205482519992,0.0016341322758752872,0.0016346171510411725,0.0016341680924573303,0.5511707713319405,0.001634201683549164,0.0016343886159205128,0.001634603310447084,0.00163425662099737,0.0016342502316867844,0.0016343285963508916
doc96,0.0014249569516650703,0.0014249640550192523,0.0014247756233317413,0.13029050615013485,0.001424894035102271,0.25049682270834067,0.0014248824822742305,0.0014246906529127724,0.0014249486999386583,0.6063887797441562,0.00142473566641779,0.0014250432307064329
doc97,0.002164870029450749,0.0021648414334753743,0.0021646479871402706,0.002164808513618392,0.0021648457870357828,0.7382642124957033,0.0021647872269387053,0.0021649221756680674,0.0021653067895684693,0.24008713108002167,0.0021647761164523493,0.002164850364926978
doc98,0.523227029327003,0.20023142969174823,0.0004946288219155936,0.0004946697262297394,0.0004946875297577326,0.27208926985457155,0.0004946987493482391,0.0004947713545780956,0.0004946922080824991,0.0004947080673698454,0.0004947146112497366,0.0004947000581457189
doc99,0.0005912279932153122,0.11953715429585564,0.18441315271455505,0.0005911284152303265,0.08805289691411146,0.2268119956871298,0.0005912299574727714,0.0005911805517438426,0.000591221638306678,0.08960919207777626,0.0005912238316863648,0.2880283959229165
doc100,0.0022128694340041413,0.0022128917594198363,0.002212739782111506,0.0022130398459898654,0.002212977856562666,0.1990839518435821,0.0022130184650585214,0.002212674299428121,0.32037899422615235,0.46062097300716365,0.0022129141709517036,0.0022129553095754937
doc101,0.2311272046457559,0.11050994878329454,0.00261823956734281,0.0026188641046334922,0.00261822834480935,0.002618997988271369,0.4918597543235666,0.002618400153299231,0.002619340436967251,0.002618643209453238,0.14555338177938698,0.002618996663219352
doc102,0.002841962483708222,0.20400490906315596,0.0028415619716046572,0.002841749468072494,0.1359645854785529,0.002841489223315952,0.3142496620085918,0.0028409964921198563,0.323048544823006,0.002841595700037108,0.0028413450349733197,0.002841598252861751
doc103,0.0010082431578215133,0.09096364577341785,0.0010082093016552745,0.0010082146181156011,0.0010082631150579908,0.001008343029395119,0.45109249977699695,0.0010081937560985485,0.0010083325410215232,0.4488692542984209,0.0010083770219230016,0.0010084236100756949
doc104,0.0007926225404107711,0.2261314075316493,0.0007925324423420702,0.0007926232372991717,0.0007925649101000798,0.0007926073669871535,0.36994069425293635,0.0007925683588252136,0.1152038574310921,0.07161178491415507,0.05161478485338487,0.16074195216081777
doc105,0.0028416315604063817,0.612232936405322,0.002841360377681073,0.0028417129756873887,0.002841661338396255,0.1784893427327138,0.002841234306484481,0.028939194723176884,0.002841761569759013,0.15760657810554288,0.00284124291018832,0.0028413429946415277
doc106,0.001385326541800234,0.0013854365112078424,0.001385307239208099,0.0013855141076829804,0.1342148022787959,0.05409104079408608,0.13855937376787475,0.001385138870831208,0.0013854130131596564,0.6620516067977839,0.0013855705472042598,0.0013854695303650254
doc107,0.002213200453814886,0.0022131102234571156,0.002212597853595811,0.38469767569062785,0.0022129061942511258,0.00221298954509223,0.002213170612407874,0.0022127939007759528,0.002213125282179349,0.5931718094294972,0.0022133511019066733,0.0022132697123939307
doc108,0.037190133622886326,0.0010731504248422774,0.0010730878928301552,0.0010731256390604002,0.09660647080992352,0.1777577641134873,0.25263507028131055,0.0010731197634639513,0.20043038891208192,0.22894128846551912,0.0010733068335335744,0.0010730932410609178
doc109,0.6344418202064206,0.00048044350392242516,0.00048039512618428416,0.037246943471696506,0.00048041855953122943,0.07152033701984596,0.00048040477297987176,0.00048049770344428414,0.0004804848059216644,0.059927472342415106,0.08077001976737638,0.11321076272026165
doc110,0.7516987223870929,0.23669733682786137,0.0011604323060451433,0.0011602949950673992,0.001160486349449408,0.001160470369364554,0.0011603522220565452,0.0011602083143513475,0.0011607482944663212,0.0011603184956961504,0.001160253253761775,0.00116037618478693
doc111,0.0006703662737571692,0.046116248897069306,0.0006703883358077793,0.0006704289037568994,0.44456718267304496,0.0006704348278052331,0.000670443048070536,0.00067035457009744,0.0006704119743539787,0.17146553753787694,0.0006704435587175369,0.33248775939964226
doc112,0.0029242325277018303,0.1937428066693925,0.0029243973488436003,0.09465025689567294,0.24865146549084524,0.43955974537906267,0.0029242640242230266,0.0029245142123045355,0.0029242489902835222,0.002924807106397557,0.0029248199036829253,0.002924441451589476
doc113,0.0013127100376725297,0.09761704217704545,0.0013128896132566779,0.0013127780313190967,0.06509520690953625,0.06144156243442529,0.15892180383512947,0.001312749985899961,0.20009060846030696,0.0013127119126252105,0.0013126548962283382,0.40895728170655476
doc114,0.0009330969133780333,0.0009331406408025054,0.0009329963713331851,0.0009329921635611584,0.5988813238222844,0.0009331086049526309,0.0664796365572573,0.02863082314786922,0.0009330884270774734,0.22475844892565758,0.0009331793864857562,0.07471816503934073
doc115,0.28296505299918273,0.0018801103375625568,0.0018799088786796844,0.0018803187150087657,0.0018799436978788105,0.0018799200477334957,0.6982345594894022,0.0018798393304467875,0.0018801424302536814,0.00188014870292574,0.0018799955084441626,0.0018800598624814167
doc116,0.0022629782059729545,0.002262909279441324,0.0022628716057072765,0.116696971270093,0.0022628615987132653,0.00226311200077182,0.2037323481271022,0.0022629007290527674,0.002262971870405554,0.5101505027819963,0.15131665041967896,0.002262922111064701
doc117,0.41745328395639136,0.0005982356618479547,0.0005981801803252497,0.0005982738300818605,0.0005982709354187866,0.0005982354272796093,0.0005982756691653931,0.0005981581417834347,0.4040952012897412,0.023412324042187585,0.15025331577455822,0.0005982450912193487
doc118,0.00035956224019066603,0.08441891098989569,0.0003595035420978057,0.0003595439474698816,0.14851983793331958,0.0003595445749184603,0.6559080678970548,0.0003595267048299348,0.0003595695997459707,0.05020997487395394,0.058426411491347856,0.0003595462051753767
doc119,0.05720214719170183,0.6664919613854043,0.0021647952982560893,0.0021649340164142357,0.09535227823926765,0.002164831382352212,0.0021654274224341347,0.0021649418045685946,0.0021651558697942173,0.002164798548589724,0.07421248885523464,0.09158623998598216
doc120,0.30305405801614616,0.2825267609370332,0.0008321434190550508,0.0008321134345238887,0.0008320801297277633,0.36488040493315593,0.0008321093551965392,0.0008320632914351353,0.04288203497184843,0.0008320518709811565,0.0008320795648720536,0.0008321000760247943
doc121,0.002924442393442186,0.20658443507998223,0.0029242966996709725,0.0029247943774013017,0.03640948091728544,0.0029246426562963956,0.46781269058541297,0.0029248997253654447,0.0029249246727509996,0.002924796502533051,0.2657958115187076,0.00292478487115159
doc122,0.0024883760989629048,0.34430854059425164,0.002488433906660721,0.002488293910447284,0.05356065854698642,0.0024885003090064296,0.002488314429294956,0.09639828813243029,0.21817653737897333,0.0024884175529250865,0.27013743158515896,0.002488207554901933
doc123,0.0013301940414688828,0.7270277391351215,0.0013301078565639663,0.0013303317878155755,0.0013300235599755864,0.178293372300963,0.0013301144382386958,0.0013301333900065425,0.0013302794032253212,0.001330158766378028,0.08270725549223377,0.0013302898280090217
doc124,0.0003648186756523598,0.4094574713201432,0.00036477860167732895,0.2709362758515986,0.0003648458861872973,0.02439498898676069,0.00036483491094032515,0.00036474941571263645,0.044430078862136034,0.0003648226553485265,0.09312188833179146,0.15547044650205158
doc125,0.049204051627460714,0.0009787032969533701,0.000978590565805398,0.04439882030035582,0.000978684699514483,0.000978630444820464,0.0009786525984047088,0.8566227543507685,0.0009788855427179633,0.04194481880176608,0.0009786711050554647,0.00097873666637716
doc126,0.049204051627460714,0.0009787032969533701,0.000978590565805398,0.04439882030035582,0.000978684699514483,0.000978630444820464,0.0009786525984047088,0.8566227543507685,0.0009788855427179633,0.04194481880176608,0.0009786711050554647,0.00097873666637716
doc127,0.0006703662737571692,0.046116248897069306,0.0006703883358077793,0.0006704289037568994,0.44456718267304496,0.0006704348278052331,0.000670443048070536,0.00067035457009744,0.0006704119743539787,0.17146553753787694,0.0006704435587175369,0.33248775939964226
doc128,0.0012319041227337939,0.24044567171407052,0.4517409857211945,0.19678734279891227,0.0012318051877738174,0.0012318459052950944,0.0012319479709165583,0.0012317624338394058,0.0012319464904905627,0.0012317907182110756,0.0012318992468428826,0.10117109768971919
doc129,0.001263053603105052,0.0012629874873781107,0.0012628971482827457,0.13644258320431085,0.001263065234530876,0.4227065732007789,0.055710433268992735,0.0012628010393389453,0.0012631128099129052,0.0012628914036912563,0.37503664867400377,0.001262952925673992
doc130,0.14125551798858016,0.0013127307805471595,0.001312652189936693,0.0013125245960154438,0.3409639854323408,0.0013128070721662442,0.0013126401712562996,0.04476343738758428,0.001312610392474267,0.46251604061783197,0.001312511578059889,0.0013125417932066158
doc131,0.001424842210185493,0.22288330260866906,0.0014249328232933854,0.0014247935392675685,0.0014248901822282963,0.23489207909938553,0.0014252509682732256,0.02441179130279368,0.34203251656887274,0.0014248983951123432,0.165805930584225,0.00142477171769383
doc132,0.4051067589068017,0.0020748196601643055,0.002074905364128475,0.002075182259942153,0.002075032497338477,0.002074994851146528,0.0020748684207043656,0.002074980766016518,0.5741434607609893,0.0020751911467252215,0.002074956299456303,0.0020748490665867623
doc133,0.44694332435227324,0.0012631513069247913,0.001262887312838543,0.0012631940116289966,0.001262997384225716,0.4043843013967668,0.1373057410717403,0.001262887652976588,0.001262873252532633,0.0012628871440519263,0.0012629234608605485,0.001262831653179918
doc134,0.04000732169882286,0.0008463057888362024,0.0008461387089926067,0.000846257296151566,0.0008462239373085112,0.0008462187626646907,0.0008463144584486957,0.000846159020885153,0.14994326003886838,0.000846257781097129,0.17115862634746024,0.632120916160464
doc135,0.0010848810009015165,0.001084936592589142,0.0010848460761697172,0.0010849475551090975,0.07401872674183095,0.00108480090756769,0.5781508509389218,0.0010849374604768225,0.10493616794811063,0.23421513487819035,0.0010849428106426847,0.001084827089489568
doc136,0.15811562234433074,0.0022131681156764894,0.0022129866153904046,0.06335575797457113,0.002213035291487919,0.0835682249382062,0.0022131036555078716,0.0022129084926507973,0.2747544320988151,0.002213136867749714,0.002212853180787343,0.40471477042482623
doc137,0.0017186194148668928,0.0017186497252926797,0.0017185213206673737,0.0017186828263383621,0.0017187834120095896,0.49177021637592355,0.0017185019191750743,0.001718404182559396,0.4287675278535951,0.06399468596330783,0.0017186050622798597,0.0017188019439841953
doc138,0.3252988456753552,0.5914810966068266,0.0002931461244914098,0.00029318588022411837,0.0002931950173758936,0.00029316339500763374,0.00029317494704275443,0.00029313629915482043,0.08058158204038868,0.0002931440289527698,0.0002931620297121701,0.0002931679554678659
doc139,0.0007989541202321896,0.23112969846691472,0.0007988629945717968,0.0007989560256845708,0.0007988963986940253,0.0007989382872512517,0.36797968518163005,0.0007989008423713571,0.11600694424490443,0.07401025683645011,0.051070519734355384,0.15500938686694019
doc140,0.009803612918892896,0.46774742406871117,0.07089554356038139,0.00038294315203716265,0.00038292540370287327,0.0003829665008413281,0.2579890479269352,0.00038295838603420826,0.00038294814624877365,0.0003829107537466756,0.08542632699692063,0.10584039218554775
doc141,0.0014885445325318668,0.6056434212415047,0.0014882967136840035,0.0014884514493828352,0.0014883550153329786,0.0014884537985206839,0.1814455213312818,0.001488570887554201,0.19951461238085808,0.0014884536712440658,0.0014886632170531423,0.0014886557610515804
doc142,0.3968486522343212,0.0019924796130078113,0.0019922616114861676,0.001992548681202598,0.0019925676360254977,0.40159732237448703,0.001992635921321074,0.0019921592134065644,0.18362196406395082,0.0019924500677252796,0.0019924277898993397,0.0019925307931665543
doc143,0.32774106004672815,0.0004946573995772213,0.0004947170746452202,0.05484120088025386,0.032472315648184424,0.2843695408492927,0.0004946849315612523,0.0004945953259366061,0.2971132549568458,0.0004946498160467958,0.0004946844874900836,0.0004946385834379069
doc144,0.0019922979892025,0.9086422416175696,0.0019922484099591737,0.0019925151750663996,0.03401469112504281,0.001992472938599898,0.0019924153555451957,0.03941136795224604,0.0019925502233488564,0.001992358954827604,0.0019925114419290704,0.0019923288166630525
doc145,0.13187248857417583,0.0009787343987285205,0.000978558172766029,0.0009787043981516746,0.06530944031616624,0.2493856456009913,0.0009786833033219203,0.0009785630736825835,0.35779069057431084,0.0009786347059534545,0.05058477738984195,0.13918507949190975
doc146,0.051109663582418405,0.5355710993211823,0.0025517258302931323,0.0025517170656224487,0.24603720011762378,0.0025519903054770513,0.0025523039248250413,0.0025512777918104577,0.1468684255221798,0.002551713672811876,0.002551499815493642,0.002551383050262391
doc147,0.0013302175003283034,0.3007876907330041,0.026457665252078887,0.001330284899973122,0.047638459823571296,0.3178395611936228,0.22850852126612572,0.0013300455190095998,0.001330267160570489,0.0013301541407910566,0.0013301833282235445,0.07078694918270109
doc148,0.0030127304190620103,0.27787886511762533,0.003012316347064205,0.0030122558507240807,0.05131383564468097,0.0030124779177810226,0.0030123877174998964,0.0030127079798572894,0.003012878277169208,0.003012507187018076,0.6436945752285239,0.0030124623129939147
doc149,0.4563248431956706,0.451601902884466,0.0017183687739365915,0.0017187278442640987,0.0017185404234139263,0.001718732892160801,0.0017187026137903422,0.0017183644091638408,0.0017185816066637618,0.001718554303350333,0.0017185734663516352,0.07660610758676804
doc150,0.0010731399276752468,0.22192391133356001,0.0010730373587011911,0.001073119860795459,0.0010730993551249857,0.32278951247908944,0.0010731194271422018,0.0010731731022034226,0.0010732512768709228,0.0010730950650337605,0.2866675240120375,0.16003401680176577
doc151,0.002488260118195346,0.0024877591778590014,0.0024878691957310505,0.002488183458479066,0.2694702471075218,0.002487815762546016,0.20613819005465023,0.07406763121742253,0.0024884184076362993,0.4304192094932258,0.002488283401792286,0.0024881326049405136
doc152,0.0012955943599672688,0.14667476301078752,0.0012955065335419412,0.025398535219536417,0.0012955796587307633,0.0012957228325514009,0.2029814090167998,0.025894195707623014,0.13419644761892435,0.0012955572265280985,0.13633103206342082,0.32204565675158847
doc153,0.250799800750616,0.4419700712263126,0.0011469338261246857,0.001147082937339922,0.0011469763638142934,0.17794017133109277,0.07043629508076564,0.0011470171840534799,0.05082453751575162,0.0011469838578270525,0.0011470921051503322,0.0011470378211516105
