,topics0,topics1,topics2,topics3,topics4,topics5,topics6,topics7,topics8,topics9,topics10,topics11
doc0,0.0009160963408784321,0.0009159453351258488,0.0009159742134735349,0.07576685697161059,0.0009159298991797569,0.0009159730567396235,0.0009159797463251195,0.0009159194060850017,0.9150735666412673,0.0009160308426213743,0.0009158315602652294,0.0009158959864282614
doc1,0.0004079548915197147,0.0004079321726569948,0.00040794963082002556,0.00040797134905150485,0.0004079625498672838,0.5805987878117087,0.0004079364144866487,0.0004079394195551905,0.00040791113150851437,0.18810760500185503,0.0004079116059549775,0.22762213802101533
doc2,0.04945995434273866,0.05886838482513198,0.06133805335349337,0.5615975766051828,0.05535922644118858,0.0005842760754870114,0.0005842481488527705,0.0005843085807366391,0.0005842699011827416,0.0005842531864088629,0.0005842114949227503,0.2098712370446737
doc3,0.0018453925560984578,0.2687845937592669,0.20077865086339194,0.36678764613058273,0.0018453005007457335,0.00184563290206548,0.0018454210184526564,0.0018452878907170118,0.0018454628408303558,0.14888597756545044,0.0018451820318453123,0.0018454519405529432
doc4,0.0034255226190898873,0.003424960415111324,0.0034255295918021495,0.17000420773743205,0.2902949445687293,0.407995927124291,0.0034253640325476674,0.0034258182730342755,0.003425249902094044,0.10430233704425526,0.00342497461657483,0.003425164075038033
doc5,0.0010848263106406678,0.18159487005876315,0.0010848022283524755,0.0010848191153275118,0.0010849523408105592,0.5659172852457383,0.0010849142865861088,0.24272426244263903,0.0010847571660983824,0.0010848835413379459,0.001084785738929772,0.0010848415247762038
doc6,0.001445390920375099,0.0014453299464120154,0.7061825639154748,0.1238655920183589,0.0014455688291621584,0.0014455051240527034,0.0014454831843309054,0.09749724699684408,0.0014452618600377847,0.06089093496757457,0.0014456265792479937,0.0014454956581289385
doc7,0.0005551858490118912,0.846834535670136,0.0005550835189981239,0.0005551123711236962,0.0005551314011471558,0.06737826754242711,0.07195445304273274,0.0005550792500408154,0.009391939585172905,0.000555092159850593,0.0005550454525921875,0.0005550741567668038
doc8,0.10946266026498397,0.18048062393568415,0.0005489610523611826,0.0005490108058520096,0.08452427826941226,0.0826885577983872,0.0814435236118031,0.4003721279980387,0.0005491340609670093,0.05828304793458069,0.0005490404651737026,0.0005490338027560239
doc9,0.0009787460235967014,0.087511798457665,0.0009788356624213601,0.05224897801997991,0.3961720968378528,0.0009787800214061096,0.0009787429272823086,0.20383019336537658,0.01892624504445833,0.000978730428245205,0.2354380930129164,0.000978760198799247
doc10,0.25650445576294717,0.0014048437132295963,0.0014049995676230264,0.1610775966023303,0.335037706240145,0.0014049344512296119,0.0014046908374407577,0.19328107524753313,0.04426482326218101,0.0014049212870988661,0.0014050784945601796,0.0014048745336816318
doc11,0.0005150910540078686,0.0005150617143374693,0.0005150675913757561,0.05771576517002584,0.6429426811981147,0.000515078877358706,0.0005150314178829784,0.2487241852329227,0.0005150295391863394,0.04649685266170887,0.000515072117280585,0.000515083425798264
doc12,0.0006363218217135478,0.01391633236320035,0.39214427094617743,0.4576385517329883,0.0006362724672652496,0.0006362965374360499,0.0006362907264353972,0.06309817072923804,0.0006366049253842865,0.0006362774708035004,0.0006363451387878235,0.06874826514057002
doc13,0.251428694685317,0.0007035447894843298,0.038914522224917834,0.08487543865939091,0.2672373755644305,0.0007034795875305678,0.000703360042387055,0.23154116228860588,0.0007033218150661194,0.0007034741022209192,0.0007033407999653909,0.12178228544068354
doc14,0.0005314594085409537,0.037515271376086096,0.0005315337410786721,0.0005314932443973295,0.43740368711963806,0.0005315597362768174,0.0005315307072623249,0.29118053306428027,0.15507356967639122,0.000531551504572696,0.0005314656868976725,0.07510634473457785
doc15,0.0009160963408784321,0.0009159453351258488,0.0009159742134735349,0.07576685697161059,0.0009159298991797569,0.0009159730567396235,0.0009159797463251195,0.0009159194060850017,0.9150735666412673,0.0009160308426213743,0.0009158315602652294,0.0009158959864282614
doc16,0.0009160963408784321,0.0009159453351258488,0.0009159742134735349,0.07576685697161059,0.0009159298991797569,0.0009159730567396235,0.0009159797463251195,0.0009159194060850017,0.9150735666412673,0.0009160308426213743,0.0009158315602652294,0.0009158959864282614
doc17,0.3488854593407851,0.0009882471822958792,0.0009885854664841557,0.0009884069149795336,0.0009885229846388682,0.000988456237433091,0.0009884172733290858,0.0009884412851400147,0.019618732353002356,0.6225999736361228,0.0009883661070311319,0.0009883912187580442
doc18,0.3991901714990201,0.0010731345913745115,0.001073390528405741,0.21612978492360777,0.0010732198671464528,0.0010732245668219715,0.09892950302893881,0.001073322975460513,0.0010731610099580485,0.001073195105353084,0.0010730867094783706,0.2771648051944345
doc19,0.00036347436203248567,0.014054136777426462,0.0003634781564475203,0.13158346552031058,0.18842733454361035,0.1797549578094575,0.0003634657763526448,0.0917766310328412,0.00036343811513233633,0.14984952642681765,0.00036348396851914634,0.24273660751105205
doc20,0.45358094191225357,0.0013852272255834848,0.41188323401309396,0.0013854619340049504,0.001385516334152251,0.0013854607392676708,0.0013853292350182716,0.00138523805308742,0.0013851511951257708,0.0013853967602078965,0.1220678008798436,0.0013852417183611839
doc21,0.0005490131599716183,0.0005489415909486889,0.0005490266151534911,0.0005489599672908246,0.0005490080605004094,0.0005490636264493657,0.0005489630624779562,0.0005489831859575401,0.0005488942921581169,0.9659945378063145,0.02851562119476466,0.0005489874380128273
doc22,0.0021649237946880415,0.002165057499810378,0.7710958265159462,0.0021654285924485104,0.0021648881831354176,0.20725432004092811,0.0021649466629602545,0.0021649674712801914,0.0021649751579541307,0.0021651653141591246,0.00216470098483008,0.00216479978185952
doc23,0.0007084187173272831,0.21939331674488133,0.0007084217999656924,0.13410192138109175,0.0007084484967866844,0.199357018927538,0.0007083828008371063,0.0007084635615883107,0.0007083794653923665,0.0007084067295604394,0.0007084385710100037,0.4414803828040211
doc24,0.1264405290171085,0.2103569675029619,0.055667803066785496,0.0008534793658200875,0.04191406623111849,0.000853471411570683,0.0008534142828113543,0.0008534688481518738,0.0008535275250309419,0.3777416739845886,0.0008535040813164818,0.18275809468273563
doc25,0.0004522144275434768,0.04708832929866249,0.0004521607792542676,0.2012838976587421,0.0004522250732481983,0.1808657100409547,0.4365422747295101,0.000452257876426312,0.00045220101249809035,0.00045220690580702967,0.0004521878907492667,0.13105433430660396
doc26,0.001050589986482495,0.1083823152354216,0.0010506381756805146,0.001050702139547976,0.001050697292148728,0.0010506949715521198,0.0010508212163923773,0.0010506388553431741,0.0010505222535658785,0.7311920893964409,0.0010507687566889059,0.15096952172073538
doc27,0.001050705982613007,0.001050777336847988,0.1882170757445124,0.0010507132775834983,0.001050785954926137,0.001050675202155863,0.5773454412505064,0.001050635688862678,0.0010510149578974999,0.0010506871690170016,0.14790454366245148,0.07812694377262594
doc28,0.35856617633141824,0.0003701456289869115,0.0003702084037763612,0.00037018411906830596,0.21351895629333326,0.13972321931089973,0.0003702395393669444,0.2594239107580497,0.026176250374921266,0.0003701896348520979,0.0003703299128504706,0.0003701896924765092
doc29,0.43399593647931045,0.0008390197271923253,0.0008391013758633893,0.0008391286277264939,0.08594864388678386,0.13626468591032187,0.0008393026615634017,0.24092588019462702,0.05423893897637256,0.04359109044970549,0.0008391500090847087,0.0008391217014484532
doc30,0.046892172439273204,0.18755510110037082,0.061798023641837826,0.26332248320355045,0.0012317976134518704,0.0012317929456597638,0.231017858810756,0.20202366884129325,0.0012317682979709988,0.0012318069618434014,0.0012316517958164913,0.0012318743481760266
doc31,0.0011212727905785377,0.07897964285881702,0.05929680565715617,0.0011213536870825905,0.0011214278032420394,0.42445598265793577,0.02006816155271542,0.0011212906477356221,0.0011211729622046173,0.308368143586175,0.10210342270794351,0.0011213230884138305
doc32,0.487056011024086,0.03571436933323071,0.020463415030777893,0.0009787326809008714,0.0009787846087299353,0.09632855421869578,0.0009786832032954035,0.0009787925868370551,0.0009786058007470217,0.1932699755605234,0.16129530447932866,0.0009787714728473587
doc33,0.0017186048289472018,0.0017184252152822473,0.05199604595602409,0.0017185809613699252,0.8356881429430918,0.0017187280764628958,0.0017184741215637142,0.0017186049910747007,0.06079949478771159,0.001718689039280511,0.0017185237292565384,0.03776768534993489
doc34,0.07953885780757344,0.0003997591960462805,0.039715932938543,0.00039979845787139475,0.0003998092666293027,0.7132508218301472,0.027883656789107945,0.10167580997136147,0.0003997687429236961,0.03553625931515184,0.0003997609710291981,0.00039976471361520506
doc35,0.0014249637525834283,0.0014247381286740066,0.001425026691664003,0.00142557860383388,0.9843251774771369,0.0014248093022637387,0.0014247790845938562,0.0014249457448921386,0.0014250358097145205,0.0014250688082099825,0.0014250040888109693,0.0014248725076225187
doc36,0.003425331887445664,0.0034252307949275496,0.39039249167126444,0.38175694385204806,0.003425861257468877,0.0034259525654398416,0.0034254190646990416,0.1970218091835763,0.0034248408419776384,0.0034253493189621543,0.0034251827089326575,0.003425586853257759
doc37,0.08938308479965033,0.04417415708103677,0.5868704068067907,0.001366431697810581,0.00136644910474048,0.0013665439539040098,0.0013665369192584172,0.0013664754206351444,0.0013663198680368732,0.26864075086881817,0.0013664515636016472,0.001366391915716708
doc38,0.5132324823627481,0.0008607733710569233,0.0008607401033674042,0.09934225216351186,0.06307677230213819,0.0008608336588664046,0.0008607265642864966,0.08243659717801707,0.0008606694876978993,0.08424037323259206,0.0008607766136651499,0.15250700296205236
doc39,0.12840408436048203,0.13560980218834842,0.05142326106289133,0.11881144894475207,0.24148703791987516,0.2206777672134888,0.0002474499163935724,0.00024747932154049794,0.0002474353592266297,0.0002474600327995168,0.0464064348160011,0.056190338864200925
doc40,0.0034256193411541357,0.8911315468938151,0.003425567972856474,0.003425804461589924,0.0746125827968225,0.0034259930885715867,0.003425178193418143,0.003425502832910989,0.0034251710626160272,0.0034256739037615384,0.003425834429239275,0.003425525023244195
doc41,0.0009691608498213772,0.07009097280048031,0.07885430961390613,0.0009691953771416887,0.1908165647717091,0.000969276105929541,0.0009693682504805262,0.03232364459806923,0.3291151483419253,0.0009691678815198167,0.0009691905717736917,0.29298400083724324
doc42,0.0010731392034904895,0.0010730794314710642,0.0010731238664414599,0.001073139557640131,0.25207267897278673,0.0010730925993304788,0.0010730860806666689,0.28206073222627237,0.3437024607581884,0.0010731491849175058,0.0010732319851830814,0.11357908613361162
doc43,0.001779866449508814,0.0017799047717669025,0.0017796782094276376,0.09012771514054824,0.5383619504370121,0.0017797769306632336,0.10849594369397074,0.0017797455025714596,0.001779710008203586,0.0017797558506703352,0.24877637476210537,0.0017795782435516432
doc44,0.17346180230257222,0.0012790530526818847,0.0012790419061246639,0.23630831129089766,0.0012790688295310348,0.0012791519038948657,0.4486165067743619,0.1313809357712356,0.0012788683652651684,0.0012791934714403228,0.0012789341747806453,0.0012791321572142537
doc45,0.2521837544468658,0.000734733188137078,0.08665280451311974,0.060975353772851425,0.4941117035855406,0.0007343227303566481,0.0634518227789847,0.0007343457652626611,0.000734297903069119,0.0007343969575996163,0.03821809413540904,0.0007343702228034601
doc46,0.05063762823480966,0.0011604425175708935,0.0011603828650324853,0.0011604687404015912,0.1867116769928289,0.15608563865483463,0.0011605724753841638,0.0011603765702443715,0.001160295523974563,0.5972817899493491,0.0011604315530099219,0.0011602959225595446
doc47,0.0011090452338787518,0.6162866593850116,0.0011090884262247769,0.0011089291258088623,0.039831509286011556,0.14664224357808273,0.0011089842577404075,0.06319811227371083,0.0011088626610713406,0.0011089712476688438,0.0011089125461029874,0.12627868197868738
doc48,0.5438284167548388,0.0005204162329586443,0.0005204234639023731,0.17776547944967427,0.0005204304831844045,0.05203676252024119,0.22220592854309537,0.0005204340868156772,0.0005203925404887671,0.0005204578610665104,0.0005204125737203366,0.0005204454900136874
doc49,0.000333177572069571,0.0176763946487021,0.00033316736605254997,0.2582861206514247,0.15858798185035633,0.39947826178668394,0.00033319296495695777,0.00033323050757453303,0.00033320470367481105,0.0003332165294484511,0.00033320662505456963,0.1636388447940015
doc50,0.14290508832811577,0.0019534316486902177,0.42345891265862057,0.001953456505288636,0.001953710792853956,0.15262227265627312,0.2653856696993695,0.001953627768806873,0.001953475423914911,0.0019536101214758374,0.0019533360348946956,0.001953408361695932
doc51,0.0009981615193070668,0.0009981439804227833,0.0009980563701033327,0.0009981573805780397,0.0009981053759628249,0.0009982064295814956,0.0009981167122450844,0.0009981584202237797,0.910169130883029,0.079849659023708,0.0009980427717395024,0.0009980611330992087
doc52,0.8586398407542338,0.0010082259685539974,0.001008328447260688,0.0010083581943865748,0.0010084313905690517,0.0010083866494014608,0.10613421787126864,0.0010084115255044512,0.026150975861400333,0.0010083594176983923,0.001008171896530541,0.0010082920231919592
doc53,0.002688910667899808,0.002688786746273912,0.00268884564912485,0.18901119984747408,0.04698885910595568,0.0026890923344346047,0.0026889913806051303,0.3444012868555937,0.0026887904051986324,0.0026890688321531526,0.0026885912946127376,0.39808757688067375
doc54,0.0021649157720126056,0.0837145332779612,0.0021648119177257413,0.23907693997967067,0.0021649190409697506,0.0021652590984949155,0.0021650968743646506,0.0021651027395030425,0.0021647924126063046,0.0021649995297027633,0.002165402690225441,0.657723226666763
doc55,0.0007034259774515952,0.16719633094308428,0.0007034459614438031,0.2242444731335607,0.0007034265036486071,0.19506756006409173,0.0007033701119864563,0.0007034263134837632,0.0007033571337256376,0.0007034367723695664,0.0007034824948175281,0.40786426459033626
doc56,0.06104811244677986,0.0005741573356762606,0.000574155653947161,0.12149083932709258,0.12933991592880922,0.6286025103850367,0.0005741573405458017,0.0005742010011558456,0.0005741524446467404,0.0005742510665784522,0.0005741608388118273,0.05549938623091948
doc57,0.0010505938758632641,0.21920696509767285,0.25283283223213365,0.0010505891691879009,0.0010507224340521066,0.0010506226979710637,0.37457722737396604,0.0010506969450598679,0.001050565052568725,0.0010506334337280919,0.14497790160771035,0.0010506500800860441
doc58,0.599772607029081,0.0016894525424547013,0.0016897809106653583,0.14963553791410059,0.0016895498602795627,0.0016895571736646622,0.2353862391900472,0.00168947245944583,0.001689479923570744,0.0016895032858243078,0.0016894065483699888,0.0016894131624960982
doc59,0.001295862261786295,0.12627987764131454,0.0012955443597376505,0.03444144906736611,0.0012956930866534887,0.3139557509096886,0.0012957914024296676,0.5149576548506697,0.001295596448018649,0.001295646136292525,0.001295568074878903,0.0012955657611640305
doc60,0.42256578859692545,0.000548962391344353,0.11873333198957228,0.0005490298506769188,0.034009945518170236,0.030024930675198312,0.06038818578389072,0.20568315800557843,0.02557070772088288,0.0005490233956877634,0.0005490811525462,0.1008278549195263
doc61,0.37563465582408617,0.001050554142414285,0.0010506582280176441,0.0010505036096523537,0.0010505399569310616,0.001050562488668635,0.0010507188210091046,0.0010505863147828225,0.0010505678598389577,0.0010506580480918815,0.6138594403875884,0.0010505543189186458
doc62,0.0009981615193070668,0.0009981439804227833,0.0009980563701033327,0.0009981573805780397,0.0009981053759628249,0.0009982064295814956,0.0009981167122450844,0.0009981584202237797,0.910169130883029,0.079849659023708,0.0009980427717395024,0.0009980611330992087
doc63,0.24272762461228195,0.001174074126813054,0.0011739952142717997,0.001173966261906583,0.0011739644735276507,0.001173981773111174,0.18306962694745,0.0011739557116812417,0.0011739205768644956,0.5636370888355443,0.001173803294759466,0.0011739981717882719
doc64,0.0009981615193070668,0.0009981439804227833,0.0009980563701033327,0.0009981573805780397,0.0009981053759628249,0.0009982064295814956,0.0009981167122450844,0.0009981584202237797,0.910169130883029,0.079849659023708,0.0009980427717395024,0.0009980611330992087
doc65,0.1837621072189039,0.0007509609190958057,0.0007509594472399427,0.22408179535533415,0.0007510458754219259,0.0007509586571632389,0.0007509499967496551,0.0007510166313832856,0.0007510280805435549,0.0007509217321845116,0.0007508468494734477,0.5853974092365066
doc66,0.0007623399437677508,0.2892852373000425,0.000762312808872819,0.0007622944866382871,0.0007623990368659009,0.0007624044707472365,0.0007623341494552813,0.0007624018553973925,0.0007622625021054572,0.24382274676506993,0.076962261187593,0.3838310054934445
doc67,0.0011340919449536928,0.44129821360623084,0.0011341807827840538,0.1810505743404643,0.00113417852162385,0.2881048491585591,0.0011340885219821098,0.0011340755946438426,0.0011343266699309312,0.0011340930013701157,0.08047316074739513,0.0011341671100618992
doc68,0.19414672462843713,0.18382790147659217,0.0006749392504625416,0.0006749770287072764,0.0006749677457271493,0.000674960991968547,0.0006750015231094694,0.2333865550015952,0.0006748692960543004,0.0006749502480202296,0.20207946340884678,0.18183468940047917
doc69,0.0018799472221582173,0.0018799250361911679,0.0018801334397855623,0.0018804003544900074,0.001880465319307735,0.0018800560407984921,0.0018801856639226683,0.0018802840072127418,0.0018800240063144666,0.0018801241535354506,0.9793183796390468,0.0018800751172367409
doc70,0.2958822267827387,0.5405775822826222,0.0930341718102399,0.0011740137253602894,0.0011739257531399637,0.0011739548969262605,0.0011738819875271385,0.03905937785931402,0.023228919184436092,0.0011740975215153169,0.0011738786271907641,0.0011739695689892806
doc71,0.0014882972570581477,0.10898022254422043,0.0014883353849697635,0.31079951078921897,0.001488498997327603,0.5668247986503474,0.0014885211503805286,0.0014883645158394816,0.0014882673517017007,0.001488455738366098,0.0014883000369886306,0.0014884275835809952
doc72,0.34767051019833,0.0015826330511345182,0.312972860310332,0.325112124669824,0.0015827451392630939,0.0015829287097508407,0.0015831163422817224,0.001582541613655241,0.0015823719294173076,0.0015826942737333111,0.0015826153739979846,0.0015828583882800474
doc73,0.6882634116851889,0.06878189844673692,0.0011604111953796388,0.0011603725441147984,0.03495169415318526,0.0011604310760722446,0.0011604184984114817,0.0011604253077070453,0.0011602380013087405,0.0011603430923593238,0.08383655146785779,0.11604380453167766
doc74,0.15914652260248116,0.0006984289560961984,0.19920523242052715,0.6103796268921711,0.0006984341393779285,0.0006984884253605254,0.0006984263171501407,0.0006984382787107986,0.0006986017088005396,0.0006984763033434936,0.0006984473390800658,0.025680876616900918
doc75,0.19450395127434542,0.000652868254209962,0.1382024467252495,0.08695616927602957,0.17490116707983536,0.000652873678724287,0.02614090738954496,0.0006528982935008562,0.047374910512810134,0.08900547499056534,0.24030339287984595,0.0006529396453388114
doc76,0.00495218364072467,0.0049512337355103395,0.9455287762454527,0.004951755195134751,0.004951873823952055,0.0049524940953414405,0.0049509865894639465,0.004951998977164181,0.00495121002997312,0.004953863309258685,0.004952354542384101,0.004951269815639995
doc77,0.0015342870645444781,0.001535273482379476,0.001534055485900525,0.17602823912615193,0.8086287259930377,0.0015346928321571896,0.0015341016487575312,0.0015341139005045055,0.0015341445648849755,0.0015341899834666285,0.001534129774534161,0.0015340461436810153
doc78,0.001174550861776101,0.001173801416910276,0.0011741216554324435,0.0011741659498107778,0.7830000567080957,0.0011739470271786069,0.001173852128896573,0.08464155591095208,0.0011740022551145369,0.0011747531276973529,0.12179133044643363,0.0011738625117020123
doc79,0.16876556879756377,0.09221419712962672,0.029133273148938005,0.0016896447422760548,0.524460577147442,0.11247458144348606,0.001689686376985949,0.0016895268203766217,0.0016893492442810493,0.001689722033706944,0.0016900260150905636,0.06281384710022624
doc80,0.11168864822651701,0.001247113994535686,0.0012471817638072056,0.0012472698367704794,0.0012472549517953424,0.3946828787829184,0.4087597305631495,0.07489132881161406,0.001247190669936357,0.0012471517556984198,0.0012470563801258066,0.0012471942631316535
doc81,0.0019928003880936777,0.0019922167234301177,0.16536715865601917,0.001992606090269732,0.6813841255680373,0.0019924507969677225,0.001992244979898244,0.001992582101915171,0.001992304546397823,0.1353167386883539,0.001992344242229919,0.0019924272183873683
doc82,0.1421403948620336,0.010870024692157266,0.010871712447892427,0.010871335344311011,0.010873408274101522,0.010871973885542901,0.010871071556389006,0.38371381560528384,0.010870138379465285,0.0108718254299913,0.37630293711067464,0.01087136241215727
doc83,0.001466563327731518,0.001466445446091899,0.43199836803089275,0.001466456160689288,0.0014665738173277169,0.001466518017156315,0.0014664078501409928,0.3932695906271017,0.001466563702553054,0.0014667768865571267,0.16153307204692832,0.0014666640868291367
doc84,0.0012790566059561847,0.0012792057164277336,0.4372844996872105,0.10096887650464464,0.1681166211460166,0.0012791203110189312,0.0012789137605145285,0.0012792087047274736,0.0012789725162551777,0.23511920956660498,0.049557287366935016,0.001279028113688185
doc85,0.046186220528501104,0.402591392845587,0.00087586071190994,0.0008758577240386836,0.0008759110843651133,0.5433393418780726,0.0008758080050058971,0.0008758461244380624,0.0008759873637561173,0.0008758996827470639,0.0008759069498040511,0.0008759671017742988
doc86,0.38154256790588376,0.0014883746947455115,0.0014885378078932604,0.0014883565219272667,0.19612678674128095,0.0014882228368218646,0.0014883575533055106,0.0014882946321149882,0.001488287892819714,0.08373743621212971,0.3266864027916731,0.0014883744094043162
doc87,0.0015108928604207672,0.0015107021969000545,0.0015109254931921269,0.0015111036618088288,0.0015110991917476068,0.29413342811683246,0.0015109396918183589,0.0015108052063163774,0.0015109763830506275,0.690757595336652,0.0015107695612394548,0.0015107623000212306
doc88,0.0012790986243426826,0.02819372557420795,0.26511550999977757,0.6951794696111432,0.0012791822731413253,0.0012789670569713781,0.0012790022116866313,0.0012789218328911206,0.0012789939768175838,0.001278982036915872,0.0012791237700057751,0.0012790230320987965
doc89,0.004951718050565404,0.0049513438520741035,0.004951765704391029,0.0049526453839486605,0.004952035383301339,0.004951472677628857,0.004951946878561367,0.4870990067327776,0.004952111079124474,0.46338290134667626,0.00495146914841345,0.004951583762537429
doc90,0.16404346391215974,0.5160384469482435,0.0009076014158608922,0.25067594304348034,0.061981034401881074,0.0009077259902891475,0.0009076480135065998,0.0009077424278494479,0.0009075172302294855,0.000907645343171793,0.0009075490644070129,0.0009076822089210593
doc91,0.002924208715626695,0.04281808350382847,0.5729296380771096,0.0029244247035871266,0.29046028618247294,0.0029245600314768264,0.002924548832363321,0.0703966407882008,0.0029241882235527764,0.002924306679471426,0.002924552198927934,0.002924562063381995
doc92,0.0011343641633444548,0.0011340415277057772,0.36739014904799444,0.0011341857846514669,0.001134109964377909,0.4581020853758707,0.001134094775368962,0.1643008627714844,0.0011339887845409583,0.0011340711120846692,0.0011339882389682831,0.001134058453607824
doc93,0.0014248539509380662,0.03169658511910476,0.0014249925940133326,0.31330416270297556,0.0014250116169343065,0.0014248797056336422,0.08841880166213767,0.08648072249717015,0.032515485791323906,0.31429318739271217,0.12616647550989268,0.0014248414571636481
doc94,0.12426914005308308,0.0008054227851086546,0.0008052898204342561,0.0008053995015471805,0.0008053526570383476,0.6907318968987325,0.0008053665418081255,0.0008053975205078137,0.0008052794101129021,0.17775072312713897,0.0008052483491685931,0.000805483335319776
doc95,0.27036927315894466,0.0005742149134804202,0.0005742100194644178,0.4158601061181978,0.05058667783771533,0.0005742121162705102,0.2025540174321224,0.0005741696684997349,0.0005741152535552641,0.027778328602521243,0.029406470396852093,0.0005742044823760116
doc96,0.0005911465706468644,0.0005911803380022493,0.0005912045263678241,0.2680990957359047,0.12113202266968603,0.0005911816594329882,0.0005911675157990764,0.34651805558311144,0.000591125499906794,0.0005911422097948176,0.21300506802962524,0.047107609661721846
doc97,0.13742117948151245,0.017309217377617158,0.22864455964884944,0.2552750912340537,0.027682611339649686,0.001174104572303642,0.00117389120507543,0.0011738367834410945,0.0011738400569653305,0.0011739803026209598,0.3009326977985474,0.026864990199363628
doc98,0.0006054702770119402,0.0006054489100898886,0.1228968189977247,0.0006054850629399817,0.0006054489395281277,0.0006054955102243142,0.3715917331310058,0.0006054440063698869,0.0006054040117366193,0.24326674233723714,0.2574010255451924,0.0006054832709392589
doc99,0.08520652324558665,0.42873840576460204,0.09714927760012333,0.23389519400729475,0.05337626292626914,0.06942144710892073,0.0005046880073492328,0.000504651850779249,0.0005046041160373111,0.0005046409324668795,0.02968964413947102,0.0005046603010996843
doc100,0.00097863212255561,0.2909489848301266,0.0009787712953276022,0.6126050935804136,0.0009788300122847316,0.000978773750791601,0.0009787197106162274,0.00097867355195065,0.0009786659283335618,0.0009787086165777693,0.0009788048073980217,0.08763734179362401
doc101,0.6740632218017425,0.0009883170243192416,0.0009884811982324479,0.0009883189231423386,0.0009885485325717375,0.0009882830720805956,0.17142643549269798,0.0009883297440833494,0.022783842707350836,0.0009886693713076664,0.12381928447464545,0.000988267657825898
doc102,0.46361824545265007,0.0024879842264770914,0.002488253049651517,0.12020611701424049,0.3937828951834829,0.0024882089318802405,0.0024878867770117565,0.0024878928300367093,0.002488061377967298,0.0024880509138712355,0.002488582403613171,0.002487821839117267
doc103,0.23815640275900513,0.0005123866342668436,0.058074612423490636,0.35683620641004915,0.0005124723163557282,0.03143420321476621,0.26226037206364633,0.0005124349230573596,0.0005123782958270809,0.0005124410759051272,0.050163632107739,0.0005124577758913535
doc104,0.23442368662482255,0.09967201342822818,0.0011089192490976374,0.4806256954690687,0.0011088449882721558,0.0011089579715800925,0.0011089087139527429,0.17640755177206627,0.0011088476336316637,0.0011088361971486682,0.001108832260966613,0.0011089056911647178
doc105,0.0011605469498395273,0.0011604119830620682,0.44365445070274895,0.0011605363871563148,0.07018604823555614,0.3211020709992669,0.0011603311677668986,0.08810355331284049,0.0011602143326292017,0.06883094937353335,0.0011602871197846619,0.0011605994358154705
doc106,0.19966694779888797,0.0011739637854578816,0.0011741089657963633,0.3957226634998145,0.0011739483099593871,0.0011739526076021017,0.3593952122803864,0.0011739477354981806,0.0011739864123586686,0.0011740103322089906,0.03582331523740892,0.001173943034620536
doc107,0.003012991576802483,0.0030132371651621966,0.5419528894549789,0.18785740873287002,0.003012763912074414,0.1817598712052141,0.0030133291803857865,0.0030126576233279953,0.003015161311935558,0.0030129051419148793,0.06432406263836817,0.003012722056965332
doc108,0.0007509553842994579,0.0007509332891651823,0.08859800010393926,0.0007509569109135884,0.0007509974182138,0.0007509657914074569,0.000750959746738203,0.3384541171359706,0.0007508582989695155,0.4633135301365994,0.07825821514803585,0.026119510635747644
doc109,0.2373833163409846,0.004717336449615706,0.004717851354008665,0.004718138565398165,0.6519121569443374,0.004718140211291336,0.004717487359209004,0.004717848703469368,0.06824345719071492,0.004718368752848495,0.004718244793132704,0.00471765333498974
doc110,0.001992784757500973,0.28793437407657313,0.001992652552290609,0.001992557843303982,0.001992590684122282,0.12292072025299564,0.001992737407982571,0.0019926864317209416,0.00199276885728574,0.20638216253248523,0.3668211413298026,0.00199282327393636
doc111,0.001812078656452546,0.001812057360093894,0.7434069035857305,0.0018122534484652393,0.10010971210238613,0.14017363707037436,0.0018123423417635608,0.0018120177499725049,0.0018130012085727067,0.0018118163868278885,0.0018120786218452016,0.001812101467515512
doc112,0.09608324688116866,0.0009416960052308444,0.0009418092908060345,0.00094191320799184,0.0009419678591271483,0.06094735612088687,0.0009418437081404275,0.0009418640217615334,0.834492711653586,0.0009418779638270632,0.0009419000014039788,0.0009418132860695212
doc113,0.09608324688116866,0.0009416960052308444,0.0009418092908060345,0.00094191320799184,0.0009419678591271483,0.06094735612088687,0.0009418437081404275,0.0009418640217615334,0.834492711653586,0.0009418779638270632,0.0009419000014039788,0.0009418132860695212
doc114,0.08056785181944788,0.0012791481702542967,0.0012789838463119483,0.0012790437364103237,0.0012788730820435246,0.001279044733850153,0.0012789667768444988,0.001278960865587021,0.07217377323991764,0.001279091896965338,0.0012790958987017815,0.8357471659336656
doc115,0.0006615659949560208,0.2246860863716737,0.0006614774583839532,0.05497700123459723,0.000661564052513757,0.6613267049686553,0.0006615615034450211,0.0006615169390912717,0.0006616625950118368,0.0006615213961602217,0.0006614802524675501,0.05371785723304423
doc116,0.0015578598875579587,0.3198906840748004,0.001557865739920283,0.3486501651341249,0.0015580822013397692,0.31743698676645005,0.0015579933227422614,0.0015580278113969824,0.0015583389122891425,0.0015578708681578614,0.001557900681225865,0.0015582245999946913
doc117,0.0007742202469493274,0.0007743230044682418,0.0007742680275372437,0.19743189983616097,0.0007742160253402787,0.6914779166727679,0.0007742007019455324,0.10412191641082143,0.0007743783461611106,0.0007742091164844515,0.0007742287307392067,0.0007742228806242818
doc118,0.2250474159238296,0.10632438666345745,0.11992357068915142,0.19294112088231474,0.1528532292998946,0.001845569004482676,0.1017124670791697,0.0018456293314193777,0.0018453001349315252,0.09197018826370605,0.0018455111097597746,0.0018456116178831195
doc119,0.0008391056385540703,0.000839161683597078,0.0008391020455564136,0.0008391196795226799,0.0008391518751277073,0.0008391631239429797,0.000839091135688203,0.17429810164044335,0.0008390530727906894,0.0008391549733474048,0.0008392798085831961,0.8173105153228462
doc120,0.00177975475012014,0.001779789047746347,0.34681733744603527,0.0017797456491690752,0.13272404109298208,0.0017796958243165534,0.001779694619653434,0.001779755853700269,0.0017799068458054601,0.36716865015012473,0.0017799340299232186,0.1390516946904235
doc121,0.0023701153999255756,0.34153360142923767,0.0023701626365831845,0.002370211651759574,0.0023702629771770256,0.390552606096735,0.002369947807544753,0.002370154647870257,0.0023704016056537735,0.24658217124647053,0.002369970261726909,0.002370394239315819
doc122,0.0013127670240850192,0.5108938582157228,0.0013126896680423009,0.13517399808280808,0.0013125970548927399,0.00131260549819393,0.342117999461876,0.0013127295281739114,0.0013125360589237762,0.0013126588609755202,0.0013127372260210767,0.001312823320284926
doc123,0.0019923318830244157,0.00199217109679368,0.06452709606272707,0.0019926146933948725,0.4297107271513379,0.0019921815967933226,0.0019923115536426236,0.0019923782455949983,0.0019923601120700554,0.0019922211183697044,0.4878312679681468,0.001992338518104549
doc124,0.00029490169121762375,0.2887945617906279,0.22031471384788523,0.21014506058471732,0.029157370290072974,0.1177101861270235,0.0002948806964750065,0.0002948868568199888,0.00029485267765688646,0.0002948970629803206,0.0545294020576779,0.07787428631684525
doc125,0.002164820409567549,0.002164769251177853,0.6507719317257714,0.002164833118653065,0.0021649083826776015,0.0021650889579644113,0.1911800914078741,0.1385643171450167,0.002164791438202278,0.002164876551086028,0.002164755538595954,0.002164816073412957
doc126,0.23649810563896886,0.0011604520548715116,0.0011603753177057714,0.0011603400948620802,0.0011603520051253063,0.0011603602835629657,0.1791297241775503,0.0011603220805520694,0.0011603029206191885,0.5739290983802171,0.0011601853483936685,0.001160381697571316
doc127,0.458235789400959,0.16857912029645844,0.0007238067241498759,0.11227816914604236,0.0007237478157039977,0.0007237805942107266,0.0007237465849091948,0.1467389075138598,0.0007237265357440178,0.0007237522430771018,0.000723681804623913,0.10910177134026167
doc128,0.0005947501622178094,0.15673107935348654,0.0005946404982601445,0.0670324273445686,0.0005947688704016943,0.0005947712111452942,0.0005947551468557701,0.0005946803402829974,0.04671662396099655,0.45741557442047986,0.13673380310467198,0.1318021255866328
doc129,0.002841352502910016,0.0028413483986933358,0.0028416961412844775,0.0028416189577663785,0.0028416659414490218,0.002841518231823535,0.002841407698218159,0.0028422555348223367,0.002841279043356883,0.6226181807450555,0.34896641284194413,0.00284126396267616
doc130,0.00168942687868965,0.0016896697299206486,0.0016893432750170077,0.0016895644433881666,0.5949159103946118,0.21703197896970586,0.0016895604136730055,0.0016895830227242619,0.0016893617795331506,0.17284666784079072,0.0016894178199898947,0.0016895154319558892
doc131,0.0014454293562662095,0.0014453685429441836,0.0014454715930821813,0.0014453365952794546,0.8986415833901601,0.0014453733140397226,0.0014455837314617515,0.0014454591654477046,0.0014454130567843624,0.08690396280598851,0.0014456033164282633,0.0014454151321174945
doc132,0.001061984097398901,0.07480581431691125,0.001061808625337538,0.20640654931881575,0.03658142115165364,0.27540895477936866,0.0010617241133237768,0.11909333911118057,0.0010617995706718572,0.0010619478377864144,0.2813327722983409,0.0010618847792108707
doc133,0.0012166489876329373,0.4384580186579418,0.0012167113499021143,0.407923146928599,0.001216803990601572,0.14266813311324666,0.0012169012245446466,0.0012167371213240464,0.0012166370054330872,0.0012167605625232494,0.001216696616834023,0.0012168044414169548
doc134,0.0010185746635020614,0.0010185556650949407,0.0355803062328286,0.11459101199742892,0.3815405358271639,0.13701682208810995,0.0010186404370347523,0.09037675716465011,0.0010186231597725164,0.23478301209619054,0.0010185425691992584,0.0010186180990243486
doc135,0.0007509553842994579,0.0007509332891651823,0.08859800010393926,0.0007509569109135884,0.0007509974182138,0.0007509657914074569,0.000750959746738203,0.3384541171359706,0.0007508582989695155,0.4633135301365994,0.07825821514803585,0.026119510635747644
doc136,0.21381523415535536,0.0012628290141656067,0.11214432934239252,0.0012630137857846872,0.017102390061406608,0.0012629223792696,0.0012628653381753056,0.37217483362572673,0.001262847673423615,0.05074531425413432,0.15967152527587974,0.06803189509428596
doc137,0.0005775007965251472,0.1089199086909911,0.056295442551480585,0.0005776394844899348,0.5808500262392643,0.0005774972575662863,0.0005774744277448207,0.24931437418662544,0.0005775031799978936,0.0005775143080290153,0.0005775506905820636,0.000577568186703427
doc138,0.181390003128653,0.002075423265802557,0.04624220754037526,0.0020751883368063592,0.6960194824105037,0.0020753237909620307,0.0020749224843525827,0.002075380004547176,0.002075669709699035,0.0020757361065556544,0.05974572219903064,0.002074941022712
doc139,0.0038177870361836403,0.003817963365654488,0.003818184811445359,0.003818117364529361,0.003817875185676254,0.33603886861720456,0.003818246460835516,0.0038184386731669705,0.0038186177463384366,0.003818171577910346,0.6257791441428905,0.00381858501816456
doc140,0.002841756633513411,0.1815553820866734,0.27696896921785985,0.0028420854655562783,0.2971892387379026,0.0028413526407832282,0.0028412947484256343,0.002841808975510146,0.002841365393825196,0.0028418059218722983,0.0028418385090199856,0.22155310166905792
doc141,0.002263038751994307,0.0022627348989829777,0.002263030647175396,0.002263312150896053,0.0022631992602770096,0.002263360534531725,0.0022629673329232413,0.002263006167634359,0.0022628227287189145,0.9751066807811712,0.0022629278595217334,0.002262918886172997
doc142,0.40374058462582807,0.0014456434708104832,0.24682075344633084,0.001445481367430638,0.15597558748572649,0.0014457035770972452,0.18189926187384356,0.0014454747258819255,0.0014453416295510638,0.001445490945199971,0.0014453146875731827,0.0014453621647263287
doc143,0.002263038751994307,0.0022627348989829777,0.002263030647175396,0.002263312150896053,0.0022631992602770096,0.002263360534531725,0.0022629673329232413,0.002263006167634359,0.0022628227287189145,0.9751066807811712,0.0022629278595217334,0.002262918886172997
doc144,0.0010291682988825903,0.10756677862517823,0.0010291268252356047,0.0010291350815042068,0.10749557676651125,0.3287242806222238,0.053182846820593786,0.28878992841319895,0.001029124791270383,0.0010291124555473264,0.001029176539894543,0.10806574475995916
doc145,0.0016342285677040907,0.0016341803988859092,0.7823727465560711,0.17211281043182816,0.0016347254968668062,0.0016342507635836191,0.030805686556086544,0.001634533273088026,0.0016341731158060677,0.0016342064579127577,0.001634267377284375,0.0016341910048824537
doc146,0.002427787096544579,0.1049425447721403,0.1402914984682292,0.0024279506158834045,0.3265571879858345,0.0024279110607045777,0.0024279109609855955,0.002427849239225564,0.002428159712215594,0.0024277799459769323,0.002427978422278112,0.40878544171998155
doc147,0.0014249866426337245,0.001424787842806417,0.13710025400301623,0.0014249035512527495,0.0014249522084565105,0.001424893629076128,0.0014246826570735263,0.2691229891969304,0.001424688099905712,0.26994441756047366,0.0014248320931629895,0.31243361251521207
doc148,0.0033120190245505172,0.003312616234062116,0.44473437698981966,0.2677002898948503,0.0033122470825097863,0.0033119926915819884,0.0033118937360489763,0.0033117394159760294,0.003311814260846807,0.2577570178670869,0.003311874084315044,0.003312118718351897
doc149,0.001330056333459429,0.0013303142029141117,0.0013299843963128896,0.2435341972951628,0.0013299846492576815,0.10426168850019447,0.0013300749956285849,0.31833507225344837,0.0013299350925749637,0.0013301626557468266,0.06475484721479714,0.25980368241050267
doc150,0.0018801417539716407,0.36507512229893796,0.0018802060040426357,0.0018803594601410208,0.3806127197195046,0.059046004032699675,0.0018801475540225125,0.18022419789761907,0.0018802673802073586,0.001880358013046272,0.001880116881300536,0.0018803590045068201
doc151,0.21165199528371476,0.027927948284882237,0.0018119901109671193,0.494677238031294,0.14207165116221024,0.11098699948096091,0.0018122622368380058,0.0018122703729245826,0.0018117624487273053,0.0018120018561569606,0.0018118814538134694,0.0018119992775105336
doc152,0.08014110686624204,0.0007990371827433006,0.0007989240732028934,0.0007988807966776418,0.0007988943136660969,0.9012398792731694,0.0007989303861790464,0.000798888543198526,0.011428725822567973,0.0007989708757153917,0.0007988553550860825,0.0007989065115516495
doc153,0.0013478777161423485,0.15498195834110176,0.001347868359610246,0.6484306666109592,0.0013479547701383803,0.0013482179759870356,0.0013480240337214754,0.001347997534064092,0.0013479962071930225,0.0013480574320462577,0.0013479497742670758,0.18445543124476915
