,topics0,topics1,topics2,topics3,topics4,topics5,topics6,topics7,topics8,topics9,topics10,topics11
doc0,0.6078363429152005,0.001634205783231891,0.07477476959109707,0.00163417409674755,0.0016345008822000406,0.0016344757150635293,0.07194957499834263,0.0016344931082359646,0.0016343039204955677,0.23236443300161683,0.0016343861836723029,0.0016343398040959652
doc1,0.000523189008830165,0.06600033086784449,0.0005231283067826251,0.0005231061570019209,0.000523147671461935,0.0005232192382214827,0.0005231435064778715,0.09175968669447697,0.0005231042702415074,0.8375311199455568,0.000523189704407159,0.0005236346286969535
doc2,0.000798984250049104,0.559847503710409,0.3605322500307291,0.0007989453171904087,0.053589887887396825,0.0007989177558841689,0.0007988920479704506,0.01963911950296723,0.0007988991527011546,0.0007988624412247709,0.0007989475658721042,0.0007987903376056579
doc3,0.0005644547715679467,0.0005643999272376922,0.31392187284747824,0.06285996093171153,0.0005645108585738536,0.6181380757475611,0.000564386867145903,0.0005644177281092214,0.0005645608166638737,0.0005644440172572184,0.0005644718351063327,0.0005644436515872013
doc4,0.0012955962544405264,0.13318736503980858,0.12325777452804626,0.0012956145427974602,0.0012955147075436604,0.3273765335474654,0.0012957247134895871,0.0012957158744564717,0.405813250826729,0.0012955615102865038,0.0012957909488856777,0.0012955575060509766
doc5,0.0007343648293015108,0.0007343301155538333,0.0007343263651469238,0.03141201843176464,0.0007343115216324261,0.0007344151360154263,0.0007343714447800489,0.0007343528364828114,0.0007343886650771639,0.36108769208191466,0.600890998167808,0.000734430404522509
doc6,0.0014047328717670228,0.0014048893111847417,0.15251111738021816,0.07766155498650205,0.0014047321806642957,0.5385874303099811,0.0014050206460817702,0.136103112464547,0.0014048006160462371,0.0014048048194190072,0.08530309398424953,0.0014047104293388867
doc7,0.001445413949302577,0.11880441207512422,0.0014455909021490413,0.0014453567286484355,0.0014456108914827552,0.17354677675867242,0.0888958036424021,0.001445570747413051,0.0014453617620217433,0.0014454750760256533,0.4516041577616766,0.1570304697050814
doc8,0.0006362970824539259,0.02115542178532486,0.0006362652406138236,0.0006362209388774918,0.000636284373872726,0.25593358307984515,0.0006362800667525856,0.04529679963210346,0.34359732893078526,0.3295630377514174,0.0006362946163175662,0.0006361865016358524
doc9,0.00131255583281603,0.0013124654462840612,0.0013127167182486374,0.0013126364624371292,0.0013133343263874216,0.00131253764876417,0.0013126936061010612,0.10579207754893091,0.8810810655430097,0.001312497882257888,0.001312650196375867,0.0013127687883869945
doc10,0.0007743946219892817,0.0007741426372549994,0.0007742111478746108,0.0007741680909990024,0.0007742213546377541,0.07018367559270627,0.0007741496256557972,0.0007741765240536846,0.6734183258451898,0.0007742967332244689,0.24943017790285646,0.0007740599235579307
doc11,0.5035465473840566,0.08032854160613503,0.0005876493978955768,0.018887306781117667,0.0005877150564834355,0.0005876962598281255,0.05338126379163775,0.0005876811517009125,0.27418170365985395,0.06614849731946985,0.000587703577607006,0.000587694014214036
doc12,0.4739584120751594,0.0007134977033517653,0.10131620671598729,0.0007134177375751085,0.0007134797630271513,0.07671604123150211,0.09677994365033127,0.000713477251824283,0.0007134816128761094,0.24623516863944014,0.0007134670492810797,0.0007134065696444174
doc13,0.0010082745586049448,0.0010083407596282337,0.0010081656190672745,0.0010083385691329134,0.0010082709538382255,0.0010084973715757046,0.001008189379144231,0.0010083508220037369,0.0010082522497570474,0.0010081981576003038,0.0010081975064137692,0.9889089240532336
doc14,0.0010082745586049448,0.0010083407596282337,0.0010081656190672745,0.0010083385691329134,0.0010082709538382255,0.0010084973715757046,0.001008189379144231,0.0010083508220037369,0.0010082522497570474,0.0010081981576003038,0.0010081975064137692,0.9889089240532336
doc15,0.24312918445716977,0.378558604812751,0.0011739420599862283,0.0011739917574618728,0.045186682690724546,0.25623908380141286,0.0011740043982205824,0.0011738382984594,0.0011740661501677433,0.06866828307532163,0.0011740547931175921,0.00117426370520695
doc16,0.000998234529531363,0.11419286099156091,0.09907035970225375,0.5006209605489129,0.000998397349569931,0.0009982132264940776,0.11979519420773309,0.000998396485618796,0.1593327150564026,0.0009982081882755653,0.0009981990394883422,0.0009982606741585842
doc17,0.07218022646462553,0.0008119521289178922,0.27721617631773654,0.07552200749727955,0.0008118678657540848,0.2783330572734753,0.0008118975226183525,0.14167878846375548,0.11699239421086709,0.0008119214878474942,0.0008119542086400531,0.03401775655848263
doc18,0.422518930396399,0.33577552601562133,0.000502168420870163,0.0005021798521617268,0.0005021326338355568,0.19217367924044162,0.04551415278739381,0.0005021451534864365,0.0005021734717273058,0.0005021828367402179,0.000502170521511215,0.0005025586698115846
doc19,0.0009599922119264022,0.0009600209732419962,0.1571440883739231,0.3562263645543491,0.0009600292765410526,0.0009599966829476256,0.08294492813183596,0.30532816736284896,0.09163683315867382,0.0009598993197529832,0.0009598744772194683,0.0009598054767395344
doc20,0.00495168867927803,0.1296303349501911,0.004951082859968988,0.004951953120096838,0.004952702452855869,0.004950682012604265,0.004951780176795791,0.0049505273952710005,0.8208545250802094,0.004950933710144834,0.004951126503203898,0.004952663059379862
doc21,0.0004363893148498645,0.0004363859202800554,0.7830562282394555,0.0004364306062284411,0.0004364146111857394,0.13125267135290739,0.06281779997806816,0.019382082746178492,0.00043642346130789143,0.00043639004941054243,0.0004363787863801685,0.000436404933747801
doc22,0.000756628851938498,0.0007566357382692389,0.06822570556639174,0.0007566191908328586,0.0007566411205574541,0.35944962988044743,0.1048921860001057,0.18588766332760034,0.08246596024266012,0.0007566031952656976,0.13772072921657844,0.057574997669352666
doc23,0.4102152953323312,0.428892519248061,0.08702823534312108,0.0005314576706773855,0.0005314736848467562,0.059862452738847424,0.0005314919408384216,0.0005314581265682815,0.00053151522105257,0.0005315053568740145,0.0005314941964610154,0.01028110114032085
doc24,0.18354674852836178,0.0681978775762053,0.0005519974996656113,0.04644113205546018,0.023773854113068694,0.0005520449474217747,0.0005519807486302305,0.000551964950219431,0.28107134373910897,0.0005520407330772695,0.39365706914858306,0.0005519459601977908
doc25,0.4301844554100257,0.001718775266489383,0.0017186255800566302,0.0017186260686118252,0.0017185356488113141,0.18311287937051784,0.0017187750445229722,0.21680713371194554,0.1561462311921001,0.001718558550095219,0.0017187051376282047,0.0017186990191952929
doc26,0.529860971233101,0.0002889328346522385,0.00028889470522732705,0.0002889066287608129,0.0002889057774135915,0.00028893612374810524,0.00028892092479907626,0.0002889652264017969,0.43834046153952744,0.0002889232864856567,0.0002889322018209293,0.029198249518061933
doc27,0.08047586422829545,0.0012318268853246928,0.001231752524933547,0.0012317235144391773,0.0012320487603261743,0.41884869544596254,0.0012316683145123769,0.0012318207569038042,0.0012318777207923804,0.21255748940084307,0.27826358433052545,0.0012316481171413185
doc28,0.4194941071169871,0.0011739367357376264,0.0011740188202557186,0.0662310441319408,0.37309059139908646,0.0011740471757950832,0.0011738810444853805,0.0011739471281530835,0.07025251858273612,0.06271395412226242,0.0011740432878122769,0.001173910454747993
doc29,0.03764473224291534,0.13207330925883096,0.0008996673363857572,0.0008994395116166641,0.0008994619135862073,0.000899541854267568,0.11608032642953407,0.0008996105331986425,0.6109637673560117,0.09694127272857726,0.0008994815800140153,0.000899389255062003
doc30,0.31038354494912396,0.0007453684822973627,0.0007453633385248757,0.0919892289321963,0.3159291747700321,0.0007453087680909742,0.09221573890541053,0.0007456473189814606,0.0007453457190939503,0.0007453852720942945,0.18426462461938317,0.000745268924771169
doc31,0.0023704173442758458,0.06083426761115094,0.0023698245734136976,0.002370200443026855,0.002369903340279988,0.16670857753581353,0.002370414641402568,0.09510958336580164,0.6583862523232065,0.0023704039688881395,0.0023700805527972746,0.0023700742999431066
doc32,0.0023160378210874836,0.002316340510753421,0.002316589815269493,0.002315837964178137,0.0023153992718489614,0.002316001791140384,0.002315321057872513,0.002315058282800385,0.9745259365116513,0.002316302049225242,0.0023158179416851348,0.0023153569824876557
doc33,0.0012789770956985426,0.0012791347860705413,0.0012794003506736353,0.10036663456120253,0.001278990512497521,0.001279065774990109,0.0012791241846531701,0.0012792704886882185,0.8106377258200447,0.0012790112465079222,0.07748341205010607,0.001279253128867247
doc34,0.008931579821071931,0.008931980361110526,0.00893393756916553,0.008929392747975027,0.00893164251266743,0.19864492801225797,0.39718181796621305,0.00893057455908516,0.008929774250138188,0.008931774103940367,0.32379278936234435,0.008929808734030657
doc35,0.002370534334188224,0.0023704858469248856,0.002370310069959874,0.0023701639872760923,0.2647253189544912,0.002370335722715837,0.20073263189477383,0.0023704485137583157,0.5132092019611508,0.0023701639706914432,0.002370401005842806,0.002370003738226631
doc36,0.0034255458891600853,0.003425807234148011,0.0034251143079128328,0.003425347203198365,0.26467986841529206,0.0034260080984586856,0.2544155006710625,0.0034250051401324057,0.45007526915671,0.0034252159375963193,0.003425529093051504,0.0034257888532770917
doc37,0.14132625849989466,0.17556650920802896,0.0020328765927497567,0.002032731262645283,0.0020328916313989407,0.0020330120968371206,0.5002791118735547,0.002032779829522155,0.16656541195503013,0.002032826478419189,0.0020328170101878234,0.002032773561731497
doc38,0.0007863082600600832,0.0007862840358887514,0.0007863768161241224,0.0007863212950315908,0.0007862518451700406,0.0007863234821817093,0.000786368131389074,0.000786392195716294,0.7465033248521371,0.0007863573755612817,0.0007862923595761879,0.24563339935116385
doc39,0.0010967215335951062,0.0010968018894569245,0.41648218100587076,0.0010969307758113868,0.0010968200913266178,0.1321746682806253,0.08008353426753821,0.001096864949263079,0.3624854018257628,0.0010966250178608067,0.0010966974070207637,0.001096752955868128
doc40,0.42168881980526557,0.0006985005196549299,0.05452710120278681,0.013018473080420553,0.0006985115074927673,0.45145221610705644,0.0006984930141433665,0.05442387523140987,0.0006984493550960101,0.0006985488443732681,0.0006984678027293985,0.0006985435295709648
doc41,0.30067016463038604,0.0016080233808359178,0.001607904892922612,0.00160800551494232,0.05679182628859924,0.37706532680780025,0.0016079060233858962,0.25260871607631635,0.0016079943142277271,0.0016081329680590762,0.0016080672596174954,0.0016079318429069974
doc42,0.0008052327535565853,0.0008052169836688815,0.0008052849670967807,0.0008052659089107495,0.0008052271228275483,0.0008053297724329066,0.000805342645668441,0.0008052768562474773,0.9911420366256685,0.0008051993005830995,0.0008053185561588619,0.0008052685071802399
doc43,0.2594058400250882,0.1903162786414908,0.003970397790595461,0.003969888802498957,0.003969267148037858,0.0039688521419228824,0.003969822280867112,0.00396912600140523,0.0039687239104885825,0.514553662939145,0.003969432320946059,0.003968707997514057
doc44,0.0004271107437388089,0.00042709297925465985,0.0004271911844100351,0.00042716022540275597,0.0004271575207758999,0.2711866457300056,0.24944870997630975,0.0004271802621131995,0.3735530565806808,0.0004271340862878144,0.10239450277333054,0.00042705793769007766
doc45,0.0017796145115999277,0.001779557626725088,0.9804226876835241,0.0017798161749883387,0.0017796739899822575,0.001779816607211556,0.0017802851894996158,0.001779545524617978,0.001780081365402329,0.001779620244201843,0.001779765346794803,0.0017795357354520548
doc46,0.0004029822443342928,0.000402991293761367,0.1382358331193633,0.673738151283453,0.0004030224114519204,0.1448069119595064,0.000402968414742634,0.03999517364591827,0.0004030037179040712,0.00040299878190555143,0.00040297426897117065,0.00040298885868814637
doc47,0.22099301277229674,0.000825242908571835,0.3429388090431398,0.34309608093092014,0.0008253163466247262,0.08636997099726987,0.0008252123780324202,0.0008252245156119651,0.0008253365335849212,0.0008253004882056143,0.0008253106410671965,0.0008251824446746871
doc48,0.0025514454688536376,0.08869532486975558,0.341103096754609,0.1677308962098318,0.0025516284271946323,0.3367807413912172,0.002551695674951721,0.0025518474412156815,0.0025518623142361157,0.0025514273264317278,0.0025518467860030794,0.04782818733569988
doc49,0.0045061190661255315,0.00450620840781394,0.004505299813475237,0.004505739868866423,0.004504916114633325,0.9504364933075913,0.004505526525515021,0.004506346975384803,0.004505322430467186,0.0045072521867919315,0.004505967923859982,0.004504807379475335
doc50,0.0018455180589561563,0.0018455066219358173,0.0018455610537045975,0.001845271893561925,0.0018452772743017584,0.6888088989534592,0.0018454705564849895,0.001845435427252822,0.0018454278117371332,0.13051080460745368,0.14402881008947166,0.021888017651680337
doc51,0.07937969642626315,0.33747555305722826,0.0004307961416548464,0.0004307851440201875,0.36204976238139625,0.0004307463725762828,0.00043080617277987157,0.00043073928111885646,0.1292730817487378,0.08880648457634556,0.0004307937967071421,0.0004307549011717554
doc52,0.24182056363500085,0.001096907300264148,0.001096779609516592,0.5895570072353897,0.15875081075907055,0.0010968083610441166,0.0010970049943390642,0.0010968120308423224,0.0010969110458485675,0.0010967299621824165,0.0010969680698851506,0.0010966969966163373
doc53,0.0012629121057246694,0.0012628991983491802,0.0012627516660961016,0.0012628619825532685,0.0012628236797314826,0.001262864031371895,0.001262855293192608,0.001262780828116035,0.2610450626036076,0.7263264052403973,0.0012630302330109682,0.0012627531378488874
doc54,0.002551535876865216,0.15123708782329165,0.0025518819253607604,0.0025516905105166694,0.002551802597118964,0.715448605257966,0.002551569765168656,0.0025518604613031575,0.002551484497687304,0.0025515555390718567,0.11034942359203524,0.0025515021536145033
doc55,0.0016618086580286685,0.3157737643854858,0.3294042549751209,0.14935161156538554,0.0016616657384297892,0.001661516384298058,0.0016616156546241962,0.0016616583742322295,0.19217749515172972,0.0016614242434554543,0.0016615190906275373,0.0016616657785820622
doc56,0.0033119230619771643,0.003311760869468231,0.9635667279797387,0.0033126093095151416,0.0033122822685053587,0.0033121964792715616,0.0033124713105449066,0.003312355349078649,0.0033118544820709282,0.0033117517050095277,0.0033120192039976706,0.003312047980822194
doc57,0.043126199118720676,0.545393225738418,0.2723847288462304,0.0015826359475231385,0.0015825460257269661,0.001582480155670364,0.12643503839941495,0.0015824399790357795,0.0015828465171036446,0.0015825271625024844,0.0015828594139676371,0.001582472695686069
doc58,0.001295517057508386,0.001295569403226999,0.46918040523049775,0.4900977400151087,0.0012954906594408598,0.0012955862790673522,0.02906161808228379,0.001295611430646668,0.0012956319786899032,0.0012955487919398213,0.0012955402006301585,0.0012957408709595869
doc59,0.2815360706309401,0.0006129095524335491,0.05642525437489791,0.0006128819333110964,0.111370076368236,0.2219163006379662,0.0006129022553277763,0.000612886180904066,0.23199989088481052,0.09307498648729112,0.0006129219792543355,0.0006129187146273214
doc60,0.001279149759875549,0.001279115205687353,0.0012790965541617434,0.0012791501675548293,0.001278917569626692,0.0012789789886858169,0.0012790697983653513,0.0012789952444198333,0.8385934218169053,0.0012790605881260668,0.1486160839538366,0.0012789603527549466
doc61,0.0006936902613573663,0.0006936152579754912,0.0006937877181553037,0.0006936513201952816,0.0006936960409825283,0.1287992211884545,0.0006936822036238259,0.0006937324095277566,0.6175003010082025,0.0006936811201294973,0.24745733502906622,0.000693606442329652
doc62,0.0011879555074268279,0.5326683591288361,0.0011881066406607178,0.0011881612372526711,0.001187934966871637,0.0011880262679810902,0.0011879828756328928,0.001188079196477715,0.0011880481305068704,0.11233847556275765,0.34430111366532123,0.0011877568202746638
doc63,0.0014048050396696763,0.17315573478976207,0.0014050437221527659,0.0014048855718232498,0.0014048587300867386,0.3146323932732741,0.001405131073531227,0.2881970901391909,0.0014049352905639622,0.0014048684084602863,0.2127752066363567,0.0014050473251284558
doc64,0.0009418303647511855,0.0009420425695132648,0.0009417646962769346,0.0009417884258991225,0.0009417535871484895,0.0009417478566686064,0.0009417653795599397,0.0009417619129327736,0.0009417195968280547,0.0009417312502971444,0.0009417836172543624,0.9896403107428702
doc65,0.0009418303647511855,0.0009420425695132648,0.0009417646962769346,0.0009417884258991225,0.0009417535871484895,0.0009417478566686064,0.0009417653795599397,0.0009417619129327736,0.0009417195968280547,0.0009417312502971444,0.0009417836172543624,0.9896403107428702
doc66,0.0009882234549641559,0.9891294089065717,0.0009882077865931704,0.0009882370323311066,0.0009882408900853377,0.0009882172096387226,0.0009882817190175605,0.0009882584855770708,0.000988254950685506,0.0009882227663120143,0.0009882385639701304,0.0009882082342534998
doc67,0.4735999289334067,0.000609184059628695,0.0006091657422834052,0.0006091627308555961,0.0006090996791156827,0.0006091206390573721,0.1713588597837639,0.0006090908496809577,0.23910743181344066,0.11106072446488623,0.000609166255245402,0.0006090650486355006
doc68,0.49417048913123746,0.48155286431776495,0.0024275179259523557,0.0024276422700294305,0.0024280828251166896,0.002427893422698242,0.0024276619152668925,0.0024274730157833988,0.002427620340121831,0.002427519652028546,0.0024276242748602875,0.0024276109091399727
doc69,0.001263036001660131,0.0012630271956137577,0.11264504723634115,0.09078071937620329,0.0012630236581026107,0.25197025903685716,0.001263037786565462,0.0012629014119611417,0.46320870205520104,0.07255448078998886,0.0012630270816818647,0.0012627383698234397
doc70,0.8429888865248294,0.0020751272809796982,0.0020748941669856183,0.002074957630447765,0.002075274334088475,0.0020750481241381354,0.002075601245436479,0.13625928945273139,0.0020753965359432648,0.0020751121798276606,0.002075222818209983,0.0020751897063820113
doc71,0.0009243783918612073,0.21438699656059074,0.0009243633071890471,0.0009243355057539652,0.0009243104301028489,0.6665829111540503,0.04682582066345234,0.06480925434395245,0.0009244458972934146,0.0009244017509486612,0.0009244451887666238,0.0009243368060384155
doc72,0.2351178009899433,0.0009508339186523306,0.0009508328476799358,0.0009508304018368721,0.0009507620859693164,0.19864273267414295,0.0009507223104481058,0.11746810319631024,0.000950821916724739,0.000950776535099961,0.4411646180763121,0.0009511650468800999
doc73,0.0017488049731921964,0.37634185801261016,0.04472676003067067,0.0393678738638636,0.1710376333954961,0.001748816922011526,0.21985933890135326,0.0017487596825530656,0.07639167649608472,0.06353127729157046,0.0017485450672658348,0.001748655363328357
doc74,0.003012760670142632,0.12505609916563953,0.003012188622572214,0.003012388040039893,0.003012382013192539,0.003012327238421816,0.003012683765510859,0.0030122621323293007,0.8448189896463489,0.003013048846296705,0.003012709418584523,0.003012160440921044
doc75,0.0012168543477820751,0.0012168958933311681,0.0012168642419715626,0.001216751069401574,0.0012170377008956464,0.0012167939581706239,0.15386456420433922,0.0012168020950330675,0.5534993652837106,0.28168442970057256,0.0012168054787066382,0.0012168360260852624
doc76,0.0011879621784423448,0.0011880252397013372,0.001187874560799697,0.0011878553305953914,0.001187822759420533,0.0011878336139867544,0.001187852412409546,0.0011879997272108232,0.0011878723054997383,0.9869331287778905,0.0011880206383106358,0.0011877524557328508
doc77,0.0015580924988006614,0.350027723799749,0.07106737579034329,0.001558129721300251,0.0015581489167059267,0.0015579267399118359,0.001558072167635089,0.001557878083208906,0.564882563975867,0.0015580764322686408,0.0015580949868268547,0.0015579168873824472
doc78,0.0011213944982859055,0.0011215427224417053,0.0011214381325309057,0.04547757560070689,0.0011214034018993723,0.00112132710603677,0.0011214329497262535,0.11027361642693304,0.0011213946512912713,0.7064471947062406,0.1288303306992333,0.0011213491046739743
doc79,0.0011879700746525814,0.0011878540415065147,0.0011878339843877002,0.0011878492011937255,0.0011878770240631245,0.3177513418493144,0.4075819167893581,0.001187843321174597,0.11166039937383175,0.0011880905960100355,0.001187936530519134,0.1535030872139884
doc80,0.00242761946069054,0.538059320853535,0.0024280674067515707,0.002427887706971094,0.0024275885853828824,0.002427750671256001,0.0024279286703419952,0.002427662542354773,0.06936634408084215,0.17166956616712764,0.2014825346863855,0.002427729168360677
doc81,0.22055282529331915,0.03830311251806306,0.03098365556118374,0.05845863800917761,0.19156482252627577,0.0010398529102898144,0.0010398951860508905,0.001039887274216885,0.3047863923497228,0.1501512251649601,0.0010398392055220936,0.0010398540012179715
doc82,0.14373274902222566,0.00191634008694212,0.2517403293940135,0.0019160949600751816,0.001916148978091544,0.14441197375886106,0.05632469857521646,0.001916513682158706,0.39037632364112995,0.0019164537884986505,0.001916279282473971,0.0019160948303132367
doc83,0.0012473387329684173,0.19975440063743335,0.0012473357887742942,0.0012472947043821914,0.0012470837717043983,0.1924606709928043,0.001247295857194249,0.0012470996001233213,0.5965598644278833,0.001247266840289027,0.0012472904741994363,0.0012470581722434874
doc84,0.002763279300369221,0.3450874956488633,0.002763863460448888,0.0027628051665283676,0.4557542832716193,0.0027628196271224687,0.0027633186427575467,0.0027626677576404845,0.002762655866925875,0.17429090091604435,0.0027632736389921826,0.0027626367026880694
doc85,0.001295796367268589,0.0012955808387637114,0.0012956899246389598,0.001295555936769632,0.0266983836249436,0.3420122497839373,0.0012956397273840943,0.1083726740173465,0.4254975295484777,0.08834964827350379,0.0012957658263796413,0.001295486130586519
doc86,0.0014249143021078426,0.0014247870903657364,0.0014250600486476754,0.001424823341678885,0.0014247750499958426,0.1007778624027723,0.0014248780589177345,0.001424795415108888,0.8185898362579362,0.06780860749699541,0.0014250021468132546,0.0014246583886600532
doc87,0.24045166202086202,0.002315601270673802,0.0023155966995936673,0.3345843022964216,0.0023152278325905156,0.00231547197457529,0.002315408379760745,0.1657517296268305,0.24068866112755177,0.002315670917684737,0.0023153699633702753,0.0023152978900850174
doc88,0.0043108790815431786,0.004312338985975209,0.004312161189904546,0.004310730218286108,0.004312644200869866,0.4138035552167297,0.00431226826021715,0.4069352475465457,0.14045730745707205,0.0043108901456113975,0.0043112921861018115,0.0043106855111431945
doc89,0.0016895116673458128,0.09710162024054599,0.0016893082122729419,0.0016893233665222294,0.0016894506133100385,0.0016893781277292545,0.001689450138342074,0.0016893438661577252,0.88600435554613,0.0016894177557813088,0.0016895170040212703,0.0016893234618414084
doc90,0.0027628968747664367,0.002763114451227378,0.002763285701569297,0.18303583577835797,0.0027626972750035505,0.0027633874498278256,0.002763118988021381,0.0027632603757308696,0.7893341331446005,0.0027628507211792733,0.0027628815866421446,0.0027625376530732173
doc91,0.001173926779772561,0.001174031854704926,0.001174120064424001,0.0011741002896091335,0.00117392640195094,0.001174086684198314,0.0011739291437742217,0.24733237763530574,0.001173878016918808,0.0011739561577096868,0.7409278373437117,0.0011738296279199289
doc92,0.0021652602129171917,0.002165460641571898,0.0021648891943083838,0.0021648595665306127,0.002164922262025804,0.0021652643272793205,0.9761834602747005,0.002165321869186857,0.0021652549748365805,0.0021653240627688454,0.0021653312087468106,0.002164651405127259
doc93,0.0007863082600600832,0.0007862840358887514,0.0007863768161241224,0.0007863212950315908,0.0007862518451700406,0.0007863234821817093,0.000786368131389074,0.000786392195716294,0.7465033248521371,0.0007863573755612817,0.0007862923595761879,0.24563339935116385
doc94,0.000632283427442093,0.5805837452729353,0.000632212217653372,0.0006322296586374593,0.0006322269330602328,0.0006322624087950987,0.41309367934186836,0.0006322195952459431,0.0006323385818094966,0.000632269863776358,0.0006323060380437842,0.000632226660732374
doc95,0.7590004404353442,0.15959053570742723,0.001510992584301205,0.0015108048546768724,0.001510941243513914,0.0015107866142058898,0.06781115076893827,0.0015108698657552665,0.0015107857746241948,0.0015109286133824687,0.0015109393495438264,0.001510824188286665
doc96,0.0012168925583147907,0.0012169632133638285,0.0012167821565235923,0.0012168737348677513,0.0012168232443643854,0.5067518858374177,0.0012169765653245964,0.340299201520343,0.0012168995221267076,0.0012167541367210685,0.14199734761187893,0.0012165998987535502
doc97,0.0007927398692306933,0.32155317176243786,0.0007926282929211099,0.000792539116819529,0.6705208960345935,0.0007925821492313661,0.0007925935563706132,0.0007925084273833333,0.0007926023508401949,0.0007926440048880356,0.0007925240503362539,0.0007925703849473463
doc98,0.4053366854054979,0.2736261512554018,0.0008534645184952909,0.0008534182030991401,0.000853362031807388,0.1258438073978107,0.0008534275738486043,0.0008534683141385204,0.000853442771087209,0.18828061309155464,0.000938828351145593,0.0008533310861133615
doc99,0.0013479185370027607,0.0013479060994866312,0.34345508807670466,0.6430654084778342,0.0013479458085193141,0.001347903724232815,0.0013478583855076594,0.0013479326501741715,0.0013479080762304765,0.0013480074539685269,0.0013480475996378155,0.001348075110700892
doc100,0.35913494295910564,0.000805316145323918,0.0008053925926844497,0.0008053014995703753,0.000805373510093965,0.0008053343888636021,0.05361338729724804,0.0008052862802125625,0.0008054438897752217,0.5800036152120935,0.0008053559320766706,0.0008052502929520898
doc101,0.0019925168574332274,0.04928185502094841,0.5502958019402214,0.0019926302275599145,0.07756093611937899,0.30692109877872215,0.0019925597582747933,0.0019924684232732505,0.001992363349326611,0.0019923927633931056,0.001992482438799377,0.0019928943226687674
doc102,0.0007343413854726295,0.0007343679389095381,0.0007344153777978258,0.991921915218903,0.000734338176699966,0.0007343701696319923,0.0007343707618200118,0.0007343733503121974,0.0007344954193427361,0.0007343117514097653,0.0007343820016023442,0.0007343184480980624
doc103,0.062444284583664036,0.002119267466026235,0.002119242271858131,0.2820462049979041,0.0021194691493834766,0.31513178885521353,0.0021192751450495777,0.11919940976985369,0.0021191045682640583,0.0021191636679020057,0.20634341681711652,0.0021193727077645315
doc104,0.0015825392308251517,0.0015825351359615035,0.17892894147891564,0.22176600093649018,0.5617435483513145,0.0015828456602904899,0.0015825318297269123,0.0015825920379695397,0.0015825650983104368,0.0015824834315590797,0.001582511634291563,0.024900905174344984
doc105,0.000988360506154796,0.06725578973164884,0.3071784547428643,0.0009883993490782462,0.00098840925165863,0.3238929252166684,0.2132681103664352,0.08148605727127751,0.0009884646884452462,0.0009883585823450486,0.0009883978018615902,0.000988272491562276
doc106,0.0017184935351882262,0.0017185947807061882,0.48042529633344266,0.0017184984386937254,0.46350325452989943,0.0017187454132424735,0.0017186864241585222,0.04060412595032826,0.0017185119398834279,0.001718450642869229,0.001718777163513804,0.0017185648480739766
doc107,0.8429888865248294,0.0020751272809796982,0.0020748941669856183,0.002074957630447765,0.002075274334088475,0.0020750481241381354,0.002075601245436479,0.13625928945273139,0.0020753965359432648,0.0020751121798276606,0.002075222818209983,0.0020751897063820113
doc108,0.2696132790549645,0.0006166504166848628,0.2406242476935096,0.0006166238531028029,0.0006166941520300536,0.12192933273418145,0.000616706235543816,0.0006167599146214321,0.0006166330039585085,0.3628998236842169,0.0006166592099620873,0.0006165900472241036
doc109,0.0016342769320387362,0.0016344645617413212,0.35052768402617696,0.0016345094056685167,0.001634526532650177,0.36312449513838246,0.2716377834169197,0.0016344311055657707,0.0016344649057200736,0.0016342436656695864,0.0016345884056404227,0.001634531903826281
doc110,0.0016082566073509273,0.2734839255791108,0.20630061155354915,0.001608380147901372,0.11484371707165263,0.0016082072802930895,0.24816178991161778,0.001608052343115112,0.14595298433251644,0.0016081273387010282,0.0016080578664140165,0.0016078899677775787
doc111,0.003012651278131661,0.0030126632437615826,0.4838135040489472,0.0030128699744795574,0.003012822556221801,0.0030127442466427604,0.4860603180358205,0.0030126791313365123,0.0030124176038331886,0.0030125803829399818,0.003012407533050752,0.003012341964834389
doc112,0.3175814255406554,0.0012630492608348193,0.28129891560858883,0.12892425959794498,0.0012628520609532005,0.0012628625174230907,0.26209174395153884,0.001263264613216409,0.0012629812835550532,0.0012628591583588073,0.0012629601274132842,0.0012628262795172456
doc113,0.0018800199829133064,0.0018801908369933003,0.0018799659728862227,0.743715845653449,0.17921521032574833,0.001880066013713042,0.0018799689210009043,0.0601478101253335,0.0018798643821656945,0.0018805843934312388,0.0018801049839939218,0.0018803684083716474
doc114,0.0016343738625795355,0.001634183100449857,0.20997476728410286,0.0016342977887658127,0.3795000030671588,0.31544943782522833,0.0016342323355907887,0.0016342659601804859,0.08200160097223703,0.0016344316698086163,0.001634239790484776,0.0016341663434130337
doc115,0.0019534663870098123,0.12621705178191212,0.2523768300870703,0.001953696334389525,0.23119058674029427,0.24461969886978988,0.1319208153812329,0.001953783690447257,0.0019535117220348852,0.00195337956301244,0.001953745017543043,0.0019534344252635505
doc116,0.1955085470129785,0.0006572080627984504,0.0006572938878559631,0.0006571899179947632,0.0006571643752218291,0.6169583293101504,0.0006571842289769332,0.0006571082407234069,0.1816184180655926,0.0006572187526153623,0.0006572371886672447,0.0006571009564248299
doc117,0.21047943484700243,0.0014248527460510388,0.23819862416897608,0.0014249060935633802,0.3075401581667164,0.001425021369595487,0.06088300154258825,0.0014249660248265223,0.001424981636305569,0.1729245822233658,0.0014249021168740578,0.0014245690641349817
doc118,0.0012022396056135677,0.001202237821398001,0.0012021169015068876,0.0012021349550300757,0.001202251474523341,0.0012022117371216325,0.0012021652764156233,0.20892885100102024,0.18039018971616316,0.599861157748773,0.0012022733911959918,0.0012021703712384335
doc119,0.15593168337465352,0.2043777683443551,0.02947813812573861,0.0006936293058305745,0.000693642943689727,0.0006937046945334548,0.19029150923344806,0.0006936563817897421,0.02823772588854529,0.387521298090016,0.0006936826892657268,0.0006935609281341218
doc120,0.06884813042813247,0.0010397414736484471,0.0010397804314952127,0.0010397505360311946,0.0010396942893104446,0.0010398554712723659,0.270322920748517,0.0010397794472383503,0.4174597255971072,0.0010398716958372675,0.23505113980057465,0.0010396100808353307
doc121,0.005815751651997611,0.2459090518164501,0.005814868578530564,0.005815009455617859,0.005815082321530581,0.15020419358941473,0.005816063544914261,0.0058157261997683445,0.2922633985280151,0.26509958375656584,0.005816330667931947,0.005814939889263179
doc122,0.0004922368527924103,0.10308870318314724,0.0004922820079186926,0.04515488556013662,0.0004922526350386857,0.0004922232014056389,0.0004922451392353889,0.0004922712209768495,0.3902339269467883,0.0004922339896373964,0.4575845321763001,0.0004922070866226996
doc123,0.0030131725193817196,0.10903722189244136,0.0030127266620857325,0.003012778819963429,0.0030128464986851917,0.2858974870861151,0.0030127229034418745,0.0030129095274483964,0.27190337160691314,0.0030130331997329242,0.3090584557451636,0.003013273538627398
doc124,0.0026182002372167256,0.061019783829429394,0.0026188257442314954,0.0026184459939910445,0.0026185602097159714,0.0026185657984470158,0.0026183136699824043,0.0026184541680524835,0.7890454374401393,0.002618314066966765,0.12636857201038526,0.002618526831442197
doc125,0.0009883118217659781,0.000988182210290568,0.000988216933533238,0.0009882222530302473,0.0009882114474054585,0.000988238520047236,0.0009882253393315927,0.0009883581678697222,0.0009884469207073158,0.0009882551165145634,0.0009883120008383171,0.9891290192686657
doc126,0.0009883118217659781,0.000988182210290568,0.000988216933533238,0.0009882222530302473,0.0009882114474054585,0.000988238520047236,0.0009882253393315927,0.0009883581678697222,0.0009884469207073158,0.0009882551165145634,0.0009883120008383171,0.9891290192686657
doc127,0.0018453333975933818,0.15531350407256903,0.335304209754379,0.0018454461074379723,0.0018454180083091838,0.0018453628537502395,0.0018456058745248357,0.19033350134030236,0.0018453988546253495,0.001845476775804982,0.3042855694901942,0.001845173470509289
doc128,0.2639193874012604,0.001916040455737153,0.0019163820070136773,0.0019162664053141959,0.001916199507807713,0.00191639159742697,0.0019159646512582971,0.13307018506083085,0.23587973659936173,0.35180146344058816,0.001916115159617202,0.0019158677137836012
doc129,0.4224102862292827,0.0007083230851938996,0.0007084457607945744,0.09286650154538434,0.1622422883467017,0.0007084077061865907,0.0007083247078149243,0.31681383731875534,0.0007084390363355831,0.0007083975507204187,0.0007084555498157944,0.000708293163014067
doc130,0.008929825895297385,0.008930042258843097,0.1730040455104177,0.008931194961398931,0.4232128464835828,0.008929073229931762,0.14186226605858804,0.008928571437422482,0.008930090625818106,0.008929573273450389,0.19048198476773393,0.00893048549751538
doc131,0.14421946596851437,0.0008252857702637078,0.10367212346397994,0.0008253386315615699,0.18188857825074817,0.0008252826748491257,0.000825324391244798,0.0008253106193769027,0.0008253953140518032,0.04869506076014421,0.5157475279276477,0.0008253062276176929
doc132,0.0005911898010971372,0.9934977614928225,0.000591074877280964,0.0005910915297970167,0.0005911104199913627,0.0005910790070882175,0.000591153954667545,0.0005910937785126647,0.0005911318308614243,0.0005911575257804433,0.0005910925595954664,0.0005910632225053838
doc133,0.0013856545792319055,0.0013856089712250199,0.0013854299047855601,0.0013854534391708547,0.0013852329385275225,0.5920769520192662,0.001385500842416818,0.0013854544202178683,0.08059202309268106,0.0013856368172777593,0.001385429667498852,0.31486162330770046
doc134,0.1602024491503903,0.28731642340072405,0.001366380881902247,0.0013664497457664883,0.0013665127356364928,0.0013668072217879533,0.0013666273890345431,0.0013665767870656386,0.540182642675258,0.0013664578005508755,0.0013663869929645155,0.0013662852189190449
doc135,0.0004422171854722921,0.10255130935104902,0.02684413538761015,0.0004422215835287368,0.0004422211319735236,0.0953772889608641,0.12450195119666714,0.0004421851035569921,0.5353831115848504,0.000442192856057807,0.11268898998694361,0.00044217567142624463
doc136,0.001295822782763303,0.08469682555243958,0.0012956393856253354,0.001295604930231054,0.0012957170625993678,0.30379099013414307,0.0012955755882469884,0.10390851182964109,0.0012955465413177142,0.3203142195814228,0.17822004421719026,0.0012955023943794885
doc137,0.22499579572480205,0.127716737726825,0.0732051645336537,0.0004130032679904538,0.1357955287713347,0.07349562995383645,0.0004129969534886691,0.022580625886503794,0.10046583738736325,0.10103494348910509,0.13947078178920985,0.0004129545158870205
doc138,0.0005676767754092873,0.0005677376720733054,0.020621814898860096,0.14706382114708558,0.0005676435903126069,0.0005677084280197818,0.0005676718781604663,0.000567681504586729,0.8272051836289628,0.0005677311404252197,0.0005677049436073401,0.0005676243924968629
doc139,0.1953101635346946,0.002551721447200791,0.0025517108540099765,0.0025515302478224876,0.0025517641075073227,0.0025515955689504755,0.4763878172666186,0.30533727005660927,0.002551610692970378,0.0025514864849325676,0.0025514792050423704,0.0025518505336409804
doc140,0.001404920458240897,0.0014050161085558128,0.23414338861916592,0.0014049388375531797,0.06407815894851356,0.32643298088834755,0.0014049596303743613,0.0014050107004770422,0.00140498638334575,0.0014048655317111373,0.3641061058790093,0.0014046680147054556
doc141,0.3799201590377958,0.0005775718055644884,0.0005775227004545884,0.06128656792371012,0.0005774919773696353,0.0005774591758286593,0.0005775172364373423,0.0005776390446690659,0.5535955899832558,0.0005775376763936351,0.0005774817015414024,0.0005774617369794577
doc142,0.0009160479756542043,0.0009160312776751956,0.0009161282603298672,0.2373486100561606,0.24529023808943315,0.45576617711038725,0.05426689517100952,0.0009159459586052051,0.0009159753924456271,0.0009160839719722126,0.0009159868605828963,0.00091587987574427
doc143,0.0008914123368547303,0.0008913560724599927,0.0008914645357284121,0.07403338643234174,0.0008913844314313739,0.4776160806160618,0.0008915228207372134,0.123679545054697,0.0008915078095282102,0.08870351374859042,0.0008915628864774525,0.2297272632550916
doc144,0.001445549400947001,0.0014454134387093334,0.0014453141217690819,0.0014455353950205206,0.0014453767752160241,0.3460915097914958,0.0014456115116068125,0.0014454603983465428,0.13096414795304454,0.3051104956080482,0.206270088308908,0.00144549729688795
doc145,0.2840801024111969,0.0014455446911716373,0.0014454934345755441,0.0014457441594726299,0.001445641975479624,0.0014455426154868223,0.0014454571650080734,0.001445256069637531,0.7014649480544796,0.0014453597898437002,0.0014454767333657282,0.0014454329002821316
doc146,0.37867280748912246,0.0012790647318616103,0.0012789383308942134,0.001279075529512492,0.0012790604436371956,0.23196065831196855,0.001279108712160739,0.03564008390157031,0.34349399914366696,0.0012790231383699323,0.001279181968851654,0.0012789982983837068
doc147,0.0020751204569300556,0.00207496873425923,0.19144617844690862,0.18178667898020448,0.002075171706041999,0.11242154381789204,0.0020750884603065543,0.002075026002644133,0.41663176569197496,0.002075315233876889,0.0020751200045635684,0.08318802246439762
doc148,0.001278981150591195,0.0012788591042110751,0.001279125949835663,0.0012791891277605986,0.0012790637239222674,0.001279174654528439,0.001279031492849098,0.0012794501999311046,0.9859300307737862,0.0012789707872390772,0.001279181865000107,0.0012789411703451603
doc149,0.0015343348780615669,0.28253402762161506,0.0015341438505427657,0.0015339894682701457,0.0015340695223287784,0.0015340119044144982,0.42415309570314835,0.0015338927618260146,0.1779498402355864,0.10308991334907543,0.0015339592916500347,0.0015347214134809925
doc150,0.0011340430908013167,0.10347424288963034,0.0011339548996857954,0.0011340468741477192,0.0011339643776204342,0.13494747549637856,0.0011340824744076627,0.0011339172279294229,0.6901803199134742,0.0011339676471306922,0.0011340467989908328,0.06232593830980297
doc151,0.0013125308979056156,0.0013124255279042282,0.0013125485183751854,0.027772045335798034,0.0013126449249316035,0.001312504446341376,0.4281889860190064,0.0013124800345955927,0.5322263987058481,0.0013125136999002666,0.0013125042113826303,0.0013124176780111689
doc152,0.0006572169962940052,0.0373214453235398,0.0006572054129127924,0.0006572574411269481,0.10609638434808383,0.3397009920081669,0.23396684314207222,0.22763843292350408,0.0006572401317992045,0.032963517856904906,0.019026216585236778,0.0006572478303584665
