,topics0,topics1,topics2,topics3,topics4,topics5,topics6,topics7,topics8,topics9,topics10,topics11
doc0,0.0006841111816738168,0.0006841400886977483,0.6899592799635648,0.0006841779229731887,0.0006842015138205625,0.0006840890673252085,0.0006841215445187144,0.15651824585187535,0.1473651425341559,0.000684184741854494,0.0006841453380227494,0.0006841602515175361
doc1,0.0005258661911919133,0.0847747875719279,0.0005259039683864967,0.0005259335988233893,0.045044233776953505,0.0005258330678050833,0.14327127785017316,0.19990505643414538,0.0005259387467714516,0.430656650379528,0.09319260538654017,0.0005259130277534816
doc2,0.12160170607490468,0.0017798291486617345,0.0017798080461620095,0.0017805910053498922,0.001779693508593527,0.001779420451096802,0.0017796290999245114,0.127961571935181,0.7344185517323099,0.0017796752294183184,0.0017796471097520164,0.001779876658645594
doc3,0.0005982630640488445,0.24996769474208655,0.04017905673821789,0.0911008593456442,0.0005982643497986801,0.0005982055800304218,0.0005982404792297265,0.0005982763047079226,0.0005982146392508567,0.6139664376689945,0.0005982580228103738,0.000598229065179984
doc4,0.39555287454542404,0.0018120997114256714,0.0018119022441005384,0.0018120919539651628,0.216666945779871,0.0018117287650852435,0.0018121627979734514,0.0018121177178461929,0.10884254819718232,0.26444136615889946,0.0018122548054652322,0.001811907322761709
doc5,0.002370056750398208,0.9739291760278302,0.002370180945416518,0.002369972611662075,0.0023700668844681802,0.002369776605441538,0.0023707446450267375,0.002369994620910163,0.0023699716006430234,0.002370108783970548,0.002370049255143957,0.0023699012690886465
doc6,0.0034259791363593444,0.0034254986872724585,0.0034259289921802012,0.0034249664521532578,0.003426009701512466,0.0034254226742582747,0.003425526979992833,0.0034257427529288636,0.6281294753788998,0.3376141473713138,0.003425727128314492,0.0034255747448140843
doc7,0.38091184859303284,0.5290461009682378,0.0018799325697585701,0.001880163540332459,0.0018799918382397544,0.0018800738170552842,0.0018800538595501793,0.0018799651599894988,0.001879936745171826,0.001880036741290289,0.07312198347311037,0.0018799126942311943
doc8,0.17885904764141594,0.7716474875473618,0.0007742439174402344,0.0007742653638799513,0.0007742407593237978,0.0007741109527355262,0.042525313412838654,0.0007744152434603312,0.0007742283156063648,0.0007741912276482434,0.0007742086432913511,0.0007742469749976063
doc9,0.0010732826974853534,0.7350993830298166,0.0010731879769420736,0.001073317861960361,0.001073219155650084,0.09626086279019029,0.030911712474427908,0.0010733125808612947,0.001073113408245894,0.12914218743862813,0.001073223371508,0.001073197214284077
doc10,0.0007237402633631926,0.29488404687395214,0.000723841854818022,0.41624635621997885,0.0007237187637383712,0.0007238589087893975,0.14379650431779126,0.000723845880184858,0.04281171323401549,0.0007237060922598174,0.0007237012024699424,0.0971949663886388
doc11,0.07784145278250672,0.6031292271622629,0.0006840839409990679,0.000684108019244936,0.0006842258000279689,0.0006841127017986101,0.2418670532858566,0.0006841772129708079,0.0006840998568990443,0.0006841773929608609,0.07168920599519636,0.000684075849276113
doc12,0.0009158963010718055,0.13925822515366604,0.000915905322836337,0.0009158852375245095,0.0009159807957939747,0.0009160347890615804,0.0009160494899636923,0.0009160552171645574,0.0009158679676390233,0.8515823394309727,0.0009158595797401409,0.0009159007145656534
doc13,0.0009243384817301216,0.0009243057739917012,0.0009244931856064737,0.0009246521004396888,0.0009244259401182377,0.9898310277868526,0.0009244217866832558,0.0009245261013181162,0.0009243284557079543,0.0009244441082103555,0.0009245232543084826,0.0009245130250329167
doc14,0.0009243384817301216,0.0009243057739917012,0.0009244931856064737,0.0009246521004396888,0.0009244259401182377,0.9898310277868526,0.0009244217866832558,0.0009245261013181162,0.0009243284557079543,0.0009244441082103555,0.0009245232543084826,0.0009245130250329167
doc15,0.0004421730657145101,0.40943502369185514,0.0004422051840856746,0.000442219603842181,0.08762545323075323,0.0004422145862594657,0.19483929558028962,0.00044219615253819595,0.0004421996970032935,0.048571481416534674,0.0004422426022307439,0.25643329518889313
doc16,0.0007134567839023535,0.0741116033978151,0.0007134238095230505,0.050594217318897024,0.0007134566132183157,0.010169903809929036,0.30922721310308326,0.12869154125000454,0.15114803823972797,0.0007134156216173304,0.0007134305016029277,0.27249029955067905
doc17,0.31447509860184525,0.001879941284464058,0.0018800355506052814,0.0018799837651596563,0.0018800873643668278,0.001879893088414593,0.0018798828110857153,0.0018799843427038465,0.527834775181613,0.0018802227657141726,0.14077015167461296,0.0018799435694145164
doc18,0.001231995529930548,0.3998838450457499,0.0012319770749474486,0.06501781386589504,0.33631934155617704,0.0012318099024818483,0.09568042224181214,0.0012318982093909977,0.09447530224683964,0.0012319285729379924,0.0012318100444288784,0.0012318557094083706
doc19,0.001134069615921123,0.674130092686386,0.0011340120000456963,0.11641737173085108,0.0011341326238099103,0.0011340005796387654,0.056203424952311454,0.14417682440399274,0.0011339605830090838,0.001134054579142081,0.0011339613215444284,0.0011340949233476665
doc20,0.0004216915299687566,0.40298093793987216,0.00042164318409877927,0.1557862073513662,0.29473531937074104,0.0004216158839413648,0.03128638491101452,0.00042172017007828023,0.05613442894722755,0.0004217000502233834,0.056546671953571104,0.00042167870789662477
doc21,0.0012792038035855063,0.0012789382471086904,0.267853806381219,0.0012788420943372198,0.001279050160861345,0.001278951010191917,0.001278903834211586,0.0012790591736878,0.5814281555574327,0.1392065346244826,0.0012792619425740666,0.0012792931703075805
doc22,0.5709696886499359,0.0020331601445434163,0.0020330882878105,0.002032904935595537,0.0020331694909247896,0.002033041911859095,0.0020329942021242125,0.0020328754272252764,0.11250615468875921,0.0020332389385475003,0.2982265045461617,0.0020331787765128623
doc23,0.0018800747593468866,0.47559781220545166,0.09343454204391427,0.0018804186508386655,0.17780254141614324,0.0018805291789987181,0.0018802023855875312,0.0018802579302892191,0.0018801455261714445,0.2381232266299955,0.0018800655728110898,0.0018801837004516029
doc24,0.3134942533919564,0.0004736006368382487,0.24902334265226547,0.0004736452469400409,0.00047355972763465215,0.00047359108586015925,0.1855177063062461,0.00047366825243706014,0.00047357201281186025,0.2481758615797477,0.0004735923092071625,0.0004736067980549694
doc25,0.23324624844457514,0.3243053696732301,0.0015109456825873652,0.0015108284968434653,0.0015110579845048007,0.0015108246502369153,0.0015108296391088212,0.0015110669575294998,0.09106801343224107,0.0015109444470216415,0.33929289254095485,0.001510978051166191
doc26,0.0011879508780329965,0.3541729395208823,0.10876460001713303,0.0011878466990020594,0.026127905610637655,0.0011880230067149366,0.25351653052027356,0.2491022644810097,0.0011880290464095142,0.0011878891144691051,0.001187972063554068,0.0011880490418809603
doc27,0.0010616849636493728,0.1559540088499781,0.0010618163919318036,0.0010617560923345518,0.14589015092673605,0.0010616879259908619,0.12980379692332786,0.07709599429393195,0.0010617460017691542,0.4838238473372295,0.0010617355952423347,0.0010617746978785975
doc28,0.0008253160153861262,0.3665762363191193,0.10557298829395265,0.0008253480194423606,0.03248640669468503,0.0008252762230480472,0.10452511281411042,0.04187802985225763,0.0814831401851133,0.0008252311753096255,0.0008252906836761754,0.26335162372389936
doc29,0.08936749405751294,0.001404939734169258,0.06437122281173092,0.0014048115128092015,0.0014049392090394004,0.0014046690135666071,0.8336181926015198,0.0014048404394214652,0.0014046904566443804,0.0014047231604774437,0.001404686299875415,0.0014047907032331004
doc30,0.0005774299548754998,0.0005774572660150064,0.0005774490867595423,0.0005774126820017502,0.000577429303449667,0.0005774044096763386,0.0005774302390750275,0.9936482581399768,0.0005774558376262421,0.000577415278379816,0.0005774254234062376,0.0005774323787581658
doc31,0.0005946759049888856,0.7217740638787556,0.06862783928126086,0.0005947503806337254,0.0005947975610604654,0.0005946605656627319,0.09964513204818008,0.0005946999234408575,0.0005946482508779594,0.0005946447684626234,0.10519537416500273,0.0005947132716734201
doc32,0.004311299989829072,0.4727780841607133,0.13212400361516938,0.004311486512124879,0.0043110516898658465,0.00431068600567591,0.004311333753354714,0.004311237372981695,0.004311259226404321,0.004310917230077472,0.17218863113295743,0.18842000931084596
doc33,0.0015826868342409717,0.0015829096866392391,0.0015824016001190315,0.0015827441299677497,0.0015826449364504018,0.0015826089689006766,0.9825911002411626,0.0015825887794494247,0.0015824866678770253,0.0015826472620207627,0.0015827237813344594,0.0015824571118375611
doc34,0.00033880479813565696,0.052276006184469564,0.0003388348475484269,0.000338850592962445,0.11238245082474758,0.00033881739265624616,0.2145409659404605,0.10658486035002296,0.00033880832798240096,0.20130997938416134,0.00033881703241782276,0.31087280432443515
doc35,0.0007802911112860676,0.4816839356253416,0.2558633238566969,0.0007802451581161111,0.0007801662446272947,0.05985678192946291,0.0007801754162831237,0.0007802308801294613,0.0007801743069141416,0.0007801246990358817,0.0007801670559305445,0.19635438371617608
doc36,0.5245883933101978,0.0012791207759084338,0.2114253577261913,0.001279041320219145,0.0012789589726038045,0.07386936835764109,0.0012790533259908563,0.0012791324597001231,0.001279007793929816,0.0012794589229077331,0.17988417681095123,0.0012789302237587589
doc37,0.0007453428050014705,0.28241079043813194,0.0007453938244954662,0.393186374948913,0.0007453550237395341,0.0007452805429024695,0.0007453206582035971,0.0007453047381764951,0.0007452644586636555,0.0007452947106660214,0.10723110901773625,0.2112091688333699
doc38,0.3600986353852702,0.0009418750638565619,0.0009417637048875927,0.0009418263791469122,0.0009417536480078434,0.0009417911696866966,0.04132598868812474,0.0009418082949197851,0.41249026678494,0.0009419212195617003,0.178550494679827,0.0009418749817709961
doc39,0.074675595234271,0.08597904684900112,0.09561093533386776,0.03146586553214746,0.2673319186288555,0.0007398980494418983,0.0007398603793179852,0.0007398670446240844,0.2148514987832417,0.000739846079272843,0.22638580511949105,0.000739862966467531
doc40,0.0010618103540326117,0.0010618748753044554,0.0010618726230188212,0.32743023469533916,0.07396407106890832,0.0010616987197253176,0.001061814463117364,0.2715339507587224,0.001061854848809253,0.05526044617741734,0.0010617765218008306,0.26437859489380416
doc41,0.0016079750127992705,0.0016081195725843069,0.0016086393352508842,0.0016080213576050092,0.0016080527611222605,0.0016079082164544266,0.266083092656833,0.0016089407218366492,0.0016085401405045484,0.3836198437817085,0.0016082380885069792,0.3358226283547942
doc42,0.0024282206464013288,0.0024279239311928618,0.07102004533677746,0.0024276156567506813,0.0024280781256473924,0.0024277983380943343,0.7133075944814291,0.0024276013449134673,0.19382143523378104,0.002427928347210552,0.0024282107465573863,0.002427547811244498
doc43,0.0017186962226691924,0.001718772309739818,0.43824310528144667,0.0017186003980448727,0.001718760787791282,0.001718521709580363,0.001718539548992487,0.0017187893238765363,0.09663687252340404,0.0017186603211217025,0.0017185405115663981,0.44965214106176665
doc44,0.11066333728124177,0.5492573098008278,0.00045839440928492853,0.0004584606631724788,0.0004584220384729913,0.0004583858866208862,0.11543131374495674,0.00045840683016065025,0.22098072598744598,0.00045841305633656477,0.000458415984439751,0.00045841431703944144
doc45,0.0012629691275329936,0.001263018622992315,0.00126282688676781,0.0012627906398127323,0.8987618336643696,0.0012629200195097663,0.0012628523020506803,0.0012629588312262205,0.088609102677152,0.0012629699399149034,0.0012628918440257713,0.0012628654446453246
doc46,0.03113746757917423,0.24286388870652004,0.0008462388705644661,0.27149707380523136,0.3499809309518006,0.0008461060487759668,0.000846178916343568,0.0008462292196795809,0.0008462285773037229,0.0008463184945413139,0.09859713560304807,0.0008462032270170382
doc47,0.0010291350094757579,0.0010291229628982615,0.0010291271664207317,0.0010289936363230671,0.8209056103067499,0.0010290748661859626,0.0010290826866331323,0.0010291105431570948,0.0010291097950877331,0.11604680131887875,0.0010290881724252204,0.05378574353576447
doc48,0.0010185734999767684,0.0010186306434856612,0.001018612246641105,0.0010186953748080616,0.001018622700280597,0.0010185174694798695,0.0010186171041707338,0.0010186080498592487,0.058426324446053196,0.9313877807383434,0.001018527307503698,0.0010184904193977792
doc49,0.11999804541775493,0.0017487559275162865,0.19739179978678303,0.0017487854910158164,0.0017485566094999243,0.0017483617534146513,0.05257699008337921,0.0017485060544974514,0.6160440586271498,0.001748539502079784,0.0017488078039912508,0.0017487929429178914
doc50,0.003677749149338128,0.39090971129859975,0.35434070869796597,0.0036770625499991916,0.2216533754114292,0.0036774400723746533,0.003677737174119111,0.0036774261418444304,0.003677198868175089,0.0036775799143389004,0.0036771789713509057,0.0036768317504647166
doc51,0.0009983087612072167,0.0009983344646859794,0.0009981804279185719,0.0009982723983385118,0.0009982839231694664,0.0009984246401511724,0.0009983857616220663,0.0009982298876155542,0.20162675578389389,0.0009982461072199338,0.0009981895693468134,0.7883903882748308
doc52,0.003817848668015479,0.1385470459488552,0.5470195217117154,0.003817623971778696,0.0038178094261679786,0.003818219171374582,0.003817792226272436,0.003817331983304275,0.28007402040772156,0.0038174234760498162,0.003817599189257816,0.0038177638194868643
doc53,0.0010082875639850877,0.0010082799744760536,0.0010083528085340554,0.0010083215085387063,0.24961668035607107,0.0010082331403262195,0.0010082892814817406,0.15136711678085873,0.05646732949415071,0.0010083441126177647,0.00100834911314534,0.5344824158658146
doc54,0.0010083519286655934,0.0010083521513795776,0.0010081766297872208,0.0010083177315640508,0.0010084451824271482,0.9889086570147129,0.0010086453609650789,0.001008271590840512,0.0010081615094579362,0.001008272146321458,0.001008170205535584,0.0010081785483427568
doc55,0.0010083519286655934,0.0010083521513795776,0.0010081766297872208,0.0010083177315640508,0.0010084451824271482,0.9889086570147129,0.0010086453609650789,0.001008271590840512,0.0010081615094579362,0.001008272146321458,0.001008170205535584,0.0010081785483427568
doc56,0.0006283063421890393,0.2096847557220925,0.0006283137451476807,0.03064005433829297,0.035917358392652865,0.0006282603899280814,0.24463796779907246,0.1427132634364597,0.28016578159762856,0.000628344953499757,0.0006284088026545907,0.053099184480381555
doc57,0.3820827158311862,0.0010731637134354709,0.0010734227880796043,0.0010730215029631385,0.0010731210618438428,0.0010730882708562968,0.0010730999652490785,0.13445017585025132,0.3914113400291782,0.001073144137799186,0.08347046408170886,0.0010732427674486735
doc58,0.0017487611738847713,0.0017486647096638236,0.0017485345696391897,0.0017485529061156261,0.07390013494051711,0.0017485253630107034,0.16675097200097064,0.0017485355540312099,0.07706883874302695,0.36521097248198603,0.30482878630182497,0.0017487212553291525
doc59,0.5207212060028441,0.001557969749559135,0.03956656155950347,0.0015577666458638612,0.0015578718939935551,0.001557723475278283,0.001557900917607113,0.1337269342378305,0.0650447403624847,0.0015580531681661733,0.23003533133239093,0.0015579406544779376
doc60,0.0014883435573905496,0.0014886480594429577,0.0014884148552023028,0.0014885699830707083,0.0014887283324573565,0.001488473814228857,0.0014887649868459475,0.0014886761384825444,0.0014882370755131423,0.06981836863159137,0.9152963349557048,0.0014884396100693243
doc61,0.1363387323504493,0.0013302216222621606,0.0013300739177208626,0.19514953476574176,0.0013300813845690902,0.0013300338351654938,0.0013303005063643614,0.0013302071031022046,0.48195032738545,0.0013303481161534424,0.001330230083519816,0.1759199089295014
doc62,0.0005842701355584297,0.19945846740748613,0.0005841981761934573,0.017583688658501323,0.0005842815208538744,0.0005842307096584645,0.0005842780239090146,0.10596002897172548,0.0005842463780036489,0.6723237226841616,0.0005843067974375563,0.0005842805365110531
doc63,0.007576343718166637,0.3082323468030158,0.007577446869206374,0.00757640571296074,0.007578189098244526,0.00757733874650091,0.007577247885510046,0.14833361305961157,0.4752406767686005,0.00757760384174695,0.007576212980654115,0.007576574515781738
doc64,0.317809945776455,0.0031066162918557717,0.6511278637501982,0.003106081510909354,0.0031060832575534507,0.003106559219658646,0.0031061374132389076,0.003105750346340464,0.003106128227908028,0.003106156307671265,0.0031066855357180963,0.0031059923624928367
doc65,0.0013481342520990716,0.0013480440816333293,0.07033956363318551,0.18770545610528816,0.16374125972237458,0.001347878613440461,0.015651385361918988,0.0013481588082904714,0.0013481397716394274,0.06323494079563659,0.0013478715829327006,0.49123916727156075
doc66,0.024458238038439342,0.00041128906240665597,0.04358286285157249,0.12982116162589505,0.12177199248946635,0.00041123306480619497,0.0004113039538752311,0.10923500166553045,0.13522066318191422,0.00041131518905763905,0.0004112723137684254,0.4338536665632679
doc67,0.43299761725708286,0.002164878742226934,0.002164960759407984,0.0021646341126827597,0.0021647916140251403,0.0021645608282471,0.002164766721638589,0.002164865897263338,0.4076711753797876,0.002165040224382804,0.13984784353667348,0.002164864926581282
doc68,0.0006529703673931442,0.19516646637063353,0.0006529180861827301,0.3571537562269919,0.0006529447051969436,0.14447110875267435,0.0006528690931831923,0.08809654541141898,0.0006528563419933093,0.000652932987228255,0.0006528985579050217,0.2105417330991985
doc69,0.05075326609761623,0.0009884149257465944,0.000988419977217064,0.2785244667668663,0.0009884120326469682,0.000988359701805464,0.0009885214407470908,0.09417985091238203,0.15171748876245614,0.18312506317830643,0.000988443672827475,0.2357692925313821
doc70,0.0013479649499600246,0.1385716439026323,0.0013480671554397564,0.0013480782379550085,0.5322714627031868,0.0013480817011359099,0.2453239025338968,0.07304808071724517,0.00134822551480182,0.0013481182896879357,0.0013482026740481762,0.001348171620010279
doc71,0.0012021939979903406,0.09547328760575417,0.04234263570357737,0.05010490501041158,0.0012022716843860413,0.001202076381710112,0.14844188194592195,0.0012024714785297181,0.07960712857545217,0.1562384371326338,0.42178049053216277,0.0012022199514699463
doc72,0.0010396655435350947,0.21814122953529982,0.0010396833630413283,0.0010397190778854255,0.16471184032355282,0.01802069546689737,0.2434661654853823,0.0010398720481674592,0.0010395992710214303,0.34838206106304026,0.0010396909817738836,0.001039777840402789
doc73,0.0012168246152534882,0.25944680851966023,0.0012167802800698052,0.0321288095793964,0.001216881123945212,0.0012167104380109684,0.001216848554719011,0.0012167691839876451,0.0012167895810422686,0.6318810812741266,0.06680864261393132,0.0012170542358570415
doc74,0.23485135517950093,0.0026884563921452708,0.0026888512929471218,0.002688674831648394,0.0026888333498619943,0.0026894112665416755,0.5687437265032039,0.002688449984522459,0.0026890538778378825,0.17220534605402285,0.0026888343108929093,0.0026890069568746688
doc75,0.0005774299548754998,0.0005774572660150064,0.0005774490867595423,0.0005774126820017502,0.000577429303449667,0.0005774044096763386,0.0005774302390750275,0.9936482581399768,0.0005774558376262421,0.000577415278379816,0.0005774254234062376,0.0005774323787581658
doc76,0.3468328883222427,0.33170751102634544,0.0008836794013092399,0.0008836172425005029,0.0008835700406792162,0.0008836652670728363,0.0008836593054150606,0.08535628627632252,0.0008835774451220968,0.0008836111349448597,0.22903435626533672,0.0008835782727088669
doc77,0.0009330440578652205,0.785621865995994,0.0009330589561524453,0.0009331308591814677,0.0009331059610428607,0.0009330719114408755,0.0009330717127538524,0.0009331038443516594,0.20504735191215023,0.0009330575077464797,0.0009329689669304045,0.0009331683143906147
doc78,0.0029250063015993865,0.5520505574202256,0.002924622277585508,0.2817476396198564,0.002924705028537124,0.002924635935061261,0.13987925527346393,0.0029243096958729412,0.0029250030120817343,0.002924811817831453,0.002924351493890352,0.0029251021239940426
doc79,0.0004563139779538263,0.40586962994206893,0.0004563476789650529,0.00045635748664995754,0.00045633500401442414,0.0004562507750100917,0.23492301370748211,0.10602810661893104,0.00045635707849156476,0.00045628490201064125,0.0004563592548289129,0.2495286435735934
doc80,0.0007186190288083451,0.4069360617088571,0.0007186258883817036,0.17194030899654475,0.1181689338563795,0.000718532191143192,0.0007185251218792427,0.0007185711072628838,0.0007185423165584313,0.0007185853975463985,0.25652769551813764,0.04139699886850069
doc81,0.0006703766858023,0.13575825155165472,0.000670369404659789,0.0006703290516774897,0.0006704974086236748,0.0006705115329543199,0.09831853634856987,0.05387417893345071,0.0006702905876433994,0.7066860022012191,0.0006703204354464196,0.0006703358582982028
doc82,0.0014667150370829937,0.001466623475796702,0.001466529985612633,0.6660890936183695,0.0014667680031642772,0.0014664618980003733,0.0839798389506835,0.043423663882280174,0.001466988138548137,0.0014667107095957994,0.08933463289433073,0.10690597340653504
doc83,0.0016344962010105158,0.9820206813923003,0.0016344315404546886,0.0016342478465035256,0.0016346842179640081,0.001634428754929476,0.0016343892010871254,0.0016343551201499966,0.001634825535979221,0.0016344149600635372,0.0016342064250151932,0.001634838804542386
doc84,0.0006091919161470635,0.0006091768884521466,0.11217631402459295,0.15443275707366805,0.0006091902091456475,0.0006091327457744488,0.19357698859468417,0.15433979841984063,0.0415806468528184,0.0006091382206412001,0.0006091533240526458,0.3402385117301826
doc85,0.001050777901888538,0.0010507436884842304,0.156206326034707,0.001050740555619135,0.08809446844635399,0.0010505821733852053,0.6863585344943982,0.0010506640750432659,0.06093495766078733,0.0010506735595204497,0.0010507919509131385,0.0010507394588995691
doc86,0.0027629869682736907,0.0027631316041612395,0.002762968953361852,0.31682674399138194,0.0027632895386836727,0.002763135035277162,0.2637841081469341,0.251988018119388,0.14529606744756454,0.002762887637338565,0.0027631816897756762,0.0027634808678597667
doc87,0.24276033107606204,0.001173901231442195,0.0011740075997804566,0.01873902514417613,0.001174008693056761,0.0011738267026986404,0.0011738833718417077,0.0011739861471014245,0.33508404763550165,0.26172359890565633,0.1334754831661863,0.0011739003264962856
doc88,0.001039810172055839,0.2609654336611325,0.0010398030037837948,0.18983748930972152,0.13352325116988986,0.0010397592019046557,0.0010397842189357061,0.15830357904912712,0.001039968424061586,0.2500915393654053,0.0010397481103156633,0.0010398343136665965
doc89,0.0008321807402720314,0.13295471352815325,0.000832173424327509,0.0008321231458014032,0.665730389202105,0.0008320835818494794,0.0008321608687363324,0.000832194763152864,0.11339991282324094,0.08125779250853786,0.0008321243755808965,0.0008321510382423759
doc90,0.00045840350078431725,0.29220601187443096,0.0004583951676301396,0.0004584249382173507,0.0004584046277632619,0.00045834892696483586,0.25851179578505223,0.00045842769684906084,0.0004584042163008822,0.38677503692158494,0.05883989527790532,0.0004584510665165353
doc91,0.001061863805172232,0.22252514595809428,0.18760703931807837,0.001061695607580294,0.0010617539905474005,0.0010616970932979548,0.001061713870382321,0.001061842561482326,0.00106193555440562,0.0010618521732985156,0.001061803150860331,0.5803116569168003
doc92,0.4229244554152112,0.0016897285825538501,0.0016895704868629402,0.2184155008585244,0.0016897443307679904,0.0016895267847857917,0.0016900194726759852,0.0016896731908210456,0.0016896723187108016,0.001689521026880329,0.0016894751607436187,0.3434531123714621
doc93,0.0010398529053469764,0.001039768119141876,0.0010397309957127553,0.001039894766770676,0.24628110086131982,0.0010400271104163041,0.0010396355799243914,0.0010397345420965311,0.0010397068099481021,0.0010396487086981284,0.3479397785397325,0.39642112106089195
doc94,0.0011213488865132967,0.0011212855240803764,0.0011213367148013523,0.0011212379565063123,0.0011213501978936228,0.0011212309882778764,0.001121296038654445,0.0011214110276931328,0.295464975517075,0.24394689772451814,0.45049626553447886,0.0011213638895076641
doc95,0.19061245467700366,0.10318767163236006,0.0017796485942437423,0.218347461516143,0.00177983765712327,0.0017797040379489769,0.001779871329253871,0.0017797170977666772,0.3296109747679805,0.0017798967334199556,0.0017796441297129198,0.14578311782704326
doc96,0.13173058002883908,0.000620525212147707,0.0006205176067316826,0.0006205251247096586,0.05978292908274546,0.0006204897322635739,0.3373123288417241,0.07300668888245987,0.0006205617507448428,0.393823807056584,0.0006205459125819503,0.0006205007684683226
doc97,0.0017486076720461222,0.0017486660465740914,0.0017486771190702594,0.4504139829412304,0.0017487410585085602,0.0017484210761835963,0.0017485421550909534,0.10392432357487708,0.001748483301536808,0.0017485223695625919,0.0017484872628744487,0.4299245454224452
doc98,0.09786446970877236,0.5393875128492759,0.0008118756232173495,0.2475089673635427,0.000811851959442692,0.025608827952088357,0.0008119094496666778,0.0008118467913850664,0.0008118456431098234,0.06056687913672492,0.024192115916393708,0.000811897606380539
doc99,0.41817371362420575,0.3255571003525487,0.0021649953721203704,0.0021653213357760446,0.0021651170326028196,0.002165039238667991,0.0021649586256762034,0.1349777496863925,0.0021652871298090933,0.0021650046929160612,0.0021653137342179368,0.10397039917506642
doc100,0.02941097010373286,0.49664086425915166,0.0010185841163365618,0.2259973024227312,0.0010185951859305329,0.0010186001202876912,0.1776570170637814,0.06316398969204176,0.0010184944797856095,0.0010185544923263074,0.0010184895174622272,0.0010185385464323985
doc101,0.0009507301952810266,0.0009507911298389579,0.0009506990887772855,0.0009507042436179459,0.0009506704074397958,0.9895419842617792,0.0009506782951539394,0.0009506436530445731,0.0009507651655866138,0.0009507487996066471,0.0009506252553227927,0.0009509595045510993
doc102,0.0009507301952810266,0.0009507911298389579,0.0009506990887772855,0.0009507042436179459,0.0009506704074397958,0.9895419842617792,0.0009506782951539394,0.0009506436530445731,0.0009507651655866138,0.0009507487996066471,0.0009506252553227927,0.0009509595045510993
doc103,0.1529462700461401,0.3462368165236283,0.2716393814269903,0.0008994811385656783,0.0008994445190260698,0.0008993569183273213,0.0008994903457555073,0.000899436152522327,0.0008994541115294451,0.0008994180483877462,0.11096851505023106,0.11191293571889617
doc104,0.15207600514743533,0.0003904322742776647,0.0648663117771353,0.42441501518259894,0.00039040496357752236,0.00039042451811071416,0.22450115447009766,0.050101532100622945,0.00039042692804490485,0.045672044246730624,0.00039053031385646967,0.036415718077511955
doc105,0.18657076749524923,0.000969248713468955,0.0009692399566637492,0.000969282809409052,0.054390705481856684,0.0009691377923269068,0.04436454300356524,0.0009691215594356876,0.0784339154058474,0.19725696172312854,0.43316780174819935,0.0009692743108493231
doc106,0.00211921343602061,0.16362395899132703,0.0021189572564889454,0.002119077117116376,0.419213832313362,0.0021195730059187174,0.0021193152495674016,0.002119209690212114,0.0021188803662870177,0.0021192209263558347,0.08416781555192183,0.316040946095422
doc107,0.1750859770659903,0.0010967969695484837,0.0010968303753762273,0.26371374082525184,0.0010967848185976954,0.0010965882188385262,0.0010969096943264714,0.07212908788256127,0.12221697850425485,0.359176642172903,0.0010968471942828341,0.0010968162780684366
doc108,0.0016894579328777357,0.1608768046530666,0.6179944295848268,0.05156361357954426,0.0016898249848068447,0.0016892955781112806,0.001689549407679296,0.0016896177737586915,0.15604828728206516,0.0016898112661566534,0.0016896864232276404,0.0016896215338789253
doc109,0.0006091873635479238,0.03328453304013765,0.08609593280474123,0.0006091745644892654,0.0006091623846585161,0.0006092160908440534,0.0006091408360493245,0.0006091365459977997,0.03395977343937614,0.000609156976848413,0.0006091344744503273,0.8417864514788594
doc110,0.0008053298301626914,0.000805260867035058,0.9586992252090557,0.03324795968854238,0.0008052824116959051,0.0008052266711227989,0.0008052532139230945,0.0008052695249670391,0.0008052483921752613,0.0008053019388226026,0.0008053606432233973,0.0008052816092739978
doc111,0.049245363680125304,0.001330117381159482,0.3026720569407148,0.1202290429759491,0.1746336476074386,0.0013299840083327518,0.036916134732995175,0.0013301271421098941,0.0013300163035187059,0.0013302492793947282,0.17191393662320723,0.13773932332505412
doc112,0.2760693492644496,0.13894396112181587,0.0013127609972024296,0.22816583314567948,0.0013126969759484637,0.0013126425204946783,0.0013128406402295482,0.055407927417851055,0.16005738142248876,0.0013125987938322477,0.0013126287193234104,0.13347937898068438
doc113,0.25844888226201324,0.0011740791299039858,0.0011740313735879625,0.0011741699284859343,0.0011739781270266154,0.0011738801496582257,0.0011740004150370574,0.06409827103601343,0.44101729152846647,0.07074662368956677,0.1574706633792525,0.0011741289809875748
doc114,0.0005582521872133568,0.0005582315244781862,0.6275279646021826,0.0005581882332202879,0.0005581576119947812,0.0005581648600869024,0.0005581864612788989,0.030240091152762584,0.0005581562198196193,0.33720827937751635,0.0005581446416585877,0.0005581831277879606
doc115,0.32654139393509235,0.003968923805156386,0.003969213923264788,0.2658357750094764,0.003969427161003726,0.003968911137034178,0.003968514048188736,0.0039687230730192785,0.371902398232843,0.0039689358300538675,0.003968952068899078,0.00396883177596829
doc116,0.0013126082390514159,0.001312707514707661,0.0013126706914810733,0.18138901253221357,0.0013127319278438973,0.0013127104801202156,0.20284167449827953,0.12151560380309254,0.22819640198244337,0.1691974653863825,0.08898370142969787,0.001312711514686243
doc117,0.0005203557701136238,0.09395583927031045,0.16409198256797025,0.33592774285393745,0.18947389456534117,0.0005203635940060683,0.0005203896309662492,0.16610405693663138,0.0005203712297723214,0.0005203557898035545,0.047324189384119454,0.000520458407028193
doc118,0.5643435871366363,0.14486911858438742,0.0020332781901110024,0.0020328435012722445,0.002033878581521684,0.0020327614108493035,0.0020333665054681834,0.002032931052802589,0.2724889047569132,0.002033046334027783,0.0020331666694145796,0.0020331172765956315
doc119,0.05664854933554654,0.17642414229201261,0.22492386981852594,0.13615293375815413,0.0015582247296366616,0.042119715380339276,0.001558021121020714,0.0015578858890159476,0.001557984511204774,0.0015578565941229308,0.0015579867232610634,0.3543828298471595
doc120,0.0012317675106228898,0.13717351851072798,0.001231773989955975,0.0012318641587570913,0.001231828532595251,0.0012316619362100249,0.3721951215975878,0.05632372311809198,0.0012317960826056492,0.34433567328386555,0.0012317549100663353,0.08134951636891326
doc121,0.0008995590060502967,0.0008995708544965829,0.19572168042591567,0.0008994905682969979,0.0008995127287114771,0.0008994142108618057,0.14933517268122193,0.16679688168264645,0.0008995598968714667,0.0008994388745488699,0.33859293673037055,0.14325678234000802
doc122,0.0013480776341361755,0.30597714905105294,0.13282525251526645,0.0013479287252499597,0.0013481689167852246,0.001348164631987827,0.0013482869992101634,0.0013482539837953163,0.001348334589308413,0.0013478819677621814,0.5490646183832654,0.0013478826021800976
doc123,0.0010731304194124102,0.10300214020623615,0.14779995895153253,0.0010732900897958081,0.0010731626440922666,0.0010733162730312937,0.5459325638410336,0.0010732095253276424,0.0010731403044982614,0.001073130022467609,0.0010730653663710778,0.19467989235620142
doc124,0.0005774299548754998,0.0005774572660150064,0.0005774490867595423,0.0005774126820017502,0.000577429303449667,0.0005774044096763386,0.0005774302390750275,0.9936482581399768,0.0005774558376262421,0.000577415278379816,0.0005774254234062376,0.0005774323787581658
doc125,0.5026766847826368,0.0014667435617317088,0.3053623888080952,0.0014666412325126383,0.001466600407814222,0.0014664962276954062,0.0014665939048485916,0.001466588828408821,0.0014668736833688889,0.0014664431754868538,0.17876123538243704,0.0014667100049638765
doc126,0.00046484802383617524,0.9425719286927648,0.0004647658243010974,0.00046484978300058194,0.0004647898964684915,0.0004647639143600523,0.0004648130586600585,0.0004647931388947841,0.0004647817676980639,0.00046479397672763374,0.000464843167396501,0.05278002875589186
doc127,0.00268890730445612,0.0026887032051080705,0.0026885896682520994,0.002688976767522627,0.0026888884133897213,0.002689062726144474,0.0026886864364345734,0.0026887834762008437,0.002689094096932546,0.6407620259242162,0.23637369982718645,0.09866458215415647
doc128,0.23721778147089248,0.0006615882809701752,0.45107522683860685,0.0006618383932512191,0.0006615061696879695,0.040643824306397305,0.11549970692074754,0.0006616115402521397,0.15093232078955227,0.0006615068344172253,0.0006615340990719214,0.0006615543561528791
doc129,0.3743151506798636,0.39605781862330103,0.07065090278443306,0.001812241883218887,0.001811951443752398,0.055335014741004794,0.0909570907178173,0.0018119688327513498,0.0018118988564580273,0.00181183148999621,0.0018120719558438983,0.0018120579915593415
doc130,0.6470243428892273,0.10915449886416734,0.001424804712914911,0.1254511929979681,0.0014248497282954699,0.0014252394590745507,0.0014246874057494772,0.0014246922092391006,0.0014250765101534843,0.0014248384198298828,0.10697090680441593,0.0014248699989643442
doc131,0.3354721381853268,0.19438943990623822,0.0015341905791004722,0.0015340715100621723,0.0015344520530770002,0.0015340026652763583,0.0015342447953175745,0.0015341989680664012,0.001534148592542744,0.001534123880282683,0.45633081550287474,0.0015341733618348839
doc132,0.12649279863113672,0.0011341529685566245,0.0011340028814029346,0.3098213244464939,0.0011340808781481132,0.0011338532401766468,0.0011340918529190469,0.06743646126082915,0.4069775173296369,0.0011341474276678224,0.0011342576665858632,0.08133331141644631
doc133,0.6047275197125869,0.001779969774334506,0.001780082933735751,0.05718492059473734,0.0017796319821434035,0.0017795460956555181,0.0017797863593106878,0.0017797119069626207,0.32206927227562654,0.001779952671253423,0.0017798131791493057,0.0017797925145039888
doc134,0.0004604821100657577,0.00046049274324095826,0.00046056386758859714,0.00046052298848631764,0.19299522595738847,0.00046048546688388665,0.0004604910272739378,0.14458155004176837,0.043306426283838996,0.0004605599490135889,0.6154326531108509,0.00046054645360011937
doc135,0.0012957879768114122,0.15743568388183954,0.0012957663108454193,0.001295483481491816,0.0012956453238417516,0.001295835350059046,0.001295615151023129,0.0012955933986753426,0.0012955489741485493,0.4410707419470262,0.38983257016643924,0.0012957280377983971
doc136,0.0010968186125930725,0.1596422309951688,0.0010967512316550064,0.05181204641658684,0.0010967115044766742,0.001096801506158909,0.07986687154912658,0.0010968493798165807,0.08292367219183762,0.3786291611794563,0.24054530691458414,0.0010967785185395811
doc137,0.06388560292895823,0.0014047927275544513,0.10647236553206538,0.0014050182226410524,0.0014048131617302112,0.0014046570712909353,0.0014047168171288209,0.0014048091693085844,0.2821509179559606,0.0014046623537381777,0.0014050741528332893,0.5362525699067902
doc138,0.0011469315589663768,0.001147090239800031,0.7988749214225133,0.0011470997613877727,0.001147171734710794,0.0011469419450798096,0.0011470866277707578,0.056524375256511036,0.13427705840211865,0.0011470897586153106,0.0011469945693219925,0.0011472387232040122
doc139,0.511559058184685,0.0019534803298896903,0.06442980104851895,0.0019533844799302716,0.001953501431883011,0.0019534014501866783,0.001953447068870766,0.001953714098791644,0.0019536935360021596,0.29374708334527255,0.11463595383543539,0.0019534811905339085
doc140,0.001160336714307573,0.0011603245778310457,0.0011604407634140295,0.24753958407716922,0.0011605106226077121,0.0011603313565650517,0.001160368072934942,0.0011604386323052118,0.001160313554267435,0.10008856238114615,0.00116040546668826,0.6419283837807632
doc141,0.0004441689321210476,0.03831501798109559,0.0819033450976371,0.047566040165032866,0.00044413810501248537,0.0004441105302135243,0.0004441674200456686,0.2671957548652104,0.08375092186758325,0.00044414877102223814,0.00044412858788399746,0.4786040576771418
doc142,0.11142398138277312,0.8847318894635227,0.0003844268856017534,0.00038438313242935575,0.00038438972972209954,0.00038435151633547774,0.00038436379855752006,0.0003844835908995517,0.0003844603275335022,0.0003844000112281797,0.00038442641063380083,0.0003844437507628673
doc143,0.0022629922652546565,0.002262985621629759,0.0022633793079051665,0.002262640502691823,0.0022629154384959135,0.00226300768679016,0.002262766137723,0.0022632476981100263,0.5963391273599623,0.0022627477532172263,0.0022628772010827667,0.3810313130271371
doc144,0.0006486267066883804,0.0006486980223258963,0.0006486286451049111,0.0006486085150961264,0.0006486712209878709,0.021301669178699294,0.0006486517132729001,0.0006486725811078881,0.0006486123154314161,0.2677377972181667,0.705122681826312,0.0006486820568065994
doc145,0.000924343779708525,0.0009242814135390634,0.0009244569091531401,0.0009243500027756215,0.38601534074016625,0.000924342558841741,0.0009243735719940027,0.0009244407806091185,0.3775672113694379,0.0009244294626967588,0.22809801558818815,0.0009244138228898202
doc146,0.0005742332799438816,0.5037582576344428,0.0005742258986797444,0.294506273818931,0.0005741385435424747,0.0005741378288299258,0.0005741496036491321,0.0005741775615113997,0.19656786076483257,0.0005741346782294302,0.0005742114122861378,0.0005741989751213804
doc147,0.00042710599340440577,0.5935726920702596,0.11304807440412526,0.0004271146026167297,0.00042705822357164223,0.007756605871018679,0.00042707651406848816,0.007608152478666443,0.0004271048409872157,0.0004270734234271413,0.2750248550741369,0.00042708650371757836
doc148,0.0012955822039001624,0.07920061577882447,0.0012956504864926595,0.11157337059236609,0.0012956383537529683,0.001295421809256674,0.001295715361171175,0.26284329383589083,0.0012956914598393052,0.0012956814298148908,0.20643715344989447,0.33087618523879636
doc149,0.14471965864838962,0.0009884576826731362,0.39289376159179823,0.18478846030817264,0.0009883497628356244,0.0009883282887684353,0.0009883669837905632,0.000988274228690316,0.00098833882393818,0.0009884757847189814,0.000988332081725913,0.2696911958144983
doc150,0.0009597938505721921,0.000959796479530532,0.0009598592226736405,0.0009597647459479084,0.0009598444760745928,0.9894422078863692,0.000959860882493051,0.0009597761312720297,0.0009597921350249674,0.000959754070306618,0.0009597488066862448,0.000959801313048953
doc151,0.0009597938505721921,0.000959796479530532,0.0009598592226736405,0.0009597647459479084,0.0009598444760745928,0.9894422078863692,0.000959860882493051,0.0009597761312720297,0.0009597921350249674,0.000959754070306618,0.0009597488066862448,0.000959801313048953
doc152,0.001992698414304056,0.0019926329425272245,0.3628777062059715,0.027978300113105776,0.14308732762238643,0.0019923341521254656,0.0019923937384577315,0.001992439740056209,0.45011610900393023,0.001992478639585638,0.00199300918589892,0.0019925702416508434
