,topics0,topics1,topics2,topics3,topics4,topics5
doc0,0.0008652146748258275,0.0008651846942639977,0.0008651673734611423,0.6096504099834967,0.0008652681190467585,0.38688875515490556
doc1,0.0013058554862431728,0.0013058879656571382,0.0013058664749446113,0.14713119562657997,0.18672995886539132,0.6622212355811837
doc2,0.10790980641384208,0.0009655637741045759,0.0009654512028430388,0.00096549380624485,0.5443537793461812,0.3448399054567843
doc3,0.0007114788001342673,0.0007114050765682206,0.0007113284426788622,0.10380270040609665,0.33576890015682315,0.558294187117699
doc4,0.0018662088796654625,0.2613753001551416,0.0018662196814282694,0.001866055895068155,0.7311600505624639,0.0018661648262326476
doc5,0.06220775111171598,0.00033057970318396576,0.0003305248711305169,0.6209489498504641,0.02377790205084596,0.2924042924126595
doc6,0.6509741008420202,0.0005304044172611854,0.0005302953295232236,0.18306146419951022,0.04375253198607093,0.12115120322561425
doc7,0.07826043655490868,0.2830533362271381,0.0011822250067591595,0.0011824100639435478,0.0011822963811297625,0.6351392957661207
doc8,0.3284938173882377,0.0010143504001041098,0.1905830240832628,0.4778798312479852,0.0010144274822374195,0.0010145493981728432
doc9,0.5624417771026903,0.10445475140453578,0.0012726677100667503,0.001272644942949602,0.0012725848664461718,0.32928557397331143
doc10,0.43206307844000613,0.006411533060376343,0.006411331417242054,0.006411917404418494,0.006413225602003472,0.5422889140759534
doc11,0.0009562170201081309,0.059853988325590385,0.9363209480582855,0.0009562849545293054,0.0009563104159375258,0.0009562512255492129
doc12,0.031137458247830194,0.6527469872288515,0.0009126399994470296,0.10085012113120584,0.06590118865158084,0.14845160474108465
doc13,0.0009562170201081309,0.059853988325590385,0.9363209480582855,0.0009562849545293054,0.0009563104159375258,0.0009562512255492129
doc14,0.0012109367265124476,0.001211061303520606,0.0012109779233000042,0.0012110727974839854,0.11656162194320285,0.8785943293059802
doc15,0.0012411048236954977,0.01932857268009079,0.001241083225460244,0.35265845440241766,0.6242897161065726,0.0012410687617631676
doc16,0.0008092903214529093,0.16605853597519768,0.0008092755282343212,0.30806663962415565,0.0008091742635852972,0.5234470842873742
doc17,0.18945526549335293,0.0008805315026411359,0.000880471545057365,0.42097473751888576,0.38692840895954256,0.000880584980520169
doc18,0.005103188148621195,0.00510330517983019,0.005103685706294557,0.005102872633332159,0.005102945447905038,0.9744840028840168
doc19,0.0008294378653561143,0.0008293948615054397,0.000829444953930877,0.9958528985419554,0.0008294196157014759,0.0008294041615508021
doc20,0.31318942463582494,0.0010145366661554124,0.0010146325101668015,0.00101451170018562,0.3771429848089872,0.30662390967868
doc21,0.23697972513809143,0.0006041826107343989,0.01892058212659408,0.0006040253570475823,0.5448900913813429,0.19800139338618966
doc22,0.14252727424821585,0.15599634392216283,0.0013776263030373648,0.16735018715559843,0.5313707343762233,0.0013778339947622927
doc23,0.0005538469953404475,0.997230847462458,0.0005537586718901367,0.000553837601636346,0.0005538315174311859,0.000553877751243827
doc24,0.14310568805012114,0.0013408511160959682,0.0013407910066683202,0.0013409365172353462,0.5264493341624024,0.32642239914747684
doc25,0.0006512438358811923,0.0006512850976501275,0.0006511603956607875,0.5406191362706346,0.0006511642385566587,0.4567760101616166
doc26,0.658055932624424,0.0008962437477439454,0.0008962842423288982,0.3383589006973768,0.0008962777744593955,0.0008963609136671425
doc27,0.08576604384865007,0.49732239041130133,0.026173671200909136,0.20557862493833426,0.0008027904275952491,0.18435647917321
doc28,0.9903074434421513,0.0019383891954970498,0.0019382187621077099,0.0019386035577930996,0.0019385234158270294,0.001938821626623721
doc29,0.001004356774874242,0.08409461317731592,0.031671390848482764,0.5634410940238928,0.001004345359301956,0.3187841998161322
doc30,0.00118230900756231,0.0011825131421917248,0.001182180839291675,0.8051033008807624,0.0011822768820096965,0.19016741924818223
doc31,0.36147113569234823,0.18243373834344792,0.0008158419620306021,0.2594121967373759,0.0008158493776671733,0.19505123788713016
doc32,0.3403203815658477,0.2743103590981019,0.0012724340931916352,0.381551728332781,0.0012724226886986394,0.001272674221379187
doc33,0.18989939578948298,0.2233757477654866,0.04038145420859554,0.13848237769982635,0.10988617365017608,0.2979748508864324
doc34,0.0004704891391535342,0.7912414483171631,0.0004704127447920929,0.0004705093957245459,0.07577206671590313,0.1315750736872638
doc35,0.00176741644535718,0.21590921583630585,0.001767344493473332,0.4530693369143482,0.0017675163663842686,0.32571916994413114
doc36,0.9950283791310388,0.0009942308200971875,0.0009942246243714993,0.0009943877040424433,0.00099444856696924,0.0009943291534807042
doc37,0.995920498059053,0.0008158424761234475,0.0008157345252901714,0.0008161300295422031,0.0008158186563683058,0.0008159762536229042
doc38,0.7209482145726702,0.18324420637896158,0.0005166244356720123,0.0005166847829525003,0.0005166638608865182,0.09425760596885722
doc39,0.5126162877331158,0.10598317237272048,0.0011289716090469432,0.15803722607487042,0.0011289799505592923,0.22110536225968716
doc40,0.7827944794284792,0.0004555116849048838,0.0004554232493663754,0.0004555241646603531,0.15802951475460691,0.05780954671798219
doc41,0.0019017161077099598,0.9904927281543473,0.0019013393486106587,0.0019013064490728381,0.0019015155959178525,0.0019013943443413936
doc42,0.11818995330510135,0.0005897710666976052,0.0807734505575945,0.0005898204566369127,0.0005897594797662233,0.7992672451342033
doc43,0.05528151582127351,0.3554569083717621,0.0007375725740240653,0.4047043201410499,0.11451922346031435,0.06930045963157618
doc44,0.0021933183790042283,0.0021934366480376257,0.0021931079262780006,0.0021935000744386464,0.4099338273058767,0.5812928096663649
doc45,0.23731348856600146,0.22515553751213743,0.0010042745834796794,0.0010042554497143872,0.0010043033611929608,0.534518140527474
doc46,0.001767214401071502,0.0017674086981152803,0.0017668817183281395,0.2529294576494173,0.001767303201359671,0.7400017343317081
doc47,0.0004889070281454077,0.163876098796718,0.0004888128382844437,0.35150747409469846,0.13128801877674992,0.3523506884654038
doc48,0.5785099801102953,0.0012891249885820443,0.0012888975059070946,0.052746161294961125,0.14676733855933285,0.21939849754092153
doc49,0.11727507250024513,0.000994240832372152,0.0009942022930902088,0.0009944538481705867,0.3266089056515538,0.5531331248745682
doc50,0.001866280558216129,0.060661992512966306,0.001866328395320028,0.0018661040400702253,0.6134224599884489,0.3203168345049784
doc51,0.001548637139220085,0.5011436392613051,0.0015484244935516523,0.0015485221201334554,0.4926623348594713,0.0015484421263183023
doc52,0.33228916219441,0.0014797124538763252,0.0014794427482516933,0.001479789685191749,0.22985791298501423,0.43341397993325614
doc53,0.09068896639944149,0.0009845488722033714,0.0009842994309224697,0.0009845301315333267,0.0009844384800445252,0.9053732166858547
doc54,0.0012564859743647854,0.7347777045072239,0.0012564286079727663,0.18274470749037555,0.0012567087224558114,0.07870796469760699
doc55,0.0009126998304535908,0.1431773993480728,0.0009125911190655015,0.209203900994139,0.03881778076066218,0.606975627947607
doc56,0.3173174121178677,0.5102835975612746,0.003496879772408513,0.0034972712709264945,0.16190712920582487,0.003497710071697755
doc57,0.5920620652268714,0.0006113937954370049,0.0006113259440882422,0.0006114183438617286,0.05454083501161765,0.35156296167812395
doc58,0.0031654451882888266,0.0031658448607373695,0.0031658578139430894,0.2568308020459438,0.7305062084324347,0.0031658416586521146
doc59,0.0005863074048846206,0.000586356568323144,0.0005863014970303329,0.1775796583089002,0.1078842458015106,0.7127771304193511
doc60,0.7918123498073613,0.002404663948292793,0.0024052252262622676,0.19856915269261075,0.002404151700535791,0.002404456624937045
doc61,0.2012741837758369,0.0005967988621342265,0.154787045886845,0.41999891718286664,0.0005967755262546499,0.22274627876606265
doc62,0.9928144184975085,0.0014370672440577365,0.0014371493677708491,0.0014370911221348996,0.0014371387172300582,0.001437135051298204
doc63,0.259414737087039,0.0033791053391751826,0.12499453622146242,0.003379566267021649,0.6054531094860637,0.0033789455992381512
doc64,0.0009210520375092692,0.0009211258001110821,0.995394700462744,0.0009210469480292638,0.0009210570429921844,0.0009210177086142497
doc65,0.0013776070769147422,0.2912085725312111,0.001377873697095769,0.0013777423105655457,0.0013776849636309744,0.7032805194205818
doc66,0.0009210520375092692,0.0009211258001110821,0.995394700462744,0.0009210469480292638,0.0009210570429921844,0.0009210177086142497
doc67,0.0024637227718958235,0.2751787873936083,0.0024638475835365827,0.4755638414252404,0.00246391652023972,0.24186588430547915
doc68,0.0007269869062697374,0.0007269753085246735,0.0007268970996643622,0.18639715341708518,0.07313275317923024,0.7382892340892259
doc69,0.03487171523997369,0.00106859980607195,0.0010687628493697633,0.32833673429313937,0.25309043904556994,0.38156374876587534
doc70,0.2213851830174575,0.0007113594375137998,0.0007113728478159639,0.299942821199746,0.0007114448695548659,0.47653781862791195
doc71,0.7837573025907512,0.21371994790508902,0.0006306257711700923,0.0006307889062263932,0.0006306016845852274,0.0006307331421782769
doc72,0.0019015410479275737,0.0019018093150360222,0.0019019158238915144,0.1579201407273669,0.6167302318126475,0.21964436127313056
doc73,0.0008294378653561143,0.0008293948615054397,0.000829444953930877,0.9958528985419554,0.0008294196157014759,0.0008294041615508021
doc74,0.9715848754458912,0.005682530003107263,0.005682588014151009,0.005683016445595174,0.005683633185935849,0.005683356905319408
doc75,0.5794194190059623,0.33808346733680905,0.07545289156506205,0.0023481685158908555,0.0023479131918039482,0.002348140384471902
doc76,0.0007322389518000517,0.4348662885017861,0.0007321371789355641,0.3701686280943878,0.19276843429621116,0.000732272976879309
doc77,0.002016605514600082,0.6673062708787291,0.027402487963570695,0.0020164459081688834,0.1722637179115484,0.12899447182338286
doc78,0.4087857619987114,0.0007376501739897978,0.0007376069097689501,0.04148657533444203,0.0007376292648507089,0.5475147763182371
doc79,0.001479560150717662,0.0014795081926490044,0.0014794620558149466,0.0014795873260241591,0.9102517749980802,0.08383010727671422
doc80,0.002058141612261257,0.5247754399695763,0.0020579726036868643,0.20252397134326452,0.002058292645356101,0.266526181825855
doc81,0.5251303702838549,0.0019770173155855787,0.17649433207934223,0.0019767817343733073,0.2924445411268847,0.001976957459959452
doc82,0.17828900290952523,0.7761128257409737,0.0014579980709276956,0.0014580718768897058,0.0014582010886942886,0.041223900312989295
doc83,0.11569537689373101,0.19165574881318645,0.0015018696846146274,0.21333541614131402,0.11155391659840146,0.36625767186875247
doc84,0.000457573026046517,0.9977122218867611,0.0004574934500246352,0.0004575500371659638,0.00045755269706011694,0.0004576089029416141
doc85,0.48362467228531963,0.0841677178872139,0.0008651845693127236,0.23901117897837032,0.023848500193454473,0.16848274608632882
doc86,0.0007900743023714617,0.6633342443826828,0.0007899476126100229,0.2757843289638427,0.000790036752151304,0.05851136798634181
doc87,0.001141799636523834,0.9942913657163621,0.0011416340374336058,0.0011417641109992117,0.001141702917786794,0.001141733580894415
doc88,0.0007839760266706447,0.24050885002984523,0.0007838307364646861,0.7563555199089756,0.0007839022848461132,0.0007839210131977937
doc89,0.624325615558459,0.03320907708769791,0.0010685628504476003,0.3392593434891055,0.0010686676941471466,0.0010687333201428548
doc90,0.0018319537403913382,0.6626115869631308,0.001831859129760216,0.0910745474386517,0.24081801140719844,0.001832041320867565
doc91,0.6710461768294583,0.001272631919628601,0.0012724239716402086,0.0012726277991388665,0.0012728474334345534,0.32386329204669934
doc92,0.6289881300899722,0.32752502828116203,0.001767062810575777,0.03818543574180193,0.0017670689512625255,0.0017672741252256446
doc93,0.35512369979341873,0.2661326329692545,0.0025254093726935663,0.0025257835054543565,0.0025259637648085403,0.37116651059437034
doc94,0.7411352946130056,0.0009846600217169872,0.0009844298475289528,0.23497837240500047,0.020932724822138617,0.0009845182906092912
doc95,0.001623812599904659,0.9918817479704348,0.001623706298377567,0.0016234968229495493,0.0016236329309034692,0.001623603377429969
doc96,0.16279510714301065,0.08022451007837345,0.0013776087254734769,0.0013777787203191178,0.7528471250763066,0.0013778702565165717
doc97,0.16412638626289894,0.23300935089891864,0.002146660952726282,0.002146263609101409,0.5964248622907842,0.0021464759855705116
doc98,0.41365251882890797,0.5695430117422254,0.015344855839163585,0.00048653288212403335,0.0004865320382771286,0.0004865486693018053
doc99,0.3854515663474912,0.07354935993879201,0.0005631865402927315,0.19537083244463513,0.34450185481027423,0.000563199918514638
doc100,0.0020167528750501223,0.0020167277319541378,0.002016393388267588,0.0020165161747706852,0.6739093126061518,0.31802429722380554
doc101,0.0022428745074982376,0.0022429593975720353,0.12876962886645385,0.5909837762131224,0.0022427572802737666,0.2735180037350797
doc102,0.12897953069707313,0.22137643684815775,0.002525356820945261,0.2302289000739882,0.2187511682379271,0.19813860732190863
doc103,0.11727507250024513,0.000994240832372152,0.0009942022930902088,0.0009944538481705867,0.3266089056515538,0.5531331248745682
doc104,0.2630971741412958,0.0007901206955266282,0.0007900539864574872,0.07055128849178179,0.0007901199634739178,0.6639812427214644
doc105,0.849996046998368,0.0030685934454712225,0.00306777457909252,0.0030681243905601656,0.1377314902302293,0.0030679703562787337
doc106,0.001305964093571576,0.0013058274289084804,0.0013055744442150618,0.001305784862159742,0.8579030917596437,0.1368737574115014
doc107,0.0020168127781348103,0.33950228791922593,0.002016518469541599,0.0020167470736182783,0.6524308653129425,0.002016768446536904
doc108,0.0010463174331167794,0.05714448821368388,0.0010462220788969802,0.0010462269932102759,0.4389431382155631,0.500773607065529
doc109,0.057780557029924566,0.5979017477474713,0.034226124030116364,0.18250493895619432,0.07160088469473679,0.0559857475415569
doc110,0.237507470569845,0.7200552056197914,0.0011417761205987972,0.039011821888678716,0.0011419174596852392,0.00114180834140082
doc111,0.0006686564219825165,0.0006685758104061252,0.0006685553563343766,0.40639791334813347,0.5909276415541673,0.0006686575089761309
doc112,0.8478184240973169,0.003067917503240128,0.0030679392249889246,0.0030678704742412334,0.13990994017995068,0.0030679085202622264
doc113,0.253870358787388,0.0012258709878039415,0.0012258054408106828,0.1371460785875275,0.0012258398544052682,0.6053060463420645
doc114,0.0009045663033687693,0.0009044117346344073,0.02779294992834185,0.24843052405391697,0.5873314365330259,0.13463611144671214
doc115,0.0018320700508163924,0.23746236763691647,0.0018316251278173163,0.0018321926039784428,0.0018319394525474115,0.755209805127924
doc116,0.048690457003596706,0.0024044884677562038,0.0024050764058023235,0.0024044757057512336,0.27431428909851535,0.6697812133185782
doc117,0.0005898027245398254,0.6522340346958067,0.0005897175662367833,0.0005898451972431529,0.0005898718915448729,0.3454067279246287
doc118,0.0003453969980741768,0.0003453877837093453,0.0003453762619522721,0.4862765947514395,0.045725655654066576,0.46696158855075814
doc119,0.6273432635826122,0.002242755265233764,0.002242710339320339,0.3636857098310093,0.002242502011561193,0.00224305897026321
doc120,0.5053757562929694,0.4913068668548934,0.0008292913312250475,0.0008293781142991965,0.0008293236590060386,0.0008293837476069556
doc121,0.31816710592180864,0.002890549445173225,0.1075241909112631,0.00289114471715246,0.002890939490471147,0.5656360695141314
doc122,0.5676813324520883,0.0024637916832160258,0.11361632162711396,0.002463667684205915,0.17498420229639325,0.13879068425698263
doc123,0.9928144184975085,0.0014370672440577365,0.0014371493677708491,0.0014370911221348996,0.0014371387172300582,0.001437135051298204
doc124,0.6385104832907291,0.000391352959804916,0.0003912968851841552,0.1367844317909269,0.0003913175518292919,0.22353111752152566
doc125,0.0009844338842158818,0.000984641699499382,0.9950775000537959,0.0009844578458418094,0.0009844695889278097,0.0009844969277189963
doc126,0.0009844338842158818,0.000984641699499382,0.9950775000537959,0.0009844578458418094,0.0009844695889278097,0.0009844969277189963
doc127,0.0006686564219825165,0.0006685758104061252,0.0006685553563343766,0.40639791334813347,0.5909276415541673,0.0006686575089761309
doc128,0.3778382819428823,0.23425338785090413,0.001572587823394505,0.31604249428193354,0.06872042206589253,0.0015728260349928988
doc129,0.47713788490226466,0.27773652801378645,0.0012565130198926593,0.0012567067513556292,0.0012566040913941378,0.24135576322130656
doc130,0.001272562896024376,0.16432033355164294,0.0012730171208927465,0.09368559272596991,0.7381759868668573,0.0012725068386127837
doc131,0.5159346153139884,0.0013969494059097377,0.027891573818573604,0.0013970160630849156,0.0013970568689280608,0.45198278852951523
doc132,0.0015481070455046228,0.7373904789613481,0.0015481345525184323,0.0015481054401080148,0.25641679912756676,0.0015483748729540365
doc133,0.5070382299241554,0.4879348595694659,0.0012565945160188051,0.0012567645653504885,0.0012568422482329602,0.001256709176776498
doc134,0.0008294378653561143,0.0008293948615054397,0.000829444953930877,0.9958528985419554,0.0008294196157014759,0.0008294041615508021
doc135,0.1277835818294629,0.0011163316013543016,0.0011164235364325157,0.0011163607335620746,0.2674064958301243,0.6014608064690639
doc136,0.0024046008243088727,0.23957125304404372,0.0024044708130735435,0.26549703794568075,0.12921439594146947,0.3609082414314237
doc137,0.0017992402679319508,0.36984327045979976,0.0017988792314970266,0.001799064880032945,0.5091208401389654,0.11563870502177291
doc138,0.5608205824282114,0.3880767008049795,0.00028526727909260907,0.050246868339207086,0.0002852859988690814,0.00028529514964029963
doc139,0.2691915846264239,0.0007964126108770121,0.000796345561699152,0.07033994141049522,0.0007964124391175887,0.6580793033513871
doc140,0.22603981885909247,0.03562614357071061,0.02228594195180143,0.7153195754684375,0.0003642482197534215,0.0003642719302044239
doc141,0.6504745536528265,0.0015249773486412032,0.0015247533895364658,0.001524841738056756,0.0015247522761961635,0.343426121594743
doc142,0.08521593809995044,0.7651076897702819,0.0019013623040974438,0.0019016202426124448,0.06707496881688095,0.07879842076617678
doc143,0.000457573026046517,0.9977122218867611,0.0004574934500246352,0.0004575500371659638,0.00045755269706011694,0.0004576089029416141
doc144,0.9114807860906653,0.0020166359333625376,0.08045200696233529,0.0020165800681332742,0.0020172829764394475,0.002016707969063951
doc145,0.17592957211481744,0.3530242073202264,0.0009747813850629239,0.2053955250331161,0.0009749511884031326,0.2637009629583739
doc146,0.5647806528766205,0.07611230166136075,0.00265993216988686,0.0026602617423318676,0.3511263145176733,0.002660537032126807
doc147,0.4954760960558713,0.1132994012641286,0.0013230051744673231,0.21910338730686763,0.0013232414210269392,0.16947486877763812
doc148,0.2508774750309252,0.10759402043432106,0.2053001349613779,0.430091849034041,0.003068329466985838,0.003068191072349087
doc149,0.3534313003925273,0.36526598078174755,0.0017362551721993235,0.27609325404781976,0.001736723146467246,0.0017364864592387562
doc150,0.8322251401494134,0.0010801028825803323,0.0010803374505435497,0.1634541638738278,0.0010800785441623317,0.0010801770994726438
doc151,0.0022938374207181187,0.002294160403463155,0.10351109763064893,0.0022942614191655995,0.504317321807109,0.3852893213188952
doc152,0.2900268320221465,0.0013230461764523382,0.048265368828708896,0.17627993479873202,0.0013230220613923691,0.4827817961125679
doc153,0.6102424229855289,0.2696129692061052,0.0011417615114329826,0.0011419373600907543,0.0011417139370308571,0.11671919499981144
doc154,0.3788184090671027,0.0027332042810300516,0.002732603784228748,0.4999441421142819,0.11303888261830204,0.0027327581350545076
doc155,0.0008159529775787368,0.21311649388367665,0.0008158099411604722,0.000815956724157975,0.783619863148313,0.0008159233251132426
doc156,0.001305964093571576,0.0013058274289084804,0.0013055744442150618,0.001305784862159742,0.8579030917596437,0.1368737574115014
doc157,0.0020168127781348103,0.33950228791922593,0.002016518469541599,0.0020167470736182783,0.6524308653129425,0.002016768446536904
doc158,0.1795353158976655,0.001479554555678522,0.0014797644603998575,0.0014797068127483013,0.814546104662501,0.001479553611006913
doc159,0.0026604387562917014,0.002660071241485006,0.0026599090548537203,0.4203980848404538,0.002660407614506521,0.5689610884924092
doc160,0.11727507250024513,0.000994240832372152,0.0009942022930902088,0.0009944538481705867,0.3266089056515538,0.5531331248745682
doc161,0.0022425985293244265,0.9887859319149828,0.002242764613036692,0.0022428958934160824,0.0022427633909495536,0.002243045658290546
doc162,0.09842912820598866,0.37821362216605375,0.03595901732675047,0.002404507355888423,0.0024042382106988208,0.48258948673461993
doc163,0.21360590496162965,0.0020166632548777727,0.0020170575665327812,0.002016632022783702,0.7783269601871791,0.0020167820069970288
doc164,0.11230468698784318,0.0007165153126944705,0.0007167805306813282,0.0007165092778819356,0.8848289884948444,0.0007165193960547154
doc165,0.0010463174331167794,0.05714448821368388,0.0010462220788969802,0.0010462269932102759,0.4389431382155631,0.500773607065529
doc166,0.39659547271548534,0.4286362082966538,0.0015017158424135686,0.0015019090228327696,0.17026274839754582,0.0015019457250688012
doc167,0.0017366418036879893,0.0017365973909049624,0.0017363446366492536,0.7019254026337676,0.29112841737025935,0.0017365961647308813
doc168,0.001046326089609038,0.3346092387054072,0.0010461873137576313,0.0010463327576832084,0.6612056720820128,0.0010462430515300652
doc169,0.001416695533353848,0.0014167274991190447,0.0014165195777042121,0.0014167486089570556,0.001416708931242194,0.9929165998496237
doc170,0.2660506195734716,0.37837636277929587,0.002976478293403875,0.0029765246554501698,0.34664317846013243,0.002976836238246122
doc171,0.5782283960996355,0.0010686800289125607,0.01760586880810854,0.14864034119783362,0.2533879417744793,0.0010687720910305596
doc172,0.0019769783375224457,0.1613456865094224,0.001976517467931602,0.0019769221933010625,0.8307470102201895,0.001976885271632961
doc173,0.9242235702396076,0.015155287625814516,0.01515353887089052,0.015160742839578512,0.015153684779062614,0.015153175645046268
doc174,0.9892677650050993,0.0021463300189234966,0.0021462374362542984,0.002146996597381619,0.0021462097610402096,0.002146461181301109
doc175,0.5583383842401177,0.15981982691176075,0.0021014986902750093,0.0021013645689596573,0.12058599907378988,0.15705292651509684
doc176,0.001014315114310214,0.0010142683334277253,0.9949285010556141,0.0010143299363549875,0.0010142832975511993,0.0010143022627417514
doc177,0.1037026233567177,0.8928061782505172,0.0008727826796439233,0.0008727344461794778,0.0008728264148970801,0.000872854852044561
doc178,0.001014315114310214,0.0010142683334277253,0.9949285010556141,0.0010143299363549875,0.0010142832975511993,0.0010143022627417514
doc179,0.22375819873760264,0.0021014778107657133,0.002101028751052214,0.3866156155267803,0.3833223567322851,0.0021013224415139873
doc180,0.000796379092941714,0.25779904149118776,0.0007962384070398921,0.19781095754326639,0.0007964448001444586,0.5420009386654198
doc181,0.043802078243251955,0.0008578562309924262,0.000857739444650719,0.5412999387719731,0.000857893559775816,0.41232449374935587
doc182,0.0009383362184170181,0.0009383675790647926,0.0009383159266253391,0.0009383662298751634,0.0009384232863462332,0.9953081907596715
doc183,0.0028910938447026207,0.5088065203157307,0.0028903654595143218,0.0028908261462610154,0.002891102893649172,0.47963009134014223
doc184,0.0010354114897985988,0.9948232243531661,0.0010352972357441674,0.0010353714236017,0.0010353359436966571,0.0010353595539928948
doc185,0.2900268320221465,0.0013230461764523382,0.048265368828708896,0.17627993479873202,0.0013230220613923691,0.4827817961125679
doc186,0.9698731277278284,0.006026128502405929,0.006024217622772096,0.006025634605308826,0.006025362598480304,0.006025528943204222
doc187,0.10236507139492619,0.00173648323685132,0.0017366940423020718,0.11981937379906606,0.2653980761028258,0.5089443014240286
doc188,0.0023480005789246177,0.30031883860920516,0.002347806517450352,0.30992887409199027,0.204193158182689,0.18086332201974065
doc189,0.000829389523823197,0.5920469077820643,0.0008295668917874079,0.15262051715725694,0.2528442567760002,0.0008293618690678386
doc190,0.004066105748671209,0.004066482691390513,0.00406562860251051,0.004065714624102114,0.5877158879780753,0.3960201803552503
doc191,0.16158715715369654,0.0005087869117654115,0.0005087039488490298,0.21113268378580993,0.01915439083991667,0.6071082773599624
doc192,0.0013408151870310926,0.8355453599728756,0.0013408110705048102,0.15909151639921443,0.0013407449108334738,0.0013407524595407559
doc193,0.00040402491776634616,0.6530399673190417,0.06031834644960576,0.2854296604380205,0.00040399350720767945,0.00040400736835796887
doc194,0.5657222558397412,0.001305796278406844,0.0013057190684650835,0.001305688851459348,0.4290547247454748,0.0013058152164526274
doc195,0.000457573026046517,0.9977122218867611,0.0004574934500246352,0.0004575500371659638,0.00045755269706011694,0.0004576089029416141
doc196,0.1475163794591581,0.0988033363124397,0.0014796202838507047,0.4818544080240233,0.2688666354204496,0.0014796205000786953
doc197,0.7025093261296387,0.29088846813515634,0.0016505356096702057,0.0016506400024712353,0.001650623852056276,0.0016504062710072718
doc198,0.3299809832539632,0.0011684844074997193,0.0011684814845609667,0.17488233739536707,0.02623835126168222,0.4665613621969269
doc199,0.124197445958684,0.44003765367823333,0.0016502298693882266,0.0016506570797652955,0.430813483254827,0.0016505301591022425
doc200,0.060325738454199675,0.0020164963943654535,0.002016256535922673,0.5182432740001081,0.41538158974841977,0.0020166448669842753
doc201,0.7875834722271511,0.014475484917184703,0.0009942870381337433,0.0009942510107557902,0.19495827205789495,0.0009942327488799171
doc202,0.6486043788783774,0.3471665623234363,0.0010571216769447425,0.0010573976224617985,0.0010572215499931783,0.0010573179487863636
doc203,0.374116234367551,0.0017673648995265522,0.001767126833385543,0.36309165490921885,0.0017672172657388057,0.2574904017245792
doc204,0.0015483199653137229,0.3540301289375744,0.0015482435688902467,0.6397764598541991,0.0015484130089757789,0.0015484346650470155
doc205,0.2914494569655427,0.06348357814924946,0.0011686162973461572,0.0011684995790033706,0.6415612323278588,0.0011686166809995048
doc206,0.4420192646359736,0.4368531335769031,0.0021465293603435153,0.002146427361072258,0.0021467689985202217,0.11468787606718728
doc207,0.00040402491776634616,0.6530399673190417,0.06031834644960576,0.2854296604380205,0.00040399350720767945,0.00040400736835796887
doc208,0.0025256654741583795,0.0025260298258826244,0.0025255762184828627,0.002525837284753445,0.0025260343869911678,0.9873708568097315
doc209,0.21973384840847104,0.0016237398160325808,0.0016236206543210636,0.2827846911875087,0.11358512202806606,0.3806489779056004
doc210,0.6481768639757087,0.2514233764110513,0.0024040898924900275,0.0024043427382137755,0.09318673436488324,0.0024045926176528287
doc211,0.8478184240973169,0.003067917503240128,0.0030679392249889246,0.0030678704742412334,0.13990994017995068,0.0030679085202622264
doc212,0.0005898027245398254,0.6522340346958067,0.0005897175662367833,0.0005898451972431529,0.0005898718915448729,0.3454067279246287
doc213,0.11609328154582042,0.0007269294893551279,0.0007272069510436442,0.0007269245328784191,0.8809987237290953,0.0007269337518070735
doc214,0.0024638337718218997,0.22392694427517468,0.002463713127689007,0.27767973415811914,0.14319423278767615,0.35027154187951903
doc215,0.45266049558950144,0.0008226175056091135,0.0008225560270248106,0.0008225873377723934,0.02587233074596373,0.5189994127941285
doc216,0.0021934156178007075,0.9890319247103138,0.0021935679339522814,0.0021937001811944325,0.0021935718293709544,0.0021938197273678817
doc217,0.4453998924241082,0.0006642308211044515,0.0006641304413727634,0.0006642133792743859,0.551943358334251,0.0006641745998891422
doc218,0.03936300670440265,0.27100745531269904,0.002101317982594973,0.002101223595250784,0.2836486742661779,0.40177832213887466
doc219,0.7118747622438499,0.0012110372665645444,0.0012108549146547457,0.0012110247949433,0.0012108784944422034,0.2832814422855453
doc220,0.10410508490226424,0.6169247967578074,0.003907130622261346,0.003907040247424358,0.26724827584329536,0.00390767162694714
doc221,0.0014796783279973987,0.0014797856301459345,0.0014796045621036352,0.17385087208834354,0.0014797386655181325,0.8202303207258913
doc222,0.002660277910819028,0.9060167350418874,0.0026597824410138048,0.002659894670623322,0.08334322755976074,0.002660082375895593
doc223,0.1761024891240952,0.567002058845326,0.0014797323846067352,0.0014798076908174613,0.1765329187083844,0.07740299324677022
doc224,0.0005113759768904934,0.0005113768572332282,0.0005112962074730284,0.17514206372485294,0.0005113343993639173,0.8228125528341864
doc225,0.0011288968537822351,0.0011288695298437587,0.0011288248061628984,0.3358366483468901,0.0011290961050229834,0.659647664358298
doc226,0.3431685333011931,0.20936274585602402,0.0009210023440670298,0.0009210569408959128,0.12360064664887604,0.3220260149089439
doc227,0.00033499013945663365,0.049647143734207734,0.00033493153619344333,0.16948842008840312,0.00033496486306034074,0.7798595496386788
doc228,0.0028910938447026207,0.5088065203157307,0.0028903654595143218,0.0028908261462610154,0.002891102893649172,0.47963009134014223
doc229,0.9497382091920611,0.0012888507799978393,0.04510626100298683,0.0012889499340743352,0.0012888537062884181,0.0012888753845913753
doc230,0.6847105565984851,0.0009211193556702447,0.0009209792109082152,0.04265899447544652,0.000921002665145423,0.26986734769434456
doc231,0.9901154407315078,0.0019766564154717736,0.001976586990473287,0.0019771895330760853,0.0019767413257349735,0.001977385003735997
doc232,0.001014315114310214,0.0010142683334277253,0.9949285010556141,0.0010143299363549875,0.0010142832975511993,0.0010143022627417514
doc233,0.0006511980335297713,0.764745450713406,0.0006511075182285172,0.23264978553130516,0.0006512059605485294,0.0006512522429820748
doc234,0.001014315114310214,0.0010142683334277253,0.9949285010556141,0.0010143299363549875,0.0010142832975511993,0.0010143022627417514
doc235,0.0019769421641393312,0.0019769713260950213,0.001976442042454855,0.001976757294634694,0.0019767998116408552,0.9901160873610353
doc236,0.0014582503206565134,0.0014581744018109621,0.0014580013589697667,0.14326320971429798,0.8509042153041152,0.0014581489001497284
doc237,0.0012726853922334382,0.6535512033727651,0.0012724274845946429,0.001272826759453437,0.34135823703396173,0.0012726199569917814
doc238,0.0010685579159844336,0.0010685917765578421,0.0010686211960884986,0.3592851346556494,0.06656369655220361,0.5709453979035161
doc239,0.0014796783279973987,0.0014797856301459345,0.0014796045621036352,0.17385087208834354,0.0014797386655181325,0.8202303207258913
doc240,0.1273203351212437,0.0005247878013044214,0.12056230937480608,0.0005248297425963891,0.000524783024389646,0.7505429549356597
doc241,0.0010145291716413536,0.2999699278034558,0.0010143223579287697,0.340964721407941,0.0010145491521701912,0.3560219501068628
doc242,0.5247775850091134,0.00045759963130435015,0.0004575430040911995,0.3898856812985325,0.08396398581116307,0.00045760524579543325
doc243,0.0016782570312175876,0.20187884751990035,0.0016783661733299966,0.2421381871162465,0.00167833013303979,0.5509480120262659
doc244,0.0010686028991566158,0.5866233304852869,0.0010686021970301685,0.17745515172937598,0.23271548651084878,0.0010688261783015002
doc245,0.28127170724724493,0.10593540466895765,0.2019203296246673,0.002242883000365325,0.002242431359515931,0.4063872440992488
doc246,0.124197445958684,0.44003765367823333,0.0016502298693882266,0.0016506570797652955,0.430813483254827,0.0016505301591022425
doc247,0.000326234188117388,0.08039278379669847,0.0003262680781315507,0.9183022283712792,0.00032625517841465074,0.0003262303873586492
doc248,0.0016505434909072,0.43096825443894404,0.0016504774778499664,0.39410274001764123,0.16997717757172465,0.0016508070029329614
doc249,0.3892535343806061,0.11410807331627656,0.0012108877559381902,0.1466620560224605,0.34755433771090527,0.001211110813813325
doc250,0.0011163028888593791,0.021864710605177473,0.0011165373137100986,0.9159327729725909,0.058853426558623384,0.001116249661038759
doc251,0.0010355251579737225,0.08075907468613037,0.012530131115780989,0.5348433420366915,0.12916040140586932,0.24167152559755406
doc252,0.1169739636230036,0.38238203182686514,0.0007118831169551754,0.22267184383725777,0.0007115425050445611,0.27654873509087385
doc253,0.7118747622438499,0.0012110372665645444,0.0012108549146547457,0.0012110247949433,0.0012108784944422034,0.2832814422855453
doc254,0.32716320483331607,0.6674738792144864,0.0013405835510231423,0.0013407433504148618,0.0013408011247313717,0.0013407879260280739
doc255,0.0008027571731177224,0.0008027441283665803,0.0008026608190206876,0.3016338450260465,0.6951551468594511,0.0008028459939973683
doc256,0.9242235702396076,0.015155287625814516,0.01515353887089052,0.015160742839578512,0.015153684779062614,0.015153175645046268
doc257,0.8992819351607586,0.07267114328925511,0.022837442230150575,0.0017366039705416112,0.00173643348744902,0.0017364418618451179
doc258,0.992490128740928,0.0015020108653351128,0.0015018589849623558,0.0015018635371559005,0.0015022430714632662,0.0015018948001553384
doc259,0.8297440513891475,0.001168402995657904,0.001168532170143274,0.0011685308975400803,0.001168642439421751,0.16558184010808938
doc260,0.23736164094762677,0.0017365176837362778,0.0017364869845630105,0.0017366548888081595,0.27349220853445727,0.48393649096080854
doc261,0.5502963162449219,0.0010686823332600682,0.0010685360905705096,0.0010685832511317483,0.44542921894843457,0.0010686631316810683
doc262,0.0011418182778763055,0.0011418704391126808,0.0011416966515985327,0.3862387891691871,0.21304614915604211,0.3972896763061832
doc263,0.002016636641819835,0.3068632194334643,0.0020162813578400622,0.002016501679672371,0.0020165676895698564,0.6850707931976335
doc264,0.001650532708847461,0.49588690449279305,0.0016504030492779508,0.19740229359261524,0.21893101861304415,0.08447884754342212
doc265,0.22375819873760264,0.0021014778107657133,0.002101028751052214,0.3866156155267803,0.3833223567322851,0.0021013224415139873
doc266,0.08953499782968707,0.9020594567830703,0.002101140294099381,0.0021012969846922755,0.002101700899265514,0.0021014072091855318
doc267,0.6183870965692643,0.0024042426869629674,0.0024044833083952835,0.002404525310803289,0.37199528941102383,0.002404362713550378
doc268,0.3044547095549241,0.2829907379805393,0.0011962221545010988,0.0011963381490408937,0.4089654310970844,0.0011965610639102816
doc269,0.0010688440760911204,0.0010685682812272288,0.0010685615623668217,0.0010685917076798596,0.001068709923661419,0.9946567244489736
doc270,0.6225899119928081,0.004856327860170526,0.0048550386272357875,0.004855136080699445,0.06325229760202923,0.2995912878370567
doc271,0.001014315114310214,0.0010142683334277253,0.9949285010556141,0.0010143299363549875,0.0010142832975511993,0.0010143022627417514
doc272,0.0010919689996704877,0.994540571816542,0.0010918493984028374,0.0010918921960788163,0.0010918456822589873,0.0010918719070467631
doc273,0.0028098769258093894,0.4928235726181873,0.0028097968042499932,0.0028098715857423815,0.0028096472883334944,0.49593723477767737
doc274,0.0008433786272956309,0.0008433882719426385,0.0008433319279374374,0.2332434730903732,0.008543608876392224,0.7556828192060588
doc275,0.0009295583796132792,0.0009295362314998717,0.000929737196891912,0.0009295596492191465,0.0009294858689564158,0.9953521226738193
doc276,0.0012728934413665997,0.0012726038379188747,0.0012724567441327,0.0012727131621463653,0.9936368232131868,0.0012725096012485724
doc277,0.0015979007513045502,0.20783043152015973,0.0015979360772531875,0.0015978914818452674,0.5787633379184913,0.20861250225094602
doc278,0.3805584478154832,0.0008963813767684289,0.0008961520316720475,0.44507694777011075,0.0008962087207516325,0.171675862285214
doc279,0.9497382091920611,0.0012888507799978393,0.04510626100298683,0.0012889499340743352,0.0012888537062884181,0.0012888753845913753
doc280,0.001014315114310214,0.0010142683334277253,0.9949285010556141,0.0010143299363549875,0.0010142832975511993,0.0010143022627417514
doc281,0.001014315114310214,0.0010142683334277253,0.9949285010556141,0.0010143299363549875,0.0010142832975511993,0.0010143022627417514
doc282,0.0010354519789364202,0.03649179800107962,0.0010353042309061455,0.9170835891739404,0.04331834056811562,0.0010355160470218135
doc283,0.0019014453630625445,0.8992417454278548,0.0019013445926276153,0.0019017701732857036,0.0019017872223867497,0.0931519072207826
doc284,0.000721691554545197,0.14767245454094477,0.0007216258495562047,0.5171735498095034,0.17167923513937966,0.1620314431060709
doc285,0.7813278755190424,0.14740103447646624,0.06862945380743492,0.0008804585701011855,0.0008807005847709657,0.0008804770421842326
doc286,0.0006512438358811923,0.0006512850976501275,0.0006511603956607875,0.5406191362706346,0.0006511642385566587,0.4567760101616166
doc287,0.002146234341015632,0.8959200871851379,0.0021463080868412885,0.002146283777493752,0.09549470095187432,0.0021463856576370375
doc288,0.14908106231528687,0.001502017191582671,0.04711709019351981,0.42723167487653496,0.0015019778109825522,0.37356617761209315
doc289,0.14774535939867722,0.0005932674934348862,0.1275653274013424,0.0005933158948171255,0.0005932593247768923,0.7229094704869514
doc290,0.8134943956455739,0.18128233729258691,0.0013056589402981862,0.0013058088747457711,0.001305895169071953,0.0013059040777232255
doc291,0.0017671552693313305,0.17633765944704852,0.0017671524096829515,0.0017671866839266345,0.0017674463835581028,0.8165933998064524
doc292,0.0009295583796132792,0.0009295362314998717,0.000929737196891912,0.0009295596492191465,0.0009294858689564158,0.9953521226738193
doc293,0.765576323271725,0.0036237004728786556,0.003623811447214475,0.21992841008829978,0.0036240165077759123,0.0036237382121062523
doc294,0.0005862648383439174,0.4232025879767998,0.0005862753303201156,0.20796611874097734,0.1295766130690122,0.23808214004454645
doc295,0.6183870965692643,0.0024042426869629674,0.0024044833083952835,0.002404525310803289,0.37199528941102383,0.002404362713550378
doc296,0.000326234188117388,0.08039278379669847,0.0003262680781315507,0.9183022283712792,0.00032625517841465074,0.0003262303873586492
doc297,0.002193494268271973,0.3552974256783905,0.002193458849318743,0.18383893562476322,0.45428314029701566,0.002193545282239903
doc298,0.47103023596692667,0.0010248096620934241,0.0010249586784277858,0.29434796397338076,0.001024710767715448,0.23154732095145594
doc299,0.2480718596623817,0.22596033630563542,0.0009561698589438864,0.0009563466901807712,0.0009563744274552751,0.5230989130554028
doc300,0.24312333980809267,0.07517045132524787,0.001377978144253135,0.2493695779067163,0.0013776547826029096,0.4295809980330871
doc301,0.0008434077909006706,0.03639260351449771,0.0008433204595492034,0.521270048591628,0.0008435187090616793,0.43980710093436287
doc302,0.0011290526256330041,0.28139739841255595,0.030451439395789492,0.3746096312898376,0.08030289281241292,0.23210958546377103
doc303,0.8297440513891475,0.001168402995657904,0.001168532170143274,0.0011685308975400803,0.001168642439421751,0.16558184010808938
