,topics0,topics1,topics2,topics3
doc0,0.9979074880789363,0.0006974672724904604,0.0006974631951096256,0.000697581453463765
doc1,0.767666196897042,0.0021556479295967274,0.0021557884669215362,0.22802236670643986
doc2,0.763351279719535,0.08769124807092667,0.14777212178001123,0.0011853504295271627
doc3,0.5356633175203138,0.0006974438458437415,0.46294163970113106,0.0006975989327115458
doc4,0.16978645033902473,0.02952905886351029,0.0007555206299627823,0.7999289701675023
doc5,0.0004893253292331465,0.0004893316849390966,0.0004893692929412495,0.9985319736928866
doc6,0.0014208686223534076,0.0014210170770216268,0.21547503487411987,0.7816830794265052
doc7,0.0009767880717856075,0.015146855043434479,0.0009767429723804638,0.9828996139123994
doc8,0.27751662273600897,0.0012137976980355902,0.1124905478405878,0.6087790317253677
doc9,0.001106382683144201,0.9966805682554782,0.0011065762075658972,0.0011064728538116488
doc10,0.001106382683144201,0.9966805682554782,0.0011065762075658972,0.0011064728538116488
doc11,0.7944415172030899,0.00021631037422486547,0.12126185125470802,0.0840803211679774
doc12,0.5660489481216489,0.07031124711525105,0.21860365795769846,0.14503614680540167
doc13,0.6428233683843633,0.0008592343337989355,0.35545806475120895,0.0008593325306287494
doc14,0.0016840481892591583,0.0016837863622797481,0.7080750882218221,0.28855707722663887
doc15,0.2924011746966312,0.0005637917416713252,0.11224594033028372,0.5947890932314138
doc16,0.0010942488322156555,0.001094216729101175,0.9967170924274036,0.0010944420112796289
doc17,0.00039631545710145267,0.0003962246593708567,0.9442950402115533,0.05491241967197434
doc18,0.5266549889264672,0.017242066722326053,0.28261678064453966,0.17348616370666692
doc19,0.5314846699486857,0.017044604577767696,0.0006786341320541298,0.4507920913414923
doc20,0.2269711524941215,0.001292167228854457,0.24797902888340648,0.5237576513936176
doc21,0.4438771969487358,0.0006047619977070934,0.23341242680365698,0.3221056142499002
doc22,0.0006121481805879704,0.0006120718151255873,0.5161077894878874,0.48266799051639897
doc23,0.73127403400624,0.0012756579674282056,0.26617444996005735,0.0012758580662744112
doc24,0.10048921957934104,0.0004537661221651115,0.8986031474087994,0.0004538668896945439
doc25,0.0004967072536420932,0.0004965731566518701,0.29845044917034974,0.7005562704193563
doc26,0.35326480595997733,0.0004266930092885533,0.0004267586865111451,0.6458817423442229
doc27,0.16357892879603103,0.14846603545313064,0.38723670174153946,0.30071833400929887
doc28,0.49648052120271563,0.0022030805206765614,0.002203389390104158,0.49911300888650356
doc29,0.10230947894881467,0.0014621479217906018,0.6793864465717441,0.2168419265576506
doc30,0.0010063039555925067,0.0010063551849626888,0.9969809602915563,0.0010063805678886114
doc31,0.1736421535568599,0.023388372271762565,0.1625953211933654,0.6403741529780123
doc32,0.29243800733576136,0.02182693223581324,0.6849110991095789,0.0008239613188464311
doc33,0.09065987231682604,0.0014411885728135207,0.303487922964863,0.6044110161454973
doc34,0.002203170393930853,0.0022029708217796823,0.9933904924028275,0.0022033663814619536
doc35,0.16171730703476858,0.0008819433310852442,0.0008823092003394082,0.8365184404338067
doc36,0.00047313508745662816,0.000473276625985026,0.0004731696050728097,0.9985804186814855
doc37,0.09874166492391258,0.001553062524944871,0.22487412438167612,0.6748311481694663
doc38,0.0008172153172377321,0.0008172035988819965,0.0008172229704029494,0.9975483581134773
doc39,0.10444565303995648,0.001362700272897631,0.7421552038900401,0.15203644279710585
doc40,0.7841481348870678,0.04446819824359562,0.17078614394439973,0.0005975229249367722
doc41,0.2980889306576279,0.000439879716016718,0.4512811586270892,0.2501900309992661
doc42,0.0005337428162405948,0.0005336708723121097,0.0005337711468509413,0.9983988151645963
doc43,0.7268286817812073,0.000755425454463437,0.2716603534908733,0.0007555392734559502
doc44,0.9483405881378636,0.001131429718970051,0.049396392293731016,0.0011315898494351111
doc45,0.5563992992641584,0.004098573600367512,0.43540223795862426,0.004099889176849716
doc46,0.03602733747975039,0.0009672723778481948,0.0009673214051010812,0.9620380687373002
doc47,0.654423954855958,0.0016559255881431838,0.25495211226826237,0.08896800728763644
doc48,0.0004059497814167614,0.0004059049834870771,0.9987821690194685,0.00040597621562759066
doc49,0.10045548372030917,0.00088203535052554,0.8977804376736298,0.0008820432555355606
doc50,0.3170616047345911,0.0006120847241302388,0.6817141556018412,0.0006121549394375556
doc51,0.002066566600779717,0.0020663080179293587,0.476514739783782,0.519352385597509
doc52,0.0024163034354111584,0.0024163557480579756,0.9485866080989273,0.046580732717603754
doc53,0.7418293575173279,0.0010063057552289238,0.001006378903212144,0.2561579578242311
doc54,0.002359036535009625,0.0023585839413519825,0.6501535502896891,0.34512882923394933
doc55,0.28220924852321316,0.0011993175465273692,0.6855332948379348,0.031058139092324556
doc56,0.20190242459741548,0.0023592865444574313,0.7933790935659415,0.002359195292185577
doc57,0.04961038020932148,0.0005015688659177573,0.9191193890372452,0.030768661887515536
doc58,0.4929504889485534,0.07552320990087422,0.0011444890730302494,0.4303818120775421
doc59,0.4398142964243914,0.0007174736005236402,0.35569390662111033,0.2037743233539747
doc60,0.0008593581809656416,0.0008593903983312348,0.9185169884962252,0.07976426292447776
doc61,0.5082842615661106,0.0015061749156802026,0.0015062768701962434,0.4887032866480129
doc62,0.008773740414724585,0.008772743520650137,0.008774981421517898,0.9736785346431074
doc63,0.0011712500500533959,0.10021692512222734,0.0011712276321891354,0.89744059719553
doc64,0.0036511139250580324,0.10282298643417784,0.0036505208411150257,0.8898753787996492
doc65,0.2348731805248721,0.0011852064955394691,0.7627563744629132,0.001185238516675268
doc66,0.0017426803829097164,0.15727460254675862,0.22111485830048128,0.6198678587698504
doc67,0.16978645033902473,0.02952905886351029,0.0007555206299627823,0.7999289701675023
doc68,0.0009673509522094376,0.9970978964653823,0.0009673617972504833,0.0009673907851576834
doc69,0.0009673509522094376,0.9970978964653823,0.0009673617972504833,0.0009673907851576834
doc70,0.0014623070860726576,0.0014621231501473883,0.9956126408034356,0.00146292896034427
doc71,0.0017127255553020676,0.001712433734468524,0.9616581157497858,0.03491672496044372
doc72,0.002024784927022856,0.002024572096129429,0.9939255289246939,0.0020251140521538634
doc73,0.13452040161439388,0.0004892812426219089,0.16585936535121237,0.6991309517917719
doc74,0.422174313592053,0.0015292610016130412,0.0015293936837261412,0.5747670317226079
doc75,0.34270284104511506,0.0028257320277085603,0.0028256573303679458,0.6516457695968084
doc76,0.6830057769733806,0.06421209903823048,0.10030905407825584,0.152473069910133
doc77,0.004099191532215557,0.004099143690998309,0.004099830067529149,0.9877018347092569
doc78,0.32335181943240415,0.0008447030467299546,0.6749586811592793,0.0008447963615868038
doc79,0.000480006963182747,0.0004798921911292682,0.30802941606805057,0.6910106847776375
doc80,0.14272171315841473,0.001441716716563368,0.38870191845367014,0.4671346516713517
doc81,0.528344328317968,0.013965851352045621,0.2789542991468285,0.17873552118315786
doc82,0.10802451211619082,0.0615393910605474,0.0009060937757461522,0.8295300030475157
doc83,0.0020667965620559795,0.07085660093817508,0.9250097746421224,0.0020668278576464485
doc84,0.10444565303995648,0.001362700272897631,0.7421552038900401,0.15203644279710585
doc85,0.06983699419065693,0.0011849151321602707,0.9277928407127093,0.0011852499644735151
doc86,0.9004574167343522,0.0008106815256839698,0.07562632489715299,0.023105576842810744
doc87,0.888537129414543,0.0007386279792827534,0.10998544781696666,0.0007387947892075033
doc88,0.0013629143655917023,0.0013627181702154632,0.0013627875937124538,0.9959115798704804
doc89,0.23430847420329382,0.001118705266922547,0.6436792324743514,0.12089358805543224
doc90,0.003939334496427571,0.003939748777035772,0.0039382535584054695,0.9881826631681313
doc91,0.7649196255495474,0.003938583437390323,0.2272033381234272,0.003938452889635147
doc92,0.0011188338098714688,0.0011188344875044693,0.0011188154594078282,0.9966435162432162
doc93,0.0009673521032815024,0.014933550640325088,0.0009672975168272588,0.9831317997395661
doc94,0.8034534055489905,0.0031859295407246652,0.1901749934273637,0.0031856714829212925
doc95,0.10444565303995648,0.001362700272897631,0.7421552038900401,0.15203644279710585
doc96,0.7841481348870678,0.04446819824359562,0.17078614394439973,0.0005975229249367722
doc97,0.36076343352858475,0.003521309461799236,0.44153836861632284,0.19417688839329314
doc98,0.6057374432618579,0.00040266018845022374,0.3934572135271572,0.00040268302253484414
doc99,0.21424260456443256,0.0008238980890535059,0.7841095850128824,0.0008239123336314729
doc100,0.5647371506926042,0.0006274361166556702,0.4340078428366088,0.0006275703541312518
doc101,0.9979776112800959,0.0006739638588308099,0.0006743350045214051,0.0006740898565518356
doc102,0.8939609205508962,0.0009863300406562044,0.1040663211343284,0.0009864282741192602
doc103,0.07229691910162735,0.0013441859925907515,0.33419436174270734,0.5921645331630745
doc104,0.0013815566016998836,0.001381398360596297,0.3231540534494748,0.674082991588229
doc105,0.6710289104938182,0.0015535118242250357,0.276805872615449,0.05061170506650784
doc106,0.19899949178431733,0.001742525537260175,0.4881106706577716,0.3111473120206508
doc107,0.9681161391028061,0.01348460468242792,0.0004918213391421521,0.01790743487562369
doc108,0.37174783718412424,0.0023045946436135558,0.6236426974348598,0.0023048707374024855
doc109,0.10015053856536978,0.0015775855044200314,0.6409119133547957,0.2573599625754145
doc110,0.630123498648761,0.14837709718989978,0.22075514004994853,0.0007442641113906363
doc111,0.9932422272541271,0.00225265164613527,0.0022525531438738204,0.0022525679558639614
doc112,0.20424771336608272,0.001362718637950401,0.3233751458628835,0.4710144221330835
doc113,0.6632134251066666,0.0008594350158838746,0.3350677634440596,0.0008593764333900785
doc114,0.6673871532169907,0.13321001918399203,0.001106510468260125,0.19829631713075727
doc115,0.9129961238166973,0.0010943217411767713,0.0010943049421721545,0.08481524949995377
doc116,0.0008520313955563096,0.02592641783641343,0.9723694983934215,0.0008520523746088082
doc117,0.08268064006169638,0.0008591722214586542,0.0008592803706970499,0.9156009073461479
doc118,0.0011576356468317403,0.0011575686165646647,0.0011576437828420521,0.9965271519537615
doc119,0.26789279738850935,0.01960947608843536,0.00142089758511512,0.7110768289379401
doc120,0.0009865197134102345,0.037177399492863285,0.1695137886320248,0.7923222921617017
doc121,0.0009673419975886739,0.997097992080908,0.0009672886783820547,0.000967377243121191
doc122,0.7675892413668347,0.0015532920610981298,0.22930425645430105,0.001553210117766018
doc123,0.0009673419975886739,0.997097992080908,0.0009672886783820547,0.000967377243121191
doc124,0.1350880652944486,0.017050388370016406,0.8475159153469646,0.0003456309885704936
doc125,0.17760323814929305,0.0007174347255884852,0.820961753994081,0.0007175731310373347
doc126,0.8540009833160703,0.001048307268845334,0.14390213329416712,0.001048576120917255
doc127,0.0029945527773824173,0.002994325294446648,0.0029948311014346613,0.9910162908267361
doc128,0.8540009833160703,0.001048307268845334,0.14390213329416712,0.001048576120917255
doc129,0.0030876207420434134,0.27378443037194344,0.00308708783011719,0.7200408610558958
doc130,0.5363457675157588,0.003650680690042568,0.003650690731699992,0.45635286106249867
doc131,0.8906417922913534,0.0005975652224141641,0.0005975234251503656,0.10816311906108192
doc132,0.3810284118328278,0.0014410773439513227,0.3039816648758415,0.31354884594737936
doc133,0.335767252977207,0.0003796953800806334,0.0003797438052491416,0.6634733078374632
doc134,0.561185697322256,0.08512564212326446,0.35276586137782856,0.0009227991766509092
doc135,0.8562785022139336,0.0016560506275359634,0.14040935466281965,0.0016560924957107375
doc136,0.5195525810438794,0.000996163337028547,0.2896402350943586,0.1898110205247336
doc137,0.6910883244889339,0.0017426100575523569,0.3054264686091863,0.0017425968443274484
doc138,0.0009060669349333577,0.08172675622906085,0.07898588493918493,0.8383812918968209
doc139,0.00235944855933605,0.0023592207265985456,0.7606360878484777,0.23464524286558783
doc140,0.6292589571007499,0.17901542336948661,0.18970066880586856,0.0020249507238948405
doc141,0.39830093726292065,0.0009961638653785848,0.3361439942076757,0.26455890466402504
doc142,0.5689085778289966,0.0011063958461674471,0.2499424162785324,0.1800426100463036
doc143,0.2190517754605075,0.0009312470512932595,0.561743079088536,0.2182738983996632
doc144,0.33234240010189225,0.0016029238442955723,0.4433507018800451,0.22270397417376708
doc145,0.002748003864644796,0.002747694772705292,0.0027479248082328605,0.991756376554417
doc146,0.3715252428649238,0.0018729839647604071,0.41381448441189445,0.21278728875842134
doc147,0.6657208226645831,0.12462476859734858,0.20879501353731642,0.0008593952007519203
doc148,0.6947321803969506,0.001106363733975071,0.001106449664776506,0.303055006204298
doc149,0.0016031076463584515,0.024732815932764676,0.0016030130701496768,0.9720610633507273
doc150,0.23547541683318435,0.0013813654201823736,0.001381558284512095,0.7617616594621213
doc151,0.9989772750705646,0.000340903533337106,0.0003409160596639754,0.00034090533643440845
doc152,0.4818911130979749,0.06303110033791161,0.108423521497938,0.34665426506617536
doc153,0.10967444809454156,0.0008899992897962552,0.888545645098376,0.000889907517286235
doc154,0.6020601888209038,0.0012596383143458811,0.39542029078047597,0.0012598820842741004
doc155,0.15823417608279608,0.024529673838872102,0.815814953622468,0.0014211964558636095
doc156,0.12026810718181034,0.00110662044548888,0.8775187977911902,0.0011064745815105791
doc157,0.14895849453065857,0.0014206964415981681,0.001420837229163304,0.84819997179858
doc158,0.19360887607079091,0.0009492285132097023,0.8044928744158492,0.0009490210001502499
doc159,0.22958338741049222,0.0006395587076472658,0.023825619339835374,0.7459514345420251
doc160,0.0011314642132188553,0.0011313101840885384,0.9966057511033264,0.0011314744993661666
doc161,0.2015158190173113,0.0007227016039403428,0.7970387207960247,0.0007227585827237886
doc162,0.7472172862681915,0.0008899961715143337,0.0008898417495827376,0.2510028758107114
doc163,0.5960032727122297,0.0008666817921055581,0.0008667975759751735,0.4022632479196895
doc164,0.11997248015128736,0.0008446957306185393,0.8783380253187603,0.0008447987993339015
doc165,0.0675538933398476,0.0010164298416468864,0.16476643738447028,0.7666632394340352
doc166,0.002604833119074391,0.0026048237329989407,0.0026049992692942963,0.9921853438786323
doc167,0.87656804301553,0.0008978399500223407,0.1216361496105132,0.0008979674239345285
doc168,0.0010485644890375354,0.0010483584753608161,0.9968546257652827,0.0010484512703188799
doc169,0.30829693384360324,0.048101437444707844,0.0006354611879850192,0.642966167523704
doc170,0.474749816412549,0.008878741706685124,0.10742746665211596,0.40894397522864984
doc171,0.23359100950001027,0.21550252100984255,0.0006740222649975287,0.5502324472251497
doc172,0.0016840700005811041,0.0016837725495939145,0.16598756200771714,0.8306445954421079
doc173,0.07763365247523205,0.03618145194567941,0.0006197283636986488,0.8855651672153898
doc174,0.8370907724466395,0.15909169728352757,0.0019087818388720033,0.0019087484309609666
doc175,0.0008592972639024736,0.9974220784300966,0.0008593506019622699,0.0008592737040386371
doc176,0.0008592972639024736,0.9974220784300966,0.0008593506019622699,0.0008592737040386371
doc177,0.3667455714211578,0.0017426262024538837,0.0017425002310875101,0.6297693021453008
doc178,0.5788267593152555,0.0017125257393884206,0.2257743923710429,0.1936863225743132
doc179,0.9238158444257958,0.0010824901883262764,0.0010827000882703485,0.0740189652976077
doc180,0.9944845511820181,0.0018385056485255278,0.001838452101167349,0.0018384910682891253
doc181,0.44550110700752815,0.0012921558249254833,0.2747323478178366,0.27847438934970975
doc182,0.5708167061536611,0.0010709814771177086,0.24180867248365726,0.1863036398855639
doc183,0.5198754370091468,0.030456180247208767,0.0018056406948531135,0.44786274204879123
doc184,0.08905076696806546,0.12554898846222676,0.13769850655479177,0.647701738014916
doc185,0.43846493950773446,0.019763455345130507,0.3712227999644311,0.170548805182704
doc186,0.6312040951638245,0.0015778337726394852,0.0015778023513872746,0.3656402687121488
doc187,0.0008239462523521511,0.0008238348308628507,0.15126778556486753,0.8470844333519174
doc188,0.1740436394688002,0.0016289599646392415,0.8226982723116372,0.0016291282549233226
doc189,0.161131053061787,0.0016289223548794295,0.7875850001591802,0.04965502442415339
doc190,0.46285588492589863,0.06587468106500197,0.0008040188577629083,0.47046541515133644
doc191,0.6771058813694769,0.0015294939964952954,0.001529466794265898,0.3198351578397619
doc192,0.0010595514049441884,0.0425060477059661,0.7325860687186824,0.2238483321704074
doc193,0.0011712952379670908,0.0011710880548542655,0.6569093105242064,0.34074830618297225
doc194,0.08442931306953805,0.00274796370451594,0.002748144827215399,0.9100745783987306
doc195,0.001603031930387518,0.12320475431532942,0.19978629597294817,0.6754059177813349
doc196,0.0016840056131125238,0.0016837257726316209,0.9949484359999826,0.0016838326142732804
doc197,0.09896756334644881,0.035030168694932175,0.2809671929479362,0.5850350750106827
doc198,0.0009865197134102345,0.037177399492863285,0.1695137886320248,0.7923222921617017
doc199,0.2645517872882787,0.0013444434198575479,0.0013444711984339588,0.7327592980934299
doc200,0.0021557979410558865,0.002155734586787491,0.0021556811751629974,0.9935327862969936
doc201,0.0019845813953621575,0.001984660532175235,0.0019848182694034064,0.9940459398030592
doc202,0.38422655878655027,0.0010594642442274653,0.474708938132795,0.14000503883642726
doc203,0.6564367605585315,0.03480813750608691,0.001259698091876977,0.30749540384350466
doc204,0.15823417608279608,0.024529673838872102,0.815814953622468,0.0014211964558636095
doc205,0.9129961238166973,0.0010943217411767713,0.0010943049421721545,0.08481524949995377
doc206,0.8540009833160703,0.001048307268845334,0.14390213329416712,0.001048576120917255
doc207,0.749481924353043,0.0013628843410041361,0.0013629000628242716,0.24779229124312874
doc208,0.8469536221869546,0.0005118900002722167,0.0005119305563257686,0.15202255725644756
doc209,0.23291248274646717,0.0008900992203612469,0.765307504097602,0.0008899139355695978
doc210,0.513564419874945,0.0021555931374403633,0.48212422674212313,0.002155760245491629
doc211,0.17480078732892465,0.04436796980681649,0.5870590612676696,0.19377218159658924
doc212,0.3367160519319413,0.002252716936141438,0.0022529541867812677,0.658778276945136
doc213,0.0018730838246918948,0.0018731251656958449,0.9541474843790412,0.04210630663057106
doc214,0.4088329264119647,0.0002297440303530961,0.16720908611593618,0.4237282434417461
doc215,0.9375446183638788,0.0004665284637625883,0.0004665523655755853,0.06152230080678295
doc216,0.4361237133788995,0.001984470668931817,0.5599073369724251,0.001984478979743634
doc217,0.35051073412881095,0.08540218995298827,0.5607969406410069,0.0032901352771937775
doc218,0.8301341911707908,0.0016029532156091291,0.1666599785078817,0.0016028771057183101
doc219,0.9656490853659354,0.00032432418378848993,0.0003243492260965637,0.03370224122417972
doc220,0.3235607601704703,0.011963477742320225,0.000494254385463203,0.6639815077017462
doc221,0.43645883062343954,0.004672970393605356,0.00467406197943757,0.5541941370035176
doc222,0.47316380989818513,0.09666372196174029,0.08603527998713663,0.3441371881529379
doc223,0.6923560420367574,0.04277202475615985,0.0008820140016130276,0.26398991920546977
doc224,0.10703168313837709,0.22842635990875418,0.0017735286444196068,0.6627684283084492
doc225,0.0011713330668466462,0.0011711380552582482,0.0011711950835789201,0.9964863337943161
doc226,0.0005735066725059035,0.000573464393229458,0.0005735095467753298,0.9982795193874893
doc227,0.2639530867385097,0.022736888928577566,0.492212303972556,0.22109772036035683
doc228,0.0009312880122229956,0.9972062214117781,0.0009312198596328693,0.0009312707163662612
doc229,0.0009312880122229956,0.9972062214117781,0.0009312198596328693,0.0009312707163662612
doc230,0.002304940543676208,0.0023044663320584027,0.19561250437084532,0.79977808875342
doc231,0.43396801782627714,0.0007729253562322927,0.3091713387965004,0.2560877180209903
doc232,0.891143287535662,0.0008238870252922768,0.0008239831855564446,0.1072088422534893
doc233,0.12380551904423545,0.0009143221798278645,0.0009143176836545288,0.8743658410922822
doc234,0.0005638838360857394,0.0005637879987131311,0.14872518699941964,0.8501471411657815
doc235,0.003650283629701364,0.0036498378775145983,0.00365066458553323,0.9890492139072509
doc236,0.446040639950471,0.0014414652272616531,0.0014414270586677012,0.5510764677635996
doc237,0.003185194163894754,0.003185118010125344,0.34661098416940983,0.64701870365657
doc238,0.4683526321655081,0.0009060405054071418,0.5298352425624906,0.0009060847665941852
doc239,0.0020247984658387356,0.09229447443271621,0.24586307253330503,0.65981765456814
doc240,0.003789067081498922,0.0037884799993238663,0.21908663596524802,0.7733358169539292
doc241,0.420916550376423,0.0012440332148572599,0.20915290150789675,0.368686514900823
doc242,0.19284377881198206,0.001037645628188814,0.8050808756138506,0.0010376999459784993
doc243,0.30976381478719667,0.002605850602942367,0.6850251551606286,0.002605179449232632
doc244,0.9927519169917592,0.002415846095673909,0.002416042184960182,0.002416194727606603
doc245,0.0004893676384192518,0.020859966316556483,0.9781612114791309,0.0004894545658933581
doc246,0.0005067389795097383,0.0005066959780342227,0.8487807344631892,0.15020583057926687
doc247,0.09946170274495575,0.11508181845144486,0.5505252750479435,0.23493120375565593
doc248,0.0011444594657922505,0.001144270128453769,0.2109244215515489,0.7867868488542051
doc249,0.45566958130597957,0.0004918382572858404,0.5433468329378125,0.0004917474989220612
doc250,0.5519177247532374,0.0012287909901788183,0.001228887070771598,0.44562459718581204
doc251,0.60283270517598,0.001362634026106244,0.0013628643454874057,0.3944417964524262
doc252,0.16693479279782397,0.0008104842646451597,0.5417518523897952,0.2905028705477357
doc253,0.05880116617106109,0.027197180132856092,0.0008820615558775295,0.9131195921402053
doc254,0.34411618025681123,0.15825702193452407,0.0028257501116655246,0.4948010476969993
doc255,0.0015065123963186639,0.0015063253337167244,0.6230034832039487,0.3739836790660159
doc256,0.15053427299164485,0.0006046497633733918,0.18060665566986692,0.6682544215751148
doc257,0.0011065638614682072,0.0011063040770371536,0.8345555043401665,0.1632316277213282
doc258,0.41894527790278085,0.08059927286554291,0.0005454338515530049,0.4999100153801233
doc259,0.4934751515407531,0.0010944043905678764,0.17578447009761292,0.32964597397106604
doc260,0.0020664933894944055,0.10711279340497211,0.5584511354078325,0.33236957779770104
doc261,0.7239239250224866,0.0018729516762463708,0.2723297871796567,0.0018733361216105259
doc262,0.0005735066725059035,0.000573464393229458,0.0005735095467753298,0.9982795193874893
doc263,0.41541708363387336,0.0017732588761497988,0.001773627747216011,0.5810360297427609
doc264,0.0010943270104659157,0.0010942736269027617,0.15900747806053206,0.8388039213020992
doc265,0.6622553683133433,0.0008741954814096528,0.33599615824411777,0.0008742779611292484
doc266,0.12948228459923197,0.07485057109640571,0.0008308292758299384,0.7948363150285325
doc267,0.22898562401873895,0.0005016452472706077,0.0691295919897739,0.7013831387442165
doc268,0.8129038196711752,0.0014412617813122403,0.18421355139724394,0.0014413671502685312
doc269,0.00026227954697955516,0.018350902981623642,0.6065718508776212,0.37481496659377567
doc270,0.0013093797461763606,0.0707870277237579,0.0013093321895482654,0.9265942603405175
doc271,0.48350120713755834,0.0005767996183420367,0.5153451578272492,0.0005768354168503329
doc272,0.358796168370008,0.0010164059357665072,0.2845551932222442,0.3556322324719812
doc273,0.7767030032136393,0.0007671684992739751,0.0848605220465801,0.1376693062405066
doc274,0.990738011849548,0.003087471263161376,0.0030869890180415557,0.0030875278692490834
doc275,0.0017428498158269634,0.0017427986319264622,0.0017427471175946575,0.994771604434652
doc276,0.8767054100292222,0.03565875105546467,0.08665900830154359,0.0009768306137695232
doc277,0.45648295799392685,0.0017424613155167035,0.0017427853550918482,0.5400317953354646
doc278,0.1181596485608806,0.13426573405641662,0.2842129166383466,0.46336170074435623
doc279,0.001185220331045536,0.0011852318766464851,0.9964444017031434,0.0011851460891646388
doc280,0.47316380989818513,0.09666372196174029,0.08603527998713663,0.3441371881529379
doc281,0.462614299509112,0.00031217545194234735,0.0003122081560527083,0.536761316882893
doc282,0.0009312880122229956,0.9972062214117781,0.0009312198596328693,0.0009312707163662612
doc283,0.0009312880122229956,0.9972062214117781,0.0009312198596328693,0.0009312707163662612
doc284,0.3819512558043236,0.002541054635738198,0.6129691838381762,0.0025385057217620485
doc285,0.0024760925265798046,0.0024759667600690836,0.0024761921309111,0.99257174858244
doc286,0.2287238616126125,0.00230435265099936,0.002304583595527362,0.7666672021408607
doc287,0.0008899763566282726,0.0008900303027040876,0.9973300653872015,0.0008899279534661491
doc288,0.0008520416611175699,0.010754000932387616,0.38641310845370436,0.6019808489527905
doc289,0.7540806444352329,0.0022032174467234746,0.0022032058035065098,0.24151293231453694
doc290,0.18236779183988172,0.0011442954776698965,0.0011444785670577631,0.8153434341153907
doc291,0.5646247918127939,0.0011442865560874968,0.1994071159286262,0.2348238057024925
doc292,0.7677413441761091,0.0019457920670919071,0.2283668879313691,0.0019459758254298592
doc293,0.2652455763178961,0.0008172084908489718,0.0008171793218836864,0.7331200358693712
doc294,0.3397303397863641,0.0005366079792868579,0.6591964081863586,0.0005366440479904245
doc295,0.20180511024343994,0.0019458757262059317,0.0019460674500028205,0.7943029465803514
doc296,0.0895678501407405,0.0029075974712445356,0.3206702884756424,0.5868542639123727
doc297,0.4206835225853402,0.0008978270135051043,0.0008978432331574599,0.5775208071679971
doc298,0.9946790828191718,0.0017734443900023244,0.0017738154112508285,0.001773657379575147
doc299,0.5987290160814892,0.1303729756035825,0.001441322375706874,0.26945668593922134
doc300,0.32448739511959845,0.0007332734871011426,0.0007333587404753239,0.674045972652825
doc301,0.2685510020568445,0.001984426594588578,0.4888837999618667,0.2405807713867003
doc302,0.12246426522446127,0.0012757037877704528,0.6367629370113392,0.2394970939764291
doc303,0.3327496145879002,0.00210992150864426,0.002110521788645243,0.6630299421148103
doc304,0.43008232187099626,0.0011314451146427196,0.08977481937236173,0.47901141364199923
doc305,0.0017126513322511206,0.270186585739901,0.05318487875061322,0.6749158841772347
doc306,0.9982074170471213,0.0005974615861967526,0.0005975448208250458,0.0005975765458569028
doc307,0.0007073619476057073,0.009975725308932095,0.0007073514268169928,0.9886095613166452
doc308,0.6667862992872818,0.03816489830057347,0.0006740471446811045,0.2943747552674636
doc309,0.0007851114706364895,0.0007850835853581972,0.0007852023769008998,0.9976446025671044
doc310,0.41894527790278085,0.08059927286554291,0.0005454338515530049,0.4999100153801233
doc311,0.2975065825222065,0.006494378873006135,0.006495600955122856,0.6895034376496645
doc312,0.45566958130597957,0.0004918382572858404,0.5433468329378125,0.0004917474989220612
doc313,0.24015992414580048,0.0008518926949358548,0.22193983126377984,0.5370483518954838
doc314,0.3964582625725843,0.0014840014408690524,0.3364651113809377,0.2655926246056089
doc315,0.5033752714438725,0.0005365479384696839,0.15046949915890231,0.3456186814587554
doc316,0.4496534396174595,0.0009580071699014306,0.1796564317515339,0.3697321214611052
doc317,0.0015776043153957078,0.0015782948771534725,0.7741308484481092,0.22271325235934158
doc318,0.9375446183638788,0.0004665284637625883,0.0004665523655755853,0.06152230080678295
doc319,0.891143287535662,0.0008238870252922768,0.0008239831855564446,0.1072088422534893
doc320,0.2022248622780995,0.0013264786500445862,0.4940169273176074,0.30243173175424853
doc321,0.0035220590988357917,0.003521628656252608,0.784650288214981,0.20830602402993073
doc322,0.07991128726631203,0.00038709330075805884,0.9193145147684739,0.00038710466445586217
doc323,0.0010376552025975138,0.0010374852604480105,0.7572109233980473,0.2407139361389071
doc324,0.1957174882311561,0.0009768860136012106,0.5209077569964393,0.28239786875880335
doc325,0.4236011144206051,0.0006926343479461293,0.5750135444488809,0.0006927067825678144
doc326,0.35876623199819174,0.010231171576568089,0.07878034442290292,0.5522222520023373
doc327,0.4430241523289399,0.0025383497277846087,0.2238459570452769,0.33059154089799847
doc328,0.32368068139452166,0.001462287294334668,0.16238615036403367,0.5124708809471099
doc329,0.7604650423230596,0.0007332830179633807,0.03354227188479894,0.20525940277417806
doc330,0.9939256417199188,0.002024672623934405,0.002024822302014482,0.0020248633541321767
doc331,0.9907370675081063,0.0030880608288061397,0.003087544614570141,0.0030873270485173177
doc332,0.7849662750667389,0.20921779767726903,0.002907884140172776,0.002908043115819373
doc333,0.13910163557903946,0.0021104914065500284,0.29585522735841896,0.5629326456559915
doc334,0.553646898381349,0.0007387807296103673,0.0007387603140391161,0.44487556057500155
doc335,0.004099207157627782,0.004099006224604257,0.26651000360734456,0.7252917830104234
doc336,0.00027005156929130783,0.0002700490003105757,0.00027006334577320723,0.9991898360846249
doc337,0.0014624231824105522,0.001462276774147449,0.30598371515948747,0.6910915848839544
doc338,0.0009399587162492272,0.9971798371736114,0.0009400276883403024,0.0009401764217992185
doc339,0.0009399587162492272,0.9971798371736114,0.0009400276883403024,0.0009401764217992185
doc340,0.1231212400283351,0.03525129099705161,0.8400743766507782,0.0015530923238350133
doc341,0.7176840939656647,0.0012924803471702493,0.27973105603847104,0.0012923696486940141
doc342,0.9943806995721192,0.0018729305630478383,0.0018730530769194554,0.001873316787913401
doc343,0.535279292148072,0.002155822099337955,0.46040926393826903,0.0021556218143209526
doc344,0.0013266841240629694,0.0013266184399248896,0.9960201440344338,0.0013265534015782687
doc345,0.0019087384728606583,0.03226619048861583,0.001908731825859799,0.9639163392126637
doc346,0.9970409115165038,0.000986318286755649,0.0009863713925415884,0.0009863988041990664
doc347,0.3166163621273404,0.0013625643776682848,0.0013627822057791072,0.6806582912892122
doc348,0.07593868280973998,0.001420895075791799,0.921219554954521,0.001420867159947315
doc349,0.48765419752333283,0.0010375246914904712,0.2950570243422525,0.21625125344292417
doc350,0.718166022845023,0.09351677629901721,0.0008105702246307069,0.18750663063132914
doc351,0.0015063522334327845,0.001506296144213177,0.4950618812872482,0.5019254703351058
doc352,0.0011993983589449436,0.0011992563023413235,0.9964019888174693,0.0011993565212444557
doc353,0.24290741496825624,0.0016288475780953443,0.431187765110986,0.32427597234266237
doc354,0.21987370802618617,0.0012595671291811975,0.2015734555231644,0.5772932693214683
doc355,0.0024759398109095512,0.002475696859512532,0.0024764726047559636,0.9925718907248219
doc356,0.3617571312114057,0.08559222085861597,0.0013444095321548436,0.5513062383978236
doc357,0.2287238616126125,0.00230435265099936,0.002304583595527362,0.7666672021408607
doc358,0.5646247918127939,0.0011442865560874968,0.1994071159286262,0.2348238057024925
doc359,0.6882099331175762,0.0014009507573332376,0.0014009665535205577,0.3089881495715701
doc360,0.4207971750513417,0.20921450131265223,0.0013092651661205778,0.3686790584698855
doc361,0.0015293659716562988,0.023214211565371606,0.001529305789018123,0.9737271166739538
doc362,0.0005638102182098905,0.0005639261902845461,0.0005638488951756408,0.9983084146963299
doc363,0.7677413441761091,0.0019457920670919071,0.2283668879313691,0.0019459758254298592
doc364,0.2993947716762528,0.024716916901885592,0.4135612664529754,0.2623270449688862
doc365,0.5881956421529043,0.0009401288378025847,0.0009401491470799505,0.4099240798622133
doc366,0.002252955636108267,0.0022526532805538157,0.0022527158233679855,0.99324167525997
doc367,0.8014933866300727,0.0024756387403703337,0.0024761203621360035,0.19355485426742083
doc368,0.15049802320732664,0.002674249566525083,0.8441536911051432,0.0026740361210052565
doc369,0.2069860523605186,0.0015063131970521264,0.14298524473046076,0.6485223897119685
doc370,0.717910865380998,0.0019085886880378894,0.27827161909865483,0.0019089268323091587
doc371,0.3819512558043236,0.002541054635738198,0.6129691838381762,0.0025385057217620485
doc372,0.1752271844840865,0.0014008317221003545,0.4326949942391525,0.3906769895546607
doc373,0.33936123386087524,0.0021555062475876762,0.0021564631423944113,0.6563267967491426
doc374,0.0015064530654848494,0.02433748476022892,0.03145768641709588,0.9426983757571904
doc375,0.4551073297840628,0.0003855517729415219,0.5441215072516009,0.00038561119139481287
doc376,0.00109431120983765,0.0010944356265950126,0.9967169416251831,0.0010943115383842282
doc377,0.6338650927371228,0.0004517898389011322,0.0004518025532514584,0.3652313148707246
doc378,0.0009142706389688438,0.0009141593872246445,0.9972572610568,0.0009143089170065391
doc379,0.782385615917546,0.0009060174431514298,0.21580231850674578,0.0009060481325567847
doc380,0.24322950439632066,0.0004992539565684613,0.4027381379071828,0.353533103739928
doc381,0.00047095823242525314,0.0004708849445335472,0.6662833325779473,0.33277482424509386
doc382,0.0005703154164919372,0.0005702704454742948,0.9982891085434157,0.0005703055946182195
doc383,0.057823499787360524,0.029364025762333434,0.5726429354389768,0.34016953901132924
doc384,0.9203688683585937,0.0008897629728168765,0.07785140027657565,0.0008899683920138398
doc385,0.11304594433029698,0.001006225308573094,0.46002920671489383,0.425918623646236
doc386,0.005435938879566062,0.005435174510990955,0.005435913002656969,0.983692973606786
doc387,0.5143202777248643,0.11407757694883042,0.08576848856301925,0.285833656763286
doc388,0.24038301828910005,0.0013625973692620362,0.11621527545562094,0.6420391088860169
doc389,0.34339465377662526,0.0011316594622233975,0.0011315948800636217,0.6543420918810877
doc390,0.05670948769603133,0.0006925695830899053,0.31003030569289625,0.6325676370279825
doc391,0.27808096773737717,0.0005483484319986736,0.0005484031639883304,0.7208222806666359
doc392,0.0009228180835892631,0.9972318593706482,0.0009226485109166929,0.0009226740348457715
doc393,0.0009228180835892631,0.9972318593706482,0.0009226485109166929,0.0009226740348457715
doc394,0.548181703138846,0.0014622953326171035,0.44889350766892455,0.001462493859612535
doc395,0.0014842924746506986,0.0014837719712914102,0.8133109602938267,0.1837209752602312
doc396,0.0006520321930241718,0.00065201416282652,0.13486087679904302,0.8638350768451064
doc397,0.9013826951665173,0.01329329070850648,0.08496725453898982,0.0003567595859863291
doc398,0.24322950439632066,0.0004992539565684613,0.4027381379071828,0.353533103739928
doc399,0.5280560696721323,0.001213865509391609,0.4140173094268836,0.05671275539159262
doc400,0.11152925618129095,0.025401952148991738,0.0011064822203255096,0.8619623094493919
doc401,0.002475581508106772,0.0024757408428937653,0.6840963318308048,0.31095234581819464
doc402,0.0034023023909619805,0.14719938534117685,0.003402188366388074,0.845996123901473
doc403,0.0034023023909619805,0.14719938534117685,0.003402188366388074,0.845996123901473
doc404,0.002359258740499598,0.0023591746998426425,0.0023592725360454822,0.9929222940236122
doc405,0.2549806627039491,0.000773096330576373,0.599378473780391,0.14486776718508346
doc406,0.9970113839671297,0.000996193330239068,0.0009962364961198398,0.0009961862065114176
doc407,0.9737124787056443,0.022802218225568216,0.0017426533235728066,0.001742649745214787
doc408,0.7468691276958563,0.1033808407205448,0.14874362769478058,0.001006403888818311
doc409,0.002252651946072324,0.0022528501849792444,0.0022530414717442607,0.9932414563972042
doc410,0.2729568269111017,0.003185819565918899,0.41077368259536545,0.31308367092761397
doc411,0.22827856011304562,0.0014410058194101627,0.2780642176632349,0.49221621640430935
doc412,0.06401823961475123,0.0011851675479880946,0.9336114106830797,0.0011851821541809804
doc413,0.0027477419920144586,0.002748101056268738,0.0027482550548728916,0.9917559018968439
doc414,0.9982074170471213,0.0005974615861967526,0.0005975448208250458,0.0005975765458569028
doc415,0.16371083335697895,0.04377179420860475,0.04217587561964182,0.7503414968147746
doc416,0.0010063610150311101,0.0010062008582340258,0.001006370618572,0.996981067508163
doc417,0.0015293659716562988,0.023214211565371606,0.001529305789018123,0.9737271166739538
doc418,0.9927515014475075,0.002415744614226345,0.002416174044680169,0.0024165798935859117
doc419,0.3033164273036829,0.0011711435790937512,0.0011712321512640678,0.6943411969659592
doc420,0.0011444448116254321,0.1784548133035088,0.13724345441898395,0.6831572874658818
doc421,0.19157944577068223,0.016756902995132994,0.6713240271811105,0.12033962405307423
doc422,0.0005638102182098905,0.0005639261902845461,0.0005638488951756408,0.9983084146963299
doc423,0.057614695092946776,0.006916675500082846,0.11263830383772254,0.822830325569248
doc424,0.5432463047467941,0.0022528979211763195,0.4522480713705084,0.002252725961521139
doc425,0.013516304484612213,0.013513799579524392,0.013516030933522978,0.9594538650023404
doc426,0.2946809958223721,0.0007611708999931191,0.0007612171897408879,0.7037966160878939
doc427,0.0005703154164919372,0.0005702704454742948,0.9982891085434157,0.0005703055946182195
doc428,0.9321463924695675,0.0012921554827028967,0.06526918161997951,0.0012922704277501945
doc429,0.4235132626608611,0.0010164226827846837,0.5744537939242476,0.0010165207321066302
doc430,0.7766962758604526,0.07842260803042257,0.0020666181412702773,0.14281449796785448
doc431,0.002825869790973083,0.0028254247167097866,0.9915232394726251,0.0028254660196919946
doc432,0.981162721873923,0.00029125613562157185,0.00029128409740108166,0.01825473789305448
doc433,0.9956126700388201,0.0014624206814628368,0.001462554357119656,0.0014623549225972479
doc434,0.0036506698612541123,0.0036502072023943373,0.3043417983861045,0.688357324550247
doc435,0.6152194118862121,0.0007023744661987228,0.10002662308438663,0.2840515905632025
doc436,0.17915259848098308,0.0009673825203102364,0.45380517734510933,0.36607484165359744
doc437,0.004675816290472138,0.00467372247857365,0.1442747800381619,0.8463756811927923
doc438,0.4663222577484271,0.17417901522893028,0.2668884288326323,0.09261029819001036
doc439,0.0014412889263412574,0.12237355723191687,0.001441234368038877,0.8747439194737029
doc440,0.08790740930968209,0.001016733368816782,0.0010164176067846214,0.9100594397147165
doc441,0.21971038075075133,0.23165964102089742,0.0006650425279891615,0.5479649357003621
doc442,0.001984766824403574,0.001984391064042247,0.04256185689264041,0.9534689852189138
doc443,0.0009059410242196022,0.9972822163347186,0.0009059423844660291,0.0009059002565957774
doc444,0.4748404212274547,0.0028256683761340917,0.0028257066253826,0.5195082037710287
doc445,0.0009059410242196022,0.9972822163347186,0.0009059423844660291,0.0009059002565957774
doc446,0.5198371941369556,0.036488296919408685,0.18005596992069886,0.26361853902293686
doc447,0.6136418391749308,0.0006236553128358261,0.0006236198314607191,0.38511088568077273
doc448,0.7418821723652966,0.0006235864867962906,0.08219865197814338,0.1752955891697636
doc449,0.5247365820057432,0.002994317054646195,0.4692740581623872,0.0029950427772233953
doc450,0.8210335371714585,0.0007912384347228276,0.17738383451748835,0.0007913898763302887
