,topics0,topics1,topics2,topics3,topics4,topics5,topics6,topics7,topics8,topics9
doc0,0.0017546577856225232,0.0017545237250422444,0.0017546354488205721,0.9842071949817527,0.0017547228010951457,0.0017548445650295804,0.0017549140658029395,0.0017548832165500655,0.0017546633208384084,0.0017549600894459206
doc1,0.11385513454392092,0.04483594198944035,0.0007195737039241946,0.0007195724449623089,0.0007196332066147008,0.0007195538894877544,0.0007195668859902298,0.20294427789594482,0.6340471194386325,0.0007196260010822809
doc2,0.04207505429218151,0.0267151293289579,0.0003789054437823852,0.2352710396238246,0.29834000229225727,0.028195947644793648,0.0003788983107255757,0.0003789046158659451,0.00037887443128754335,0.36788724401632356
doc3,0.000322648891095726,0.4085383785442773,0.000322657778674429,0.13714815581832457,0.160771320660788,0.17589184052738732,0.0003226609885735949,0.11603702342580485,0.0003226435229626955,0.00032266984211149857
doc4,0.0007354504641848079,0.0007354915551706032,0.0007354750682027054,0.02284351361817869,0.8516655211702892,0.0007355209757557643,0.000735438716002071,0.0007354280582925829,0.0007355065265933305,0.12034265384733031
doc5,0.0006668421791260188,0.11875547187840857,0.0006667919428345462,0.000666843757430673,0.37789683483140035,0.00066687553697535,0.0006668401372089868,0.000666894420945221,0.2109659919217465,0.2883806133939237
doc6,0.03209430744126079,0.4502117956791398,0.0011496819895538293,0.06795904188356626,0.12142161952190639,0.001149706860953552,0.09801852321288121,0.22569581248262005,0.0011497803643563222,0.001149730563761754
doc7,0.0015874904757421792,0.001587711469386098,0.0015876012976313964,0.8205246621896074,0.0015877810444539758,0.001587851653463484,0.001587463629250609,0.0015875411434681697,0.0015876156324294065,0.1667742814645673
doc8,0.0008476613711121178,0.0008477363838297698,0.0008476394288197529,0.7213529285890489,0.0881085115026109,0.0008477623701990607,0.0008477469200676673,0.0008477524938503777,0.0008476170654650182,0.1846046438749964
doc9,0.011111505362342441,0.011111438628227041,0.8999910543946508,0.011115360472879103,0.011112523472138784,0.011111299712532958,0.011112077461427502,0.011111739898572878,0.011111297287140606,0.011111703310087935
doc10,0.00625021009731117,0.006250223008222516,0.006250320864985392,0.9437458674687539,0.006250870012519889,0.006250365524292229,0.0062504955826807335,0.006251106838494411,0.006250331763926631,0.006250208838813107
doc11,0.014286829278619637,0.01428605364215164,0.014287990482821014,0.014289118359105304,0.014286384746430864,0.8714132855255087,0.0142914252729311,0.014286886468035106,0.014286060411702554,0.01428596581269418
doc12,0.0032266035524985233,0.10043753331819999,0.003226345023902173,0.003226465034248695,0.003226831947586996,0.003225983624680445,0.003226288050777029,0.5727382146920621,0.3042390548016371,0.003226679954406986
doc13,0.007693261389563021,0.007692307695890269,0.007692777899538189,0.9307612644217077,0.007692878638051542,0.007693108326190248,0.007694682440809099,0.007692650649912291,0.0076946321072664465,0.00769243643107112
doc14,0.0005406913784011671,0.0005406603183553394,0.10889911798112316,0.0005407061881394815,0.7592554150539871,0.0005406908821498984,0.01870058022373191,0.0005406664343204578,0.000540755124817068,0.10990071641497456
doc15,0.001087107201238357,0.001087144480838776,0.022086311773916022,0.0010871150870876488,0.0010871983812270878,0.0010872295493766471,0.0010871227954211827,0.9692163332627545,0.0010873213276909313,0.0010871161404488467
doc16,0.0003732094626492358,0.00037330527369379906,0.00037326070147342496,0.09647084364770225,0.48341923250913543,0.00037325631128469933,0.02654348581995681,0.3913269217695424,0.00037326116604030954,0.00037322333852152207
doc17,0.0009092657254160875,0.08060863050462289,0.0009093023831060775,0.14947377834642062,0.5190939278529498,0.07014800306206535,0.0202935904323178,0.08228144100007283,0.0753727508708918,0.0009093098221367859
doc18,0.0017244261018172044,0.001724724040473008,0.001724463409793369,0.06379214640781543,0.0017246030064810753,0.32988307749842277,0.0017247894287190787,0.5942524538793574,0.0017247163118550507,0.0017245999152655498
doc19,0.0012197316898169747,0.001219880946170414,0.03964322635614486,0.13772593195732077,0.4508970966255165,0.0012199551201622749,0.12619789354611072,0.1482026267159849,0.0012197070488709134,0.09245394999390183
doc20,0.0005989673197849286,0.000599013867278343,0.0005989286574503166,0.10547160118417052,0.06980350941601506,0.0005990433418744523,0.0005989500258684578,0.2721884785926721,0.0005989876269597816,0.548942519967926
doc21,0.0013703075759384123,0.08344652980442589,0.0013699856400699003,0.6342132227632219,0.11121302368665797,0.07778337418757271,0.0013702522160102188,0.0013703005910653276,0.08649266823558464,0.0013703352994530323
doc22,0.03917212298431258,0.0012051505776183736,0.001205055762942322,0.5940232403095488,0.22505524150232567,0.0012051605998712074,0.0012049876190760242,0.0012050041690664206,0.0012050671380866356,0.13451896933715216
doc23,0.0012822457180087087,0.07292838585211307,0.0012823595596378374,0.0012825140439494541,0.001282444022452461,0.0012822516956464683,0.0012822784167143295,0.5873372432872227,0.3307579341646634,0.0012823432395913741
doc24,0.0010872884913320274,0.17997842824525379,0.0010871713249350301,0.0010871834818334879,0.4249922146044567,0.001087204769918829,0.0010873132121185375,0.26567023927357525,0.12283571843811607,0.0010872381584604892
doc25,0.0012988820665419407,0.0012989878199639138,0.0012989806683003085,0.85498925242755,0.0012991487357198455,0.13461876574879342,0.0012989612176762812,0.0012989179867044847,0.0012990640391990777,0.0012990392895507593
doc26,0.0005747642436053276,0.994827051046734,0.0005747654469312616,0.0005747697787801962,0.0005747874179739554,0.000574773910469522,0.0005747565086244131,0.0005747677388590927,0.0005747738729772196,0.0005747900350450501
doc27,0.0023813226460388938,0.0023817754635893197,0.0023817372947374867,0.05442574860353108,0.4709273634165694,0.002381258625013687,0.21271188417674258,0.0023819883087109364,0.24764555935632468,0.002381362108741972
doc28,0.0018873735078991354,0.0018873273979028004,0.0018870157813560178,0.0018872110937047466,0.5589635040954475,0.0018878479702618396,0.1146834516211255,0.10794130903970946,0.0018872933889483396,0.20708766610364476
doc29,0.0009805929850855287,0.0009807138363064926,0.000980592124868161,0.000980679067906318,0.7210828096474832,0.0009806969658384857,0.17534442343824216,0.000980621960662877,0.027897640086970557,0.06979122988663615
doc30,0.0008547711371366202,0.0008547794529975682,0.0008547736002669982,0.0008548074065532509,0.0008547877921898388,0.992306977789529,0.0008547878866564995,0.0008547582009554125,0.0008547767259193822,0.0008547800077954779
doc31,0.0006025682994405813,0.0006026086467938288,0.8089689576929637,0.0006025709403204661,0.11020183451876234,0.0006025687624690567,0.0006025528561985863,0.0006025830125018785,0.0006025521666445634,0.07661120310390504
doc32,0.0006850477938358341,0.037988908925198156,0.0006850766490649712,0.000685088785682365,0.5837464192912026,0.0006850446531337181,0.0006851284232252126,0.30586266399020806,0.06829157889792258,0.0006850425905265596
doc33,0.0005128982783285578,0.0005129266687845767,0.0005128657447989278,0.0005129592454215707,0.7983927940200479,0.000512917918901808,0.03897310147797419,0.0005129853706520868,0.0005128886580571859,0.159043662617033
doc34,0.0007875568534123295,0.14784610089353342,0.7677228490672893,0.0007876519292343715,0.0007876910625510281,0.0007876084482259793,0.07891769280237368,0.000787643665502127,0.0007876093837477643,0.0007875958941300509
doc35,0.0006898580405655528,0.1863843405111938,0.16764567490960505,0.0006898431810557731,0.0006898586320060242,0.1050218690670886,0.10524377118538145,0.2439327762463121,0.18901213436997474,0.0006898738568168361
doc36,0.07127075660431068,0.00117664370704972,0.0011772620632505852,0.0011767774225428683,0.25897315146948474,0.3903493307182582,0.001176951218964459,0.21662430464128615,0.001176894927510709,0.056897927227341716
doc37,0.0007094515589481985,0.0007095623687522911,0.0007093509213902961,0.0007095220147310936,0.0007093886479679495,0.0007094335066406666,0.0007093271065931682,0.8723806203201837,0.000709426416680496,0.12194391713811217
doc38,0.0004311605034035107,0.00043114310584498354,0.0004311219715926416,0.20270859666855134,0.5960446920629316,0.0004311999211560087,0.00043110280978279864,0.041102508592917184,0.06140177171602409,0.09658670264779579
doc39,0.0017242999746133866,0.0017245379449306517,0.8530210028778715,0.0017244865359069986,0.0017246000733789145,0.0017242691322104824,0.1331832496402378,0.0017245461279633098,0.0017246565883281917,0.001724351104558818
doc40,0.0010753697674192682,0.0010754100581449784,0.03487174774041602,0.0010754022623562349,0.0010754098434464713,0.0010753980190524313,0.9565249948168343,0.0010754797378111959,0.0010753439609512596,0.0010754437935680124
doc41,0.0010753697674192682,0.0010754100581449784,0.03487174774041602,0.0010754022623562349,0.0010754098434464713,0.0010753980190524313,0.9565249948168343,0.0010754797378111959,0.0010753439609512596,0.0010754437935680124
doc42,0.0012990260901425746,0.0012991281719161854,0.0012990762836074233,0.17943010692210307,0.0012991383031851573,0.08886222989605108,0.04550466064040498,0.2052150326471696,0.0012990962347190578,0.47449250481070093
doc43,0.12792882206659598,0.000637096078586679,0.0006370525207915002,0.0006370544411306752,0.20047262844949082,0.000637038049945269,0.0006370638684946255,0.000637051968214753,0.0006370663878267726,0.6671391261689228
doc44,0.0009906050316233995,0.000990396215576611,0.9134365618153226,0.0009903482998424348,0.0009904060575589588,0.0009904272547170412,0.0009903148036128086,0.0009904305275173471,0.07864024544790742,0.0009902645463212162
doc45,0.0015876089493100367,0.12961520233848542,0.0015875203694676527,0.0015878902834713228,0.0015877423580677515,0.001587657723642279,0.0015875348068043714,0.8007466270265202,0.001587589845143482,0.058524626299087466
doc46,0.0010205727845394423,0.1400554846753843,0.001020615938901533,0.3239282831359537,0.20147369567196297,0.0010207778041853204,0.16801496111472916,0.16142431110509545,0.0010206284773419151,0.0010206692919063043
doc47,0.0009804798757981827,0.0009805494036003466,0.0009804674632229158,0.0009805416997727035,0.000980620774002132,0.0009806133794792733,0.9911751142078185,0.0009804930309964177,0.0009806238891082177,0.0009804962762014425
doc48,0.0009804798757981827,0.0009805494036003466,0.0009804674632229158,0.0009805416997727035,0.000980620774002132,0.0009806133794792733,0.9911751142078185,0.0009804930309964177,0.0009806238891082177,0.0009804962762014425
doc49,0.0012051270264811893,0.0012053509853738834,0.0012052075334034564,0.0012049766925255403,0.0012049908413388265,0.0012050426416290907,0.001205183518060229,0.12546766354838804,0.8648913880223885,0.0012050691904112907
doc50,0.0008773880618812843,0.0008774593253354349,0.0008774025597577623,0.0008774561383478515,0.0008774501914881318,0.0008774575702899134,0.04583883833197986,0.06845321470691329,0.0008773724868785119,0.879565960627128
doc51,0.0007044220421147553,0.0007043798648502051,0.0007043258746854147,0.16379118414960916,0.08055282945437765,0.07258337331189213,0.0007042809068205909,0.0007043757864452334,0.0007043445404693118,0.6788464840687356
doc52,0.0006290993886939986,0.12849710870803166,0.0006291011401146594,0.0006291006416634404,0.2825089953307816,0.000629138811580615,0.0006290383070476858,0.0006290801956437244,0.584590300648225,0.0006290368282176642
doc53,0.0010528405399829182,0.0010528123409738208,0.0010529387431435673,0.42920436827829395,0.0010528393376146915,0.001052972557605527,0.0010529392571278847,0.4767670512672158,0.044948413993792985,0.04276282368424877
doc54,0.1409219414244784,0.001064159313262439,0.0010641024770241746,0.001064030353480364,0.00106424352767883,0.0010640504986037264,0.001064005970334476,0.0010640584671625388,0.001064056474087556,0.8505653514938876
doc55,0.0011238208359548652,0.06764480029309757,0.001123845450012545,0.028896236455015975,0.001123845916489658,0.10858963692004293,0.0011237722078214685,0.1627534090773067,0.0011239103467636932,0.6264967224974944
doc56,0.0017859099622688276,0.04729928352565637,0.001786898448155154,0.258652105465971,0.5524074108738982,0.0017862683237226354,0.0017863818184590406,0.0017862570241702358,0.1309234490800436,0.0017860354776549363
doc57,0.0014494698763713836,0.001449877976563504,0.0014496042138101941,0.08518990342539601,0.21838606145132422,0.10750631748030046,0.28830251148187735,0.16632490445792655,0.001449541964527381,0.12849180767190296
doc58,0.00175469221533592,0.0017547232679167065,0.0017548980594670686,0.0017549155983824234,0.7395474507443279,0.0017547488779363265,0.18522330745976587,0.001754920064724479,0.0017547609408424293,0.06294558277130088
doc59,0.011111505362342441,0.011111438628227041,0.8999910543946508,0.011115360472879103,0.011112523472138784,0.011111299712532958,0.011112077461427502,0.011111739898572878,0.011111297287140606,0.011111703310087935
doc60,0.00625021009731117,0.006250223008222516,0.006250320864985392,0.9437458674687539,0.006250870012519889,0.006250365524292229,0.0062504955826807335,0.006251106838494411,0.006250331763926631,0.006250208838813107
doc61,0.014286829278619637,0.01428605364215164,0.014287990482821014,0.014289118359105304,0.014286384746430864,0.8714132855255087,0.0142914252729311,0.014286886468035106,0.014286060411702554,0.01428596581269418
doc62,0.007693261389563021,0.007692307695890269,0.007692777899538189,0.9307612644217077,0.007692878638051542,0.007693108326190248,0.007694682440809099,0.007692650649912291,0.0076946321072664465,0.00769243643107112
doc63,0.0007464047128425157,0.02744809703042195,0.0007464736201064417,0.1285772643960631,0.6781855839411745,0.0831551094881753,0.0007463984230527787,0.0007464961614017715,0.0007464749649254307,0.07890169726183618
doc64,0.0026331052413455214,0.0026324976203443316,0.002633011266940475,0.0026325434583921387,0.0026325879004724557,0.002633076128492497,0.19423051263943156,0.6917223508816794,0.09561795730894372,0.002632357553957864
doc65,0.0005026297190194443,0.0005026667649388225,0.0005026052260084645,0.0005026596060554355,0.3271880523080157,0.0005026348578263356,0.0005026279626068971,0.0005026437019942535,0.668790822255659,0.0005026575978756455
doc66,0.09420461115369623,0.00185223864662785,0.001852243938524535,0.0018522477594144365,0.5970651746387303,0.0018521480055878614,0.0018520615359166345,0.0018523478331877365,0.0018521658182408332,0.2957647606700734
doc67,0.31237869475507407,0.0008404789227748712,0.0008404517294375709,0.0008406467470912885,0.000840504879587614,0.0008405252029966465,0.0008407371651075918,0.000840548016551106,0.0008406615721574236,0.6808967510092218
doc68,0.09596240384392156,0.000662364397487828,0.0006623900941118827,0.8987381793026287,0.0006624367303772936,0.0006624559443022829,0.0006626341139327241,0.0006623533403787529,0.0006623762214854079,0.0006624060113736577
doc69,0.0011238879527914456,0.14675744922115874,0.001123786051409534,0.49463908250169747,0.16547530461067791,0.0011241008410121424,0.0011238573058194536,0.0011238235988819622,0.06825575930298773,0.11925294861356356
doc70,0.5494454474236576,0.0014494659924384886,0.0014498375164261775,0.18461140988417116,0.12672788258397302,0.0014499791120853526,0.0014497765307013447,0.0014495739148740379,0.0014497029647881502,0.13051692407688462
doc71,0.038936979715306644,0.19211597548865889,0.0010002854070592286,0.31174045895654134,0.34774126384767623,0.10446391042606039,0.0010001754902676002,0.0010003368634091457,0.0010002758327443493,0.0010003379722763122
doc72,0.0008549647946590706,0.10079092981248157,0.0008548629073214455,0.000854973756767332,0.19412055354388486,0.3106573413100598,0.0008549738836629602,0.04196276639061865,0.0008549260919982953,0.34819370750854606
doc73,0.0005747642436053276,0.994827051046734,0.0005747654469312616,0.0005747697787801962,0.0005747874179739554,0.000574773910469522,0.0005747565086244131,0.0005747677388590927,0.0005747738729772196,0.0005747900350450501
doc74,0.0027030457108951893,0.0027031009990105687,0.002703471235948104,0.42403051870834824,0.38270316819622824,0.0027033455173115185,0.0027034543069035947,0.09733283302659915,0.0027035984322148236,0.07971346386654045
doc75,0.0016670823573724945,0.0016670718888529658,0.0016670968036962325,0.024797226034375917,0.9208961804965576,0.0016668306438655765,0.001667063978241678,0.0016671388832464765,0.001667562690672609,0.04263674622311842
doc76,0.0009806499595856094,0.0009806030413928165,0.03203304534384528,0.0009806635857124218,0.09711609259335807,0.000980623475775039,0.0009807333537916198,0.0009805705838184398,0.0009805646016345041,0.8639864534610862
doc77,0.0012990503385044243,0.0012989948271939595,0.0012989733679516008,0.4720520103196217,0.26929532803786843,0.0012988789155599643,0.0012990462402076945,0.24955934241346484,0.00129948787697481,0.0012988876626526858
doc78,0.0032266574483707892,0.0032262572536367823,0.27732759062547435,0.0032268485294213553,0.14175566904328815,0.003226474388718847,0.0032266648682655334,0.003226754488435538,0.5583306617360944,0.0032264216182944635
doc79,0.0012347922015460765,0.0012348226724973239,0.0012349624445634267,0.0012349436790522327,0.8947922879998336,0.04401086765355299,0.0012348541869264375,0.02897313649239643,0.0012348385183295453,0.024814494151301842
doc80,0.0007409353138164551,0.0007408712789810771,0.0007409345225702664,0.0007409496753410628,0.7002992581261468,0.0007409771519447878,0.15936593580570094,0.0007411975036969114,0.0007409800129287538,0.13514796060887302
doc81,0.0008547711371366202,0.0008547794529975682,0.0008547736002669982,0.0008548074065532509,0.0008547877921898388,0.992306977789529,0.0008547878866564995,0.0008547582009554125,0.0008547767259193822,0.0008547800077954779
doc82,0.0023811677646008314,0.0023813243047030156,0.002381218871125469,0.0023813526047923484,0.0023814581416356524,0.0023813693463155816,0.00238202831185754,0.2798998330303011,0.0023814507281574556,0.7010487968965111
doc83,0.0015153352579412125,0.0015155351290353234,0.0015154404802101434,0.7711595752924981,0.0015156219127417435,0.0015156539337171982,0.0015153076847493577,0.0015154316923466143,0.001515486061477604,0.21671661255528268
doc84,0.10017009762379567,0.0018184672628372462,0.0018184333078035363,0.0018185691554171229,0.8852816643356842,0.0018186218782526434,0.0018184332573254116,0.0018186690118710614,0.0018183758638941618,0.001818668303118973
doc85,0.000980574895257919,0.000980521799556431,0.08126276503780729,0.042417296538335106,0.000980648352176783,0.000980734671302909,0.0009805720789445127,0.0009805909000638192,0.0009805531427005368,0.8694557425838547
doc86,0.0032265654996556084,0.0032260901417780633,0.0032264886504865965,0.003226235966931296,0.4279221019640827,0.003226182274885621,0.2772411270403577,0.2722520634338454,0.0032264099155856554,0.0032267351123912644
doc87,0.002000495169780844,0.002000486418476897,0.002000521680263771,0.0020007146522780443,0.0020005515911482043,0.14450071763878486,0.0020008397685827538,0.8394949982064793,0.0020004030044118307,0.0020002718697934405
doc88,0.0010310721041611117,0.10250870380351998,0.0010310742003130106,0.0010313369729799853,0.07735587285584013,0.00103128438012147,0.17403995501203343,0.45391850089617986,0.0010311446245501667,0.18702105515030099
doc89,0.0006713338381228625,0.0006713386322516433,0.0006713275195172927,0.0006713571674621982,0.44435486661964463,0.0006712485796832497,0.032029759572298394,0.0006712778442560171,0.053021919765322466,0.4665655704614411
doc90,0.1214653589727821,0.0894742880821377,0.000862301570887733,0.0008623736655468878,0.1735641276231995,0.000862381660799849,0.0008622481641036411,0.5788807389012234,0.0008623262876593938,0.03230385507165979
doc91,0.0008931025659121718,0.06097949048512585,0.11009935673050808,0.16583114149980493,0.0008930475794674937,0.15181130383297264,0.0008930432372556446,0.4869899858720893,0.02071642750011905,0.0008931006967446862
doc92,0.0014707884573007435,0.0014709708241426053,0.001470846401580099,0.0014710866836443656,0.0014709151058052438,0.09402405724254555,0.001471061258088506,0.8942085833031391,0.0014707710587269379,0.001470919665027125
doc93,0.0011906715226475387,0.001190752934330878,0.02811262750832442,0.0011907011794330706,0.001190853884408241,0.0011906600537271708,0.3761727420182429,0.5346422826588304,0.053927877406846576,0.001190830833208856
doc94,0.05461535349690406,0.0010102998869588175,0.0010103616833851655,0.0010104174289741969,0.0010103840366520568,0.0010105856801812657,0.001010348684875737,0.9373013057283517,0.0010104300164536053,0.001010513357263414
doc95,0.0005526589615687798,0.307632536449838,0.0005526613322380744,0.3566524265918721,0.0005526448741431212,0.3205649016679798,0.0005526172747614742,0.000552728683815731,0.011834080228895405,0.0005527439348873554
doc96,0.6850382371676613,0.0006580558833957116,0.0006580375154886842,0.0006580511106104524,0.20917135919253615,0.0006580634991094648,0.000658139851687141,0.000658086849393434,0.0006581312014663282,0.10118383772865124
doc97,0.0015388210415872262,0.0015387096057287964,0.0015387777153909102,0.0015389091193886834,0.25198926542624445,0.001538779784529362,0.0015386697942612092,0.0015389113805501864,0.6170843728817267,0.12015478325059238
doc98,0.001408719031511138,0.0014088526544919612,0.001408957924504271,0.20288038873624234,0.2501458214038774,0.0014087139896290881,0.12763343080546607,0.0014088287572838897,0.0014089320195468092,0.41088735467744714
doc99,0.0013701315254493302,0.001370024735768453,0.0013700785698835991,0.0013705074289461576,0.0013700603255642299,0.14675858658615593,0.0013702590270718166,0.0013701896461014481,0.0013700917242795226,0.8422800704307795
doc100,0.0018189821065109858,0.001818643368862764,0.3178658691026876,0.001818363739170671,0.001818560288589241,0.0018184018685383143,0.0018185606091041734,0.1229695502942588,0.5464345796043664,0.0018184890179110294
doc101,0.0017859686556590906,0.042825929940389876,0.0017861923560071504,0.0017860396292390238,0.0017859617571833704,0.04368308786944225,0.21631696939323716,0.0017862883343482082,0.0017862055060327115,0.6864573565584613
doc102,0.0009525047186940811,0.0009524654144693077,0.0009525996445630292,0.0009524894294800283,0.0009525238586431152,0.0009526171077227743,0.9914272303831448,0.0009524888785126993,0.000952562951352962,0.0009525176134170855
doc103,0.0009525047186940811,0.0009524654144693077,0.0009525996445630292,0.0009524894294800283,0.0009525238586431152,0.0009526171077227743,0.9914272303831448,0.0009524888785126993,0.000952562951352962,0.0009525176134170855
doc104,0.0027783271092790512,0.002778615792420604,0.0027781279692850134,0.0027786149750603246,0.002778246405601845,0.0027783754896958937,0.0027781065038410715,0.0027785680720801903,0.974994160082293,0.002778857600442981
doc105,0.0007694577800622303,0.0007694600443767986,0.08378925022053384,0.3597413792651083,0.027564811714101304,0.23828397420478653,0.0007694669432119109,0.0007693796545000627,0.0007693785268863232,0.28677344164643276
doc106,0.0010871296572633222,0.0010871914265015304,0.0010873389734530378,0.09808078413845277,0.3829150453089354,0.0010873086003674792,0.26655810037661354,0.19111697173363296,0.055892787594812775,0.0010873421899672431
doc107,0.0016669198320071953,0.0016670103971052272,0.001666978924935604,0.3457144538855389,0.00166714547451588,0.564465526784963,0.0016669870108400834,0.0016671186306232522,0.0016675393698199151,0.07815031968965094
doc108,0.0012052148342269163,0.06304915966870092,0.001205305995174899,0.06686322240174719,0.08084391317842085,0.0012051415473481606,0.0012050444913890635,0.6832297189960982,0.015656177673498455,0.08553710121339525
doc109,0.001562788394311761,0.0015629201532079006,0.0015627944528710852,0.00156300491905388,0.0015630375763921983,0.001563016753851214,0.42086163908387886,0.3272630818710461,0.15409407358071664,0.08840364321467034
doc110,0.0014497222532839484,0.0014494737738018823,0.9869532155003206,0.001449566856133884,0.0014495223100453108,0.0014498005685481164,0.001449560555402554,0.0014498987640472734,0.0014495883917251028,0.0014496510266916595
doc111,0.0002809553309959972,0.00028097828932866506,0.00028093426107021486,0.000280976967896674,0.5302348020100799,0.0002810119279331709,0.408150530743382,0.0002809877298076306,0.0002809809135773732,0.05964784182592838
doc112,0.001176647398031872,0.0011767090934865618,0.0011767917146309126,0.15332729059705894,0.6952222163934468,0.001176823990973241,0.022066530934222176,0.1223234775805853,0.0011766741743413414,0.0011768381232227958
doc113,0.0100004432598167,0.010000442830532865,0.9099908017959949,0.010004277981329997,0.010001803396750239,0.010000159253773245,0.010000912019217677,0.010000472217125972,0.010000190881109601,0.010000496364348759
doc114,0.00625021009731117,0.006250223008222516,0.006250320864985392,0.9437458674687539,0.006250870012519889,0.006250365524292229,0.0062504955826807335,0.006251106838494411,0.006250331763926631,0.006250208838813107
doc115,0.014286829278619637,0.01428605364215164,0.014287990482821014,0.014289118359105304,0.014286384746430864,0.8714132855255087,0.0142914252729311,0.014286886468035106,0.014286060411702554,0.01428596581269418
doc116,0.007693261389563021,0.007692307695890269,0.007692777899538189,0.9307612644217077,0.007692878638051542,0.007693108326190248,0.007694682440809099,0.007692650649912291,0.0076946321072664465,0.00769243643107112
doc117,0.943739006663626,0.006251517277455161,0.006250440057916899,0.006252706213911147,0.0062507769206223435,0.006251465788010194,0.006251194170258722,0.006250997831162619,0.006251291133188358,0.006250603943848632
doc118,0.0021741919922758503,0.0021743785110134896,0.002174401348520435,0.002174182238844006,0.0021742878088054163,0.0021741331865689027,0.002174651932388218,0.98043088119188,0.002174388779192379,0.0021745030105111943
doc119,0.0016131941971471012,0.001613198986966903,0.14978252805909276,0.0016133439058260313,0.0016134188248562978,0.00161342952209482,0.20482640303245556,0.15896594437722522,0.3940011467375775,0.08435739235675772
doc120,0.0023260258878498507,0.002326168325604078,0.002326310814634763,0.0023265397744246692,0.8183641484812977,0.002326171907622026,0.0023261132874484525,0.002326315441571531,0.047975164299839945,0.11737704177970697
doc121,0.0014928408403950047,0.0014929809038099517,0.0014926887556569275,0.37397833504182937,0.04623685616251016,0.5693346438596267,0.0014928725333236811,0.0014928520058813445,0.001492790062565442,0.0014931398344015597
doc122,0.014349765389549341,0.0006580562271565328,0.0006581514653717665,0.11071542472287929,0.7572390375953063,0.0006580191879878682,0.02165116171528755,0.0006581013122233549,0.09275421157081988,0.0006580708134180246
doc123,0.0007043894011478148,0.000704417692054034,0.0007043358639981762,0.18668354360377779,0.2753751100295186,0.0007044809000735598,0.0007043368542426054,0.000704333807428444,0.5330107107230027,0.0007043411247562641
doc124,0.1338856070068065,0.07621523211868486,0.0016397061205555992,0.6201474396425157,0.15991273478288012,0.0016398287183595434,0.0016399067934313731,0.0016397719073887407,0.001639951799784434,0.001639821109593049
doc125,0.0017861946948754877,0.0017860990190865689,0.0017862182171178326,0.00178612215811606,0.25043831078348344,0.001786391606264366,0.0017863714478488142,0.0017863062266101027,0.0017859698310755414,0.7352720160155217
doc126,0.24022540449700888,0.07385735605247805,0.0015390230089728776,0.1568940948273473,0.34509850426757444,0.060144600604726824,0.0015388432125564178,0.07651209099281908,0.0015388135091415072,0.042651269027374504
doc127,0.07569781595518163,0.0016400052294580835,0.0016394853029341892,0.0016398257923438833,0.38754551795549236,0.001639582983780407,0.23818097231533633,0.28873754293771814,0.0016396812188249714,0.001639570308930121
doc128,0.0011631961737040442,0.0011631716068872036,0.001162957896304112,0.0011634491001380279,0.3411612828358357,0.0011630996440755625,0.1359979450969349,0.27718519278335096,0.23867666365718837,0.001163041205580851
doc129,0.0007937854697919269,0.07781623104781744,0.0007938146199022319,0.0007938479649053114,0.29759460954983974,0.0007938991538325957,0.37919829047277637,0.1334083814096042,0.0007938702640572389,0.10801327004747294
doc130,0.0011498867463704046,0.21871291590149117,0.0011499111861630518,0.0011497301732266067,0.23109333987831465,0.09961425912816946,0.0011496135901232322,0.22041049691001907,0.0011498322881827582,0.22442001419793955
doc131,0.0005747642436053276,0.994827051046734,0.0005747654469312616,0.0005747697787801962,0.0005747874179739554,0.000574773910469522,0.0005747565086244131,0.0005747677388590927,0.0005747738729772196,0.0005747900350450501
doc132,0.0017859405084062374,0.0017859447988930052,0.0017860220542367559,0.0017861060965274874,0.001786315267212409,0.07097882099512855,0.0017858146100885005,0.0017859537334540148,0.0017858108491875886,0.9147332710868655
doc133,0.0012349848783621148,0.001234896963528198,0.0012347656796802542,0.49910253669306126,0.3236637663076854,0.001234834831066599,0.0012347725841970675,0.0012349481721297512,0.02598799285572784,0.14383650103456133
doc134,0.002857768598855459,0.0028581066789250447,0.0028579443232959315,0.0028581181336171414,0.5393569396708138,0.002858352773323582,0.002857930981672248,0.43777891869464947,0.0028579574178116247,0.0028579627270357705
doc135,0.0008001847433947533,0.0008001606641066326,0.0008002278628892472,0.1332211998883929,0.14922836825472266,0.0008002463220881535,0.09812535237739779,0.0008002315489811064,0.299807172474772,0.3156168558632548
doc136,0.0007409332985204584,0.0007408721384757652,0.000740933584572479,0.0007409492148022891,0.6998072411361598,0.000740969006187276,0.16811072104478775,0.0007411813209730293,0.000740980208563863,0.12689521904695736
doc137,0.0008547711371366202,0.0008547794529975682,0.0008547736002669982,0.0008548074065532509,0.0008547877921898388,0.992306977789529,0.0008547878866564995,0.0008547582009554125,0.0008547767259193822,0.0008547800077954779
doc138,0.0020003971679695342,0.002000614184157088,0.06328737326915218,0.002000664821397956,0.22274005399730162,0.40961221532468184,0.002000675437667949,0.0020006892620439646,0.002000426331681492,0.2923568902039464
doc139,0.0012051270264811893,0.0012053509853738834,0.0012052075334034564,0.0012049766925255403,0.0012049908413388265,0.0012050426416290907,0.001205183518060229,0.12546766354838804,0.8648913880223885,0.0012050691904112907
doc140,0.0009347559778253072,0.10929627594744051,0.07475014053251779,0.0009347626628689423,0.0009349072408671784,0.0009348231641376815,0.318167101563269,0.27101187008521216,0.0009348301273787308,0.22210053269848273
doc141,0.1820106686561701,0.0015154580953448237,0.0015154132797235282,0.001515584101171926,0.23784233669324442,0.3197146719709307,0.0015153444619114835,0.0015154903781581376,0.25133942114742464,0.001515611215920238
doc142,0.0010528405399829182,0.0010528123409738208,0.0010529387431435673,0.42920436827829395,0.0010528393376146915,0.001052972557605527,0.0010529392571278847,0.4767670512672158,0.044948413993792985,0.04276282368424877
doc143,0.18452790531855823,0.002041443331995067,0.0020415041715239495,0.7991404363324917,0.002041545310969733,0.0020412872447353,0.0020413543976858664,0.002041533563800064,0.0020414902494980177,0.0020415000787420952
doc144,0.0012823268127067121,0.001282246212409023,0.00128242777643572,0.18040094069411375,0.0012823465896377403,0.0012824563006697872,0.001282247842459647,0.3501549036430101,0.0012823278651108766,0.4604677762634466
doc145,0.15971834032593796,0.000606196648279592,0.0006061660612709491,0.0006061721248144923,0.18428653872447864,0.0006061556101310779,0.0006061681222159624,0.0006061634632070332,0.0006061796119594909,0.6517519193077049
doc146,0.06795288041182107,0.000990415579156071,0.03655415078305526,0.0009903649495441767,0.13058321139054652,0.0009904406497696068,0.29070400350443903,0.0009904344813707465,0.000990285567785569,0.46925381268251193
doc147,0.048711710114509615,0.0006212459943179734,0.9463183078262489,0.0006212265810235015,0.0006212524705264355,0.0006212505732587856,0.0006211810303009531,0.000621395255356778,0.000621210510096379,0.0006212196443606931
doc148,0.0003484771023134918,0.00034851007664539506,0.0003484962481050075,0.0003485633189140665,0.15646956626184105,0.00034853708286042637,0.5018872179851634,0.25759927141305317,0.000348529885250542,0.08195283062585357
doc149,0.0008267465044262726,0.0008266528498533874,0.000826742524623275,0.11226973264365012,0.0008266832327917191,0.000826656809733016,0.10274551883172406,0.12331321810595211,0.0008265994816773469,0.6567114490155688
doc150,0.002632228188961547,0.002632046885598878,0.0026318438576847605,0.5226505282035666,0.10368487855866404,0.002631994201387023,0.0026322343678950103,0.20768557437926755,0.15018651700348634,0.0026321543534884584
doc151,0.0008197932498981432,0.0008199134666593045,0.0008199816659426433,0.0008199786179686445,0.0008198849365123591,0.32323854997043866,0.0008198240784546616,0.283981481086516,0.10741489722686672,0.28044569570074296
doc152,0.0016954937175766688,0.0016952657419037368,0.0016953502511856322,0.001695298286343583,0.04523954500440092,0.0016954209469996566,0.0016950996892869362,0.8089206761486805,0.0016952018940267733,0.13397264831959566
doc153,0.6668344603336143,0.000934680285706704,0.0009347292803099028,0.0009346802034966884,0.0009347749120694504,0.0009346906135581832,0.0009346727860730683,0.3256878029083723,0.0009347071244176844,0.000934801552381767
doc154,0.7814432268066519,0.0008335369289821653,0.0008334587563524854,0.0008335722531623561,0.11067042190144517,0.0008334965616516294,0.04288455798929868,0.008684142955800897,0.0008335236727224274,0.052150062173932366
doc155,0.0005651750672053759,0.1435852357730092,0.0005650836551550452,0.0005651433204244123,0.07611704543796204,0.07884521428689355,0.0005650596450062688,0.3590582193188245,0.0005651442012754378,0.33956867929424417
doc156,0.0037049899786334483,0.003704684620464736,0.16227782296990612,0.0037042897963759313,0.8080845467057867,0.003704281393005718,0.003705290293945994,0.0037046755363114255,0.0037048513370527263,0.0037045673685171965
doc157,0.0008930643180355316,0.0008930409678845617,0.0008929661709553359,0.0008930180148667284,0.0008929828000296352,0.0008930378450651157,0.9919627385776687,0.0008929775918501616,0.000893026211078961,0.0008931475025652817
doc158,0.0008930643180355316,0.0008930409678845617,0.0008929661709553359,0.0008930180148667284,0.0008929828000296352,0.0008930378450651157,0.9919627385776687,0.0008929775918501616,0.000893026211078961,0.0008931475025652817
doc159,0.5532212616284133,0.0008550645147910915,0.0008548206107876885,0.23241992385062016,0.09027967473034404,0.0008548758283990396,0.0008549303717334992,0.0008548509129559886,0.0008549817537953494,0.11894961579815991
doc160,0.0012827192168798098,0.0012824519774376378,0.0012824725835363657,0.6543575877184983,0.0012825392482520015,0.11691028236228382,0.001282186760427986,0.0012823439245201918,0.001282645430511894,0.219754770777652
doc161,0.0020414281218141604,0.0020415082557206777,0.0020412981078361983,0.002041310826696716,0.2146860496359222,0.08722919816373408,0.4591190318023035,0.002041488785966961,0.0020412967701500593,0.22671738952985535
doc162,0.0007939045678726181,0.0007938339563779373,0.0007937771854162631,0.0007937874308318614,0.0007938480428551095,0.019496698628577478,0.0007938011651739176,0.46257339176848933,0.5123731729297755,0.0007937843246299981
doc163,0.0005025929945004723,0.03323682412157207,0.0005026524321520621,0.0005026551004298505,0.452048512592151,0.0005027173897934242,0.12467185392253047,0.3443547683380154,0.01741366023768081,0.02626376287117425
doc164,0.0015877219638121226,0.0015876248523656509,0.0015877445179631044,0.0015876312626023675,0.0015877645335590988,0.06148028290022121,0.3894678110840356,0.5379381689115093,0.0015875667700123858,0.0015876832039193151
doc165,0.0004976001199763808,0.0004976461608515035,0.000497596231505492,0.030529882391429133,0.08041168495595877,0.0004976300924625152,0.3873872220291057,0.2718544520479545,0.0004976140546008749,0.2273286719161552
doc166,0.0006370841647318833,0.06602241674699233,0.0006369981740639626,0.0006371011722975778,0.0006370888309197605,0.1276842904054335,0.000637046722308422,0.0006370927261158108,0.0006370653244224788,0.8018338157327142
doc167,0.002127877180980979,0.00212803266177431,0.002127861192958695,0.0021280842865367216,0.6669690092984102,0.002127791519200439,0.11763718586122769,0.12615536007826436,0.0021284599764665913,0.07647033794418011
doc168,0.0100004432598167,0.010000442830532865,0.9099908017959949,0.010004277981329997,0.010001803396750239,0.010000159253773245,0.010000912019217677,0.010000472217125972,0.010000190881109601,0.010000496364348759
doc169,0.00625021009731117,0.006250223008222516,0.006250320864985392,0.9437458674687539,0.006250870012519889,0.006250365524292229,0.0062504955826807335,0.006251106838494411,0.006250331763926631,0.006250208838813107
doc170,0.014286829278619637,0.01428605364215164,0.014287990482821014,0.014289118359105304,0.014286384746430864,0.8714132855255087,0.0142914252729311,0.014286886468035106,0.014286060411702554,0.01428596581269418
doc171,0.007693261389563021,0.007692307695890269,0.007692777899538189,0.9307612644217077,0.007692878638051542,0.007693108326190248,0.007694682440809099,0.007692650649912291,0.0076946321072664465,0.00769243643107112
doc172,0.943739006663626,0.006251517277455161,0.006250440057916899,0.006252706213911147,0.0062507769206223435,0.006251465788010194,0.006251194170258722,0.006250997831162619,0.006251291133188358,0.006250603943848632
doc173,0.0023259277945694755,0.0023260738875904895,0.00232582641526153,0.0023260067995864576,0.9790660301986284,0.0023265337370741196,0.0023257112009303915,0.0023259646210908994,0.0023258305619549497,0.002326094783313357
doc174,0.0013890320961992442,0.0013890599826663368,0.001389064439319921,0.0013893451954473193,0.0013890777344803922,0.0013894258287726583,0.0013890276630312431,0.987497683894343,0.0013891417117625976,0.001389141453977216
doc175,0.2512221412464932,0.001123898549823904,0.4403818044282075,0.0011237899824687102,0.1591712368351356,0.001123877604542565,0.0011237733412743063,0.001123829332133978,0.14248179332385874,0.0011238553560615962
doc176,0.0005683720534550438,0.0005683343577412879,0.0005683098579664668,0.21586200984193346,0.08099819315686822,0.38157225688014373,0.0005683143842356403,0.11597979390544381,0.029767765353416707,0.1735466502087957
doc177,0.0015878042983519408,0.0015878277733275513,0.001587610294343629,0.22054235224237964,0.34893522047027903,0.17506769066136046,0.027998997115950715,0.21951714058788707,0.001587618261641194,0.001587738294478723
doc178,0.0881155893201851,0.0010208146434807367,0.001020722718326152,0.3861463977519913,0.20132140804900076,0.0010207291919415806,0.0010206613884097876,0.0010207935140309462,0.0010205007545799282,0.31829238266805365
doc179,0.0009347235667742375,0.0009348270818270762,0.0009347310182338444,0.1837153860173942,0.42174114561037845,0.0009347475628697122,0.0009350097342772928,0.0009348799348381834,0.2714428671424266,0.11749168233098034
doc180,0.13716670965286756,0.0012503161375466588,0.0012504732087622048,0.0012503666930478794,0.1781548317907324,0.001250309274005927,0.001250429105782172,0.0012503605286689134,0.6104883301647784,0.06668787344380771
doc181,0.0017863799180924537,0.0017866699625236659,0.0017860287724302273,0.09475033489038967,0.8055317611577972,0.0017865012160938607,0.08721389438374003,0.001785881144113896,0.0017864250482114196,0.0017861235066074911
doc182,0.001250193868830678,0.0012501061635414952,0.0012501821029216177,0.0012503254904622136,0.5194595854418969,0.0012501551473600406,0.07522098704059912,0.3761591059532407,0.001250259127246409,0.02165909966390073
doc183,0.0012823466768901793,0.0012822443423607648,0.0012823958182784877,0.15712334892970733,0.5443717931719705,0.001282231340537895,0.16538907818800755,0.001282360572534509,0.0012824856022834003,0.12542171535742935
