,topics0,topics1,topics2,topics3,topics4,topics5,topics6,topics7,topics8,topics9,topics10,topics11
doc0,0.000832170897696025,0.0008320975262267332,0.3142418268925584,0.0008321332698232729,0.0008323429947522344,0.000832107365575445,0.6774365478696546,0.0008322399620414884,0.0008322236782932227,0.0008321237088733174,0.0008320751830384514,0.0008321106514668318
doc1,0.001295642963847433,0.46469709234902856,0.0012956845869742273,0.001295648411987024,0.07094518395370164,0.001295703155610111,0.16114637306054033,0.001295609459296046,0.18176507961832888,0.0012956301505224067,0.11237681882098766,0.0012955334691756115
doc2,0.05078703460975388,0.429602850152067,0.0009884236296514764,0.000988352139164625,0.0009886105394563678,0.16339543487246522,0.0009884731856938088,0.0009883719082865328,0.3483072888160722,0.0009884745390099858,0.0009883944916051124,0.0009882911167739157
doc3,0.15685554289235124,0.0006749863641991768,0.47186636577805985,0.0006748853100832454,0.0006748709798074713,0.21366805395088942,0.1522107266367104,0.0006748984630404964,0.0006750018524556444,0.0006749384494978317,0.0006748984859247024,0.0006748308369802362
doc4,0.09901322548973135,0.17707172341421396,0.001916109579901032,0.001916095124801494,0.0019161710495118106,0.5561572238948956,0.0019161342619344387,0.0019160951917834232,0.0019163662193283446,0.1524285390202841,0.001916087519149458,0.0019162292344650682
doc5,0.13477017346075257,0.0003309991891778636,0.386526409906221,0.00033098566043339016,0.00033098800775312263,0.018215067994782928,0.11153020230404669,0.25736521027113307,0.00033101811455759814,0.0003309945156088383,0.08960697797075441,0.0003309726047787686
doc6,0.000523179277008338,0.0005231570380949903,0.11412908518691241,0.5503145520915587,0.023243885099567606,0.00052319086700368,0.0005231730678074883,0.17489073889561446,0.07427444353226367,0.06000832028824259,0.0005231898205532772,0.0005230848353728543
doc7,0.24326606571639017,0.44371374070112285,0.001202267855889178,0.0012022279485692387,0.0012020532603984535,0.00120220320833755,0.2232288091937508,0.0012021253871526347,0.001202190873825075,0.05001285048174142,0.03136340584996155,0.0012020595228612726
doc8,0.2283927877159207,0.0009883670062392916,0.028583833504374725,0.21476748285626437,0.10154077959132253,0.0009883466862903771,0.27886631876447143,0.0009884468850868216,0.0009884116826768085,0.0009883235138032722,0.000988421615254195,0.14191848017829548
doc9,0.5238960845044018,0.0012473685677420318,0.0012472361234116141,0.00124722143299488,0.05635139233624745,0.0012470902308247519,0.0012471962972424473,0.0012472553712415493,0.0012472628382152586,0.0012472373370809372,0.4085274580909435,0.0012471968696537354
doc10,0.2929967647072742,0.0070450128820694815,0.00704398489036561,0.0070436559145593755,0.007043093123141203,0.0070452855791976075,0.007044151026132037,0.007044519581820501,0.460994059930624,0.007043570727784944,0.18261233367482538,0.007043567962205597
doc11,0.0009329591943393562,0.0009330719193828238,0.0009330192621342876,0.0009329823298522277,0.000933390034934352,0.0009330494511506317,0.00093310992842236,0.0009329445109997379,0.0009330460594914825,0.07285082047927384,0.0009328968531463471,0.9178187099768725
doc12,0.14194260010970336,0.10082202666980727,0.0009508647639128516,0.0009507566295713931,0.0009507827643826818,0.0793054879687119,0.22716536819092498,0.0009508192453008406,0.0009508419978040078,0.4441087696564681,0.000950835815297412,0.0009508461881152122
doc13,0.0009329591943393562,0.0009330719193828238,0.0009330192621342876,0.0009329823298522277,0.000933390034934352,0.0009330494511506317,0.00093310992842236,0.0009329445109997379,0.0009330460594914825,0.07285082047927384,0.0009328968531463471,0.9178187099768725
doc14,0.0011878830095361564,0.5763933753317128,0.0011879258670893028,0.0011879010997579455,0.024980966206290072,0.0011879813139469802,0.2193122011621711,0.0011878526273631578,0.10338419109706723,0.001187959005629942,0.06761386966897207,0.0011878936104633988
doc15,0.0012318259168066972,0.19220914268442882,0.0012318581948456023,0.03739411347780893,0.0012318532711366574,0.001231832564229244,0.09009339753210072,0.06295733077173075,0.608723230531739,0.0012318495571011622,0.0012318445795652022,0.0012317209185071577
doc16,0.0008119767416854325,0.0008119554957648849,0.4599307727955257,0.1544451510241039,0.000811993213122353,0.0008117972404854556,0.18416465263251558,0.000811908431950356,0.0008118673844712859,0.15139244107896174,0.044383602245442744,0.0008118817159705344
doc17,0.0008759092055157866,0.08613357469583126,0.06714462782826996,0.19096165744585877,0.000875954929273139,0.39777756061184044,0.11012127835090141,0.14260593473106917,0.0008758837632822352,0.0008758296519415512,0.0008759737261961395,0.00087581506002017
doc18,0.005814820952877373,0.005815737885638334,0.005815783277184885,0.005815722898077448,0.5979533876471809,0.005815357603965641,0.005814869889097824,0.34389111914779125,0.005815452508297658,0.005815344374326545,0.005816332230917568,0.005816071584644642
doc19,0.0007863246203942566,0.06440173353817852,0.0007863315366782983,0.6547377119597318,0.0007863194410421575,0.0007863816807410377,0.27378347526572455,0.0007864122281080437,0.0007862625190555046,0.0007863902408821503,0.0007863528916851254,0.0007863040777785704
doc20,0.1289925416729533,0.2092283624921089,0.17511441213440052,0.20795634035836466,0.0009883897062179703,0.16211861239187295,0.0009883460003441008,0.0009884106241666599,0.11065937418464238,0.0009883724263917602,0.0009884186694368233,0.0009884193390999828
doc21,0.05312711663664416,0.0005946425116383284,0.23615917404137135,0.11046884124933362,0.0005946085713909797,0.2569040479306899,0.0005946933539180143,0.0005946749981067871,0.24271606714719288,0.0005947486725954016,0.0793156245240981,0.01833576036302045
doc22,0.11905318014050888,0.13612321688296225,0.00140488253137908,0.0014048860402114446,0.03699408463016732,0.5127767672230252,0.001404800544208532,0.13463404026644707,0.001404851391553999,0.05198982112110375,0.0014048320423344983,0.0014046371860980125
doc23,0.0005459566783801782,0.000545987253658182,0.000545954247308355,0.0005459387127868853,0.0005459078630756889,0.0005459327118290082,0.0005459635545078368,0.0005459255964584552,0.000545957800583136,0.9939946530351427,0.0005459410075658444,0.0005458815387036973
doc24,0.0013854416931606375,0.45516363021501527,0.00138533671176588,0.0013853559402104813,0.0013857969207535304,0.3364348806909369,0.0013853163667743933,0.06601509006300077,0.1313030202924759,0.0013852882380726169,0.0013855269024281858,0.0013853159654055635
doc25,0.22064044297515636,0.0006529245861571101,0.6327730005336559,0.0006529426834527539,0.0006528405895677549,0.0006528662498406973,0.1407105304310044,0.0006529403079819546,0.0006528651700810365,0.0006529028314011701,0.0006528886409784816,0.0006528550007223444
doc26,0.15344159649191444,0.0008053796124833654,0.04175553215062718,0.7038343400285718,0.0008054327226832148,0.0008052853849811906,0.0008053328135707423,0.09452582307637843,0.0008053673042091333,0.000805286065352055,0.0008053132330716971,0.0008053111161568241
doc27,0.0007926766665458194,0.6850107639318175,0.0007926364304654655,0.1152900223560651,0.0007926642732979267,0.0007926634706584598,0.0007927029526387949,0.037471954507497324,0.0007925817910332278,0.11157261877401005,0.0007925688641437302,0.045106145981826586
doc28,0.2647915453596678,0.0017184416806632773,0.0017184211556579897,0.6453585546074472,0.0017184111504763343,0.0017186618349641974,0.0017185160862931367,0.0017186213921171417,0.07438330799848335,0.001718444735557138,0.0017185540357270573,0.0017185199629452211
doc29,0.25055307083956885,0.0009983381476124339,0.2830495855323248,0.0009982783275470591,0.000998142406249475,0.13290845865418577,0.13235187459787212,0.11494564699446648,0.0009981828351188383,0.0612235274118435,0.0009983370281844831,0.01997655722502624
doc30,0.0012023110791156346,0.33206611201814246,0.08591911892263333,0.0012022529328692998,0.0012022297809343462,0.0012021909010104701,0.18012137378620008,0.3922754375670751,0.0012021860860062805,0.0012022984521845217,0.001202426671371577,0.0012020618024567548
doc31,0.17547917987194986,0.12586599921209335,0.2650474825384103,0.1347321130682019,0.000839019916066143,0.0008391147714951304,0.0008391142800289326,0.29300142030839843,0.0008390925603416582,0.0008391918785255318,0.0008391511937926746,0.0008391204006960746
doc32,0.32085214787679533,0.1397540608132675,0.0012956558745493298,0.0012956125569550691,0.001295475421843783,0.0012955085700429357,0.0012959291248630345,0.5277332376092498,0.001295565962770632,0.0012957080403434666,0.0012955795687620325,0.0012955185805569676
doc33,0.002370085430165401,0.002370364237942103,0.2675588187511601,0.26611221946543384,0.09461030963159459,0.07697031958743691,0.0023701351208943984,0.0023705538910995015,0.0023703175925731974,0.2488928816777944,0.002370278704649463,0.031633715909255976
doc34,0.00045427126060342216,0.3652359647597763,0.0004542441032508095,0.0004542377485519069,0.0004542140277271347,0.07407723195448679,0.0004542603742283684,0.00045422355517717763,0.00045425708301190194,0.5388781192363213,0.018174808223450155,0.00045416767341481887
doc35,0.001748769488931841,0.0017488285803904746,0.27943307809057555,0.0017488451810092056,0.0017488849422756113,0.0017488653761649738,0.2595142646529467,0.26460975547112403,0.001748812268048202,0.18245256110719052,0.0017485672935158214,0.0017487675478270318
doc36,0.4039072801282417,0.0010185497358099788,0.032136530733198776,0.5547889740330263,0.0010187615668893898,0.0010185436100201767,0.0010184884343577044,0.0010186542797954857,0.0010185545482682657,0.0010185328689012228,0.001018605100029875,0.0010185249614609478
doc37,0.641654179373318,0.0008185366550092826,0.0008186012630352811,0.3215397644775514,0.0008184671532652356,0.000818509313166632,0.0008185122582492816,0.0008186201281367547,0.029439469451756087,0.0008184311638562141,0.0008185168141779419,0.0008183919484779207
doc38,0.5838578297344502,0.14985261023806573,0.0005177501176553336,0.15354210945645527,0.0005177542981198714,0.0005177200422892683,0.0005177384015028424,0.0005177696169022149,0.037806738557088305,0.0005177779815861856,0.07131651567638501,0.0005176858794995511
doc39,0.2300224442913384,0.0010397345606259815,0.0834459994278713,0.19117901628995979,0.08090995918682434,0.001039732715583249,0.11095243821911602,0.09534155593667665,0.0010398140697221636,0.06982351119915282,0.13416602516311313,0.0010397689400162833
doc40,0.4273723737557686,0.0004713405913893732,0.13602660319662715,0.06419564718983375,0.00047135530671846125,0.020049033186386667,0.00047133046677344835,0.0004713759746225994,0.3490569105717446,0.0004713575767610011,0.0004713526829741664,0.00047131950040022575
doc41,0.0018798797901405883,0.0018801177028793465,0.001880031022490961,0.001880318910154729,0.0018799380772763765,0.0018799415507935106,0.001879890184243128,0.0018801765429039483,0.0018805747560396305,0.9793191220603544,0.0018801330762720008,0.001879876326451344
doc42,0.0005741942624180566,0.0005741936837741521,0.0005742882123200065,0.0005741710271329383,0.0005742592421727351,0.0005741327278214343,0.0005742000633471317,0.0005741380612277695,0.0005741568377647118,0.0005741669530304009,0.9936838572375292,0.0005742416914616119
doc43,0.1644463398088545,0.4308880335228329,0.0007509614829703929,0.000750926357298581,0.0007509473399447369,0.0007510096452453308,0.0007509269348687233,0.3979069891251272,0.0007509649907756551,0.0007509912314513625,0.0007509878333557651,0.0007509217272751562
doc44,0.0020750770893551243,0.0020754040570616587,0.694556504145857,0.002074959348998308,0.002075018420739522,0.28469231908558845,0.0020752146625177374,0.002075031639745087,0.0020754010545125734,0.002075078082188589,0.0020751843069016294,0.0020748081065340754
doc45,0.0010084093918974715,0.8183255583648169,0.0010082262843228342,0.0010084503792463064,0.0010082451840591545,0.0010083010877139408,0.0010082878257482953,0.001008260998386174,0.17159151075338153,0.001008275490079339,0.0010082257769620363,0.0010082484633860496
doc46,0.09415695395913881,0.8855126563938592,0.0020330847486514886,0.0020330547413416585,0.0020328270472042454,0.002033192253088512,0.0020330880406695773,0.0020333056439358617,0.002032899307364417,0.0020329862694845172,0.0020333060276411055,0.0020326455676205626
doc47,0.07474090369018092,0.4020014536217182,0.17077186084861656,0.0004898626606608831,0.0004898006056286475,0.1314523075888896,0.0004898988314470786,0.2176045777287427,0.000489857904098467,0.0004898872400665017,0.0004898320357483348,0.0004897572442022071
doc48,0.2176376217458569,0.00133013651271767,0.31827277242683505,0.26384642586486867,0.0013300878779285814,0.0013302408507958928,0.001330061115466398,0.0013302278183869808,0.18960192365223483,0.001330360419100183,0.0013301631844593693,0.001329978531349387
doc49,0.0009507793517191572,0.0009507688724065715,0.6625630190661763,0.0009507815207326634,0.0009506486576188028,0.0009508279025755361,0.0009508176838769312,0.0009507298884295323,0.32792955735722723,0.0009507278336073821,0.000950683216799431,0.000950658648830285
doc50,0.0018800683814243185,0.0018801632313502333,0.523467869337552,0.0018804978421666698,0.001880078951355489,0.29438222761796345,0.0018801071665008936,0.0018800627937013666,0.16522797114024854,0.0018804554339833305,0.0018800953851125294,0.0018804027186413693
doc51,0.0016346448218069228,0.37708335982667823,0.0016343474853597567,0.0016344120659216007,0.001634167051450028,0.11074360718879872,0.0016342482409007993,0.001634443050029469,0.38844069131123365,0.11065738510067302,0.0016342668171072047,0.0016344270400405448
doc52,0.001425039501210047,0.3059271210325591,0.0014249229335659011,0.26218218929172804,0.0014246333597846671,0.0014247690471636406,0.0014249331942970892,0.001425040348866372,0.22854115745443165,0.0014247240892434237,0.19195073935879045,0.0014247303883595456
doc53,0.0010083575332254307,0.2467262028336863,0.0010083955979043303,0.0010084141711536555,0.07392926904337321,0.0010082500673323158,0.49209514989391945,0.0010082017496978633,0.0010083318174180307,0.0010084021747829239,0.1791829318384626,0.0010080932790439692
doc54,0.001279206404828703,0.8513836856409561,0.001279220097517805,0.0012794317833412505,0.0012790499400673317,0.0012791050851725634,0.0012792656382564075,0.001279016200401184,0.0012789620841617544,0.13582530034235207,0.001278891992225668,0.0012788647907192542
doc55,0.0009160132202864522,0.0009159869022222519,0.7749867112845328,0.0009159341777348783,0.0009158387610395632,0.000915998610737683,0.00091602070241428,0.11949651619878156,0.0009159138469748816,0.09727320985067152,0.000915981771305749,0.0009158746732983198
doc56,0.1782749316650845,0.003547065575103623,0.0035466047995018016,0.003546895253814805,0.0035468466181338963,0.0035476719021887756,0.003547470173987398,0.0035465417092997967,0.003547437917284685,0.4638899964169314,0.32591213543531117,0.0035464025333581586
doc57,0.6850768113418656,0.0006091968680931478,0.09900412835264989,0.0006091825166063186,0.015126708983035198,0.06100415684822168,0.0006091877657663125,0.0006091244613618648,0.0006092809612085522,0.0006092190245008775,0.13552388746403057,0.0006091154126599255
doc58,0.0031064060371941904,0.003106648268730863,0.4738449743887454,0.003106590087966594,0.003105978775292708,0.49508999832645645,0.003106643024412733,0.003106912611133423,0.0031066430201876737,0.003106385117247588,0.0031059662326678133,0.003106854109964679
doc59,0.0005842702274470004,0.24973072905857346,0.0005842686889131661,0.0005842640628340897,0.0005842199567257648,0.2127811098764556,0.5092857090981355,0.0235283517009462,0.0005842668709311712,0.0005842985740633237,0.0005842933610927757,0.000584218523882021
doc60,0.4781211022973986,0.002427780542281181,0.0024280572235969695,0.2034018187658161,0.00242778889630317,0.0024274647185180574,0.0024284359137134092,0.13267533592380143,0.09383333021425719,0.0024280071952789864,0.0024276928636425455,0.07497318544539232
doc61,0.11788793641899553,0.0005877139746894834,0.18594115543241693,0.15130272337638653,0.042601227309549634,0.0005876726094668588,0.1664188601667519,0.1794466033073309,0.0005876751543446826,0.0005876573372456094,0.0005877221310033925,0.15346305278181838
doc62,0.09646661404168369,0.001534055874160797,0.001534079345390744,0.8219123782122864,0.0015342306191931231,0.0015341850597388727,0.0015339540285391519,0.0015341556048321706,0.001534111474608166,0.0015340659965868413,0.0015340386025199508,0.06781413114046005
doc63,0.003425219234328646,0.0034253504372988935,0.003425196462207694,0.0034262589988485995,0.003426076995027282,0.3546197385436741,0.0034260470031482696,0.187369286619983,0.2871689858207908,0.003425186702018314,0.0034251303027854323,0.14343752287988898
doc64,0.0009161260241629435,0.0009160585817713831,0.000915925105669992,0.0009159215276816665,0.028451085575632803,0.0009159496069723468,0.0009159703116932061,0.0009159527548865899,0.0009159937459323321,0.0009160474364000529,0.0009158876203612915,0.9623890817088354
doc65,0.001404648158403242,0.23892677891954991,0.0014049190337716286,0.001404724535823598,0.001405058046418835,0.0014046776370448416,0.44514100850159477,0.001404649165553333,0.0014047336136839106,0.30328889849435453,0.001404676279647025,0.0014052276141547618
doc66,0.0009161260241629435,0.0009160585817713831,0.000915925105669992,0.0009159215276816665,0.028451085575632803,0.0009159496069723468,0.0009159703116932061,0.0009159527548865899,0.0009159937459323321,0.0009160474364000529,0.0009158876203612915,0.9623890817088354
doc67,0.0023155323374643637,0.15866935208238162,0.0023155437247808076,0.12207207815934397,0.0023152704596862725,0.11007150951539628,0.24742150560080908,0.0023154282760576577,0.0023154896378858383,0.3455566294047321,0.00231528238742813,0.002316378414033891
doc68,0.000708413833252068,0.8467728457353425,0.0007084190432209653,0.0007083856357959655,0.02242436739126227,0.0007084561035044715,0.000708350324651688,0.1244271316383781,0.0007084534715332331,0.0007083513855001631,0.0007084596604915526,0.0007083657770670801
doc69,0.0010185753506949738,0.39177084403668283,0.0010186543321918998,0.27579421298689477,0.0010184808615828853,0.19742005619214745,0.12686639960834284,0.0010185740078235749,0.001018542529517387,0.001018498699256688,0.001018597353287411,0.0010185640415773032
doc70,0.0007033893040960951,0.0007034347002780116,0.13329616163962582,0.3694472344914691,0.0007033707204078711,0.04901740448101791,0.3878086108287164,0.0007033833523342121,0.0007033855768576741,0.0007033555217371909,0.05550690480906819,0.0007033645743916033
doc71,0.6821007488287639,0.0006322807836092747,0.0006323313966540609,0.12947535780912264,0.0006322326149174577,0.0006321755952079283,0.0006323206294320859,0.0006323983038598945,0.03443037567612528,0.14893535560106827,0.0006322239344509565,0.000632198826788053
doc72,0.0019161580247175048,0.17323403961937847,0.26975988486816377,0.0019160748847907702,0.0019161634461035669,0.476378148209425,0.0019162736288259466,0.0019162406119558385,0.0019163056217744725,0.0019163277787780765,0.0019162686777289355,0.06529811462835776
doc73,0.0007863246203942566,0.06440173353817852,0.0007863315366782983,0.6547377119597318,0.0007863194410421575,0.0007863816807410377,0.27378347526572455,0.0007864122281080437,0.0007862625190555046,0.0007863902408821503,0.0007863528916851254,0.0007863040777785704
doc74,0.004952171524072385,0.004951489987646031,0.004951375580097211,0.004951936988860024,0.2677700951883267,0.00495213017475102,0.0049519096197311934,0.0049510207609297415,0.6827142153603987,0.004951192331169324,0.004951401930646118,0.004951060553371711
doc75,0.0023705846350688927,0.0023706522842868107,0.0023706242403974216,0.0023706860405424864,0.17188841067320426,0.002370062389190472,0.002370161219049326,0.50634215885371,0.3004353840933162,0.0023704375433840673,0.0023700858140916084,0.0023707522137583342
doc76,0.0007186001365673513,0.12020933338364186,0.0994614176620988,0.0007185860226456859,0.0007184736105740435,0.09320781646336891,0.0007185874117643181,0.43609962678489395,0.0007185245947571246,0.15151583670821842,0.09519471681956625,0.0007184804019034237
doc77,0.0019161253188026885,0.23495244674070812,0.0019161955401700683,0.0019159452530080124,0.03733163061458907,0.0019163139980774386,0.001916131652521525,0.0019159215058848313,0.2814951379274762,0.4308910996752581,0.0019164159605622013,0.0019166358129417858
doc78,0.37334812556535807,0.0007509822020065476,0.49066640049098187,0.11636336754734569,0.013614366082573054,0.0007509588645689415,0.0007510216869833824,0.0007509089172570508,0.0007510014003372493,0.000751000309817811,0.0007509974340291255,0.0007508694987410089
doc79,0.0014453981573915747,0.0014453284346313028,0.389236046510362,0.0014453099696695505,0.0014452190763923059,0.5963104758853651,0.0014453979183341058,0.0014452583485798456,0.001445612449803108,0.0014452976858603888,0.0014453490828652635,0.0014453064807452753
doc80,0.0021193167287509667,0.26658549230782724,0.002119326917959584,0.0021189526717241293,0.002118847939992028,0.002119414696255486,0.0021195361143792747,0.19127900531809522,0.0021192007322160047,0.337048888416409,0.18813285958809448,0.002119158568296476
doc81,0.001880061321804877,0.0018801574030423605,0.0018799075910575793,0.0018801785061191858,0.0018801573780544308,0.05711415288761934,0.001880106430134871,0.06302565685601348,0.5971085547339383,0.001879964923665958,0.0018801122017932225,0.2677109897667565
doc82,0.25060679895039806,0.0014049810197632703,0.058400696546445856,0.001404798535005167,0.0014047679407978124,0.0014050762654654577,0.001404921135970764,0.0014048254558936446,0.0014049270980692747,0.6783486473179083,0.0014048828858144724,0.0014046768484679956
doc83,0.0014665978900482793,0.001466697556279569,0.0014667341603933298,0.21839105995915367,0.0014667138673293931,0.15078424594031667,0.09285126542545692,0.001466658082059903,0.0014669287239063215,0.1819358017218608,0.34577077154926183,0.0014665251239332053
doc84,0.00044810485222106835,0.00044813136313266765,0.0004481054109156603,0.00044809627734712567,0.00044807472800434395,0.00044809064719705566,0.0004481085923756723,0.0004480829032106476,0.0004481279158649973,0.9950709258181961,0.0004481005271606999,0.00044805096437388947
doc85,0.43898623184509117,0.0008758727420957495,0.07937549439231231,0.0008759314117135121,0.0008757994326592971,0.0008760114882831677,0.1257568580435397,0.0008759770229399119,0.0008759614776752184,0.0643605891491687,0.2853894774209136,0.0008757955736076782
doc86,0.000792653709937802,0.46689830636729135,0.033312609941454935,0.0007925888185062756,0.0007924870324939752,0.000792545988791761,0.07131130137780602,0.0876925764643428,0.0007925121592123523,0.33523730293673776,0.0007926691058607623,0.0007924460975642161
doc87,0.0011089285241088873,0.0011089287158254722,0.0011088853636912139,0.001108928638845288,0.001108880074347702,0.0011087794696993563,0.0011088768245987963,0.0011089745437887625,0.0011088511949473461,0.9878022139437718,0.0011089879762774919,0.001108764730097912
doc88,0.1824840061471573,0.0008053796459231044,0.0008054255570625426,0.0008053668420993442,0.0008052928201218461,0.000805434808650499,0.18118659678393118,0.44070039839940867,0.0008052909707306543,0.10077590836619789,0.08921562321596843,0.0008052764427486879
doc89,0.1733563651350703,0.0010619936505183412,0.0010617892989523972,0.607955556321018,0.0010617477740344776,0.0010618175264246624,0.11329364575879824,0.09689954962266466,0.0010617924302138294,0.0010620510653052727,0.0010618007484091813,0.0010618906685906178
doc90,0.001811969120601324,0.37465516730508003,0.054894318447987284,0.0018119991871470482,0.0018117689814891244,0.0018121301551324933,0.0018121156673328762,0.0018121159008163276,0.14395735906298576,0.2836981282267263,0.1301110837573661,0.0018118441873353503
doc91,0.2216146758177158,0.058829247978618715,0.001295644612184427,0.0012956499998476472,0.16269870076051263,0.0012955520612431062,0.15757633572187274,0.0012956150667999173,0.3902117539414701,0.0012956368587016065,0.0012957400934918365,0.0012954470875414668
doc92,0.2505574369680063,0.0018121583856664028,0.001811907450238699,0.3480001291924133,0.0018118132913354506,0.0018118661157979854,0.001812129861657679,0.08854875518934589,0.0018121459753004904,0.2983974684107171,0.0018120504268624923,0.001812138732658223
doc93,0.20954247116062555,0.00268906023117593,0.0026887792938570894,0.0026891493833936155,0.002688750678487658,0.0026891405449576094,0.2978900363058787,0.002688635557542832,0.26578910572620246,0.205267945344192,0.002688602179955029,0.002688323593731577
doc94,0.042421894456776466,0.0010397525627926243,0.0010398008863012253,0.31491143337702626,0.0010395796229264865,0.0010398498952992974,0.0010399207300818398,0.5878744412479479,0.04647384670375016,0.0010398913960345652,0.0010397517962236799,0.0010398373248395017
doc95,0.0016613050004708303,0.0016614111267410476,0.0016612908855022379,0.0016613964230068371,0.0016615514502055528,0.001661263591714727,0.0016612137414441044,0.0016614236992475789,0.0016615762894201488,0.9817247215610224,0.0016613151695008053,0.0016615310617237248
doc96,0.0014048486139617302,0.0014049427089393824,0.0014048773175369372,0.0927093693238104,0.0014050485765236662,0.38902041794606956,0.0014050203272266356,0.001404926903302896,0.3876250053728898,0.0014050084947060907,0.11940588541044522,0.001404649004587741
doc97,0.0020331055768600175,0.0020333439905917856,0.002032834851436997,0.0020330302256578404,0.0020331671549470723,0.002033408456492023,0.002032976527961664,0.0020327079337475393,0.977636470221568,0.0020333138721242427,0.002032829002258811,0.0020328121863539945
doc98,0.3751673245517784,0.0004827461249865151,0.0004827491725204307,0.07472289808142149,0.03428433046468354,0.00048277360097298354,0.0004827810339324214,0.0004827566321749818,0.00048277220210063535,0.47554415488701046,0.0004827173636596643,0.036901995884758426
doc99,0.00047811971625887496,0.0004781072833885471,0.00047810487936562505,0.10052170711360778,0.14996354672496068,0.1714611213794489,0.00047822689700594977,0.1945034650629259,0.0004781541280295899,0.38020320284952447,0.0004781367133372777,0.0004781072521464003
doc100,0.0020327960819086642,0.101692654337832,0.00203294289951201,0.002032896086056479,0.002032871407361204,0.0020330350061844916,0.0020330597989494745,0.002032807366480255,0.8779784546928197,0.0020328774940567293,0.0020329290281227846,0.002032675800716303
doc101,0.002164963628916948,0.002165358092990085,0.43916693469076146,0.002165046875598436,0.0021655191933562697,0.002165113581243516,0.002164998397027936,0.33326849109380247,0.0021650342924486045,0.002165200728172759,0.0021651001703259756,0.20807823925535543
doc102,0.0024278635878238887,0.0024279735081343375,0.0024280205876172135,0.3361434886562673,0.002427625563197484,0.2936157817339078,0.002428002466342914,0.0024280179000880308,0.0024277575889798645,0.34839058346077156,0.002427608350295604,0.0024272765965739945
doc103,0.0009507793517191572,0.0009507688724065715,0.6625630190661763,0.0009507815207326634,0.0009506486576188028,0.0009508279025755361,0.0009508176838769312,0.0009507298884295323,0.32792955735722723,0.0009507278336073821,0.000950683216799431,0.000950658648830285
doc104,0.0007989239610916556,0.0007989708582638394,0.5694664599618748,0.30691377247255003,0.0007988768160358649,0.0007989326490044303,0.0007989639109698593,0.0007988912094973416,0.11642949180463046,0.0007989296721876483,0.000798935922215437,0.0007988507616785731
doc105,0.2497617448806596,0.002924567826036421,0.002924315881849843,0.0029245382133922773,0.0029241039133537346,0.0029244214955422856,0.0029243582971497564,0.002924756149100228,0.7209940198014221,0.002924504712213429,0.0029244794336339376,0.002924189395646436
doc106,0.0013125581441749497,0.0013127000119353776,0.20358981199421528,0.0013125954671126536,0.0013124513789920167,0.5041417505222022,0.00131266383068004,0.0013125562173527732,0.2804550016627108,0.001312605172919171,0.0013128863742585674,0.0013124192234461065
doc107,0.0019924717748062907,0.001992815266694326,0.0019925846584751003,0.0019925444024569946,0.001992669820787572,0.39283526986610545,0.00199245958845334,0.001992719701837127,0.0019927575161032434,0.18179049882663742,0.4074409554913542,0.0019922530862889207
doc108,0.0010185790047156137,0.3477581518287066,0.22142135729111506,0.001018477721311942,0.0010188789297969963,0.17408380937371612,0.001018695718988463,0.0010184293124363012,0.24858805175851234,0.001018581128262668,0.0010184870855891304,0.001018500846848713
doc109,0.0004781301872851222,0.00047815679029917444,0.0004781577627887967,0.138651980076985,0.028108641823334137,0.000478160516388312,0.00047814216471368684,0.14117154699986584,0.05262062426857198,0.5873253218456542,0.03181567601619801,0.01791546154791559
doc110,0.07948641540529248,0.10041575791048231,0.0012167725355207056,0.0012169060142832606,0.001216741359076025,0.0012169302936328164,0.0012168774973105399,0.23199527492751346,0.10985882865916147,0.46972598760847956,0.0012168005327409467,0.0012167072565066252
doc111,0.0006615634675446174,0.0006615667732559015,0.19761364767991074,0.16912020470543912,0.0006614322417234188,0.6273122564851622,0.0006616113836432076,0.0006615637627441488,0.0006615354138380105,0.0006614834401296146,0.0006616133168921252,0.0006615213297168468
doc112,0.4566955985565614,0.00292420743856694,0.002924357816073597,0.002924737241923794,0.28577793773324467,0.2312054974977998,0.002924339097682488,0.002924400481172237,0.0029250379906188826,0.0029247339328621704,0.002924949844659819,0.0029242023688342287
doc113,0.0012023994913925118,0.0012022256543995128,0.669283990220296,0.19129177958353005,0.12860373196548094,0.0012022669898313937,0.001202043299310168,0.0012023788335226067,0.001202410380388857,0.0012023857572388925,0.001202288878387521,0.0012020989462215154
doc114,0.0008759395715201501,0.3568053295498763,0.000875928658010207,0.09443323173861325,0.0008758367184229574,0.37798566010529905,0.0008759239445323382,0.000875971534009304,0.13952365203310535,0.0008758197228538019,0.0008759244173638649,0.025120782006393425
doc115,0.001748839011553157,0.0017487190082642139,0.490187323651009,0.09113082205933977,0.0017484640339752555,0.0017486333713750354,0.09841475485808877,0.0017487313321797539,0.0017485498502078788,0.30627790092293866,0.0017489312509276192,0.0017483306501409846
doc116,0.002315966287786744,0.0023155018723760596,0.6202671162877017,0.002315759866849594,0.002315458537307498,0.2777267769442544,0.0023156094774420435,0.002315326895704257,0.002315575557355077,0.0023154748531026377,0.0023155807787401225,0.08116585264138003
doc117,0.0006204945246290931,0.549708380503157,0.0006205045858671786,0.07237563332581261,0.0006206241578530085,0.0006205392380496685,0.0006204661071483085,0.0006204762111712871,0.0006204615564366332,0.28704608061013304,0.08590588783268556,0.0006204513470566146
doc118,0.04644067570669596,0.09057515041876307,0.34692512657568536,0.00034115213139069184,0.00034120537172612164,0.027462980214923455,0.4227109663951439,0.06383813332537229,0.0003411514890662597,0.00034112714850867025,0.00034117074393335303,0.00034116047879085556
doc119,0.0627525670460275,0.0025517280284019163,0.0025518373445171574,0.0025516034240692866,0.002551608122640256,0.0025516647197955174,0.002551891348442934,0.5917393432519431,0.0025515498607476326,0.002551598184405172,0.3225428846721768,0.0025517239968329015
doc120,0.4195766433968255,0.0008185992617202582,0.0008184799567995137,0.20744527463918372,0.0008184836188939141,0.0008184863575129653,0.0008185869127137408,0.0008185490142176364,0.0008185627695401524,0.3656114451998815,0.0008184581278015706,0.0008184307449097158
doc121,0.25616519397657894,0.0029246846906291705,0.3686556877548025,0.0029248745009418523,0.002925080063687708,0.002924782561344727,0.2548253715199008,0.0029247442837513618,0.0029244418357299235,0.0029243865820184627,0.0029251258588097397,0.09695562637180485
doc122,0.21184789018592268,0.002428000347440913,0.002427907567831978,0.31349741386031027,0.24025796873646807,0.21497230174491605,0.0024280813794951427,0.0024279938380728865,0.002428033802257413,0.002428070496259014,0.0024280083179735452,0.002428329723052041
doc123,0.09646661404168369,0.001534055874160797,0.001534079345390744,0.8219123782122864,0.0015342306191931231,0.0015341850597388727,0.0015339540285391519,0.0015341556048321706,0.001534111474608166,0.0015340659965868413,0.0015340386025199508,0.06781413114046005
doc124,0.305734763877685,0.029112920956914635,0.018853614021722278,0.3793354010550727,0.0003888593134566914,0.00038886888935728005,0.00038891739608421606,0.00038890409304069096,0.00038890154439340414,0.00038888013812833123,0.2642411164880453,0.0003888522260994884
doc125,0.0009598447597688808,0.0009600129087872386,0.0009598529194749919,0.0009598779428469153,0.000959906018293568,0.000959927581870164,0.0009598826604865281,0.0009598655248416699,0.0009598457159952582,0.0009601057980229349,0.0009598900099866228,0.9894409881596251
doc126,0.0009598447597688808,0.0009600129087872386,0.0009598529194749919,0.0009598779428469153,0.000959906018293568,0.000959927581870164,0.0009598826604865281,0.0009598655248416699,0.0009598457159952582,0.0009601057980229349,0.0009598900099866228,0.9894409881596251
doc127,0.0006615634675446174,0.0006615667732559015,0.19761364767991074,0.16912020470543912,0.0006614322417234188,0.6273122564851622,0.0006616113836432076,0.0006615637627441488,0.0006615354138380105,0.0006614834401296146,0.0006616133168921252,0.0006615213297168468
doc128,0.29030099240917834,0.10300127198030862,0.14396217982561155,0.001534292995316821,0.0015341467734757616,0.051993957299488906,0.0015341770269695883,0.0015342577593796625,0.0015342250133532603,0.001534335813052125,0.40000206877467603,0.0015340943291894233
doc129,0.001295692305817146,0.4442782022693419,0.001295740155017861,0.20649990614281347,0.05622894463711071,0.001295704328634565,0.001295847475539251,0.0012957090442150434,0.28262726597523796,0.0012956823558717696,0.0012957383876516858,0.0012955669227487099
doc130,0.0012472437988110322,0.001247206324072565,0.0012471296364167143,0.0012470905362708363,0.0012470844246515115,0.7096783023505485,0.0012471148066839942,0.12725376234935803,0.0012472956097741674,0.13265246688722898,0.0012470668980767785,0.020438236378106923
doc131,0.2426273247253259,0.41173594493515847,0.10071336904900186,0.0014453443970154215,0.21181353115409707,0.0014454229179381686,0.0014455605939166962,0.0014453837566943775,0.0014454709508172272,0.0014453042715679573,0.001445348110005501,0.022991995138461452
doc132,0.001748415459285922,0.4966047339535334,0.0017484887512642495,0.0017483798150806811,0.0017482949519802705,0.0017487185130718313,0.0017489360680394775,0.0017482973455041522,0.0017487821036778668,0.4859098984633364,0.0017486423632475775,0.0017484122119782236
doc133,0.1101388174797203,0.0012472294128003081,0.0012473606240688102,0.00124721763238848,0.1354411306536318,0.0012471614386300044,0.04989410839162195,0.0679995153487741,0.18263259593529407,0.4464102599422032,0.0012473289247998123,0.0012472742160672845
doc134,0.0007863246203942566,0.06440173353817852,0.0007863315366782983,0.6547377119597318,0.0007863194410421575,0.0007863816807410377,0.27378347526572455,0.0007864122281080437,0.0007862625190555046,0.0007863902408821503,0.0007863528916851254,0.0007863040777785704
doc135,0.0010397607568162132,0.11651511253114098,0.4079292113902859,0.00103975438968952,0.0010396671688740135,0.2275887118954992,0.0010397117755064455,0.0010397359996803055,0.001039786495575361,0.001039698371351139,0.23964912013598672,0.0010397290895941655
doc136,0.0023154620576618518,0.484652520571686,0.0023155677196001804,0.00231570823071172,0.00231519659035062,0.002315321562749084,0.002315277785770107,0.0023157256879094397,0.38035370947202946,0.002315532752105348,0.11415468750725853,0.0023152900621677
doc137,0.001748605266106439,0.11620426818906238,0.001748681295041168,0.0017488065958047453,0.0017487578523865408,0.09816861143541554,0.09661600914890048,0.0017486920462596678,0.6750214605164473,0.001748827204371084,0.0017488258888116932,0.0017484545613929664
doc138,0.6372692563595342,0.0002864549108177092,0.0002864480712539146,0.0002864496490413694,0.0002864022663111309,0.0002864540173991297,0.02624568656790948,0.06959710488583999,0.0002864434123108004,0.234348832361746,0.03053404391216665,0.00028642358566948123
doc139,0.0008053570755003081,0.0008054045085983104,0.5647483937352068,0.3072754639428432,0.0008053092742887645,0.0008053658042509224,0.0008053977750048621,0.0008053246958241001,0.12072796825813388,0.0008053626893491675,0.0008053692081124886,0.000805283032887111
doc140,0.00034952856360892656,0.0003495043534506411,0.1671374101193073,0.2428066428634108,0.0003495297184596745,0.0003494701149328502,0.05819847471466692,0.45409211088871787,0.0003495247965924732,0.00034949095596716696,0.000349491989857077,0.07531882092102839
doc141,0.6294237154783907,0.001445490347077961,0.2451209951225311,0.001445542525208569,0.0014456117608022108,0.001445330834682434,0.0014454622841940255,0.001445480537365149,0.0014456863681166015,0.112445692000584,0.00144547805839858,0.0014455146826485167
doc142,0.2159903871273446,0.31569914768876545,0.0019162099254932863,0.0019162494143024182,0.0019160611741016853,0.001916356303861328,0.0019160954157665148,0.0019159037785392635,0.001916461505616633,0.4510648710462749,0.0019163361528581444,0.0019159204670758485
doc143,0.00044810485222106835,0.00044813136313266765,0.0004481054109156603,0.00044809627734712567,0.00044807472800434395,0.00044809064719705566,0.0004481085923756723,0.0004480829032106476,0.0004481279158649973,0.9950709258181961,0.0004481005271606999,0.00044805096437388947
doc144,0.9335835010982739,0.001992305950941724,0.0019923582684946884,0.0019926881813663194,0.001992360331608005,0.001992461437885156,0.00199251302849994,0.0019928650352327225,0.0019926221558295696,0.001992360084366849,0.0019927436463486156,0.046491220781152504
doc145,0.0009599849469173732,0.11337343233699798,0.0009599031434220469,0.14415714331646792,0.0009598658079582169,0.0009598975222510206,0.4168422254828155,0.0009599699090324681,0.15600102095917912,0.16290683397403502,0.000959962084286748,0.0009597605166366002
doc146,0.471718212007444,0.2574023490343088,0.002552052593599311,0.002551480172417292,0.0025511701341082997,0.0025519615033845777,0.0025513125477122553,0.002551734336840437,0.24791502243959235,0.002551735580764242,0.0025516954209823615,0.0025512742288463625
doc147,0.1914597592273446,0.1902717863821561,0.0013301877020011814,0.0655709546456594,0.035898105611265656,0.0013303108728091458,0.08875020606147273,0.25556097300295094,0.049849078415705794,0.0013301055890499371,0.117318464997387,0.0013300674921973548
doc148,0.6945007059920421,0.0032060344046186905,0.003206332411982408,0.0032060376371165623,0.003205963455343373,0.0032061255817060386,0.003205829091796168,0.07052353301860571,0.0032057938559614035,0.0032058233850910194,0.0032056564483990426,0.20612216471733763
doc149,0.5901988152600727,0.2728296001245451,0.001689638970228159,0.06290338015031052,0.0016895590053577793,0.02171510295937356,0.0016897183523060279,0.0016897523003435557,0.0016894540417190828,0.04052597260357715,0.0016895905056066682,0.0016894157265597246
doc150,0.0010186299107048681,0.1687952145520695,0.0010185189473940746,0.7227654554377829,0.0010186550304579801,0.0010184447566753524,0.0010185807933844491,0.001018646360074185,0.09927194220728346,0.001018476311960446,0.001018498198634777,0.001018937493578019
doc151,0.002212558992767353,0.00221292843419683,0.16361674946082969,0.002212861905929454,0.17541412479621601,0.3761853783461713,0.26708107566740236,0.0022126903357657657,0.00221284710085841,0.002212830162351276,0.0022127529020077325,0.0022132018955039415
doc152,0.0012791497368684734,0.0012791298336717431,0.5011917601287607,0.44135683305885276,0.001279373263233397,0.0012790843656154704,0.001279065094791956,0.001279093290948406,0.0012791287976460185,0.0012791058540002327,0.0012791949137414339,0.04593908166186943
