,topics0,topics1,topics2,topics3,topics4,topics5,topics6,topics7
doc0,0.0006766638204869874,0.8666326591239956,0.0006766941415724871,0.0006767733798996406,0.0006766986147371309,0.0006767268653181342,0.1293069337740107,0.0006768502799792178
doc1,0.0020495616287672246,0.0020496921923197995,0.0020494759903372487,0.17910547979694688,0.002049610558051393,0.002049660152145987,0.8085969121481756,0.002049607533255866
doc2,0.0011659054376427112,0.519437777419566,0.001165908030588097,0.0011657902798164854,0.0011657960113965347,0.25493622218014766,0.2197969597991393,0.001165640841703146
doc3,0.0006337948400968337,0.209817129869948,0.0006337922938474265,0.000633967075904483,0.000633829057811708,0.7863797245190685,0.0006338613954032351,0.0006339009479198532
doc4,0.20990350893841295,0.09289139133616042,0.028161523630313774,0.462721230962464,0.15550827992167002,0.0007532300554895812,0.04930757108602078,0.0007532640694684813
doc5,0.3211018070022533,0.00047221507683460536,0.00047223175281973075,0.676064657809625,0.0004722155684170728,0.00047227747456927977,0.0004722616927512023,0.0004723336227297093
doc6,0.21156547441370135,0.001433033420891859,0.0014331806657718411,0.45535505581686453,0.11690814076942758,0.2104388277814231,0.0014332738393223526,0.0014330132925974145
doc7,0.37789130613320077,0.0009028875229689808,0.013428556096707915,0.6041662668939117,0.0009028487629854377,0.0009027449501207774,0.0009027434717488813,0.0009026461683555425
doc8,0.5734219058509872,0.0012535146732101418,0.0012532830280005645,0.0012534800722660982,0.20468082967236864,0.0012534910879032917,0.2156298964953469,0.0012535991199171294
doc9,0.001101483614597568,0.0011014897696076113,0.9922895373766797,0.0011015161796598077,0.0011015035706980522,0.001101522384557361,0.0011014035609361592,0.0011015435432640197
doc10,0.001101483614597568,0.0011014897696076113,0.9922895373766797,0.0011015161796598077,0.0011015035706980522,0.001101522384557361,0.0011014035609361592,0.0011015435432640197
doc11,0.00021202185726916493,0.6824630551980043,0.00021199212690180668,0.00021201878014419766,0.16087436181538464,0.08075419679152833,0.053444961249049086,0.021827392181718506
doc12,0.0005891154163733371,0.19361915996318432,0.00058907290916226,0.0005891108438363563,0.4990683515634405,0.14844213676219545,0.1565139650299814,0.0005890875118264285
doc13,0.0008419739587774926,0.0008419875039584466,0.0008418694693222422,0.0008419604492737994,0.6176431210929977,0.0008419259818115098,0.0008419627418940021,0.37730519880196484
doc14,0.001825321967246847,0.0018253745030299023,0.0018250286274952622,0.26142760368114437,0.24424226334014992,0.1916552987953838,0.001825310542799693,0.2953737985427502
doc15,0.1649470827421723,0.06553188541141382,0.0005656971257011526,0.32869459613343516,0.0005657591222394942,0.12478456725674457,0.31434464288490943,0.0005657693233841449
doc16,0.0011015587009366443,0.0011015236424730453,0.0011014932005002822,0.0011016715375461992,0.0011016053679332558,0.992289133695692,0.0011014902216268101,0.001101523633291577
doc17,0.000403652309693165,0.0004036901307739499,0.00040358140380690255,0.12041083490628152,0.0004036319995289866,0.8771672383841852,0.0004036803311004019,0.00040369053462988665
doc18,0.0005531994998945165,0.0005532365704722946,0.0005531743386808254,0.06053285702899743,0.71689410400009,0.0005532793908451431,0.0005532214757913476,0.21980692769522844
doc19,0.2114594367784728,0.0007103920713025135,0.016842339843944582,0.07261470794212976,0.1549851868871363,0.0007103736022310597,0.5419671998767247,0.0007103629980584133
doc20,0.0013372987452108817,0.12664338902826622,0.0013370208051439727,0.3148723639550237,0.5517983379534411,0.001337185700055282,0.001337256893473596,0.0013371469193852999
doc21,0.09269043945133966,0.0006144498116569588,0.0006144193935894589,0.11506899572090455,0.11021732808992267,0.17661853668893654,0.4185042147090312,0.08567161613461893
doc22,0.33651805140819574,0.0005925569384327651,0.0005924855610563235,0.1413048790054203,0.12430186835863134,0.39550502429664575,0.0005926065669465048,0.0005925278646713594
doc23,0.001222729241914054,0.8068851861609458,0.0012226124406656087,0.0012227629944684601,0.0012228256077150158,0.1857782187423791,0.001222821970115944,0.0012228428417959392
doc24,0.00044498115769091756,0.00044495631394850775,0.0004448865105837963,0.09082132771381844,0.0004449465658127211,0.7197813035792927,0.1871726316587038,0.0004449665001490638
doc25,0.054938820022389034,0.000521498910607308,0.0005214264354986649,0.5667620592930024,0.0005215153252040936,0.269837307253197,0.0005214765502660293,0.1063758962098355
doc26,0.000431510105462382,0.1072907102842091,0.00043148845274962083,0.5546123576120183,0.23128625396613728,0.0004315276727460067,0.10508463162828091,0.00043152027839642816
doc27,0.0013376012742697164,0.0013373494221705386,0.1417013074032142,0.28243861752589167,0.0013376018235926094,0.24513097775671114,0.3253791030174961,0.0013374417766539779
doc28,0.19778557452047069,0.30949295546105915,0.002336985857797956,0.13240512233465393,0.350968401806647,0.002337072907320478,0.0023370678555886225,0.0023368192564621505
doc29,0.0014754234952490451,0.001475463738911511,0.0014750708517565427,0.37514767825839607,0.2538337889283117,0.3636417928446348,0.001475459220673059,0.0014753226620672617
doc30,0.04239533200333623,0.0010022590441380584,0.0010022662271339737,0.0010023346669247246,0.0010022229378704684,0.8213017144247292,0.13129169028208953,0.0010021804137777864
doc31,0.15478083630684925,0.20249713714013895,0.0015938743499110063,0.4703501577632563,0.09701840243509562,0.07057387533516933,0.0015929329318709706,0.0015927837377085227
doc32,0.0008638443484573049,0.1384344974109154,0.027771724743786242,0.0008637770414953018,0.37893575140772895,0.45140293439210766,0.0008637939269272567,0.0008636767285818867
doc33,0.07106244333233275,0.15723491674466333,0.0014974019693818573,0.49838726448769566,0.0014973758691065615,0.26732601782265175,0.0014972577026401675,0.0014973220715279669
doc34,0.0021370199487765083,0.002137101327426468,0.002136966480534361,0.0021371478291500106,0.0021369925145976543,0.33222971969152143,0.0021371175322079973,0.6549479346757855
doc35,0.4231215718506612,0.12125821959058833,0.0008711716541644,0.4295104416031731,0.0008712819967559643,0.0008714187627847188,0.022624568107732303,0.0008713264341400039
doc36,0.4544678292232467,0.000439070482792038,0.00043914608483184,0.5428976829782864,0.0004390478255781528,0.0004390686940508375,0.00043905844755847957,0.0004390962636555103
doc37,0.2477939269319595,0.0015436364572054004,0.0015434410253772819,0.22629751994794545,0.30304318108388295,0.0015436898987235387,0.21669092666053802,0.001543677994367996
doc38,0.0007258834120012227,0.0007258398195665013,0.0007258470336334323,0.9949188772663098,0.000726029602221897,0.0007258659400030853,0.0007257992487198347,0.0007258576775442549
doc39,0.33886587111453664,0.0013740905039902524,0.0013739360928753139,0.0013738687790883363,0.001374019795569485,0.15085379516850303,0.503410522384836,0.0013738961606011113
doc40,0.0005962112960306062,0.0005961334285796497,0.05369502671839888,0.0005960934159594289,0.5034286499765142,0.3046205052210036,0.13587132084118606,0.0005960591023276492
doc41,0.00047908712192851834,0.3205196119135735,0.0004790396991568097,0.23506987189684836,0.3041496419395937,0.13834464676425154,0.00047908429712012376,0.00047901636752740794
doc42,0.2710289232322394,0.0005563158070419565,0.0005562305954903719,0.7256333146431013,0.0005562790002469853,0.0005563123268574401,0.0005563583887048298,0.0005562660063176007
doc43,0.0007826290682017996,0.5430684121493415,0.0007828511457029674,0.07319757502472286,0.27535313300576114,0.10524997329377518,0.0007827635481489028,0.0007826627643456835
doc44,0.0011014502896014786,0.001101593986682225,0.0011014709760571583,0.00110154224593016,0.0011016731277784105,0.001101512183135017,0.9922893142122875,0.001101442978528104
doc45,0.003731591333114518,0.0037317828989265195,0.003731516484325696,0.0037323171330704,0.0037316051488306932,0.0037326050474769876,0.0037320592423617984,0.9738765227118934
doc46,0.0008281093897440008,0.0008280130590213287,0.0008279065793402906,0.9153522976088353,0.0008279929266173322,0.000828007367254568,0.07967974712663273,0.0008279259425544534
doc47,0.05447666943729983,0.0017306308776242779,0.0017304508215962508,0.001730542413443257,0.0017304828801234886,0.24629720363603252,0.6905734030131584,0.0017306169207220495
doc48,0.00040692350965374006,0.00040693080656303794,0.000406896132478479,0.08770239357742145,0.09819055624980559,0.7204673475324376,0.0004069462794321227,0.09201200591220805
doc49,0.0008491308997993523,0.000849132564064134,0.0008490597622774059,0.0008490829547581089,0.3067177108663362,0.3554668404601765,0.09945062572660114,0.23496841676598706
doc50,0.010801862437748217,0.1749804535316469,0.0005960302611673601,0.000596131492171321,0.15815431899934948,0.40014869477519927,0.2541264288147325,0.0005960796879850356
doc51,0.0019689982005471865,0.0019690352279143454,0.001968727728805165,0.34288643932240415,0.0019689629929919403,0.24916526754211957,0.0019688594856955895,0.398103709499522
doc52,0.002451516496401249,0.002451706111573282,0.0024519442671965697,0.00245130423213318,0.0024516222314223905,0.5982797790625588,0.002451482734733339,0.3870106448639812
doc53,0.1111465121554228,0.41614786764689,0.000927838098522989,0.17270575430726495,0.13976299738066764,0.0009278892371045461,0.1574532326081502,0.0009279085659769063
doc54,0.002283802342426124,0.0022837287797208236,0.00228321655696456,0.07963739975228061,0.9066612159075813,0.002283667591542436,0.0022835554535110803,0.002283413615972959
doc55,0.0011524282169217066,0.00115232576290962,0.001152230743203262,0.17483549091372738,0.0011522759177081763,0.0011523078647523337,0.001152271421449799,0.8182506691593276
doc56,0.0021837631281932993,0.0021842031869075415,0.0021835742461505654,0.002183905850191537,0.002183876603775638,0.12229083216836269,0.002183755369394904,0.8646060894470239
doc57,0.0004932167523986519,0.0004932326574184321,0.0004931648402963195,0.0004932652453581019,0.06995204164143799,0.8966314034076452,0.0004931973319656564,0.030950478123479546
doc58,0.0011395040349311061,0.29158087589349235,0.10141616024663784,0.21724446497435046,0.0011392292496212068,0.001139166872001881,0.0011393049840362583,0.385201293744929
doc59,0.11190973484699156,0.2249991792638689,0.0007419678724899313,0.0007421057359894535,0.30084960283667445,0.3592733054314922,0.0007421027883694243,0.0007420012241239927
doc60,0.0008946502831084636,0.000894675812284549,0.0008947313372719848,0.08901210290909045,0.0008947013506665068,0.19608889344481578,0.0008946420918483108,0.7104256027709139
doc61,0.0014972544973887896,0.4561996476554705,0.0014971502975865253,0.5348163493182189,0.001497323438773658,0.0014972980584541048,0.0014974212699073064,0.0014975554642003453
doc62,0.00926100153884378,0.009260967184214465,0.009260223403371412,0.9351731538206163,0.009260895943893586,0.009261304034698143,0.009261882395451289,0.009260571678910994
doc63,0.5631244708167352,0.0011264596855541295,0.04489975809669644,0.3863437234647903,0.001126294725943558,0.001126266276245392,0.001126586332229249,0.001126440601805679
doc64,0.0034736367217766705,0.0034736473407563245,0.0956462039172232,0.8835118302445504,0.0034738402874853794,0.0034732154620310623,0.0034744617136101955,0.003473164312566829
doc65,0.0012228567157515037,0.23338384611309893,0.0012228919010832799,0.0782341447583054,0.5565313065789946,0.1269590842752183,0.0012228995522673219,0.0012229701052806307
doc66,0.38884206750226286,0.0017610915468602212,0.1459342136459853,0.22798922291872373,0.001761035310410091,0.0017610941058918861,0.0017610532624779715,0.23019022170738798
doc67,0.20990350893841295,0.09289139133616042,0.028161523630313774,0.462721230962464,0.15550827992167002,0.0007532300554895812,0.04930757108602078,0.0007532640694684813
doc68,0.000992276229832445,0.0009922171813703648,0.9930543111799066,0.0009921807105351369,0.0009923081518395755,0.0009922618252534497,0.0009922138760358682,0.0009922308452264632
doc69,0.000992276229832445,0.0009922171813703648,0.9930543111799066,0.0009921807105351369,0.0009923081518395755,0.0009922618252534497,0.0009922138760358682,0.0009922308452264632
doc70,0.0014128188449498353,0.0014131400524657685,0.0014125571177782432,0.0014127260564678452,0.001412868469775986,0.9901103365879879,0.0014127367653132884,0.0014128161052611421
doc71,0.0018944564939659537,0.0018943745801434735,0.0018940931244547494,0.0018943848451669694,0.0018944092589034726,0.9867394234267554,0.0018943345643308072,0.0018945237062792354
doc72,0.001969293291749215,0.001968825359326202,0.0019686991826388463,0.0019689530744347655,0.0019687128992426956,0.3264526403344246,0.0019688225678346463,0.6617340532903492
doc73,0.2931769469686032,0.00048369758016456033,0.0004835951567033332,0.2659032917372824,0.0004836728845301949,0.12849608245469143,0.3104890700555941,0.00048364316243085134
doc74,0.0015434652893000992,0.40557101541644236,0.0015433851707032109,0.5851680417444961,0.0015435130718952199,0.0015435210286673289,0.0015435900989419545,0.0015434681795537402
doc75,0.00271819506652738,0.29551918552061013,0.0027183310584901095,0.6881705614365761,0.0027179515696626228,0.0027184959232875797,0.002719334342212658,0.0027179450826333813
doc76,0.0005471965094770249,0.0005472192714831132,0.048714682539075904,0.0005471839887400191,0.000547313827270645,0.0005472623465415346,0.9480018863865262,0.0005472551308856511
doc77,0.004202773917308535,0.004202987622624969,0.0042025016419376315,0.9705813599713515,0.004202425593909374,0.0042030486151800085,0.004202377260216835,0.0042025253774710366
doc78,0.04176781542838131,0.14469673696642732,0.0008945734127628574,0.0008946590006129614,0.042397007540405145,0.0008946798312338767,0.0008946994811181833,0.7675598283390582
doc79,0.051571953895750866,0.0005031327216956,0.000503065409725076,0.5625580894907444,0.0005031471272394747,0.2808862076054173,0.0005031124181258793,0.10297129133130145
doc80,0.17613743692017875,0.2259970351824736,0.0014974044783222164,0.20664553915688297,0.001497480863695554,0.38523001778848914,0.001497507209756104,0.0014975784002016887
doc81,0.0005134998049235059,0.0005134806550083732,0.0005134161263608145,0.08108711306965594,0.67011261099872,0.0005135135654458443,0.0005134706637698323,0.24623289511611565
doc82,0.12424251073073483,0.0709360057644548,0.04202693572786365,0.6766169411199316,0.0009027800833174891,0.0009027797450368171,0.0009028044715446664,0.08346924235711606
doc83,0.5590993928834566,0.0020500653781519054,0.10438214078122819,0.0020499714618815285,0.002049892802917319,0.3262688003432848,0.0020498873782671865,0.002049848970812347
doc84,0.33886587111453664,0.0013740905039902524,0.0013739360928753139,0.0013738687790883363,0.001374019795569485,0.15085379516850303,0.503410522384836,0.0013738961606011113
doc85,0.0011794994442406955,0.0011796768490336127,0.0011793391352327982,0.1120418242985776,0.18194207807823215,0.7001184571881177,0.001179652466641842,0.0011794725399236837
doc86,0.0007705848498213863,0.16365482409296517,0.0007705375122746711,0.058411816392050064,0.0007706044170269191,0.0007706706043508837,0.7740803490373988,0.0007706130941121645
doc87,0.0006859867415125471,0.8976714318551109,0.0006859175006005498,0.0006860733035962986,0.0006861552940025626,0.07782913014343582,0.021069281907469237,0.0006860232542722582
doc88,0.001355415286102459,0.05762655661115806,0.0013553791745048874,0.8023533969955904,0.1332431067948259,0.0013553816533268532,0.0013554794427528142,0.0013552840417385746
doc89,0.0011016694660783628,0.001101595685094459,0.00110144879042452,0.0011016957570383267,0.0011015285638097604,0.7381742408435836,0.255216324561673,0.0011014963322979658
doc90,0.35341632645467486,0.08917780080394096,0.048530793383908435,0.49274284189713374,0.00403357098289303,0.004033091022800688,0.004032812231123198,0.004032763223525022
doc91,0.3980816678590555,0.5334810406279082,0.050446780952010065,0.003597716893184925,0.0035981659544425193,0.0035985112012842783,0.003598176560812999,0.0035979399513014405
doc92,0.19118926874828826,0.0010777974648344764,0.0010778230575690334,0.6992402912208079,0.10418108473982572,0.0010777563448136779,0.001077819510642391,0.0010781589132186757
doc93,0.37224567722303703,0.0008948112956537981,0.013245288743772777,0.6100355363316621,0.000894769994971595,0.0008946700377247907,0.0008946705080342403,0.0008945758651437061
doc94,0.003049251665216888,0.3982100400883675,0.0030493761073503343,0.0030498373203700006,0.003049154177358588,0.09633182559025291,0.0030493581724973942,0.4902111568785863
doc95,0.33886587111453664,0.0013740905039902524,0.0013739360928753139,0.0013738687790883363,0.001374019795569485,0.15085379516850303,0.503410522384836,0.0013738961606011113
doc96,0.0005962112960306062,0.0005961334285796497,0.05369502671839888,0.0005960934159594289,0.5034286499765142,0.3046205052210036,0.13587132084118606,0.0005960591023276492
doc97,0.00314485655928752,0.0031449981439691907,0.003144818228590508,0.0031456453656492364,0.0031448617789661855,0.0031455795108944282,0.0031451800644114896,0.9779840603482314
doc98,0.0004005002116141655,0.0004004420533985048,0.0004003776456931899,0.00040041690746803557,0.0004004037215093092,0.13489121696657141,0.7278162511407853,0.1352903913529601
doc99,0.0007888549098748303,0.0007888737612245274,0.0007887824520407743,0.0007888155306726392,0.27561355100013246,0.30634040082665587,0.1591843118236021,0.25570640969579683
doc100,0.0005754478174767337,0.2612007709375565,0.0005754429949357246,0.0005755757558625621,0.0005754794793386742,0.7353462181930385,0.0005755220193555826,0.0005755428024358394
doc101,0.0006545209459418009,0.8750928820285392,0.0006545478607882093,0.0006546359412831504,0.0006545546562044562,0.0006547758756700691,0.12097936586517956,0.0006547168263936298
doc102,0.0009635488498785907,0.0009636186089449249,0.0009635106929329333,0.0009635838397071722,0.0009636316150917918,0.0009635735366768997,0.9932550338305959,0.0009634990261717837
doc103,0.00137390619706735,0.0013741722227549602,0.0013737265550737578,0.5487760445081037,0.16992391989176048,0.2744300397841907,0.001374045896340866,0.001374144944708097
doc104,0.0015201989490983613,0.0015200888120142043,0.0015200239009741867,0.45110956012433834,0.0015201592416428764,0.21330049203401952,0.001520119087432661,0.32798935785047995
doc105,0.0015434534462891198,0.0015437219137361513,0.0015435385435479643,0.0015434897705122594,0.08009740618854319,0.0015438537867576163,0.9106409476554537,0.0015435886951599297
doc106,0.13615666779762794,0.1660912949980305,0.0017304880473987384,0.001730698284689353,0.1870103212682323,0.0017307657936792757,0.0017307140409357278,0.5038190497694063
doc107,0.00046569898433459735,0.8522060585096143,0.00046563463242480944,0.00046573894623974427,0.00046570873801200763,0.0004656704811153301,0.13369348990468455,0.011771999803574672
doc108,0.11838042100115334,0.09759670966445454,0.002136886626726371,0.002137420894438143,0.0021374153266525485,0.08785960041530573,0.0021373001162629,0.6876142459550064
doc109,0.11912339381279319,0.001543497704444983,0.0015434060999468726,0.15962248756020428,0.07016228472338547,0.0015437072590440111,0.001543453536962488,0.6449177693032186
doc110,0.14270897930855617,0.5949159910866346,0.13216237159207472,0.0007475190029562553,0.12722234223160694,0.0007476046304254384,0.0007476059249547545,0.0007475862227911341
doc111,0.002049498215821931,0.7584938539642211,0.0020494314533482014,0.0020496678479840495,0.0020496885166010645,0.0020495938797999175,0.22920877900928274,0.002049487112941018
doc112,0.0014126980937018247,0.0014127471577076744,0.0014127142175270938,0.4804131442193482,0.0014129167312148408,0.16017105652288405,0.1891678093245622,0.1645969137330541
doc113,0.0008563051160505338,0.22057018817413268,0.0008564263796783523,0.0008564084110618515,0.2013585680666181,0.0008564890566057707,0.0008563718116957662,0.573789242984157
doc114,0.22014383280526018,0.5974724157403262,0.10294334930890695,0.0010333679748649697,0.07530713868449034,0.0010333182932633705,0.0010333137748955844,0.0010332634179924518
doc115,0.0010441453836762058,0.9926914858599846,0.0010439580979497531,0.0010441833407188468,0.001044059820375738,0.0010440405318069986,0.001044014039464856,0.0010441129260232095
doc116,0.0008789528433390987,0.0008789421070008553,0.0008790633422206,0.0008790186902812964,0.0008788917692907607,0.614107476882028,0.0008789127718147351,0.3806187415940245
doc117,0.20059084941001454,0.12577733836932747,0.0008210830955205246,0.6695258992340695,0.0008211795316012518,0.0008212116444385787,0.0008212384062548817,0.0008212003087733276
doc118,0.17411333941271565,0.0010778061803517717,0.0010777282544976138,0.8194198286533113,0.0010778825079772489,0.0010777956994947283,0.0010778611750655075,0.0010777581165861277
doc119,0.19520560828646227,0.295153872682642,0.019949789472674243,0.3883934467363019,0.001355401275399832,0.09723126996861689,0.001355310107073906,0.0013553014708290235
doc120,0.5817447277219527,0.0008867459818088457,0.03959891815837802,0.31290610930368984,0.0008867256792452323,0.06220316099764187,0.0008867901242105446,0.0008868220330728828
doc121,0.000982433201841887,0.0009825728525825327,0.9931225784298164,0.0009826202365513588,0.0009824404331397036,0.000982451832744778,0.0009824791561654537,0.00098242385715797
doc122,0.0015433635615687007,0.18332927581761863,0.0015435327315753353,0.0015436642666888751,0.0015434891147201295,0.0015436222383168365,0.5577917868321235,0.251161265437388
doc123,0.000982433201841887,0.0009825728525825327,0.9931225784298164,0.0009826202365513588,0.0009824404331397036,0.000982451832744778,0.0009824791561654537,0.00098242385715797
doc124,0.060360233051945586,0.0003524769991087754,0.011455237932014662,0.0003524411150987668,0.08348196095814023,0.6211810526864799,0.22246397932178105,0.0003526179354308833
doc125,0.11862205049986127,0.3030505092450132,0.0007257653904327035,0.0007258346234057254,0.0007258834789685424,0.5746982645378279,0.0007258809389319926,0.0007258112855586008
doc126,0.0010778369611214584,0.0010778676896993113,0.0010776589608598685,0.001077829094773963,0.0010778266952718107,0.0010778763027203555,0.9924551713990835,0.0010779328964696416
doc127,0.3956630666947468,0.003145185604900253,0.00314499887553876,0.5854652677199828,0.0031453752869491595,0.003145164815489221,0.003145701665149589,0.0031452393372435076
doc128,0.0010778369611214584,0.0010778676896993113,0.0010776589608598685,0.001077829094773963,0.0010778266952718107,0.0010778763027203555,0.9924551713990835,0.0010779328964696416
doc129,0.47571122861233606,0.002794662585435497,0.23085291421046916,0.2794661918136663,0.002794053624139983,0.0027937535650710975,0.0027936467462444645,0.002793548842637569
doc130,0.003731779674980253,0.0037328317520113584,0.00373215978170552,0.5229005587470258,0.0037319256168995203,0.0037323788405729356,0.4547057983101287,0.0037325672766759257
doc131,0.0005997332571476133,0.45084173007334266,0.0005997382745127673,0.15071753896404114,0.0005996940036457918,0.000599655248572801,0.39544221325991546,0.0005996969188217406
doc132,0.0014127119432265523,0.17398144206057278,0.0014125247146613417,0.4010561058428779,0.327071920894567,0.0014128104552633765,0.0014128688057673691,0.09223961528306378
doc133,0.09442828040996665,0.2040454924769468,0.0003706901060061132,0.5245638343900951,0.01898516733747246,0.0003707336939789206,0.15686506375966097,0.0003707378258730749
doc134,0.0009108864969836777,0.07483405200739172,0.07535842888763045,0.2142770640199821,0.0009108868586008081,0.28030578126130007,0.0009109984619410851,0.35249190200617003
doc135,0.0016724046800672338,0.0016727823081395573,0.0016724886953136447,0.0016730781187188051,0.00167246276019672,0.0016726770520936575,0.9882914497736726,0.0016726566117978897
doc136,0.001022769724238939,0.17458412432061687,0.00102259823997634,0.1454258096770865,0.0010228493269210763,0.22595542499878532,0.0010227347173899944,0.4499436889949849
doc137,0.0017307610166316593,0.5016486247736295,0.0017305827313224221,0.0017304910296170896,0.2527437639544814,0.12173449738522471,0.001730496893360166,0.11695078221573307
doc138,0.03684813087857909,0.0009027392272023576,0.07985023555098436,0.8104035871020763,0.0009027504974907081,0.06928713668860638,0.0009026860820590082,0.0009027339730017761
doc139,0.18192909359088436,0.1697197576257231,0.0024517623902121774,0.002451888211533255,0.5047604645746406,0.0024516500547260784,0.13378395375149765,0.0024514298007827728
doc140,0.0019690120287982316,0.355887148490295,0.18793776192116288,0.0019692380107666544,0.4463299402949254,0.0019688929917990395,0.0019690724723733376,0.0019689337898794704
doc141,0.0010022565563200542,0.2450291378554385,0.0010021432824857555,0.23320609917696425,0.12607504572460737,0.2870462408389636,0.10563692168574303,0.0010021548794775241
doc142,0.0010230384136792078,0.0010227313105551743,0.001022668256277872,0.2700458576134197,0.001022671972884925,0.1513528657070415,0.3220501603464141,0.2524600063797276
doc143,0.0009193375540791995,0.0009193419753232462,0.0009192522543638748,0.2221589788306487,0.4535701658499524,0.16381574896539042,0.1567778468281004,0.0009193277421418317
doc144,0.001761383933741821,0.0017611453898584433,0.0017608084117853627,0.10320082669857554,0.0017610274174506876,0.2273442925914818,0.0017609960707141018,0.6606495194863923
doc145,0.13592909371230866,0.0025131235382218862,0.0025129159425308755,0.8489922484216564,0.002513051914475043,0.0025131434647352622,0.002513220488847116,0.0025132025172247873
doc146,0.19557665467530042,0.5690947670485069,0.0017303434951924602,0.22667593110866227,0.0017307153037253906,0.0017305905045069485,0.001730556129407077,0.001730441734698544
doc147,0.0008280454932132377,0.7897365172923665,0.07270387053772343,0.0008280290496533512,0.13341937921661495,0.00082804860957504,0.000828069620953812,0.000828040179899676
doc148,0.001089587080167457,0.14963970912654667,0.001089504572334097,0.2528576607713753,0.15425616795597188,0.0010895314463261587,0.43888826905340456,0.0010895699938739177
doc149,0.09962694123145441,0.0015677604739652569,0.0015683997256708815,0.8309383015484845,0.0015678453452522105,0.0015678194245088426,0.0015677911967168735,0.06159514105394705
doc150,0.09976893203501479,0.07996331170547129,0.0013551736929722665,0.6048170176969703,0.0013552252369282767,0.0013554077636397277,0.21002946409297535,0.0013554677760279187
doc151,0.00033585366201536906,0.861246217244786,0.00033584988856501306,0.0003358754594763842,0.00033589450419299946,0.0003358689405342015,0.1367385813163115,0.0003358589841184696
doc152,0.000296118895443612,0.0002961173962806148,0.06024091506198181,0.3029004343192886,0.00029609721863348745,0.08076897619494643,0.5549052364513184,0.00029610446210709423
doc153,0.0009108166098915737,0.0009108911142634986,0.0009110135312856132,0.0009109000766106528,0.40198480949795634,0.15747601502254002,0.0009108879400181356,0.43598466620743415
doc154,0.0012379394202699013,0.30556466001083943,0.0012377722206365072,0.001237858656330509,0.35441793054239584,0.0012378935100684843,0.3338280012307886,0.0012379444086708122
doc155,0.0014126066084057017,0.0014126293223440415,0.0014128680149502336,0.04057232369812795,0.042834146970656385,0.0014127534608467142,0.001412600458223718,0.9095300714664454
doc156,0.03485526421526164,0.0011139091725073185,0.0011139684607505208,0.0011138608860731274,0.10410348194131427,0.5074486853432079,0.0011140204573395142,0.3491368095235458
doc157,0.0013741447155903698,0.2556100288628862,0.0013738283499008402,0.7361459496470525,0.0013739682338826092,0.0013739895552210412,0.0013740210803893408,0.0013740695550773113
doc158,0.000894692374473767,0.0008947681972634487,0.0008946990466685348,0.0008947781372969665,0.12416905152876577,0.0008946856950028501,0.0008946349210356405,0.8704626900994931
doc159,0.0006299229563388426,0.0006299096133980027,0.0006298606073315284,0.6243646087165559,0.13921578853408412,0.0006299048701244333,0.22099060454898328,0.012909400153183983
doc160,0.0011391759594849822,0.001139198175375746,0.001139049948638708,0.001139254498541876,0.001139116703970197,0.9920256724783703,0.0011391945594997686,0.0011393376761184614
doc161,0.0007004440633671945,0.08804377402892508,0.0007003883064671927,0.0007005366784724782,0.0007004877125222756,0.4295288764935389,0.0007005777210155391,0.47892491499569123
doc162,0.0008712170681512278,0.4966675389422935,0.0008712357804463569,0.24252751137073578,0.0008714539933390923,0.0008712289426536597,0.23181470317170932,0.025505110730671035
doc163,0.0008637317988328049,0.0008637757644494463,0.0008636801774412984,0.196631012486841,0.0008637751008234558,0.000863782076021734,0.7981865182457696,0.000863724349820627
doc164,0.0008280501290564421,0.32158151186188405,0.0008279299221818377,0.0008280533063319219,0.30693683890900736,0.0008280765397710268,0.0008280551755014535,0.36734148415626594
doc165,0.07062988830861988,0.054258734562135515,0.0009453629899045819,0.6413359022858149,0.000945444924565938,0.13373411468325644,0.09720509395887658,0.0009454582868260904
doc166,0.0026462698669991523,0.0026461297404097596,0.0026460548443054993,0.7043762232155472,0.279746553568527,0.002646244114307515,0.0026461874782886243,0.0026463371716152224
doc167,0.0008490617660035542,0.4457362672602416,0.0008490172466578232,0.0008491604755386408,0.5491691940237694,0.000849112369803823,0.00084912254326338,0.0008490643147217625
doc168,0.0010549902390133384,0.0010551732596518146,0.0010549897511169292,0.001055121987758717,0.15214434993383888,0.12267563875147666,0.0010550348111658537,0.7199047012659778
doc169,0.0029130772631371553,0.33174439661372,0.03248877835043971,0.5456830241471847,0.08529299276313768,0.0006259405841451581,0.0006259312771829437,0.0006258590010524848
doc170,0.0969101057397295,0.038456549336436566,0.012192695327861262,0.19785446134101634,0.0003128057261701171,0.07263702586634861,0.5813235740064592,0.0003127826559783933
doc171,0.2574381522391367,0.3109546005099087,0.2073905127006481,0.12214623275808044,0.0006722682039143761,0.0006721964617837282,0.10005386241359567,0.0006721747129323714
doc172,0.4528614014600071,0.060484179432754304,0.0016183597295142368,0.21598990517252362,0.07239257725644425,0.001618470342216626,0.0016187411835730517,0.19341636542296678
doc173,0.0005821976674979497,0.0005822347705457365,0.0005822832771519576,0.9527127011335027,0.0005821911565187138,0.0005822574819042354,0.0437939684317067,0.0005821660811718837
doc174,0.0018589891016459119,0.7395115411689924,0.09697858111737269,0.0018590806775522282,0.0018591551540548612,0.001859075817055565,0.15421454429779202,0.0018590326655342861
doc175,0.0008946057333785932,0.0008945729372127158,0.9937376605232685,0.000894573040958248,0.0008946418430073308,0.0008946401266124115,0.0008947044860437357,0.000894601309518414
doc176,0.0008946057333785932,0.0008945729372127158,0.9937376605232685,0.000894573040958248,0.0008946418430073308,0.0008946401266124115,0.0008947044860437357,0.000894601309518414
doc177,0.0016182792755106035,0.1710925648374948,0.0016184252334934099,0.8191966305840479,0.0016183179725089583,0.0016183963023384956,0.0016187258472687024,0.001618659947337203
doc178,0.18344869064121685,0.3968869116317236,0.0017009276503157432,0.0017012364806042624,0.0017009916824675612,0.0017012879469550564,0.21876376854953988,0.19409618541717708
doc179,0.0010663132000598866,0.5889156141085101,0.0010663904780146244,0.04309587860668653,0.14550512613054462,0.0010663900187256842,0.21821778962931682,0.001066497828141832
doc180,0.0017008958471131125,0.7233810170199952,0.0017008599641449653,0.0017010181803994205,0.0017010871480503864,0.0017010023470514029,0.2664132235764601,0.001700895916785394
doc181,0.001269266163291612,0.20034715046539966,0.0012691471177337945,0.37078135094241904,0.2654308254143238,0.0012693507453354123,0.0012694597602697603,0.158363449391227
doc182,0.12244725298397792,0.4143636529173679,0.0011523075830085835,0.0011523295569356273,0.4574273578879005,0.00115236297119533,0.001152376180166984,0.001152359919447373
doc183,0.12020759816243591,0.20844737443617317,0.03758348600333438,0.19293856652752225,0.0019690667864915635,0.0019690133139832586,0.21363890442758343,0.223245990342476
doc184,0.0018592531888639706,0.13963444901541386,0.11731059550695934,0.4962094477710402,0.2394081721007285,0.0018593963813607452,0.0018593670134506239,0.0018593190221826256
doc185,0.17663157568146542,0.49827939106344504,0.016336420227344828,0.000849178232136118,0.30535603912618375,0.0008491108439254579,0.0008491646722711921,0.0008491201532281773
doc186,0.0015437065406948278,0.0015437169653991494,0.0015437962699255139,0.2741143707188811,0.07049967536912755,0.0015436565584025727,0.647667408339288,0.0015436692382812336
doc187,0.0008213423265075474,0.0008212715780528681,0.0008211488113218026,0.854276307864051,0.0008213758860013012,0.1407961027327395,0.0008212595068207692,0.0008211912945052824
doc188,0.0016184556908516302,0.42160705040676216,0.001618463096871531,0.0016186367425602085,0.26347353199247525,0.0016185396329227832,0.0016187044921936577,0.30682661794536276
doc189,0.0017607149442545268,0.001761149119633206,0.0017607358976124304,0.10474303535482463,0.2592736226291345,0.0017610105511288844,0.0017611321754574104,0.6271785993279544
doc190,0.0008491515619337227,0.0008491281354857205,0.0640016873119665,0.21517214546233135,0.0008490741658322832,0.0008490578637024675,0.7165806625827499,0.0008490929159980676
doc191,0.0014973224944582024,0.3970299920688841,0.0014973573423134317,0.25032316506240826,0.34516017111203945,0.0014973864435207163,0.0014973329879466133,0.0014972724884291832
doc192,0.001055197080501849,0.0010550698715030436,0.04152235714350449,0.2771843712079229,0.0410790265140526,0.48408780185999506,0.0010550964581667066,0.1529610798643534
doc193,0.0011657497655939496,0.0011659177993116076,0.0011655946741931649,0.41284869887784814,0.0011658101353450871,0.5801565549540612,0.0011657259073737918,0.0011659478862730845
doc194,0.002578471470031086,0.0025777546340708633,0.002577826468106471,0.764540527658152,0.21999049028887582,0.0025782448818536387,0.0025780631869336147,0.0025786214119765324
doc195,0.001672649275005558,0.001672630152548331,0.06776250811954564,0.7097242147873236,0.2141502428218331,0.0016725096322614001,0.0016726982154066244,0.0016725469960757679
doc196,0.0017305292151338686,0.0017305884931069358,0.0017302976129601707,0.0017306197513202693,0.0017306552504875443,0.4989885307373271,0.0017304360925351437,0.4906283428471291
doc197,0.09503638524323522,0.001672642694983868,0.02435048669853369,0.4425370708391636,0.0016725815020440652,0.19686564439947227,0.2361925133560554,0.0016726752665119108
doc198,0.5817447277219527,0.0008867459818088457,0.03959891815837802,0.31290610930368984,0.0008867256792452323,0.06220316099764187,0.0008867901242105446,0.0008868220330728828
doc199,0.14744901387820664,0.001319592765763187,0.0013195528680909237,0.5396896313079328,0.0013195371605877815,0.0013195494087901855,0.001319658780369622,0.30626346383025893
doc200,0.4679266996269942,0.0021371348620699677,0.0021374016662105083,0.27478936415082506,0.0021374037524432847,0.0021373096149485443,0.246597494591248,0.00213719173526065
doc201,0.6486443095458305,0.0017923655331726438,0.00179245795045027,0.19147407763587174,0.15091937856090368,0.0017924665117216255,0.0017924283687956377,0.0017925158932538185
doc202,0.001055233105295393,0.16086904165572957,0.0010549389990891591,0.0010552565807829693,0.8327999356122419,0.0010552060640887332,0.0010552619813907018,0.0010551260013815776
doc203,0.0012378655399069905,0.0012379558268821498,0.030406510672372922,0.1937486779704521,0.13772144686975013,0.0012378418130784459,0.6331718215702756,0.0012378797372817624
doc204,0.0014126066084057017,0.0014126293223440415,0.0014128680149502336,0.04057232369812795,0.042834146970656385,0.0014127534608467142,0.001412600458223718,0.9095300714664454
doc205,0.0010441453836762058,0.9926914858599846,0.0010439580979497531,0.0010441833407188468,0.001044059820375738,0.0010440405318069986,0.001044014039464856,0.0010441129260232095
doc206,0.0010778369611214584,0.0010778676896993113,0.0010776589608598685,0.001077829094773963,0.0010778266952718107,0.0010778763027203555,0.9924551713990835,0.0010779328964696416
doc207,0.001319376125769206,0.19753672530991234,0.001319613860052493,0.3418540677254132,0.001319635011946705,0.0013195173732189617,0.0013196981740150983,0.45401136641967205
doc208,0.0004722796123418417,0.5920927415031628,0.00047222418241738863,0.09198567760263959,0.0004722665169973327,0.0004723410420600598,0.31356018977007105,0.0004722797703099304
doc209,0.0008563655424128859,0.0008564650414336665,0.0008563945392731482,0.0008564495004376768,0.12775874240898905,0.0008563937590155341,0.0008563135666230494,0.867102875641815
doc210,0.002183767259866497,0.4497867150237796,0.0021838249306880687,0.00218423944137903,0.14643637783667332,0.002184067936635886,0.002184268282357936,0.3928567392886197
doc211,0.0012856194572837434,0.19157192276163007,0.0012857346284359877,0.0012857714814438533,0.8007137556335682,0.0012857746150492706,0.0012857325837501027,0.001285688838838881
doc212,0.002183705867131784,0.002184065568088732,0.002183830822184682,0.6510077908943777,0.0021838872317459165,0.0021839675793137326,0.20261063072535268,0.13546212131180474
doc213,0.0017926078171441558,0.0017924785714006212,0.0017927202852287254,0.0017928693366894592,0.0017925173711019306,0.001792707108633824,0.0017924424915450705,0.9874516570182563
doc214,0.3827616974899824,0.42924181841992454,0.0002184949143668192,0.0002184947663688898,0.11052245212486032,0.030922658878169213,0.04589590530787405,0.00021847809845384702
doc215,0.00045922217843238347,0.9967853724388337,0.0004592109615172137,0.00045923550582521456,0.00045928291350601946,0.0004592304080172595,0.0004592357613383534,0.00045920983252989103
doc216,0.001858930157871762,0.001859198292579957,0.0018589073252395889,0.001859224716795504,0.0018592265813218518,0.0018593364979543642,0.001859191063381523,0.9869859853648554
doc217,0.0033564818584651103,0.28999326259818475,0.003357175590004123,0.0033561915659679965,0.2577561855936649,0.1278935262399933,0.003356553850586136,0.3109306227031336
doc218,0.001519888158123224,0.9893588281987648,0.0015204978701452826,0.0015199926480309774,0.0015201345680312109,0.0015204062906269712,0.0015201026340324823,0.001520149632245099
doc219,0.01318324826163258,0.7818976583877636,0.00031474489307555984,0.03040664320271902,0.00031475095358712515,0.0003147312862269012,0.17325348210790983,0.0003147409070853217
doc220,0.0005354402890130904,0.268105115866748,0.0005355887077668148,0.49613572783544885,0.10663551273704495,0.0005354620353491042,0.000535483129212966,0.12698166939941627
doc221,0.004386520121928438,0.2748737801736088,0.004386031226389422,0.6120899956988913,0.0043865195130503,0.0911025942359189,0.004387001182249103,0.004387557847963778
doc222,0.0009193893413604535,0.0009193661259052816,0.11230194378790918,0.26724082220323997,0.306706173147959,0.0009193532451609243,0.310073554619248,0.0009193975292172324
doc223,0.0008946750713466801,0.5481869052616096,0.031574118433576395,0.18556492074456316,0.23109541695605706,0.0008945737265311255,0.000894714270595534,0.0008946755357204626
doc224,0.21487997331878553,0.0017925306983321762,0.20650015820886075,0.34393822606906543,0.0017925660571651608,0.001792650246893608,0.22751121766521565,0.001792677735681735
doc225,0.03967067081373265,0.11481984207057128,0.0011522605474989902,0.8397477245182673,0.0011524640602992966,0.001152265274675565,0.0011524487371583378,0.001152323977796592
doc226,0.5285240359943142,0.00053547393300646,0.0005353991785000064,0.4682633536292616,0.0005354122621675596,0.0005354101553986104,0.0005354982972874292,0.0005354165500641631
doc227,0.0007707609324642995,0.0007706952397640267,0.0007708035487753398,0.11539314244189057,0.000770557350564906,0.0007706870018153698,0.0007705635079598221,0.8799827899767657
doc228,0.000927758310276367,0.0009277523776571052,0.9935058139541215,0.0009277689326327756,0.0009277427975980645,0.0009277226139600611,0.0009277238760076951,0.0009277171377464112
