,topics0,topics1,topics2,topics3,topics4,topics5,topics6,topics7
doc0,0.0009110367576859279,0.0009108945553193136,0.0009110722033777088,0.0009108860964475671,0.0009109793983714048,0.0009109589294748329,0.0009109357787286394,0.9936232362805946
doc1,0.19637151577199566,0.0003910593605213295,0.00039102044542761445,0.5261011149226779,0.2755722336780358,0.0003910397111564109,0.0003910299040898884,0.0003909862060953944
doc2,0.34060764324249426,0.0005788782970280239,0.0005788707557848737,0.0005788387420065939,0.0005788587512285318,0.05573979635199797,0.600758212364498,0.0005789014949617383
doc3,0.0017926857747176865,0.0017924706416975005,0.3663955327622893,0.0017926977277009722,0.16117398935403257,0.0017927083856259447,0.46346746003948797,0.0017924553144479758
doc4,0.12470005365848268,0.4172241506018771,0.0034731742616971426,0.003472969376133637,0.4407107855982196,0.0034729529459851674,0.0034731288477719167,0.003472784709832879
doc5,0.001089561337215394,0.10626218696937419,0.0010895158094063177,0.13734183626451646,0.6726737818549473,0.0010895951863222793,0.07936408146161378,0.001089441116604356
doc6,0.0014975402796956927,0.20834710429879416,0.5807882509628342,0.001497433862870563,0.0014973942176235407,0.20337743929997001,0.0014975143057592202,0.0014973227724526597
doc7,0.0005215120920295813,0.0005215096952405457,0.0005215217359502373,0.12693914361844622,0.07489837865343574,0.06541726032911768,0.7227094445259041,0.008471229349875896
doc8,0.3037268003975944,0.1813279408243483,0.0005625852919600385,0.2600062122634096,0.0005625731998186337,0.0005625425354063409,0.2526887058895371,0.0005626395979256299
doc9,0.0009454178516425947,0.7747060324900106,0.000945434078871506,0.0009455213582272006,0.0009454652051020682,0.0788845868042472,0.1275603525361186,0.015067189675780218
doc10,0.001337294673321369,0.6506393984456899,0.30117060800044604,0.001337224913852254,0.0013372224325029819,0.0013371663661535993,0.00133727721564186,0.04150380795239198
doc11,0.25820636570616234,0.7387127956612063,0.0005134673836356042,0.0005134701429528662,0.0005134607929801452,0.0005134801993512782,0.0005134841296778795,0.0005134759840336912
doc12,0.0006338845992620972,0.0006338743946670604,0.3673432135018065,0.0006338319512572088,0.19923683766182837,0.21673648467145654,0.19687112653925337,0.017910746680468784
doc13,0.6593216305837513,0.33644575654135617,0.0007054341430807838,0.0007054906206197638,0.0007054819075723199,0.0007054550415249297,0.000705411066295705,0.0007053400957990316
doc14,0.0005755171590072335,0.5880582015247134,0.0005755183352250474,0.13832740275042776,0.0005755645909662589,0.05700131640629978,0.0005755385959440157,0.21431094063741646
doc15,0.0009110367576859279,0.0009108945553193136,0.0009110722033777088,0.0009108860964475671,0.0009109793983714048,0.0009109589294748329,0.0009109357787286394,0.9936232362805946
doc16,0.0009110367576859279,0.0009108945553193136,0.0009110722033777088,0.0009108860964475671,0.0009109793983714048,0.0009109589294748329,0.0009109357787286394,0.9936232362805946
doc17,0.7506429296075031,0.0009923268855671775,0.20848650411966324,0.0009922846934138176,0.000992332908404515,0.018315006935424046,0.0009922003624536831,0.018586414487570386
doc18,0.14927059026693573,0.14043971860372337,0.19123332114705915,0.0010777702663894641,0.001077864839842388,0.1814524532939358,0.3343705562470655,0.0010777253350486148
doc19,0.27320733815356685,0.27486666363841405,0.0003549803396103992,0.20445386221456271,0.1291683290382317,0.0003550167598665405,0.11723887851276141,0.00035493134298632246
doc20,0.0013932799835241925,0.11038182300642302,0.8812593653852484,0.001393170544254767,0.0013934869404110632,0.0013930493109124214,0.0013929454662654096,0.0013928793629607494
doc21,0.698093128862874,0.0005657862193838977,0.27815343933404635,0.020924812796116708,0.0005657425335743607,0.000565738172066955,0.0005656899780334037,0.0005656621039044159
doc22,0.0021373240588576856,0.002137162587215957,0.36332330506256844,0.0021370499332452044,0.20716101885243499,0.4188297843286484,0.0021371024289614316,0.002137252748068053
doc23,0.0006069425960630013,0.0006069943208501275,0.0006069641002798342,0.41446130896033817,0.4294384316886475,0.0006070081675957197,0.15306545035384933,0.0006068998123763317
doc24,0.44218269891596945,0.0008713660261673542,0.09756038672049623,0.35948535620157596,0.0008712981091065458,0.0008714541923608517,0.09728609551889927,0.0008713443154243885
doc25,0.047251258888430965,0.000446952293041952,0.0004469686706835152,0.00044697340110625696,0.3448812392296895,0.4439970483393792,0.15131742213424346,0.011212137043425156
doc26,0.28436235967328066,0.0010227657645006639,0.0010227291420063316,0.7095012024035219,0.0010227677298472544,0.001022845278104161,0.0010226842203251117,0.0010226457884139444
doc27,0.0010440857939732647,0.08712230880398236,0.25227907499593083,0.08139468698569845,0.0010441335001936407,0.5570862586898048,0.0010441738915137261,0.018985277338902977
doc28,0.792634540518575,0.12030868385789877,0.00036800329082216056,0.0003679827321449862,0.00036800501617278964,0.06782789924867962,0.00036799095288880156,0.017756894382817946
doc29,0.6569593943657763,0.16879284433144268,0.10791136946666292,0.0008419436912702284,0.0008419678459485164,0.0008419975962302832,0.0008419216769789239,0.06296856102569012
doc30,0.0011795908966817752,0.0011795952133476927,0.10680710057474528,0.0011795836298967464,0.26899118855828497,0.14145561785480762,0.4780277626191612,0.0011795606530746793
doc31,0.0011139314132957753,0.18177899547891277,0.0011139464148317486,0.4006204087918432,0.35163455760270873,0.06151072116666604,0.001113755794120125,0.0011136833376215397
doc32,0.3598652057540918,0.15148473391806289,0.35224776975087285,0.09692859432108203,0.0009454128845367096,0.0009454139713046498,0.03663756964219062,0.0009452997578584998
doc33,0.0016726103591883233,0.8827591249108477,0.0016727295930594342,0.026775890735265644,0.001672498627214145,0.028052006505394123,0.0016725009234887195,0.05572263834554195
doc34,0.20767178514595597,0.17071048376827616,0.0004136989606168512,0.00041365938379320173,0.6027602829994736,0.017202757194735373,0.00041367335743309905,0.000413659189715815
doc35,0.001413130958780786,0.9901095638213868,0.0014129169475301058,0.0014126823179394642,0.001413015670693768,0.0014128034847169372,0.0014128899858185094,0.0014129968131336035
doc36,0.6075193016024374,0.0034735838175892608,0.0034732274715922845,0.0034729163302001085,0.003473510817685772,0.3716417471592225,0.0034732533339973995,0.00347245946727518
doc37,0.001337356397246838,0.001337372571806629,0.5369867163191188,0.14781562472832618,0.0013373349776160599,0.308511352434226,0.0013371356049116886,0.0013371069667478797
doc38,0.3999640065341043,0.10281676431826858,0.2935294694554302,0.0008713154826782471,0.0008712808449468229,0.0008712398712308985,0.20020474532823637,0.0008711781651046326
doc39,0.0002411521533597853,0.3324167733209468,0.12747334553892303,0.00024114947332660324,0.2219084642439833,0.00024113636107969027,0.3172368689052959,0.00024111000308481805
doc40,0.003247576678977144,0.00324815464589865,0.0032477608386270894,0.2796711086995938,0.0032478244010993094,0.0032474682946180607,0.7008424821918658,0.0032476242493202027
doc41,0.0009278701875715412,0.2724130905369218,0.0009278977266334806,0.18591119556372873,0.0009277931991540031,0.04052362455424957,0.1644479263700186,0.3339206018617223
doc42,0.0009544713915441201,0.6432804202668819,0.0009545516397421553,0.0009543956063415358,0.0009543321712946846,0.0009543566753627917,0.0009546626006066342,0.35099280964822627
doc43,0.0017925307703055286,0.7475429335577224,0.12834217027173125,0.0017926792918122427,0.11515168038754366,0.0017928424629083115,0.0017926154768249894,0.001792547781151729
doc44,0.0011658647475395224,0.0011657007927533042,0.05656200169012995,0.0011657783190028464,0.3975404840287265,0.5400688296717499,0.0011657514547300481,0.0011655892953680146
doc45,0.0007365836812701701,0.5109155661328718,0.4257417632255032,0.0007364909553797663,0.0007365278727336599,0.000736598532579658,0.0596600087700933,0.0007364608295685087
doc46,0.730642328980832,0.12564257429545583,0.0011657359206677326,0.0011659178838988888,0.0011658314795148833,0.1378861637922819,0.0011658001299907558,0.0011656475173579825
doc47,0.0011264311327801684,0.00112658577713095,0.04164536977407317,0.3258833881160437,0.15825940813181663,0.0011264602992381218,0.46970586725722674,0.0011264895116905103
doc48,0.2602160049234046,0.0005031081210555178,0.218286732770112,0.0005031784089785626,0.18537926731906532,0.33410544069813486,0.0005031369911290372,0.0005031307681200505
doc49,0.00034160572910015637,0.1795681999702895,0.0003416020121094324,0.3991020654902549,0.4196216937658387,0.00034159867885375417,0.00034161394611037597,0.0003416204074430867
doc50,0.0020085359957726407,0.002008645861763843,0.3504643056068354,0.0020085565592515,0.22230059169372868,0.4171922167190435,0.002008465751466684,0.0020086818121378422
doc51,0.0009924725045870378,0.000992196701261408,0.0009921737593560766,0.0009922420148255602,0.000992268783445113,0.000992153340151423,0.0009921586758657697,0.9930543342205076
doc52,0.5322237571697664,0.0010123718012808093,0.43872782541310706,0.0010123635755438655,0.0010124037925128809,0.0010124981693563774,0.0010124399433017398,0.023986340135130704
doc53,0.0027940945584437995,0.002794278324021626,0.0027940978812681164,0.0027941655470187714,0.46531101100941297,0.17706354371258406,0.29786932426017426,0.04857948470707653
doc54,0.0020925664019582975,0.0020925614922515058,0.0020924900021676547,0.47294975571859926,0.4563181352759292,0.002092700608453522,0.06026917553415741,0.002092614966483219
doc55,0.0006907947801365613,0.000690801960605803,0.0006907992250754697,0.2743850642084863,0.32572647138364264,0.0006907450712221812,0.3964345849666612,0.0006907384041698483
doc56,0.05084133741999593,0.11237287254981036,0.0005502171685435227,0.08733329001251645,0.7004781519015492,0.0005501852727782568,0.04732378155031563,0.0005501641244907216
doc57,0.0010440642129653968,0.15529038203781395,0.05763377934858562,0.13620347077765163,0.00104400192586086,0.4601354181162017,0.1876048847625575,0.001043998818363294
doc58,0.0017305272744963691,0.0017303141915373673,0.7210810746265673,0.0017303445639100892,0.0017306448310405946,0.26853610092434105,0.001730595948798467,0.0017303976393088093
doc59,0.0013024082542220906,0.30573509729229487,0.001302475318540572,0.07242921153454968,0.5505097161580843,0.0013025072487169449,0.06611600483496412,0.0013025793586273723
doc60,0.33213023151879684,0.17917658839235762,0.41265869070335615,0.0005502352683611564,0.0005502101587930991,0.0005502275197331029,0.05456203616498911,0.019821780273612925
doc61,0.0010550386548169102,0.001055061353501094,0.992614957374647,0.0010550457113999178,0.0010549452594714127,0.0010550568909612691,0.0010549164035543758,0.0010549783516479916
doc62,0.0009924725045870378,0.000992196701261408,0.0009921737593560766,0.0009922420148255602,0.000992268783445113,0.000992153340151423,0.0009921586758657697,0.9930543342205076
doc63,0.7119433133439032,0.0011656909470241909,0.0011658337792828765,0.0011657195214167429,0.0011658362032025494,0.28106216268342965,0.001165732651195307,0.0011657108705454375
doc64,0.0009924725045870378,0.000992196701261408,0.0009921737593560766,0.0009922420148255602,0.000992268783445113,0.000992153340151423,0.0009921586758657697,0.9930543342205076
doc65,0.0529602514477268,0.04127731153259302,0.19266635743380048,0.0007827160118653284,0.0007827015790867755,0.000782704438504191,0.6217221522234525,0.0890258053329709
doc66,0.0007531841968441927,0.0007532965764907608,0.0007532208671030427,0.9947276811902371,0.0007531814071676654,0.0007531733264536871,0.0007531708392086761,0.0007530915964949013
doc67,0.001077822446481659,0.0010779392889206675,0.001077983942078066,0.22849974985834498,0.4257573363968463,0.061373451595975216,0.2800578777590187,0.001077838712334386
doc68,0.0006420229019063837,0.11336305426912693,0.18404081694261695,0.12252815771040935,0.0006420219856250109,0.13937584125872057,0.43876611443341507,0.0006419704981797764
doc69,0.0019310551243728654,0.9864830420542435,0.0019310761169894254,0.0019310067414134676,0.0019308654752835039,0.0019313390106684048,0.0019308744008359037,0.001930741076192852
doc70,0.0011139038859643757,0.0011140084138288792,0.3439535745179051,0.14086707774615742,0.0011138154093812444,0.001113790201293543,0.49137834803458463,0.01934548179088485
doc71,0.0014977815265453962,0.0014974287773231198,0.001497238027860252,0.0014976594449647403,0.8897367990741112,0.0014973922970258156,0.10127848884722167,0.001497212004947729
doc72,0.27945976912815845,0.0015436613204580637,0.5716125366511589,0.0015437490035560945,0.1412095163107074,0.001543595797924021,0.0015436935974229853,0.0015434781906140571
doc73,0.10690846247548479,0.0011796222934647793,0.6106660670822914,0.0011795646891248947,0.0011795708997443754,0.0011795554918306937,0.27652775855046713,0.0011793985175918716
doc74,0.0006767552733752847,0.0006766962567431004,0.6883793829588507,0.01248015710701059,0.0006768275420085484,0.0006767160918284644,0.2957565902638959,0.000676874506287399
doc75,0.06518576786116934,0.35701263812362344,0.45546351967782206,0.0006462615255493626,0.0006462333526100798,0.0819557718272374,0.0006461961647181373,0.03844361146727011
doc76,0.00480918334489656,0.00480958647459658,0.41460316924626117,0.004809036719481908,0.00481013625997709,0.5565382495373506,0.004810977532279271,0.004809660885156746
doc77,0.0015679989833300414,0.8361708556014831,0.0015680237832503066,0.0015676634778128834,0.15442194841677534,0.0015678462711385711,0.001567827253612255,0.001567836212597472
doc78,0.0011527150202468447,0.9919335196731346,0.0011525033834601883,0.0011521876752060719,0.0011522534038232947,0.0011523062421686056,0.001152216685744274,0.0011522979162159963
doc79,0.0016453346256913646,0.5934774698917744,0.21873190117927804,0.0016452058349488465,0.08439282340630475,0.0016451588428029655,0.0968171475733088,0.0016449586458909598
doc80,0.39851132416886426,0.0013197245701288814,0.0013196021016728676,0.0013195644933557415,0.16250441198746926,0.4323862283131273,0.0013196283304618755,0.001319516034919712
doc81,0.17670863902549147,0.8119254207348267,0.001894419241949381,0.0018942266517906398,0.001894257329718592,0.001894629841554555,0.0018941522735201437,0.0018942549011486053
doc82,0.01282599468198549,0.7581263237302381,0.16493530474402085,0.012823361508547588,0.012822923311993166,0.012822841194840432,0.01282176457125484,0.012821486257119435
doc83,0.15295868369493326,0.45716022533929973,0.0015202954055254891,0.0015201481836725074,0.001519980794752914,0.3822803161473756,0.0015200254997015169,0.001520324934738906
doc84,0.2184669109949611,0.3326570858344076,0.4425291968045982,0.0012694171330037331,0.0012693803180357029,0.0012693844025855566,0.0012693701211339726,0.0012692543912742088
doc85,0.0008145293615248757,0.0008144927996153842,0.0008146422688375508,0.48884722960090904,0.506265634901422,0.0008144576806403113,0.0008144974419709188,0.0008145159450799291
doc86,0.0014752942013030567,0.5490737764911923,0.4420750724371596,0.0014752685861933233,0.0014750857826490715,0.0014752773313699266,0.0014751306760485495,0.0014750944940843326
doc87,0.6308542402964996,0.0015678898655859753,0.0015677586450713035,0.001567652309324956,0.3597389395423794,0.0015678414070318548,0.0015676741604149867,0.001568003773691787
doc88,0.0012856217474940658,0.0012857137934594704,0.6087588627868538,0.0012856076295239035,0.2259234786825627,0.00128562265298047,0.15888952302004208,0.0012855696870834148
doc89,0.4635001918560684,0.3652326246931381,0.005052214080046299,0.005052075099842805,0.005051691439228968,0.005052542946048616,0.005052183937415086,0.14600647594821176
doc90,0.0008946904454864123,0.0008946970370579787,0.03440622059319689,0.0008946277721876949,0.14744266647613802,0.0008946444006944465,0.8136779151609049,0.0008945381143335658
doc91,0.002451311776501407,0.18656531206386198,0.17943373260725234,0.0024513418877996074,0.37507834863299244,0.2491169712446037,0.0024516935432080398,0.0024512882437804956
doc92,0.0011138867120427415,0.27977897165940663,0.16567197688689422,0.0011138304646432363,0.5489794788630232,0.0011140099057579483,0.0011139324000820105,0.0011139131081499018
doc93,0.331261414579993,0.24692875515235443,0.0015437531205841355,0.06264853270161425,0.0015436820843252777,0.1004641718409506,0.2109213728314453,0.044688317688733006
doc94,0.40530127879389155,0.000782699518873459,0.0007826981286470876,0.12824400815727624,0.46254142544322435,0.0007826147924757552,0.0007827040166265508,0.0007825711489849588
doc95,0.22357332651123876,0.0005755432629064141,0.19720906667562532,0.0005755213325236877,0.28005191053103906,0.2968636436715283,0.0005755471364795843,0.0005754408786590521
doc96,0.0006259454892458486,0.6090739241057816,0.0006259634015493314,0.0006259797578044848,0.12750565089228563,0.0036215855927578633,0.2572949972119925,0.0006259535485827596
doc97,0.00120804164305504,0.0012082750252845416,0.7866032029943081,0.0434421094002857,0.16391419661140758,0.0012080425918186014,0.001208137898632639,0.0012079938352078468
doc98,0.0006420506263907334,0.1166708499157521,0.33619998139101753,0.08557954146886312,0.046218445008227194,0.4134051920045428,0.0006419900410481878,0.0006419495441584583
doc99,0.0004884049083061278,0.04489513836198706,0.14630371321213492,0.0004883970401093172,0.1664465185627051,0.0004884523227795334,0.64040102984352,0.0004883457484581614
doc100,0.0010896108496557422,0.0010896863072659658,0.0010896726750470413,0.06150621188054611,0.18085643120623626,0.001089584885129714,0.752189254446222,0.001089547749897255
doc101,0.0009923605354444196,0.0009923831512074863,0.7458053825659668,0.0009922013772655977,0.0009922005887323148,0.22836406991818517,0.0009922211562523396,0.0208691807069459
doc102,0.18224522727266063,0.3081453425622683,0.49637849896287717,0.0026457614311584136,0.0026466176726828564,0.0026459591335626234,0.0026464411481178585,0.0026461518166721065
doc103,0.0005057237874280134,0.0005056649858063449,0.36633497053004077,0.0005056931858755972,0.3218206057232116,0.3093159890578661,0.0005057173563881447,0.0005056353733834566
doc104,0.0011015836158857464,0.001101567442919557,0.2124457029920733,0.001101535386775044,0.18517997430011585,0.0011015108168194567,0.5968666289745151,0.0011014964708958657
doc105,0.0010778802069941764,0.13870636514246054,0.001798637316422197,0.0010778009221888022,0.600681932286542,0.13862948429991645,0.11695017449914835,0.0010777253263273444
doc106,0.0012080170464423298,0.0012083504952685215,0.5990915295667454,0.0012079456670273923,0.11944525495299077,0.2754227865002523,0.0012081462089835618,0.001207969562289682
doc107,0.0028744100245823275,0.07804451799618047,0.29030766535564817,0.002874354203613779,0.23419428515443627,0.24176340581238703,0.14706734661085183,0.0028740148423001995
doc108,0.42447309938974315,0.41401252947200606,0.0668453824883387,0.0916562133049077,0.0007532223181631372,0.0007532273688661453,0.000753187773094883,0.0007531378848803034
doc109,0.4057300430997952,0.4866386129417745,0.005052448940012072,0.005051105359396583,0.005051264666981874,0.0050512477615027125,0.005051302792935745,0.08237397443760115
doc110,0.002008749306698448,0.5227925937545683,0.002008783843500359,0.18626010889889238,0.14840825905516306,0.0020088362775156593,0.13450403433649413,0.002008634527167597
doc111,0.0017608694107565093,0.0017611432127358666,0.3930403235626818,0.0017608056256779663,0.26878072822259946,0.3293740738691155,0.0017611592309022487,0.0017608968655306175
doc112,0.07840697618622995,0.03916229751339293,0.0009279769947224839,0.0009278947372737757,0.0009280088030748115,0.0009279370868281103,0.0009278213305464729,0.8777910873479314
doc113,0.07840697618622995,0.03916229751339293,0.0009279769947224839,0.0009278947372737757,0.0009280088030748115,0.0009279370868281103,0.0009278213305464729,0.8777910873479314
doc114,0.0012855812901670825,0.0012854734174718172,0.1320608257859561,0.8458676852975068,0.0012854815221516205,0.0012855739950554564,0.0012856791372275354,0.01564369955446357
doc115,0.000650381052734986,0.0006503686847668345,0.0006503474662476526,0.26742248038615896,0.7189945673395663,0.0006504267021379806,0.0006503946822765264,0.010331033686110823
doc116,0.001475267533987618,0.0014753420244660166,0.0014752155217648475,0.0014754282374423,0.9896725723183913,0.0014752768108622426,0.0014755361025032038,0.0014753614505825486
doc117,0.20896834610997006,0.12347183450970746,0.0007826712072769764,0.07815061572812956,0.4013669304813097,0.0007826360405138036,0.18569430188764416,0.0007826640354482326
doc118,0.43837537901996565,0.0018945142447579948,0.18464678463405504,0.0018946507998960185,0.0018945049604726341,0.19725032557903593,0.17214962046174817,0.0018942203000685742
doc119,0.0008491234152916487,0.13525159053734767,0.0008491002038036774,0.5357632237320552,0.0008491008403856961,0.000849074634611507,0.3247396689015146,0.0008491177349900354
doc120,0.11496840142313071,0.2858484887987728,0.2933103421776554,0.08073200067449526,0.0018943443664608474,0.10806209718331455,0.0018946001330615763,0.11328972524310882
doc121,0.0023930785458028303,0.002393031493063442,0.0023932888395400277,0.7416894577314022,0.2439529634920794,0.002392764156500672,0.0023927781299465964,0.0023926376116648277
doc122,0.001412772869516204,0.0014126611968203965,0.0014128982762967408,0.09123580134162004,0.0014126636399365827,0.13575113606756828,0.7659493700851663,0.001412696523075346
doc123,0.0017302877366501188,0.9878872625550208,0.0017306854501550762,0.001730423925465491,0.0017302021910287739,0.0017303209777191834,0.0017304388334736455,0.0017303783304869335
doc124,0.061161283608106014,0.15344322392177098,0.1399523294311687,0.000293520757834927,0.08233557392955385,0.0002935224354205457,0.5622270718653009,0.00029347405084410334
doc125,0.002232553964103517,0.0022328462243879975,0.500061483723641,0.002232687558594888,0.002232741199388832,0.41530686389875254,0.07346830650722028,0.0022325169239110865
doc126,0.7046628442024688,0.0011656577808621322,0.0011658161335079882,0.0011657198112483566,0.0011657946341507295,0.2883427323126416,0.0011657220831408888,0.0011657130419794714
doc127,0.0007420656975938564,0.0007420211600765725,0.3506912523141149,0.0007420137895255821,0.10408123920742765,0.0007420479973983074,0.5415173313995002,0.0007420284343628249
doc128,0.2553984915470052,0.09617325814365581,0.07496754418028649,0.5312356928978409,0.0005788537784458828,0.0005788641417310957,0.000578895138256516,0.04048840017277809
doc129,0.5797817373756875,0.4007326784706057,0.0032481134394075285,0.003247855568398751,0.0032471088020025016,0.003247738627316361,0.003247612083609543,0.0032471556329721563
doc130,0.25628269284240013,0.6449518602008729,0.0017008513020340646,0.0017012116314525031,0.09026040296733774,0.0017010322954177195,0.001701055753133782,0.0017008930073510629
doc131,0.0014541030908769858,0.9898228809518586,0.0014540613582006367,0.0014537693662116547,0.001453804471475257,0.0014538275248693567,0.0014537172632258203,0.00145383597328168
doc132,0.0010441928596385357,0.2305742505679008,0.2762097459497637,0.20446739115208812,0.2845721520635718,0.0010440759653225556,0.0010441518291962187,0.0010440396125183146
doc133,0.0011935286029051886,0.0011936628809544481,0.0011934507858616988,0.0011937284575238,0.3845682896699556,0.0011936219660326978,0.6082703279679891,0.0011933896687774637
doc134,0.598789011833698,0.30826937015278505,0.001044087589303469,0.0010441206158632729,0.0010440793788700335,0.08772112575124708,0.0010440996311140399,0.0010441050471189425
doc135,0.42447309938974315,0.41401252947200606,0.0668453824883387,0.0916562133049077,0.0007532223181631372,0.0007532273688661453,0.000753187773094883,0.0007531378848803034
doc136,0.0012694126358914648,0.35591431278697033,0.3550091613098397,0.2827300010248061,0.0012692860080662717,0.0012693083492718445,0.0012692947379235769,0.001269223147230669
doc137,0.0004907786456126188,0.8617875736568749,0.000490797433243347,0.0004908473543167355,0.0004908034633610961,0.02393103851647323,0.11182738049569299,0.000490780434425093
doc138,0.2470769993451884,0.6346992667797395,0.0021373927535785413,0.0021374011113448103,0.002137156745419384,0.10753719855546162,0.002137212469647521,0.0021373722396201534
doc139,0.003732780293115545,0.384354848650831,0.0037322433901009677,0.5932502754654819,0.003732371707226208,0.003732336829682711,0.0037327103404415597,0.003732433323119951
doc140,0.0026461737607405573,0.4393824096198883,0.23910059137515485,0.30828684872115153,0.0026458586860247124,0.002646000503587892,0.0026461738165308897,0.0026459435169212697
doc141,0.9850392562394945,0.0021373227880156207,0.002137285959492563,0.0021372050147670783,0.002137415387731911,0.0021372710411534874,0.0021371126926208184,0.002137130876724073
doc142,0.0014752884919220631,0.09975812964352301,0.4928651060189702,0.0014751483932591387,0.06877375341064017,0.33270207296506976,0.0014752486531141892,0.0014752524235014544
doc143,0.9850392562394945,0.0021373227880156207,0.002137285959492563,0.0021372050147670783,0.002137415387731911,0.0021372710411534874,0.0021371126926208184,0.002137130876724073
doc144,0.0010441588045387617,0.27830567454762495,0.001044189125207157,0.0010441969066199287,0.3665370468743681,0.0010440832231458346,0.34993639775759555,0.001044252760899711
doc145,0.0015434997889722266,0.17850954697261517,0.5629051759613021,0.0015434180450259831,0.09628632473464353,0.15612505962036655,0.001543569634468377,0.0015434052426061475
doc146,0.14923826895955566,0.34688947482724886,0.0023371314529053357,0.29911364396845824,0.0023371171274642953,0.1445807154941621,0.0023371433185160767,0.05316650485168946
doc147,0.19776677728093794,0.19922029923862444,0.0013740231108509777,0.5585841902345353,0.0013739855486401317,0.03893276886860438,0.0013739685571680293,0.0013739871606387858
doc148,0.20694448139253543,0.003248008677567292,0.3843341006056363,0.0032479551930295254,0.2686517087686291,0.0032478660566665285,0.12707861693018338,0.0032472623757523688
doc149,0.0013739759265994315,0.10371539316055688,0.0013738810233641595,0.0013740767560787381,0.13468963018114505,0.0013738675126845107,0.7547252650326707,0.0013739104069004843
doc150,0.0017010691303480496,0.4862873208554531,0.001700976490003887,0.5035061929388578,0.0017009572069650299,0.0017013707173090295,0.0017010664099115945,0.0017010462511514344
doc151,0.0017927086699854905,0.0017927817480473248,0.2857496406338731,0.0017925137163584488,0.45415141697124284,0.0017926688684944535,0.25113597105124535,0.0017922983407530398
doc152,0.0008015813293203136,0.0008014556393853844,0.0008016131327774938,0.0008016207752204566,0.9823813484164824,0.0008014910473406305,0.0008013958844749523,0.012809493774998378
doc153,0.0013553010081039645,0.0013553221301369316,0.001355243169344537,0.1824410848322136,0.16512424161771488,0.0013551974715665408,0.6456581980084495,0.0013554117624699862
doc154,0.002645958230906668,0.002646031977644151,0.28725157433206056,0.0026460300436254238,0.002645811645593164,0.6018593392187707,0.09765923593520873,0.002646018616190624
doc155,0.0004980858099268059,0.0004981099594791496,0.0004980936749423698,0.17150603638924752,0.0004980879636799336,0.0004980962910437097,0.7551024517356228,0.07090103817605761
doc156,0.0003218312300287614,0.00032181320639490573,0.00032182095686438607,0.3288698249364131,0.6691992729472679,0.0003218150642779223,0.0003218277253395768,0.0003217939334133881
doc157,0.001520005169015465,0.0015200637173516285,0.40122864850884726,0.001519976029553418,0.38552565524234456,0.20564539745511792,0.0015201500729732917,0.001520103804796577
doc158,0.6833742422786141,0.0013931521949932634,0.1495873285444909,0.0013930158595125293,0.001393127305522751,0.001393159368623517,0.1600728025986166,0.001393171849626305
doc159,0.0023930394594074787,0.002393273109341495,0.0023930828111013783,0.0023928257441420695,0.16359906900966506,0.0023931944924049826,0.6761637013267048,0.14827181404723253
doc160,0.45046052123705427,0.003877047526426199,0.003876440784164088,0.5262788349192936,0.003877212999817017,0.0038766202238935447,0.003876943199292065,0.0038763791100592947
doc161,0.07924060485314462,0.28509942447634135,0.40915734203953313,0.0009635797388403275,0.0009636135129167513,0.22264831595907386,0.0009635930108928091,0.0009635264092570176
doc162,0.0009278519254458618,0.0009279866215936521,0.0009278742071799316,0.09601619698967234,0.0009278184768504346,0.13951616353878452,0.7598282928095181,0.0009278154309550963
doc163,0.41630284975425036,0.0007588975677332205,0.1503015038913132,0.0007588914895203602,0.23889242066653704,0.0007589261533964103,0.19146771122299494,0.0007587992542545051
doc164,0.001193704308836849,0.8449806363683173,0.048992954759615175,0.0011936880822127679,0.0011935688100855471,0.10005805457834763,0.0011937175854616917,0.0011936755071230755
doc165,0.7473055685655833,0.0010124245266039033,0.0010124849035478777,0.2466200502234746,0.001012293173638361,0.001012476127945085,0.0010124397697150716,0.001012262709491928
doc166,0.000646175134595215,0.39286082963904545,0.0006461818199819261,0.0006461436884846671,0.45839436018905155,0.0006462024108574473,0.14551400642381274,0.000646100694171
doc167,0.7624052029405818,0.0009278762463472123,0.0009278871325619437,0.0009278293833902049,0.0009278865742730992,0.06579794539524571,0.1671575576274241,0.000927814700175892
doc168,0.0007706667233957693,0.8672213737849683,0.08398848917848,0.0007705730629593204,0.0007706256270784698,0.04493695359629686,0.0007705708939158395,0.0007707471329054074
doc169,0.0009824523411887526,0.0009825532828356518,0.0009824380507612882,0.0009824409072921488,0.0009824755015936915,0.0009824357004070657,0.0009824837576504414,0.993122720458271
doc170,0.0009824523411887526,0.0009825532828356518,0.0009824380507612882,0.0009824409072921488,0.0009824755015936915,0.0009824357004070657,0.0009824837576504414,0.993122720458271
doc171,0.0015679107221630694,0.0015677069949594754,0.0015678083192538373,0.0015677111543155105,0.0015679192492474463,0.7843115649492789,0.20628187967793693,0.0015674989328447579
doc172,0.2152986512622749,0.7543911189367837,0.005051228850521681,0.005051563112722976,0.005051539044344826,0.0050528861969502455,0.005051058449112049,0.005051954147289747
doc173,0.001968951028364827,0.11878966726403095,0.8011439581874888,0.001969068830862552,0.001969009711793278,0.0019688497221161277,0.07022178398265568,0.0019687112726878096
doc174,0.001355373402074613,0.0013552275489150274,0.252884010856322,0.0013552875525383043,0.0013552829857836823,0.0013552952828160096,0.7389841511330536,0.001355371238496593
doc175,0.3497165074196026,0.001931231556091334,0.21240173483868244,0.001931005078846407,0.001931081982550341,0.0019309256078397896,0.3585074527859164,0.07165006073047067
doc176,0.10257227693248475,0.001393145277669713,0.8890690865413227,0.0013930347956372549,0.0013931008467706516,0.0013932851296523032,0.001393057034772562,0.0013930134416900684
doc177,0.0008491234152916487,0.13525159053734767,0.0008491002038036774,0.5357632237320552,0.0008491008403856961,0.000849074634611507,0.3247396689015146,0.0008491177349900354
doc178,0.30697781439954547,0.00170127556281115,0.49077812440179464,0.1937384388993072,0.0017010854940753158,0.0017010072310795544,0.0017011155220452837,0.0017011384893413483
doc179,0.5594792409631237,0.3218363799743517,0.002137060400008359,0.0021374432456100884,0.00213743992766267,0.0021373969513157048,0.0021370122282991172,0.10799802630962847
doc180,0.000377756519082104,0.5515102681180166,0.00037776110959293716,0.0003777586748484009,0.00037776775274173157,0.37206418657040613,0.05248336038139856,0.022431140873913413
doc181,0.19538140533484807,0.4013774607686034,0.39932785390326947,0.0007826893510448008,0.0007826701760357416,0.0007826688280681461,0.0007826974660642086,0.0007825541720661426
doc182,0.9915436269063174,0.0012078727636808237,0.0012079820851887343,0.0012084349471849607,0.0012079141991780656,0.0012080105793196977,0.0012081078112540493,0.0012080507078761893
doc183,0.000770656550022387,0.6339291352077518,0.1655779605991174,0.0007706541151579336,0.0007706029462579866,0.0007705806599037383,0.19663984616988972,0.0007705637518990284
doc184,0.0008712844662467445,0.11205682472250535,0.0008713450146760885,0.0008712921602366562,0.16026791001203503,0.11297571938513266,0.6112144287811967,0.0008711954579707996
doc185,0.002717770418341302,0.0027183934865298294,0.8004916245421019,0.0027180923989720707,0.002717939238050129,0.0027185010647880333,0.18320010168040762,0.002717577170809005
doc186,0.9277996637913128,0.0003270996227133867,0.07023774948828253,0.00032709505115564044,0.00032709776106346696,0.0003271068013877469,0.00032709178337500706,0.0003270957007094237
doc187,0.22278248832297984,0.0013552502374396325,0.7690855822166517,0.0013554956203098217,0.0013552814488720535,0.0013552316549607635,0.00135543399748616,0.0013552365012999951
doc188,0.001475430086474625,0.7734256872322383,0.0014753318324254425,0.09119602004124766,0.0014754244350867287,0.12800144963348523,0.001475346026623333,0.0014753107124186556
doc189,0.000646175134595215,0.39286082963904545,0.0006461818199819261,0.0006461436884846671,0.45839436018905155,0.0006462024108574473,0.14551400642381274,0.000646100694171
doc190,0.34443847368503605,0.5162949903749757,0.0012693129706788937,0.13291978337003063,0.001269442124920514,0.0012694361830744294,0.0012692817084148686,0.0012692795828689594
doc191,0.3195716201054942,0.2939152379046368,0.0013194347653329914,0.07090547748255016,0.31032954821975284,0.0013196014550396749,0.0013196301094059687,0.0013194499577872877
doc192,0.3438620480816856,0.25080088810061346,0.0009366176615190601,0.0009366412233348851,0.33048124327773765,0.0711094452718687,0.0009366673623823332,0.0009364490208583206
doc193,0.0006677375770460161,0.6719411632808155,0.07836975661200103,0.0006677553579603952,0.09607142689504901,0.15094673352803067,0.0006677233420932535,0.0006677034070040284
doc194,0.004387280699343567,0.11749021084526932,0.004386920656275183,0.3534596138001706,0.00438728312082049,0.004386956690278543,0.5071149613987805,0.004386772789061737
doc195,0.002959087973794273,0.3785202893549532,0.0029595124894031336,0.05327436536289483,0.002959070245025386,0.5534074544974152,0.002959574339499659,0.0029606457370143354
doc196,0.0026460184603154776,0.9140625159686768,0.0026458895940417505,0.07006105134503861,0.0026459211013664845,0.0026464801697330394,0.0026460498415625715,0.0026460735192651917
doc197,0.001475311999459501,0.913664649367843,0.0014754388748567048,0.0014755634123527807,0.0014752143060980537,0.0014753100016457674,0.001475528113794828,0.0774829839239494
doc198,0.0019311398302662775,0.0019309147217294832,0.5635334530790816,0.0019312852004796106,0.0019311233018205801,0.4248802698111575,0.001930954266580946,0.0019308597888839142
doc199,0.2734287382379036,0.002577961307360752,0.0025778937808694767,0.46182592353210333,0.002577776398302296,0.2518555677433568,0.002578261772356257,0.0025778772277474282
doc200,0.0008790059009941874,0.0008790014679530444,0.1022967294502018,0.0008789606807838659,0.3214656359907993,0.0008789031998183334,0.5718429153991313,0.0008788479103181313
doc201,0.3148275656892303,0.0022325146228012772,0.5233985689263189,0.0022326867618912565,0.0022327398396975,0.15061045574157295,0.002232898805383323,0.0022325696131046033
doc202,0.0018944650535488803,0.0018943563486626908,0.5154511648782228,0.4731826390114459,0.0018945480669160697,0.0018942603609965866,0.0018945080751040203,0.0018940582051030538
doc203,0.0010663853919703286,0.13435962414189428,0.0010664756484454713,0.001066307680083022,0.6047638626198202,0.13653686466121903,0.12007424465386682,0.00106623520270095
doc204,0.0007888580190057967,0.0007888580036445674,0.0007888118097903309,0.0007887929870988963,0.12650461740512808,0.0007888397919578984,0.8687624574467763,0.0007887645365981
doc205,0.7355096708067561,0.0017609117131379872,0.0017610393555979756,0.25392473834460777,0.001760989643816608,0.0017608838896259113,0.0017609724675114258,0.0017607937789463303
doc206,0.0008015813293203136,0.0008014556393853844,0.0008016131327774938,0.0008016207752204566,0.9823813484164824,0.0008014910473406305,0.0008013958844749523,0.012809493774998378
doc207,0.0014974924782323496,0.001497496737287558,0.12116402330094478,0.001497254337685901,0.8698517345853894,0.0014973401886768192,0.0014974200262326575,0.0014972383455504313
doc208,0.0020925797075743817,0.0020924014748810067,0.6386317991526997,0.002092453895552032,0.002092410827929215,0.34881320240818736,0.0020924681336997332,0.00209268439947654
doc209,0.5047014355391098,0.000606942941625292,0.3963626477317263,0.0006069430565060601,0.000606977186058213,0.09590117777853344,0.0006069496731397683,0.0006069260933010656
doc210,0.241769202011061,0.0008015424438605042,0.08675012333569793,0.0008015972958605622,0.07049643369844122,0.5977778564813019,0.0008015223733868845,0.000801722360389939
doc211,0.0004744932308938229,0.0004744566346926245,0.8199061108054001,0.022083983393295845,0.0004745249772412288,0.00047449143890592854,0.1407625956734999,0.015349343846070455
doc212,0.000856418814737101,0.0008564443220076147,0.000856452819343609,0.0008563907902756981,0.6283888061190377,0.0008563529565446346,0.3664727843222437,0.0008563498558099337
doc213,0.0003197910368594253,0.16845732577047062,0.4707303551671671,0.12297457354222698,0.00031979476109863744,0.12857507607264063,0.10830332698490577,0.00031975666463071394
doc214,0.0024515350328460023,0.002451325754573275,0.002451412206694205,0.0024514177756478697,0.09812524277683488,0.002451446608938381,0.8871661792531444,0.002451440591320965
doc215,0.3121680870430362,0.05826199307311011,0.15608582187327885,0.4074381546389473,0.0010778805926857926,0.0010778304388659992,0.06281239928949255,0.0010778330505832308
doc216,0.0012535355369154148,0.14120542436032504,0.5329400597130985,0.0012534726697488387,0.001253522235876321,0.3195870063071362,0.0012535886361278205,0.0012533905407718091
doc217,0.683527946088456,0.0005689829829028431,0.11364678458348748,0.0005689321954382572,0.0005690084756988932,0.0005689814175528251,0.19998019569562522,0.0005691685608385049
doc218,0.0006956578490823896,0.0006955685545231008,0.0006956954876990342,0.5672907684774536,0.0006956034030162152,0.0006956091805207363,0.4285355521015553,0.0006955449461497393
doc219,0.6197388187817301,0.0017303315596882854,0.36987870129398565,0.001730483744837486,0.0017304773640832974,0.0017305473840170196,0.0017303264093724165,0.001730313462285733
doc220,0.09269591177406819,0.001139355488380187,0.0011393687269068643,0.6577609124221396,0.24384680308939768,0.0011393107630622709,0.00113923366290473,0.0011391040731404077
doc221,0.5542988284748155,0.2971428373140913,0.00029263046903913885,0.0002926802283751577,0.00029264925026795124,0.0002926410169639415,0.14709510830436753,0.00029262494207948865
doc222,0.0010896363158845546,0.9923722115825493,0.0010896961558263384,0.0010898414036846617,0.0010896935869536182,0.0010896474490776661,0.0010897179036428826,0.0010895556023811136
doc223,0.34594363881945145,0.0006589107744858796,0.6501028005627524,0.0006589698717518443,0.0006589941474963473,0.0006588666093295787,0.000658986451806647,0.0006588327629256839
doc224,0.001193704308836849,0.8449806363683173,0.048992954759615175,0.0011936880822127679,0.0011935688100855471,0.10005805457834763,0.0011937175854616917,0.0011936755071230755
doc225,0.4057300430997952,0.4866386129417745,0.005052448940012072,0.005051105359396583,0.005051264666981874,0.0050512477615027125,0.005051302792935745,0.08237397443760115
doc226,0.0009824523411887526,0.0009825532828356518,0.0009824380507612882,0.0009824409072921488,0.0009824755015936915,0.0009824357004070657,0.0009824837576504414,0.993122720458271
doc227,0.0009824523411887526,0.0009825532828356518,0.0009824380507612882,0.0009824409072921488,0.0009824755015936915,0.0009824357004070657,0.0009824837576504414,0.993122720458271
doc228,0.5483792613703212,0.1329793982914332,0.0008947163364535019,0.0008946288759962743,0.1828259455324369,0.0008947001294524389,0.1322366596800511,0.0008946897838554615
