,topics0,topics1,topics2,topics3,topics4,topics5
doc0,0.06470344318758724,0.0009127191934721907,0.9316458881881818,0.0009126504638055788,0.0009126366848113566,0.0009126622821416488
doc1,0.15139675715600498,0.5027603306430388,0.0004245107742010238,0.2176482329792854,0.12734564747129376,0.000424520976176004
doc2,0.3899404829719107,0.559380961151847,0.0006004542096171713,0.0006004339090158937,0.0006003644137299579,0.04887730334387924
doc3,0.4701417230446179,0.45030199637475454,0.0019016388842619737,0.001901433234898927,0.001901959154574883,0.07385124930689173
doc4,0.25713779772777456,0.0036239532345410763,0.0036237758897529914,0.41278020391014,0.31921063547543616,0.003623633762355316
doc5,0.0011040074831708884,0.3728597642108495,0.001103864502575681,0.20602514945849246,0.4178032736616077,0.0011039406833037832
doc6,0.42474107794835336,0.0015248815338204616,0.0015246354820916382,0.0015248890139499787,0.001524840840610549,0.5691596751811742
doc7,0.05267883262591418,0.7949259427389864,0.009384008613961556,0.0005448578138596428,0.04231329109288224,0.1001530671143959
doc8,0.16020246198992977,0.414208862063109,0.013884254792655404,0.3202274555195697,0.09091055709751082,0.0005664085372252247
doc9,0.0009845416313468537,0.12813025936921127,0.014284359388073143,0.7671470157367327,0.0009844357094793595,0.08846938816515663
doc10,0.43203177499867285,0.0014371043106898513,0.03335534908221804,0.5303016678964944,0.0014370144413972667,0.0014370892705276974
doc11,0.09989515439177458,0.000527583516386058,0.0005275640129551105,0.8979946214272594,0.0005275303868232729,0.0005275462648016945
doc12,0.35479807171969585,0.30949754627465087,0.013581290267704445,0.0006512111078162931,0.0006512135713051858,0.3208206670588275
doc13,0.5581355480817081,0.0687503782977257,0.000726871098955727,0.37093337325694914,0.0007268793980384379,0.0007269498666229769
doc14,0.0005508223594403646,0.18814038453190265,0.1799657919779349,0.6302413222198817,0.0005508424807140743,0.0005508364301261867
doc15,0.06470344318758724,0.0009127191934721907,0.9316458881881818,0.0009126504638055788,0.0009126366848113566,0.0009126622821416488
doc16,0.06470344318758724,0.0009127191934721907,0.9316458881881818,0.0009126504638055788,0.0009126366848113566,0.0009126622821416488
doc17,0.8257940128244701,0.0010355219784477334,0.0010360578936714625,0.09070494966889751,0.08039392900743955,0.001035528627073827
doc18,0.531835242706433,0.3354160777222109,0.0011162538410183793,0.0011164650388549831,0.0011163005029282147,0.12939966018855448
doc19,0.19242473761843024,0.4396461861801484,0.000368256336375498,0.36682410452167,0.0003683254358284834,0.0003683899075474464
doc20,0.6450230791492884,0.001396852366223106,0.0013967373622001485,0.001397025543222615,0.001396862137818812,0.3493894434412469
doc21,0.5498380568125352,0.0005087573257328615,0.0005086885758593879,0.08809901442476728,0.3605366737814456,0.0005088090796596654
doc22,0.2330413075681927,0.00219361144471787,0.0021936715998449926,0.002193480038958547,0.11075609389851215,0.6496218354497737
doc23,0.05612067431680913,0.8017320069770156,0.0007268528101231358,0.1399665602871434,0.0007269363703870873,0.0007269692385216833
doc24,0.30915354184510563,0.37439278236931994,0.000829458104390849,0.17067649454794187,0.1441180919506924,0.0008296311825492569
doc25,0.08883413382920624,0.4353719500523133,0.0004706130442614967,0.0421528445997036,0.14866172563414148,0.284508732840374
doc26,0.09761244449756232,0.3111977795807289,0.0009295240004492654,0.000929795489421663,0.5884008630420843,0.0009295933897536062
doc27,0.0010042552608359888,0.1750520191815916,0.022671106322460603,0.0010043664451567177,0.0010043738642369524,0.7992638789257182
doc28,0.5268845539799721,0.0003838357004853711,0.04618479706431333,0.3709747987509991,0.05518815775548643,0.00038385674874350325
doc29,0.60603618591475,0.0008433885883320962,0.06542375364891889,0.2937912377314966,0.0330620363413632,0.0008433977751391399
doc30,0.3083234826350686,0.4890201174992831,0.001272551175894511,0.0012726571508219285,0.0012726708479794003,0.19883852069095262
doc31,0.0884174512320483,0.22618749905036062,0.0011821701749436414,0.3560551215100004,0.326974921200802,0.0011828368318450991
doc32,0.6177145387148586,0.0688499975695328,0.0009941356947560937,0.20304422292315727,0.03074845330363899,0.07864865179405628
doc33,0.0017365806337548498,0.0017363008786925368,0.05931331171096009,0.9003138448693021,0.0017363157454985093,0.035163646161791864
doc34,0.18495116049632662,0.1355585223290971,0.00040723479558083946,0.2475406784935086,0.4311351548164449,0.00040724906904209766
doc35,0.0014583554547378938,0.0014581490677591103,0.0014580862809123313,0.9927093849173628,0.0014579758284265832,0.0014580484508012977
doc36,0.0039074000967411334,0.003907565003920757,0.003906572924853496,0.9804635054355156,0.003907220049811833,0.0039077364891570805
doc37,0.5101987966172565,0.0857697156272987,0.0014167213008015288,0.001416869608009058,0.0014169035471968115,0.3997809932994373
doc38,0.6708917724181349,0.2070199774135003,0.0008881793631501834,0.11942354470794377,0.0008882838192389197,0.0008882422780318922
doc39,0.3093514530876693,0.30742979586161884,0.0002528107170071518,0.3824602292010111,0.00025285381808317644,0.00025285731461057207
doc40,0.0033793625237083487,0.7229287009975476,0.053916244547372344,0.21301652646204866,0.003379624895585173,0.0033795405737378696
doc41,0.0009472253191778579,0.2889195321670384,0.3600716534159221,0.27946100993328954,0.06965334331654181,0.0009472358480300759
doc42,0.0010801174552274497,0.001080196425988546,0.44166476505581165,0.5540146946570307,0.001080069617051378,0.0010801567888904736
doc43,0.001799186830393015,0.0017994145131243456,0.0017989398216771678,0.7586461997098766,0.0017990176886613736,0.2341572414362674
doc44,0.28221821995518065,0.2904551585942082,0.0015016213385970628,0.0015018587798585317,0.2037452338428827,0.22057790748927278
doc45,0.30213064936727385,0.000760080674914116,0.0007599596939428028,0.44814713120499994,0.0007599944177699433,0.2474421846410993
doc46,0.3157928462052505,0.15070111160292454,0.0012724028923027059,0.30319475245030636,0.22776632152154888,0.0012725653276669973
doc47,0.001168612562935936,0.7975015541621466,0.0011685598899928453,0.0697861100772041,0.03272341392731565,0.09765174938040494
doc48,0.6768038573527205,0.12499106470965259,0.0005897216549904452,0.0005897704925113294,0.13141004119436023,0.06561554459576492
doc49,0.00033722947180995475,0.6225222235160246,0.00033723680877017516,0.3216536632552444,0.054812437698401544,0.000337209249749311
doc50,0.16539903134132913,0.002016449068956895,0.0020164630046592092,0.0020166723485947665,0.4150195782122711,0.41353180602418893
doc51,0.0009750770851819751,0.0009748985710782121,0.9951253391204868,0.0009748768999742963,0.0009750403302891418,0.0009747679929894469
doc52,0.9040225447865275,0.0010462952527073419,0.0010468423555736823,0.0010462942050158764,0.0917916751810114,0.0010463482191640581
doc53,0.002591573766818137,0.9204562088473061,0.0025917114451417807,0.0691775512872123,0.002591380968899091,0.0025915736846226062
doc54,0.002193554209888526,0.9890323310876038,0.002193461991107398,0.0021935255332950674,0.0021933952023607734,0.0021937319757445676
doc55,0.11939380609284578,0.8417063816245212,0.0007268717728727546,0.036719083288538554,0.0007269432543109447,0.0007269139669105473
doc56,0.12105136255255684,0.3189196428654105,0.0005728283276216534,0.30303670995161824,0.255846631958072,0.0005728243447208169
doc57,0.0010042144589641612,0.21918201781225616,0.0010041619096675643,0.0010043027484050644,0.0010044136288470105,0.7768008894418601
doc58,0.5854533780784896,0.0017671289259956328,0.0017672298660573777,0.0017670591319461774,0.0017672145620869315,0.4074779894354242
doc59,0.0013060332742065818,0.19384228685363292,0.0013059435519527495,0.3600627749606924,0.44217710528656673,0.0013058560729486315
doc60,0.5220163403596758,0.052329600329272814,0.016486042079060688,0.11748047258387871,0.27537923369503753,0.01630831095307434
doc61,0.28989296125122155,0.0010572185830842878,0.0010571838884061453,0.0010573064407586917,0.0010572343623472436,0.705878095474182
doc62,0.0009750770851819751,0.0009748985710782121,0.9951253391204868,0.0009748768999742963,0.0009750403302891418,0.0009747679929894469
doc63,0.6237179973822705,0.0011684872687191803,0.001168553028504922,0.0011685029220411536,0.37160788936830363,0.0011685700301606614
doc64,0.0009750770851819751,0.0009748985710782121,0.9951253391204868,0.0009748768999742963,0.0009750403302891418,0.0009747679929894469
doc65,0.3229452168402205,0.4683849752167205,0.11236820577593927,0.03794586512296915,0.05761808882594367,0.0007376482182070959
doc66,0.0007964441963756713,0.7828759115645346,0.0007962897927480132,0.0980004255485065,0.11673453556740297,0.0007963933304321478
doc67,0.0011551130849023724,0.8198019330879063,0.001155111847850462,0.07755023983655691,0.001155030324632114,0.09918257181815202
doc68,0.20573338736706007,0.4835279630041223,0.0006427964684334708,0.04439613173536672,0.0006428385779038836,0.2650568828471135
doc69,0.0019014560858925183,0.0019016185015905543,0.0019013790529988645,0.5035916706847957,0.0019015053462033754,0.48880237032851903
doc70,0.5299437040139516,0.44214677167803473,0.02418611500170308,0.0012413728981062327,0.0012409254679683751,0.0012411109402360133
doc71,0.0015247173105047552,0.6836385551612978,0.0015245556251254672,0.08967734867822877,0.22211013883613032,0.0015246843887128558
doc72,0.8352771950881978,0.09117138549346901,0.0015976162938495923,0.0015980614523170538,0.0015977541368054043,0.06875798753536132
doc73,0.6237370140754883,0.2086255972888902,0.001196294965552406,0.001196548441710792,0.0011963456974563498,0.16404819953090213
doc74,0.9311037055957718,0.0007217196647141315,0.0007219301996244155,0.0007216335827726888,0.0007216387646456937,0.06600937219247116
doc75,0.4190324017847325,0.0006555109504314349,0.04708516956616803,0.2644395749718773,0.0006554477088025949,0.2681318950179882
doc76,0.30457702614376025,0.0042381641638719,0.00423856963043088,0.004239612534199405,0.0042379034772720625,0.6784687240504655
doc77,0.0015250702451091527,0.06982112912721199,0.0015248646499984354,0.9240794659500626,0.0015246766062165763,0.0015247934214011863
doc78,0.0012112701118973715,0.0012108222665003375,0.0012108772739547148,0.9939451812663553,0.0012107957359077633,0.0012110533453844716
doc79,0.2366853299141207,0.11806370300965927,0.0016781235914999203,0.5270717300346811,0.04873095176831691,0.06777016168172215
doc80,0.2310351367197602,0.0012890885880965878,0.0012889006453558184,0.048063293675584484,0.7170342868389677,0.0012892935322349247
doc81,0.08693905104951893,0.0019765122223329504,0.0019765931118987884,0.9051542665583031,0.0019766361907705733,0.0019769408671755804
doc82,0.010421953522240268,0.01041786199741577,0.010417183683917645,0.9479031394381824,0.010420904485123969,0.010418956873119986
doc83,0.0015484967291740132,0.0015483101322352004,0.0015485253183492242,0.6436431204952539,0.0015482927502068699,0.35016325457478076
doc84,0.4899464371965205,0.0013407861571490057,0.0013406868748060043,0.43249867471932063,0.0013407476904811096,0.07353266736172268
doc85,0.13354274235652144,0.7413377798045869,0.0009296309765159447,0.12233065103546405,0.0009296695879090064,0.0009295262390025028
doc86,0.3900600347395813,0.001572543188821985,0.0015725641854797865,0.37547948940306125,0.0015725345688844426,0.22974283391417116
doc87,0.1779058545190367,0.0013969630054416467,0.0013970546109965001,0.0013972018669034829,0.816506017167373,0.0013969088302486492
doc88,0.7743986487861672,0.11785935448398942,0.0013407268702521709,0.001340961300741281,0.0013407758607345002,0.10371953269811542
doc89,0.36001418981558464,0.005683595191572366,0.005684314936334062,0.6172500239295581,0.005684054462479601,0.005683821664471342
doc90,0.296885594828699,0.6211581797040213,0.0009044038771859495,0.0009044884275891871,0.07924295247700573,0.0009043806854987992
doc91,0.002976990257753305,0.002977145506356222,0.0029765114987780755,0.3233523610615523,0.002976828147882446,0.6647401635276777
doc92,0.188076038021041,0.07319223309771711,0.0013231253391931298,0.14418944032994838,0.5464631232574702,0.04675603995463012
doc93,0.2731880160780281,0.34773246345172226,0.03345550537844559,0.2845243840091441,0.001479705075289379,0.059619926007370566
doc94,0.27662281266063216,0.2661473128243199,0.0007899871041987602,0.0007901653622459006,0.45485972274046577,0.000789999308137591
doc95,0.5052988394164079,0.2372151766246954,0.0006113219774894003,0.0006114878448608027,0.0006114148273520091,0.2556517593091945
doc96,0.0006040209364971777,0.48054545971364504,0.0006039799819058666,0.3909259747426415,0.0006040752985695262,0.1267164893267408
doc97,0.45157150724523215,0.0011965218118524495,0.001196409919911062,0.0011967173357191553,0.0011964097464965643,0.5436424339407887
doc98,0.09333202206939716,0.0006307124505832256,0.0006306024104947837,0.0006306838066963766,0.2496028274285096,0.6551731518343188
doc99,0.24814139348056485,0.5136399467754381,0.000511314694244066,0.08522219411480449,0.03111948779039599,0.1213656631445524
doc100,0.0009944048698313716,0.9950283910994923,0.0009942743457115693,0.0009943959394805336,0.000994241751697404,0.0009942919937867647
doc101,0.5284325689222803,0.0010143301396894461,0.02242297408806961,0.0010144250546749117,0.0010143839530248654,0.44610131784226087
doc102,0.6060988255022595,0.0026600116753432105,0.0026603534824509046,0.3832604814946346,0.0026600235336140974,0.002660304311697703
doc103,0.39616390310329236,0.23319035418620926,0.000513951522625858,0.000514013299051354,0.024443533408261508,0.34517424448055956
doc104,0.40722240056034203,0.5882101565638458,0.0011417319168114616,0.0011419274381757854,0.0011419330723692162,0.001141850448455664
doc105,0.35446804765398227,0.0012110461302347793,0.0012108867326779049,0.4407892886934526,0.20110968889482622,0.0012110418948262684
doc106,0.42445447483456034,0.0011966193914653906,0.0011964305226954605,0.001196405072227336,0.11054524362451354,0.4614108265545379
doc107,0.41115498857939575,0.1342303057057529,0.0030679961941443325,0.003068186559184825,0.003068348217114431,0.4454101747444078
doc108,0.22434496156701028,0.0007376988319083395,0.0007375881955239852,0.4837783870588564,0.289663704541647,0.0007376598050539733
doc109,0.30379218028021493,0.004630275113891408,0.06648276269062181,0.615833959659274,0.004630059503726939,0.004630762752270811
doc110,0.0017992618880255168,0.27253382473051857,0.001799069325667705,0.3737348596939075,0.25306476624660734,0.09706821811527337
doc111,0.261056355437238,0.0017673247646812203,0.0017670096884945831,0.0017674322185622544,0.1018685475525948,0.6317733303384292
doc112,0.10557141131770331,0.0009126872229813257,0.8525978065102192,0.03909274870362567,0.0009126735709449632,0.0009126726745256192
doc113,0.10557141131770331,0.0009126872229813257,0.8525978065102192,0.03909274870362567,0.0009126735709449632,0.0009126726745256192
doc114,0.18319218107445034,0.7962311012491025,0.01680729353411777,0.0012564646076063922,0.0012564386580539038,0.00125652087666904
doc115,0.000668683495647085,0.6457999849408527,0.0006686754564150902,0.12674222985272265,0.22545186974613057,0.0006685565082320369
doc116,0.0015483182789011684,0.992257761606747,0.0015482885539611203,0.0015486600992284673,0.0015486078766442488,0.0015483635845180436
doc117,0.05712843123407916,0.592578873977313,0.0007777593790496934,0.26624575958003605,0.08249140422801363,0.0007777716015083712
doc118,0.5868337798517735,0.21311219888489,0.001938282936724643,0.19423855211315805,0.0019385079673688956,0.0019386782460851146
doc119,0.0008505983421116503,0.7652401505687941,0.000850519243083537,0.2313576449124911,0.0008505099791808629,0.0008505769543386002
doc120,0.2722188818808637,0.07074447911576943,0.06190610598318524,0.5913980786231272,0.0018661686103159606,0.0018662857867384655
doc121,0.002591641100228485,0.7089854540611336,0.002591314126469688,0.12950253805266287,0.15373779233254878,0.002591260326956542
doc122,0.0013409062963040926,0.6171391105925613,0.0013408073444744794,0.0013407384143809984,0.001340801052860133,0.3774976362994188
doc123,0.0019767431730734982,0.0019764856996280678,0.0019768209347555813,0.9901165617952636,0.0019764338415551477,0.0019769545557240856
doc124,0.27258388245162174,0.4312557272083,0.00030436809979675464,0.15219403239695334,0.010277463406119187,0.13338452643720897
doc125,0.0022426751743024943,0.1139788053204821,0.0022427392672761566,0.0022427137380275227,0.06192511710775861,0.8173679493921532
doc126,0.6138056629432903,0.00114180912694778,0.0011418703544822677,0.001141830330376544,0.3816269352547769,0.0011418919901263435
doc127,0.5672614413314668,0.42978799058043426,0.0007376507020053595,0.000737667605986252,0.0007376018147334911,0.0007376479653737791
doc128,0.2682778981455653,0.34684578760496293,0.034552393226662606,0.2151071423404288,0.1346269394555904,0.0005898392267898966
doc129,0.33920145212265324,0.0031654643148356777,0.003164907138465697,0.6481372247809388,0.0031656255100342427,0.0031653261330721817
doc130,0.09543189584168736,0.09864234692494059,0.0016780191830085352,0.8008911024793124,0.0016785348571661954,0.0016781007138848625
doc131,0.0014800636749652738,0.0014795269559179083,0.0014796574502140818,0.9926014402082589,0.0014795772320458128,0.0014797344785977575
doc132,0.11907375093226386,0.42215802512041795,0.0011039605050503377,0.21105119502392977,0.0011040489090793446,0.24550901950925874
doc133,0.001210858534139376,0.873183922356174,0.001210732765730755,0.0012109845789408406,0.12197265383774061,0.0012108479272743193
doc134,0.26667806400430527,0.18418627605300533,0.0010919927523574504,0.5458592914036473,0.001092055881032188,0.0010923199056523218
doc135,0.22434496156701028,0.0007376988319083395,0.0007375881955239852,0.4837783870588564,0.289663704541647,0.0007376598050539733
doc136,0.436513592197149,0.001323134182456586,0.0013229553363138507,0.5581940241134866,0.0013230927964437526,0.0013232013741502604
doc137,0.0005897559985493311,0.1284112977720632,0.0005897398339268317,0.8352336924813726,0.0005897058490670513,0.034585808065020984
doc138,0.16941306676991777,0.002146233345436177,0.00214676937049807,0.8220013828023292,0.0021461201945053524,0.0021464275173135937
doc139,0.0037604788162313215,0.3569355438563345,0.0037606192826684943,0.6280223850448774,0.0037605281511019443,0.0037604448487861875
doc140,0.2579873546593168,0.15272860094081758,0.002660248822028585,0.4078708357573287,0.17609254775870525,0.002660412061803063
doc141,0.9882592502442935,0.0023481257935150704,0.00234791628956745,0.00234821616422365,0.0023483292261985466,0.0023481622822018955
doc142,0.3439133688879395,0.001501972334070811,0.0015017806561919667,0.08917335636216839,0.001502093960961014,0.5624074277986684
doc143,0.9882592502442935,0.0023481257935150704,0.00234791628956745,0.00234821616422365,0.0023483292261985466,0.0023481622822018955
doc144,0.0009655376995674409,0.4406861680966761,0.0009657270597190613,0.1836016824065729,0.37281536698730644,0.0009655177501581786
doc145,0.15801567372448175,0.06495776081877086,0.0016236539179700503,0.07072859706773156,0.0016237110053017095,0.7030506034657441
doc146,0.0023481603103229043,0.16648798209368434,0.05906041270822122,0.29774506280111945,0.35926819322505593,0.11509018886159614
doc147,0.3247345255443597,0.3872818980982945,0.001437122554225326,0.2836722506175772,0.0014370313552858362,0.0014371718302573979
doc148,0.9818788665534768,0.0036243475837415087,0.0036238768578948266,0.0036243733617549747,0.0036242152338286076,0.003624320409303352
doc149,0.001458055610604655,0.8040937658859657,0.0014578987365928822,0.08467634972600326,0.1068558482968288,0.001458081744004732
doc150,0.001798953601751105,0.4055153362819993,0.0017989944317065942,0.587288490934023,0.0017989649939581822,0.0017992597565618116
doc151,0.6048499705381473,0.10223609171485666,0.0018658720391278314,0.2066558055696113,0.08252608084592211,0.001866179292334791
doc152,0.1342908877225089,0.19698270449232008,0.0008028676151084797,0.0008028073263267819,0.6663180144491738,0.0008027183945618668
doc153,0.001359163431994207,0.9932045044453148,0.0013591556222180637,0.0013591402664609796,0.0013589654365928783,0.0013590707974190837
doc154,0.00229468342933941,0.0022944837768309164,0.0022940185203517557,0.002293995970569652,0.060683270187486475,0.9301395481154218
doc155,0.0005418255443285695,0.9087932483156729,0.08903946125426875,0.0005418523322762119,0.0005417814924976908,0.0005418310609559056
doc156,0.08790427439750192,0.7192186925960825,0.00036157473129958104,0.030771677818607242,0.16138218776509586,0.0003615926914129305
doc157,0.27349343829714035,0.0015483166170326573,0.0015483476494146328,0.0015482426537358081,0.2979425554536038,0.42391909932907285
doc158,0.6322123663055927,0.2847514507675481,0.001458196177819668,0.07866173480955013,0.0014581525166445968,0.001458099422844856
doc159,0.40600726677290866,0.20085739665254582,0.1274325958146569,0.06301272033252296,0.002463656047741617,0.200226364379624
doc160,0.004066672041395657,0.8167213811743853,0.004065427204750078,0.1670146708972865,0.004066145572056726,0.004065703110125822
doc161,0.31706432043501404,0.0009043991102760567,0.0009043332665782073,0.14639759952351708,0.0009044376243830986,0.5338249100402316
doc162,0.0009748983610006703,0.8306330703831225,0.0009748387913169962,0.0009749601344682749,0.0009747994441001107,0.16546743288599136
doc163,0.5854519272334884,0.3540595954430373,0.0007716747849608253,0.0007718390815593463,0.05817315035354656,0.0007718131034077418
doc164,0.001289080703073145,0.0012891915355609075,0.0012891440863751142,0.7966683536365661,0.0012890445004732675,0.19817518553795158
doc165,0.5411674220984364,0.4545117476594394,0.0010800865983965934,0.0010803106782492778,0.0010801984200547424,0.0010802345454236203
doc166,0.0006598060273739253,0.6444242196761537,0.0006597058243014519,0.3529366548463039,0.0006597952307851609,0.0006598183950818122
doc167,0.5626335136817628,0.31191376045503905,0.0009382710975539767,0.000938356423375285,0.12263777505895164,0.0009383232833172708
doc168,0.0007601751029842578,0.0007600525758446115,0.0007601923504220352,0.8623706863874137,0.037863522350399095,0.0974853712329364
doc169,0.0009749429756080692,0.000974974142741408,0.9951254370293507,0.0009749365207263678,0.0009748762234024864,0.0009748331081710045
doc170,0.0009749429756080692,0.000974974142741408,0.9951254370293507,0.0009749365207263678,0.0009748762234024864,0.0009748331081710045
doc171,0.001323194925237473,0.001323178137399949,0.001322826359023232,0.0013229842789126164,0.5197273837991794,0.4749804325002474
doc172,0.006027439321902642,0.006025072076031171,0.006025644861917714,0.9698716044657785,0.006024711464294255,0.0060255278100755155
doc173,0.846290596440608,0.0020169992422909987,0.0020163027522579796,0.14564282283701988,0.0020165131703201214,0.0020167655575030856
doc174,0.4372030524699584,0.5572863679209116,0.001377779991541461,0.001377609221660834,0.0013775735353269167,0.0013776168606008342
doc175,0.5794627252559522,0.35317597499143466,0.06143072830499283,0.001977027940898667,0.0019767677235819495,0.0019767757831396083
doc176,0.4727207549136069,0.0013776507680139083,0.0013776237784755333,0.0013776569687129194,0.0013776021068150218,0.5217687114643759
doc177,0.0008505983421116503,0.7652401505687941,0.000850519243083537,0.2313576449124911,0.0008505099791808629,0.0008505769543386002
doc178,0.9467938302106713,0.04625967321985442,0.0017365616206630045,0.001736666210188505,0.001736505212584846,0.0017367635260378646
doc179,0.002058392149042944,0.002058020929870173,0.08534075397980637,0.3413137871261021,0.5671710990497787,0.002057946765399587
doc180,0.0003465708589126639,0.047879251603494544,0.023496229773882122,0.2782206703434511,0.11998758802333521,0.5300696893969244
doc181,0.4092711131792122,0.0007777483359211092,0.0007776790405772154,0.33062208838690477,0.0881824290729317,0.17036894198445302
doc182,0.5404940862789559,0.0010686418221278623,0.0010688268950461068,0.0010685977055492014,0.45523132675514505,0.0010685205431760535
doc183,0.22281798417968043,0.08814278466517511,0.0008157780783425245,0.673907531746531,0.013500025045346017,0.00081589628492482
doc184,0.15956942930280502,0.4334581597481831,0.0009210095097858114,0.14369032009206764,0.021773746576499303,0.24058733477065916
doc185,0.15036409618339297,0.17258648291220663,0.002659771415402832,0.002660072872934307,0.0026600045997972385,0.6690695720162659
doc186,0.711787020175586,0.04971568846867504,0.019734747738946463,0.06811339745225994,0.15030495763596233,0.0003441885285701385
doc187,0.8351340624953998,0.0012110571589415387,0.0012108084722344792,0.001210836785556216,0.16002236082850355,0.0012108742593642894
doc188,0.001598034262019114,0.0015980363735954625,0.0015980419216668816,0.7881890211676968,0.20541876592756264,0.0015981003474589879
doc189,0.0006598060273739253,0.6444242196761537,0.0006597058243014519,0.3529366548463039,0.0006597952307851609,0.0006598183950818122
doc190,0.11132354461696167,0.001359157809401335,0.0013590833419151586,0.6683141875939691,0.21628502220347967,0.001359004434272964
doc191,0.0013590974814447437,0.3359748091451883,0.0013588486661205265,0.522865774075302,0.13708258643923196,0.001358884192712441
doc192,0.32885953684263713,0.0009845940574112874,0.0009844083405239274,0.36065971587816675,0.30752721307083664,0.000984531810424255
doc193,0.000642883964564764,0.05350787929037071,0.0006428125891990449,0.6358567843969308,0.08455683014098105,0.22479280961795353
doc194,0.004426301276311749,0.7597000047745526,0.004425530404470455,0.22259687212912185,0.0044256355853975575,0.004425655830145696
doc195,0.0030683985781794565,0.0030691261432148607,0.003068643251509544,0.49711250206208873,0.0030681779084749876,0.4906131520565325
doc196,0.002463508576919952,0.0024638056470015334,0.0024638728021667204,0.9876811176362738,0.0024635922202500015,0.0024641031173881695
doc197,0.0015484796128958191,0.0015485117300870382,0.07112192644130452,0.9226840767435259,0.0015483405743959547,0.0015486648977909656
doc198,0.40010426679675504,0.0018662115624738169,0.0018659818957183607,0.001866008903385611,0.0018660959099184747,0.5924314349317488
doc199,0.2651513176076766,0.5434872054190092,0.0024635780369433036,0.18397063511246536,0.0024636039456906586,0.0024636598782147956
doc200,0.3279981472550497,0.6681400919018261,0.0009653994800347279,0.0009654453320955073,0.0009654856593831913,0.0009654303716107345
doc201,0.5489724850476762,0.0019016143774794013,0.0019014477429634652,0.0019014026770937183,0.4434213808315143,0.0019016693232729567
doc202,0.410102609702389,0.4930505867602424,0.001938118426651302,0.001938426260524379,0.0019382957037229467,0.09103196314646989
doc203,0.36289957322243394,0.0011965567976033686,0.001196403442653149,0.42965553185794503,0.2038553784977039,0.0011965561816606937
doc204,0.0007964220123935361,0.9254890116777736,0.019571434017111086,0.05255033675990255,0.0007964052279941093,0.0007963903048250685
doc205,0.5076695972365526,0.2678418125012932,0.0017068472615774147,0.0642024398983522,0.15687246829994053,0.001706834802284047
doc206,0.1342908877225089,0.19698270449232008,0.0008028676151084797,0.0008028073263267819,0.6663180144491738,0.0008027183945618668
doc207,0.379285810247114,0.0016784292888323918,0.0016781566743202657,0.1851301251526047,0.43054920403440633,0.0016782746027222055
doc208,0.802735850031607,0.0024045054368332587,0.0024046423151293074,0.002404244331715607,0.0024041859238568128,0.18764657196085818
doc209,0.6730750805799638,0.000576177822767246,0.0005762151274520177,0.0005762384395348112,0.306772499985957,0.01842378804432517
doc210,0.0007718425397029026,0.0998190344646048,0.02172979005290858,0.0007718701969031952,0.22262854086936612,0.6542789218765145
doc211,0.7325555054424477,0.012895687431874508,0.027694307420466142,0.0004912283407166204,0.0004912327808923895,0.2258720385836026
doc212,0.03952862363701134,0.76582083884163,0.0009209391717713289,0.1058601819528299,0.08694831636945892,0.000921100027298556
doc213,0.34936961966248375,0.20612754864907054,0.0003272843311993362,0.09175127886232619,0.00032730230741547477,0.3520969661875046
doc214,0.002463722876708205,0.9876814412760156,0.0024637197156410382,0.002463885712336819,0.00246351743714446,0.002463712982153714
doc215,0.43623971046962523,0.3403306652462957,0.0010354953636000392,0.2203232594207514,0.001035455501995075,0.001035413997732597
doc216,0.2512717967483539,0.0012410757669812451,0.001241086866955086,0.0012411623221474319,0.0012410829924901043,0.7437637953030721
doc217,0.8611806573006753,0.09610699420664917,0.0005830251204024432,0.040963531235416635,0.0005829112981986367,0.0005828808386578025
doc218,0.14328035429157784,0.8536085297041799,0.0007777433496617898,0.0007777917286140051,0.0007777758443861666,0.0007778050815804533
doc219,0.8240566034246801,0.0019014073146206892,0.0019013610950954158,0.0019014543049653563,0.16833764599509718,0.0019015278655413993
doc220,0.09816421483326064,0.6769541211225273,0.0012408950168163043,0.22115870198670606,0.0012410808353109217,0.0012409862053789484
doc221,0.2930688684707028,0.24592899052731662,0.0003220037122147405,0.46003608421910797,0.0003220250911047902,0.0003220279795531391
doc222,0.001128966912559853,0.0011290613565876151,0.0011288974285374779,0.9943551702590109,0.0011289466792339191,0.0011289573640702862
doc223,0.9600822346046434,0.0006776802060485429,0.0006775824261856201,0.00067769393703149,0.03720708470546684,0.0006777241206240613
doc224,0.001289080703073145,0.0012891915355609075,0.0012891440863751142,0.7966683536365661,0.0012890445004732675,0.19817518553795158
doc225,0.30379218028021493,0.004630275113891408,0.06648276269062181,0.615833959659274,0.004630059503726939,0.004630762752270811
doc226,0.0009749429756080692,0.000974974142741408,0.9951254370293507,0.0009749365207263678,0.0009748762234024864,0.0009748331081710045
doc227,0.0009749429756080692,0.000974974142741408,0.9951254370293507,0.0009749365207263678,0.0009748762234024864,0.0009748331081710045
doc228,0.4603951164081947,0.12888281005122076,0.000947246767539475,0.23325797336660548,0.17556963157636557,0.0009472218300739943
doc229,0.18788212129010978,0.6141568894500222,0.0014582877851167554,0.001458066623002028,0.0014581164657525387,0.1935865183859967
doc230,0.215118356126028,0.4159387242122687,0.0008803695224506688,0.27815944321150404,0.08902260071314536,0.0008805062146031909
doc231,0.0004704863983636934,0.25772950686419194,0.0004704369200106941,0.20084028926879702,0.5400188025608905,0.0004704779877462351
doc232,0.99363692647306,0.001272558540337511,0.0012723312935220958,0.0012725526887151868,0.0012726038338257296,0.0012730271705394887
doc233,0.6322123663055927,0.2847514507675481,0.001458196177819668,0.07866173480955013,0.0014581525166445968,0.001458099422844856
doc234,0.29019388650650474,0.0004912856691621355,0.026804780667297513,0.6815274298314036,0.0004912569857325929,0.0004913603398993002
doc235,0.0008505983421116503,0.7652401505687941,0.000850519243083537,0.2313576449124911,0.0008505099791808629,0.0008505769543386002
doc236,0.2991675771901062,0.5165022582904767,0.0006427400770166074,0.0006428632235159893,0.07578677598964854,0.10725778522923594
doc237,0.5135977889282323,0.00442524892914922,0.0044255544739553515,0.4686998160007016,0.004425440713477966,0.004426150954483675
doc238,0.035010588133215725,0.0007717282883290756,0.0007717332595934489,0.9619023459716063,0.0007718207713948719,0.000771783575860417
doc239,0.0022426714117504613,0.0022427259000464077,0.0022422796060322576,0.0022431426598988444,0.002242744241481235,0.9887864361807908
doc240,0.0013409990389766293,0.5047782931409499,0.0013407056479921853,0.001340890556622097,0.4898582515489855,0.0013408600664736202
doc241,0.3605873993276673,0.0005248232622852908,0.1017025151917944,0.11472479856516479,0.42193567327404374,0.0005247903790444266
doc242,0.4401550063936045,0.3133809170719029,0.0005061588582360392,0.2449455623284671,0.0005061790241025315,0.0005061763236868602
doc243,0.2683462232605924,0.7280363577836195,0.0009042723580824283,0.000904445472984202,0.0009043949284398471,0.0009043061962816795
doc244,0.0013778307076915037,0.0013776851307202265,0.0013775982316818842,0.9931114831840981,0.001377641022304981,0.00137776172350315
doc245,0.4627987257256244,0.2975587417915541,0.00040901729934763497,0.00040894672672025134,0.0004089219893131665,0.2384156464674405
doc246,0.13473417645140331,0.0012566357349720232,0.0012565879001971989,0.5162917737810588,0.17495692896016943,0.17150389717219902
doc247,0.3131939543973938,0.22608686800187341,0.0009844768618763454,0.2954930607153412,0.16325714449329148,0.0009844955302237663
doc248,0.3917868900074447,0.001798959743438112,0.0017988690849799118,0.25049940749437577,0.1233575017078263,0.2307583719619352
doc249,0.16262713365622508,0.0022428573560663747,0.0022428138555831817,0.7118270043333982,0.002242613727419897,0.11881757707130736
doc250,0.0028911059841737353,0.002891177544333634,0.002890288778871034,0.2741115488241182,0.002890565157801263,0.7143253137107021
doc251,0.7636449161974392,0.0028909416813060725,0.002890948056085912,0.2247906232459134,0.0028907851073062987,0.002891785711949107
doc252,0.0005418255443285695,0.9087932483156729,0.08903946125426875,0.0005418523322762119,0.0005417814924976908,0.0005418310609559056
doc253,0.5489724850476762,0.0019016143774794013,0.0019014477429634652,0.0019014026770937183,0.4434213808315143,0.0019016693232729567
doc254,0.6294636218056444,0.0011550131171243548,0.001154816890172801,0.0011551058444602463,0.001154913448028977,0.3659165288945692
doc255,0.05523209135432075,0.2792459516862223,0.19052510228682817,0.4652864748078796,0.004855133705115018,0.0048552461596340635
doc256,0.0007064655529902302,0.6822977573108894,0.0007063114201818756,0.07291975015537099,0.24266332844276833,0.0007063871177991409
doc257,0.7966881255795655,0.09415387574041578,0.0009295944231170678,0.0009296598845824609,0.10636914090881593,0.0009296034635033102
doc258,0.37671856444704976,0.0016785098039992785,0.0016784071529459602,0.001678348400913779,0.0016782872328333135,0.6165678829622578
doc259,0.3743650913600261,0.3058606148145234,0.0005302951189667602,0.0713313600362792,0.24738227302383262,0.0005303656463718192
doc260,0.23620990666454592,0.0025260999211512937,0.0025265022831486247,0.25111961080816925,0.5050919299675946,0.0025259503553903963
doc261,0.6233554681428274,0.000777904555356168,0.0007778051572894379,0.06520861208015823,0.3091022972422491,0.0007779128221196027
doc262,0.02967995179902872,0.8275637217284862,0.0009471099020555352,0.0009471971165419335,0.0009471246546032047,0.13991489479928448
doc263,0.3093514530876693,0.30742979586161884,0.0002528107170071518,0.3824602292010111,0.00025285381808317644,0.00025285731461057207
doc264,0.0015019513871651097,0.09189864353461721,0.0015016781697382256,0.0015020329107710978,0.15532805526438764,0.7482676387333207
doc265,0.0017364493992066867,0.8058393367710117,0.0017361854331734866,0.0017365015427586185,0.0017365926034959701,0.18721493425035346
doc266,0.48608737141639374,0.08997443026955268,0.12455852379679455,0.29650545291183744,0.001437060729384522,0.0014371608760369338
doc267,0.0012724711520146917,0.001272500232547466,0.0012724289686015702,0.0012724714072649469,0.061368795487047344,0.9335413327525239
doc268,0.06072191496745877,0.8509764111551639,0.001256416355727855,0.0012565945198795589,0.0012564748002814095,0.08453218820148832
doc269,0.18581517043319054,0.4298370852154093,0.00036029812473126286,0.00036033822398027793,0.0635768058397313,0.3200503021629573
doc270,0.5818860868786789,0.18088749647904687,0.0018318247236838766,0.001831960636097669,0.0018317669312377942,0.23173086435125476
doc271,0.5472880542380426,0.0009045366523715618,0.000904320544436923,0.0009043564319959227,0.000904474868754307,0.44909425726439867
doc272,0.35622889743753217,0.2093869121909466,0.0023482437446232783,0.0023478062898753325,0.0023478778243021304,0.4273402625127205
doc273,0.7434610683703182,0.0016505349871939559,0.0016503255504503242,0.0016505845738938843,0.24993703908301382,0.0016504474351299006
doc274,0.0007376686583595875,0.000737622449724465,0.02368471896200038,0.8526762074732961,0.0007375647070149792,0.12142621774960441
doc275,0.2118610827084762,0.0005932629473211148,0.000593190199563732,0.6206581821140733,0.0005932380141782319,0.1657010440163874
doc276,0.37093246203502694,0.10241351053628787,0.0008432898300947517,0.5241239881288211,0.0008433763051174281,0.0008433731646520107
doc277,0.20698035902676967,0.37482383791471774,0.000348992336805238,0.23645886647512118,0.18103894901672007,0.0003489952298661935
doc278,0.40908383416048866,0.0021013823106561438,0.02470394676482648,0.5599083142077078,0.0021013036196319574,0.0021012189366888725
doc279,0.05523209135432075,0.2792459516862223,0.19052510228682817,0.4652864748078796,0.004855133705115018,0.0048552461596340635
doc280,0.0009749429756080692,0.000974974142741408,0.9951254370293507,0.0009749365207263678,0.0009748762234024864,0.0009748331081710045
doc281,0.0009749429756080692,0.000974974142741408,0.9951254370293507,0.0009749365207263678,0.0009748762234024864,0.0009748331081710045
doc282,0.41894163547418406,0.5058515782633951,0.06392461721103253,0.0037613907590711335,0.003760185140735937,0.003760593151581187
doc283,0.03952862363701134,0.76582083884163,0.0009209391717713289,0.1058601819528299,0.08694831636945892,0.000921100027298556
doc284,0.0008158777982681069,0.1718824603220798,0.0008158098554369542,0.0008159478706264785,0.10285913232417711,0.7228107718294114
doc285,0.02967995179902872,0.8275637217284862,0.0009471099020555352,0.0009471971165419335,0.0009471246546032047,0.13991489479928448
doc286,0.8298385789450394,0.0008805798455402161,0.0008803488504735824,0.0008804834935690171,0.0008804661791825464,0.16663954268619516
doc287,0.0028096770924585348,0.002809546812600748,0.002809358717291351,0.9859518041729289,0.0028101208779070016,0.0028094923268135244
doc288,0.3265847539486629,0.5530908076016082,0.00030812082342612627,0.11940002287999923,0.0003081710340686172,0.00030812371223487296
doc289,0.0010354771446934971,0.34055207394142817,0.046411305075765,0.6099303712910867,0.0010353568478993506,0.0010354156991272724
doc290,0.0005360255267479962,0.06245251303921949,0.0005360110029578846,0.8674893718228731,0.06845002120148215,0.0005360574067193131
doc291,0.644918624789868,0.29337683636845324,0.0007777655097798187,0.0007777947364638624,0.0007778276305079554,0.05937115096492706
doc292,0.39502497203535647,0.026119377037321454,0.00043755030672240153,0.14494578758363347,0.4330347151268574,0.0004375979101088682
doc293,0.3494007607301961,0.14906177228903977,0.019964429141237396,0.47988631069538634,0.0008433614768881608,0.0008433656672522293
doc294,0.11719694777355365,0.5758851208334465,0.00028126798984833186,0.30607408252928975,0.0002813131783557829,0.0002812676955060176
doc295,0.19338352822833096,0.00034069922650842126,0.02162063779354529,0.7395188492705841,0.044795610679588316,0.00034067480144277484
doc296,0.3832037431263732,0.5105566205655122,0.0007839831403956064,0.05609878369289638,0.04857304421067702,0.0007838252641456669
doc297,0.9105322477728474,0.0008579178864501255,0.0008578343345179621,0.011939545433289178,0.07495466636114065,0.0008577882117547521
doc298,0.5117436684447397,0.0008504807266062495,0.0008504416595749975,0.18055391740455168,0.30515092916250164,0.0008505626020257124
doc299,0.583032066264099,0.003068080028188718,0.0030678762389726487,0.0030684517505196796,0.0030680540819071614,0.4046954716363129
doc300,0.26206953620055723,0.44611325649300343,0.0010571913426907092,0.20741728331267267,0.08228540057866143,0.001057332072414631
doc301,0.000569619566665427,0.0005695850092501146,0.0005695541429141678,0.7618794085313217,0.04647518961720354,0.18993664313264494
doc302,0.0007432177895522232,0.0007431179867710502,0.0007430862791205226,0.9738299682434939,0.0007430764848323771,0.023197533216230182
doc303,0.0011822017120841286,0.001182185901428069,0.0011825358429452483,0.8521703177361275,0.0011822223319598603,0.14310053647545531
doc304,0.0022427598960863683,0.42956289267122366,0.0022424235699525434,0.2325209739680813,0.002242556951134909,0.3311883929435212
