,topics0,topics1,topics2,topics3,topics4,topics5,topics6,topics7,topics8,topics9
doc0,0.0009179038655680473,0.000917630692570459,0.000917648725135121,0.0009177744292577379,0.0009176141367133792,0.0009177293543953017,0.0009176677526849929,0.0009176271879767903,0.9917406232889381,0.0009177805667601521
doc1,0.00040827124739205463,0.09600154868752835,0.00040825148012214315,0.10200504373013451,0.00040828173311255285,0.5968646330934898,0.00040826296963105633,0.00040827908314411925,0.0004082240572587838,0.20267920391818653
doc2,0.04653728998049518,0.05796713121429977,0.04148560327837905,0.6990513270852584,0.0005849456443457361,0.0005849447087833167,0.0005849364467810976,0.15203395354554936,0.0005849307774737059,0.000584937318634363
doc3,0.0018522302835984766,0.28228598004232,0.1280481291246972,0.43365776429281366,0.0018521203909402128,0.0018525532575164592,0.0018523692311826947,0.0018520944901486594,0.0018523782200403815,0.1448943806667423
doc4,0.003449178008349415,0.0034485795181885947,0.003449250792586988,0.003449675174155775,0.0034494422217577377,0.8018662161431555,0.003448830933967228,0.003449017436257659,0.003448939411220727,0.1705408703603604
doc5,0.0010871744806762724,0.17887335276725191,0.0010871589658098225,0.00108715290340565,0.0010872661575957558,0.8124289921924558,0.001087263530430876,0.0010873298059943554,0.0010870833788716426,0.001087225817507936
doc6,0.0014496285063993408,0.001449591994432,0.6427749633886051,0.19692180014336874,0.0014497973138756402,0.0014496744640093936,0.001449662313113083,0.06887014797071936,0.0014494631383260735,0.08273527076715131
doc7,0.025652252645387483,0.7991919097179866,0.0005556900996174827,0.0005557293058572829,0.0005557670908589653,0.059945760188613965,0.10318634861737278,0.0005556938610443374,0.009245126240478371,0.000555722232782699
doc8,0.08712854268277466,0.21194162130829652,0.0005495462658695585,0.0005495972259411794,0.10925778535102554,0.0658585648501506,0.08675058246710847,0.35152166270359597,0.012669357179679727,0.07377273996555782
doc9,0.0009806783750582854,0.1077118257842493,0.05515496380422642,0.0009808010872286322,0.5109523589988062,0.000980704158972205,0.000980661486631321,0.3044195090424946,0.016857812223716427,0.0009806850386164076
doc10,0.3289112991145162,0.0014088582877027078,0.0014089261209542436,0.001408941533570286,0.22313980256435198,0.0014088773831183196,0.0014086848175492031,0.3911115773222082,0.04838416532849297,0.001408867527536026
doc11,0.0005156032751431164,0.0005155658537800748,0.000515608024855773,0.0005156226566562649,0.4181026361706852,0.0005155944817509633,0.0005155490456483243,0.5284966342150764,0.0005155567848976009,0.04979162949150625
doc12,0.0006371255699527483,0.01626448655936634,0.36613600780934435,0.5297890987408583,0.0006370719943777872,0.0006371373567253661,0.0006371101888426974,0.07329809389194203,0.01132677197514003,0.0006370959134505194
doc13,0.16469055432982482,0.0007044562834355257,0.08951581539043259,0.0007044629115435929,0.059549576089602145,0.0007044527415553067,0.0007043454987399599,0.5829505270006446,0.0007043031117655781,0.09977150664245563
doc14,0.0005320291093239575,0.06125286429180202,0.000532087860385071,0.0005320541405881723,0.4275404917771665,0.0005320732358604804,0.0005320916588710855,0.3016479996324858,0.16414751931981209,0.04275078897370479
doc15,0.0009179038655680473,0.000917630692570459,0.000917648725135121,0.0009177744292577379,0.0009176141367133792,0.0009177293543953017,0.0009176677526849929,0.0009176271879767903,0.9917406232889381,0.0009177805667601521
doc16,0.0009179038655680473,0.000917630692570459,0.000917648725135121,0.0009177744292577379,0.0009176141367133792,0.0009177293543953017,0.0009176677526849929,0.0009176271879767903,0.9917406232889381,0.0009177805667601521
doc17,0.3294533740983629,0.0009902352731591497,0.0009904757349518142,0.0009903481955128653,0.0009904387704959352,0.0009904220983432198,0.0009903730270077603,0.0009903985575801767,0.019388469194104512,0.6442254650504817
doc18,0.4404265845198794,0.0010754430306456322,0.0010755792458430609,0.3795347210332899,0.0010756058431553434,0.0010755297738554623,0.09758505220747062,0.07600054512700338,0.0010754273005316795,0.0010755119183253907
doc19,0.00036373007984095854,0.12102101781980037,0.00036373801861419163,0.24216566817583576,0.17809465993011492,0.21950771361413898,0.0003637268847651135,0.06892838542175785,0.0003637069075113889,0.1688276531476204
doc20,0.5437338149578151,0.0013891241391671685,0.44515248778640826,0.001389255240627486,0.0013893508363126226,0.001389369714131998,0.001389172064253453,0.0013891355418487103,0.0013890021334340681,0.0013892875860009631
doc21,0.0005496331123514635,0.0005495579609760774,0.0005496284183006102,0.0005495603719752069,0.0005496126298333996,0.0005496266989226215,0.0005495694251848179,0.0005495778288783289,0.0005494979622093221,0.9950537355913682
doc22,0.00217433816729637,0.002174243709531899,0.7674764410444447,0.0021745490546017454,0.0021742480408024688,0.21512854358324923,0.002174384127441072,0.0021743792292288158,0.00217433427547439,0.002174538767929345
doc23,0.000709417666786021,0.39962661824898227,0.0007094317533317849,0.23365502896077395,0.0007093937994902281,0.18901943741003147,0.0007094288412018859,0.17344249097907363,0.0007093290375930046,0.0007094233027356879
doc24,0.13223790121327603,0.3760092971772916,0.0472388688914494,0.04316180300767902,0.09717821663446818,0.0008549200690691411,0.0008548980342277079,0.0008549175157255897,0.0008549501194823194,0.30075422733733104
doc25,0.0004526162121274478,0.05692096017623123,0.0004525761925127923,0.28538602544547637,0.0004526126462326214,0.15824856667594286,0.44876524240742177,0.048416089834823685,0.0004526997026258835,0.000452610706605402
doc26,0.0010528014702595907,0.19600087114639317,0.0010528454817409754,0.0010529383649676856,0.0010529124904925414,0.0010528650230201494,0.0010530165218529417,0.0010528718043223493,0.001052724857496519,0.795576152839454
doc27,0.001052914737254383,0.07287073078832543,0.25674441252004104,0.001052948348072774,0.1407816640760029,0.0010528684805132128,0.5232854383495921,0.0010528477241464034,0.0010532997684207196,0.0010528752076310688
doc28,0.2877031243471005,0.00037042037882814403,0.0003704611168871956,0.00037044988216416975,0.10103195667341375,0.08431662650993439,0.022491250234216706,0.47386599685928366,0.02910923573068011,0.00037047826749123997
doc29,0.3935943385680777,0.0008404499471692706,0.0008405109776875535,0.0008405169396311558,0.0008405835813629113,0.0008406144165391697,0.01992916952981182,0.4227615514951625,0.057808043233662725,0.10170422131089518
doc30,0.05866236168989756,0.15592196440497447,0.001234975009144825,0.3552837952656391,0.001234828737963109,0.0012348820492949636,0.2604015822091402,0.16355596226184496,0.0012347866248216992,0.0012348617472790681
doc31,0.0011238140090223021,0.11699404675393653,0.0011241312261516746,0.001123868190610966,0.191413449987676,0.3656677274153098,0.04172750843664952,0.0011238020841657533,0.0011236851495836067,0.278577966746894
doc32,0.5110328993333306,0.051300261222897575,0.028778149823850813,0.0009806389005619007,0.17822601632479995,0.07862837496412428,0.0009805963673155003,0.0009806277269229179,0.0009805010939741771,0.14811193424222233
doc33,0.0017245436043733312,0.0017246646387795105,0.040115735020534775,0.0017245751729281448,0.8800426761800493,0.001724844538532451,0.0017244264510516759,0.0017246284677216945,0.06776941528287857,0.001724490643150476
doc34,0.0799249424532608,0.0004000901430705372,0.023700729066936564,0.0004001090615385539,0.00040012666444749333,0.7294959986774088,0.033496007127691414,0.0750943682912068,0.00040009886382139044,0.05668752965061776
doc35,0.001429006160411968,0.001428742335414722,0.0014289518257809294,0.0014297294578092508,0.8676230383114413,0.0014290011803798992,0.0014288694549309828,0.1209443253491713,0.001429149499131281,0.0014291864255282702
doc36,0.003448901383450396,0.003448750725640709,0.30005918852983554,0.0034493108457227875,0.0034489830735454376,0.0034492504630050437,0.0034489463290375585,0.6723492992925179,0.003448443151708038,0.0034489262055368295
doc37,0.09272883879417099,0.04086496636520329,0.5635215606495312,0.0013702246213136396,0.0013701896142296294,0.0013703509424211739,0.0013703156325484292,0.0013701390735255858,0.0013700491451350096,0.294663365161921
doc38,0.4806111652943571,0.0008623041481936336,0.0008622080835130562,0.2500274197776595,0.0008623838974603596,0.0008623358124145365,0.0008622162286300946,0.16747641129042756,0.0008621829859113659,0.09671137248143262
doc39,0.13891546631933616,0.1791120728679054,0.031281374894630405,0.12128631483611603,0.2244767342375949,0.24835621581013365,0.00024757197547637224,0.055829108730192235,0.00024755700482699343,0.00024758332378779107
doc40,0.003449129499018051,0.9689537902744272,0.0034491858331907816,0.003449609241093038,0.0034508261396596863,0.003450488712093324,0.0034490011381122974,0.003449258200136031,0.0034490375644902578,0.003449673397779407
doc41,0.0009710807981507541,0.2812263864114685,0.03871748848311532,0.0009711229715666728,0.13892007855471974,0.0009710867395372158,0.0009712791951003326,0.18526148246323848,0.3510189311103332,0.000971063272769721
doc42,0.001075405831525965,0.00107537389141532,0.001075436891525165,0.0010754389652943256,0.1553901605286843,0.0010753865488268499,0.0010753801948732197,0.5207097595418533,0.3163722180556335,0.0010754395503679629
doc43,0.0017862832457482374,0.0017862202372040546,0.0017862081734134935,0.07549779697902236,0.8024328670595969,0.0017861977828366141,0.10956617192858684,0.0017860628549330384,0.0017860927418397326,0.0017860989968188376
doc44,0.17881411658177807,0.0012823363425824865,0.0012823297164320721,0.20395969159021016,0.001282304827614373,0.001282487688528491,0.5100946865888657,0.09943741607527559,0.0012821534099832664,0.0012824771787297439
doc45,0.2582238867457686,0.0007357104184059972,0.1187241754936662,0.07049082068545603,0.4968366977149263,0.0007354261887190204,0.05204696894491454,0.0007354555522291578,0.0007353790041551996,0.0007354792517588836
doc46,0.0562775088985665,0.0011630652570149985,0.001163124250610547,0.0011631048858070803,0.11461126145816761,0.24173881226971886,0.0011632383484026876,0.0011630987671991185,0.0011629653008770387,0.5803938205636355
doc47,0.001111482262990513,0.6896379723325775,0.0011116939758905283,0.0011113741514013967,0.0011116381630551669,0.2131348524488,0.0011114057040090856,0.08944678242108978,0.001111402270914386,0.0011113962692714857
doc48,0.49380327715369554,0.0005209505504294024,0.0005209587674013308,0.16365369564607582,0.0005209534783277644,0.06515103889382232,0.227654956521241,0.000520978417746072,0.0005209397219124287,0.04713225084934836
doc49,0.00033338908202831715,0.08105768413675815,0.00033338674705571056,0.30438795884721775,0.1462586816634869,0.4480361930407223,0.00033341545034513157,0.01859243063109361,0.00033343823879463096,0.00033342216249739563
doc50,0.15403032570958428,0.001961131796863228,0.41347707693033625,0.001961094502300532,0.001961330203688896,0.16593677406324486,0.2547887525635908,0.001961136153626368,0.0019611207532971835,0.0019612573234677254
doc51,0.0010001728955775539,0.0010000900370205847,0.0010000533792761123,0.0010001235716108061,0.0010000993773501283,0.0010002188782239473,0.0010001233586616788,0.0010001173644813514,0.9173399461970554,0.07465905494074236
doc52,0.7589456376490917,0.0010102761926576028,0.0010103817140050659,0.0010103748482760625,0.0010103916914982558,0.0010104321275613154,0.001010481053606288,0.2099104017229197,0.024071219564629327,0.0010104034357547838
doc53,0.002703487030442468,0.002703510662955327,0.0027034647185069515,0.4342266853767203,0.05688841223198315,0.13957422973963665,0.0027040397983637775,0.35308900573284163,0.0027034765471058136,0.002703688161443983
doc54,0.0021744343411571245,0.30102740128053085,0.002174348311499333,0.5483110697948953,0.0021744515735889927,0.0021746791012362647,0.0021745578987085973,0.13544018130876204,0.0021743788146365156,0.0021744975749849794
doc55,0.0007044167839064664,0.4136124041290131,0.0007044141538213972,0.2905091022931395,0.0007044200953142769,0.2909476772890848,0.0007043609971155529,0.0007044219979792684,0.0007043584923901734,0.0007044237682353452
doc56,0.06746091089902548,0.0005748309893203206,0.0005748175710656718,0.10297617026546085,0.10534960412873412,0.7207642460404258,0.0005748227612090241,0.0005748677796295927,0.0005748133410509595,0.000574916224078237
doc57,0.001052811276158467,0.2671225811118354,0.30951157700253207,0.001052805608970874,0.043289447421069195,0.0010528167203161225,0.37375947397757914,0.0010528764433929282,0.0010527718504572373,0.0010528385876886067
doc58,0.6193017255693584,0.0016951862202282005,0.0016955427570716076,0.11800375661200721,0.0016952862082592589,0.001695401856548481,0.2508273909490305,0.0016952069241083874,0.0016952408786060187,0.0016952620247820734
doc59,0.0012996398883397984,0.11526827206452685,0.0012989539870648036,0.0012990908967988539,0.0012991168358326027,0.48927308441817197,0.10548810222895777,0.2821756787583637,0.0012990139592722702,0.0012990469626713327
doc60,0.42468885599861717,0.0005495888910415879,0.06280947945538103,0.13203808324527275,0.0005496327965603158,0.053759846339466066,0.07310245810628468,0.23375659115151276,0.018195834363696317,0.0005496296521674406
doc61,0.48791929957860436,0.0010528049646635848,0.5036581879506805,0.001052723926717873,0.001052911382966477,0.001052761833651201,0.0010528669324201454,0.0010527782661585267,0.0010528098689355381,0.0010528552952018084
doc62,0.0010001728955775539,0.0010000900370205847,0.0010000533792761123,0.0010001235716108061,0.0010000993773501283,0.0010002188782239473,0.0010001233586616788,0.0010001173644813514,0.9173399461970554,0.07465905494074236
doc63,0.2281961620102657,0.0011767674440334814,0.0011767738880717347,0.001176734997096723,0.0011766874371923015,0.0011767480674380786,0.1898738327580062,0.0011768144602073026,0.0011766874023358253,0.5736927915353525
doc64,0.0010001728955775539,0.0010000900370205847,0.0010000533792761123,0.0010001235716108061,0.0010000993773501283,0.0010002188782239473,0.0010001233586616788,0.0010001173644813514,0.9173399461970554,0.07465905494074236
doc65,0.21942773002681035,0.0007521715151276464,0.0007520503728014619,0.31346482306208584,0.0007520440456844755,0.0007520897506149886,0.0007520955610992708,0.378655506625219,0.08393942158264435,0.0007520674579125522
doc66,0.0007635287601934854,0.6316095401422644,0.0007635203903273172,0.00076351312359709,0.04022078613747075,0.0007635734589205554,0.0007634962255114909,0.0007635849191767791,0.0007634594092423046,0.3228249974332958
doc67,0.0011366449241149237,0.4722181094734336,0.06697937986404703,0.1269400423906432,0.0011367206890341112,0.32704240350530456,0.0011366461659447296,0.001136629939918701,0.0011367696841752908,0.0011366533633838916
doc68,0.23436992650915944,0.2812489527065504,0.00067588275237654,0.0006758699024025992,0.04424405847072228,0.0006758310538137202,0.05989594811761396,0.3768618973778887,0.0006757750370146095,0.000675858072457784
doc69,0.0018872225965221984,0.0018871726233585374,0.0018874326846465583,0.001887397070844171,0.983013800792189,0.0018872857383489255,0.001887753392404976,0.0018873328708924322,0.0018870726200125284,0.0018875296107806604
doc70,0.3288496412846988,0.5979361657144157,0.0011769400600331503,0.0011768241579667273,0.0011767374266984972,0.0011768201291977132,0.0011766734845384164,0.03969114857299802,0.02646211396725026,0.0011769352022028457
doc71,0.0014927850895584238,0.1081540291387762,0.0014927872556891471,0.19006694735752203,0.001492860515976183,0.691329142500598,0.0014930166593941233,0.0014928117898299945,0.0014926963019399294,0.001492923390716068
doc72,0.369531914042383,0.001587667390844077,0.2551886073007656,0.3641653264025711,0.0015877629781774615,0.0015878887931634984,0.0015881104366641827,0.0015876088823238695,0.001587399835776258,0.0015877139373309
doc73,0.7645337505974001,0.22616108353087527,0.0011631945047479524,0.001163106446266013,0.0011632916484926163,0.0011631803699704453,0.0011631188745978526,0.0011632351669614777,0.0011629666331043626,0.0011630722275840413
doc74,0.22072491844727102,0.000699435262644131,0.033432591489046384,0.7409464468630087,0.0006994235182817193,0.0006994683098050862,0.0006994095971507202,0.0006993859715507864,0.0006994773314056435,0.0006994432098357454
doc75,0.2037614474725775,0.000653749045446785,0.2481697000822891,0.07223278940885614,0.3514027253700213,0.0006537363124130979,0.000653840106954892,0.0006537410972001785,0.04639665236163863,0.0754216187426022
doc76,0.0050013165322422394,0.005000702775224488,0.8974678993039027,0.005001226676951428,0.0050011159169744985,0.005001495757317169,0.005000379329449363,0.005000989365520102,0.005000714990534134,0.06252415935188398
doc77,0.0015390844132419515,0.0015390207400268815,0.0015388232512604278,0.16012018910002487,0.8275683053964705,0.0015391250259828952,0.0015388018488492268,0.0015388044713264726,0.0015388768096225493,0.001538968943194237
doc78,0.0011768159130085508,0.0011765575643365002,0.04156385555868106,0.001176759690873502,0.8315267059123792,0.0011767570138384858,0.001176616456412004,0.09747903832288267,0.0011768004359770268,0.02237009313161109
doc79,0.1833174056354467,0.1485688419226936,0.05073376633474823,0.001695375675174094,0.4862525571144943,0.12265085487720812,0.0016953489664526546,0.001695335432237448,0.0016950655919207433,0.00169544844962424
doc80,0.10595203022667506,0.0012502044485298675,0.001250252954340304,0.0012503341395460926,0.0012503173664594686,0.30075842156234256,0.4238885249786352,0.16189938777882268,0.001250221702394684,0.0012503048422540608
doc81,0.002000674514477333,0.0020001907711708275,0.2272839717209592,0.0020005509633984784,0.6327521157589158,0.0020004410955927108,0.002000227582068993,0.002000627470838433,0.0020002656028825297,0.12596093451969598
doc82,0.13580887245251602,0.011112203390448312,0.011112763674955154,0.011112470402641524,0.7752856446732231,0.011114347904947013,0.011112848295689336,0.011115739784521387,0.011111723311822698,0.011113386109235394
doc83,0.0014708799674875636,0.001470850416428189,0.5819062630380708,0.001470787728334368,0.0014709930832416487,0.0014708359796706948,0.0014707302434008535,0.3422826311053787,0.0014708667395741768,0.06551516169841298
doc84,0.0012823564546996622,0.0012824421239592612,0.45324524658203813,0.13761759070463422,0.16603742615493647,0.0012824070536100517,0.001282201006073476,0.001282476629776929,0.0012822558594908517,0.23540559743078085
doc85,0.044868710762344256,0.44669011722659546,0.0008774082135495788,0.0008774001345167697,0.0008774063472043063,0.5022991234142007,0.000877363384352285,0.0008774177207671556,0.0008775973358575751,0.0008774554606120716
doc86,0.31050741588419745,0.0014929136006426207,0.2108465234101289,0.0014927827562481479,0.4681962304979666,0.001492684321361581,0.0014927949280004204,0.0014928297178371875,0.0014927366225479524,0.0014930882610693556
doc87,0.0015154687746701354,0.0015152778417725345,0.0015154857250822679,0.0015155635606653025,0.0015156058235978025,0.3073493816251916,0.0015155073629256933,0.0015154431506582743,0.001515554314666741,0.6805267118207695
doc88,0.0012824179527691543,0.02897213818124832,0.15805981819289275,0.8039917447261865,0.001282464055575881,0.0012823051149694724,0.0012822995212812916,0.001282244043026973,0.001282287810269698,0.0012822804017798314
doc89,0.005001435754139759,0.005000985628525553,0.005001364560732288,0.005002291507451568,0.005001463171298839,0.005001024241832754,0.005001771401356021,0.5025482469852779,0.005001443286952682,0.45743997346243265
doc90,0.17812235000858703,0.5208629333131575,0.0009092357126150296,0.18129829096543182,0.0009093908553912496,0.1142606320990071,0.0009093229297416711,0.000909384314897263,0.0009091682927085487,0.0009092915084629369
doc91,0.0029414353871891666,0.044888023371300496,0.6224394438357065,0.0029416431875040148,0.16391726754653344,0.0029418787139941427,0.0029417374459540092,0.15110559989118844,0.002941428774726919,0.0029415418459029278
doc92,0.0011369306212066516,0.001136620032990665,0.3427520667634942,0.0011366461035023038,0.0011366684307448788,0.463824192915384,0.0011366768612686585,0.18546699114663648,0.001136554613456357,0.001136652511315714
doc93,0.0014289424163241415,0.0014291315636764952,0.0014288779794318278,0.2850740462716904,0.2586884331222804,0.001428972211210396,0.10403849546084815,0.0014290524044835203,0.02694859323906488,0.3181054553309897
doc94,0.10113668724215372,0.024699853389461596,0.0008065731526821347,0.0008066812511395531,0.0008066221027883824,0.6902543836392457,0.0008066676582122966,0.0008066642920028598,0.0008065709666598796,0.17906929630565382
doc95,0.2671471799332568,0.0005748427426619045,0.0005748820469425104,0.3828240012920683,0.07861099593245655,0.0005748859785300554,0.22439548150528407,0.0005748493647784097,0.0005747763426534292,0.044148104861368
doc96,0.0005918500189312951,0.0005918786783064736,0.0005918988229667793,0.2924006394912036,0.21616288689632104,0.0005919189981971524,0.0005918867736494234,0.48729336007611074,0.0005918232263773932,0.000591857017936203
doc97,0.1737150316049214,0.027404691276505404,0.5061451807939361,0.25879268968540914,0.028058789334401264,0.0011769270897470673,0.0011766585538009913,0.0011766690371047398,0.001176610102671444,0.0011767525215023843
doc98,0.0006061946899326953,0.0006061906938997531,0.3764952381861125,0.0006062209246896584,0.0006062374464228048,0.0006062236457224255,0.3975828220395484,0.0006062094445665277,0.0006061407792831223,0.22167852214982223
doc99,0.09514217540496166,0.4179821395520099,0.15343889020249202,0.182346824416309,0.0005052121995977338,0.14856410479796012,0.0005051917864607764,0.000505187493773482,0.0005051207425207308,0.0005051534039145096
doc100,0.0009805386385390942,0.28601511067314395,0.0009805570134668114,0.7061399369121693,0.0009807040845989975,0.000980705654871504,0.0009806180373073952,0.0009806138960092175,0.0009806000330924215,0.0009806150568013332
doc101,0.6460773063678427,0.0009902613510898532,0.08467466554672258,0.0009902509006191659,0.10318871890243414,0.0009902127963547164,0.142477850900454,0.000990273683251169,0.018629856648470465,0.0009906029027613107
doc102,0.5406440863115034,0.0025003261010077037,0.0025006176282507033,0.002500869124558429,0.3614941100047623,0.08035824506373948,0.0025003317802971574,0.0025004146611082283,0.002500510406008458,0.0025004889187642465
doc103,0.22358749592964342,0.0005129055142142044,0.09900775032456484,0.3597924999696309,0.0005129914168455232,0.03835459224024696,0.276692941513034,0.0005129608646067408,0.0005128969820021197,0.0005129652452113187
doc104,0.284692885732252,0.2527599040136858,0.0011113689201491367,0.2934923576118204,0.001111346196045404,0.16238666761941167,0.0011113887970310582,0.0011114714616676084,0.0011112971354682636,0.0011113125124686618
doc105,0.0011632269458686916,0.0011632483388751222,0.4403809646091563,0.0011632521379523239,0.0011631823215353515,0.42521162856796746,0.001163016540259452,0.07420217625133214,0.00116292215829181,0.05322638212876113
doc106,0.23828210439741188,0.0011767171153071031,0.08573562647084602,0.3080790956408272,0.0011770752698036266,0.0011767596663033745,0.36084229858216427,0.0011768274597456431,0.00117673593118119,0.0011767594664097046
doc107,0.0030311974455307505,0.0030312108598353153,0.6378935448093926,0.0030313916041612736,0.0030309654359064555,0.33785518075505294,0.003031453297902713,0.00303097600957264,0.003032848357839959,0.003031231424805343
doc108,0.0007520907941497287,0.0007520995983250927,0.059830835026442174,0.0007521129842510723,0.17089626697474095,0.0007520988080866347,0.0007520940316299737,0.2270183301239608,0.0007519921447298298,0.5377420795136839
doc109,0.26802983492390875,0.0047623458880927385,0.004762770249627445,0.0047631256108562284,0.6273476322976973,0.00476325836383245,0.004762441292310742,0.004763306557387836,0.07128188438030762,0.0047634004359788686
doc110,0.002000849513361179,0.2874913463566107,0.17779753706874302,0.0020005265362382572,0.2938675991153743,0.2288388981408406,0.0020005475970670517,0.0020009398190823286,0.002001075945949285,0.0020006799067333937
doc111,0.001818648264334803,0.001818602219315733,0.7756714437574963,0.0018188239064464585,0.0018187505278349065,0.2097787339436641,0.0018188566021493362,0.0018187474271061585,0.0018189602466735567,0.0018184331049787127
doc112,0.09951719505565984,0.0009435072107635737,0.000943589591482077,0.000943657538169288,0.0009437086120892322,0.06111200129322333,0.0009436184367294364,0.0009436706537238124,0.8327653864569534,0.0009436651512060673
doc113,0.09951719505565984,0.0009435072107635737,0.000943589591482077,0.000943657538169288,0.0009437086120892322,0.06111200129322333,0.0009436184367294364,0.0009436706537238124,0.8327653864569534,0.0009436651512060673
doc114,0.12482885175331669,0.6013142342108929,0.001282334167668235,0.24922755124272414,0.001282227645065396,0.001282264152624239,0.0012823557991405341,0.0012823799835398387,0.016935396184737505,0.0012824048602905066
doc115,0.0006624277081968469,0.2482471308770182,0.0006623528304672835,0.0006624521500546777,0.0006623969881476272,0.7371553767414302,0.000662436352480067,0.000662399268490897,0.009960621135595376,0.000662405948118992
doc116,0.0015626889338381678,0.14032072284720631,0.0015627210404258905,0.3576309381069188,0.0015628275126666263,0.49110880420024833,0.001562907951527861,0.0015628499859337939,0.0015628117002875297,0.001562727720946379
doc117,0.0007754253920597985,0.04404915409761914,0.0007754091292704018,0.1628635284510292,0.0007754216203243704,0.6567524264177919,0.0007754109688438394,0.1316822427704304,0.0007755578289379589,0.0007754233236930069
doc118,0.1532874669826058,0.11544785117594782,0.08996065965004575,0.22344214202793844,0.1304397698242028,0.0018523818070305161,0.1197432418954782,0.0018524902297286155,0.0018521501567089211,0.1621218462503132
doc119,0.0008405305550577457,0.24680136787731388,0.0008405260646545301,0.3912589217895578,0.0008405845023170979,0.0008405784522328365,0.0008405337589572879,0.35605589438001695,0.0008404934390931633,0.0008405691807987615
doc120,0.0017861187570346966,0.0017863400207584917,0.3667355209921986,0.0732132926546813,0.18687863267026095,0.0017861249188989424,0.0017860479084182692,0.0017862200760155782,0.00178633406181937,0.36245536793991373
doc121,0.0023813739377333727,0.3876352032205368,0.002381426509979551,0.0023814611896240496,0.0023814880675677047,0.36306426832902583,0.002381227716340922,0.0023813768124246832,0.0023815473385260925,0.23263062687824118
doc122,0.0013162895198847288,0.502899173097855,0.0013161890382555894,0.1323149405892097,0.0013160592798250317,0.0013160955393286522,0.35557291051112866,0.0013162048556031416,0.0013159798383375052,0.0013161577305719244
doc123,0.0020003829424383376,0.002000209625896141,0.002000823547607785,0.002000795204607302,0.9819965601896736,0.002000136195983878,0.0020001933267792932,0.0020003997415697587,0.0020002869417269096,0.0020002122837170263
doc124,0.00029508369074267835,0.3130889870747537,0.28655701818382795,0.18281846466457188,0.0002950755808457389,0.21576514042233305,0.0002950535632618463,0.00029507691737137024,0.00029502947692234074,0.0002950704253693965
doc125,0.002174276373953471,0.002174416583969816,0.6295953465358841,0.0021742511425828863,0.002174322707404431,0.002174453789093256,0.24315766651180035,0.11202665243148026,0.0021742921246907443,0.0021743217991408758
doc126,0.22037205332202023,0.0011630845669692712,0.0011630892063660733,0.0011630478500372424,0.0011630100959647233,0.0011630591168080022,0.18635691328449253,0.001163124239603352,0.0011630059909536372,0.5851296123267851
doc127,0.43385991799360135,0.2811232959990388,0.0007248258576992665,0.1321567350405059,0.0007247762033704253,0.00072484353750128,0.0007247940989582998,0.14851122983575493,0.000724779401703096,0.0007248020318668966
doc128,0.038454464655559024,0.2303136178250561,0.0005954291347667391,0.1267654613442619,0.09803009568016105,0.0005954582928084508,0.0005954501953459456,0.0005954433494376302,0.05701725582899819,0.4470373236936049
doc129,0.0028577035475541384,0.0028582888486188745,0.0028579397731208767,0.00285789742519315,0.3841210996619465,0.002857684187191904,0.002857696626205054,0.0028580201323394673,0.0028574153987871802,0.5930162543990429
doc130,0.0016951422203413935,0.001695321860000407,0.0016950938802419017,0.001695277395369408,0.5357296776156192,0.2777556561951027,0.00169535792949426,0.0016954370549942018,0.0016951109417192788,0.17464792490711722
doc131,0.0014496799625311413,0.0014495323744754395,0.0014496862975747688,0.001449518604933026,0.9264491712440786,0.0014495745993723145,0.0014497514687238507,0.0014496741616656177,0.0014496248881458345,0.06195378639849929
doc132,0.07743271803169377,0.06494101894273804,0.2861803364185662,0.0010641405266265992,0.0010643689400023056,0.3606687432208201,0.0010639906639318187,0.20545638108411493,0.00106415603956853,0.0010641461319376517
doc133,0.0012196215461703374,0.43614087151482556,0.0012196587978280495,0.36036476031980647,0.0012197225784442232,0.19495647849535516,0.001219864567196815,0.001219694640197413,0.0012195980392661803,0.0012197295009099504
doc134,0.001020635551045595,0.0010206620194081846,0.03641761886943942,0.08449297597670988,0.33132315073194335,0.08483259110615433,0.0010207198720812835,0.16743412287886156,0.001020710371518331,0.29141681262283814
doc135,0.0007520907941497287,0.0007520995983250927,0.059830835026442174,0.0007521129842510723,0.17089626697474095,0.0007520988080866347,0.0007520940316299737,0.2270183301239608,0.0007519921447298298,0.5377420795136839
doc136,0.34206675415446547,0.0012661447568595567,0.00126626751513297,0.0012662732954776665,0.2881311397540545,0.0012662144920301767,0.0012661403817666023,0.36093870091108443,0.001266107509157406,0.0012662572299710852
doc137,0.0005781639468984949,0.11085301250153351,0.04088371796915822,0.0005782803216335738,0.5933015259968666,0.0005781818832310589,0.0005781541941622069,0.2514926160442812,0.0005781691589357608,0.0005781779832992144
doc138,0.18764105725287436,0.0020838263104597876,0.10320773140068007,0.002083772452664965,0.6945638760451851,0.0020839001912897168,0.002083568857786938,0.0020839057041676864,0.002083962092793919,0.002084399692097534
doc139,0.0038470361167275984,0.003847375169495191,0.003847529748071231,0.0038476010648527976,0.3585741181371247,0.24043748558495764,0.003847571465917857,0.0038474448961641275,0.139355883677828,0.23854795413886085
doc140,0.0028580545194902235,0.28889217109642623,0.24699026615127023,0.12815646935183928,0.31881401267304005,0.0028575740386675044,0.002857566727979505,0.0028581403422176218,0.002857770576198403,0.002857974522871128
doc141,0.002273311803622069,0.0022730176524734446,0.002273291197616646,0.0022735003437167034,0.002273427229925629,0.002273770810408922,0.0022732475440858644,0.002273330243596406,0.002273122972898959,0.9795399802016554
doc142,0.39444341692694573,0.001449570305062062,0.28002393806627995,0.001449633632396094,0.11229489827273871,0.08355785917557665,0.12243186347113424,0.001449643741233646,0.0014495392406737937,0.0014496371679591094
doc143,0.002273311803622069,0.0022730176524734446,0.002273291197616646,0.0022735003437167034,0.002273427229925629,0.002273770810408922,0.0022732475440858644,0.002273330243596406,0.002273122972898959,0.9795399802016554
doc144,0.0010312949116466396,0.16629176133203116,0.0010312150267241962,0.0010312725519238883,0.1071679878544477,0.3511361995297273,0.07396714098254709,0.2839197887931158,0.01339209265451115,0.001031246363325203
doc145,0.0016396114481607039,0.0016395414156834592,0.7821116306064799,0.1730368878878416,0.0016400696500841478,0.0016396815954998198,0.03337326673887941,0.0016401503465194546,0.0016395151157180335,0.0016396451951333048
doc146,0.002439713390031137,0.14232215164993242,0.12967272530038723,0.0024398188833107126,0.33243047794285857,0.0024397127336673033,0.00243999855580805,0.33313469745596247,0.05024103263404683,0.0024396714539952516
doc147,0.0014290710090034498,0.1856458449383414,0.09387792652351105,0.00142905341046666,0.0014289792322944343,0.0014290146711313846,0.0014287862877367591,0.3776308440257416,0.0014287928311239643,0.3342716870706492
doc148,0.0033340472760873584,0.0033344534456728457,0.4016372376165606,0.30850687164039936,0.003334280802531864,0.003334215771009694,0.0033339762376394825,0.003333875975279616,0.003333846104085172,0.26651719513073396
doc149,0.0013336098437034417,0.07871921370228283,0.0013335633044765478,0.23772217214159883,0.0013335902307167727,0.22142778991732281,0.0013336284840422608,0.45412927705809003,0.00133349036544459,0.0013336649523217916
doc150,0.001887259143866101,0.42977202471262294,0.001887253724670935,0.0018882699449004762,0.41455441915723545,0.0018879735743614168,0.0018872180436160751,0.14246079937328454,0.0018872421924560397,0.001887540132986063
doc151,0.27716954975055247,0.001819228602692596,0.0018185724030727135,0.31538745739169705,0.0018187876347896315,0.2743858169847238,0.001818873151259315,0.12214461664295789,0.0018183585891021433,0.0018187388491523418
doc152,0.0678146143160912,0.0008003316679993974,0.0008002014201796144,0.0008001584207006789,0.0008001693245018351,0.9153823845280149,0.0008002166229792735,0.0008001489039159962,0.01120152742414709,0.0008002473714700427
doc153,0.001351533194929935,0.17853930673057689,0.0013515151987879106,0.8106475654463133,0.001351587856518943,0.001351821401287365,0.0013516577982252036,0.0013516097692398046,0.0013517069565507091,0.0013516956475701494
doc154,0.11569221763949934,0.002326704921327442,0.41871348328916413,0.0023264639371227587,0.0023261263511540754,0.0023260241060663474,0.4493108650663157,0.002325952155879832,0.0023261205059736893,0.002326042027496684
doc155,0.0005291870745391834,0.324996381125145,0.0005291852645374773,0.5176670996601536,0.0005292058065264421,0.0005292131346419642,0.0005292081018184409,0.06476191026536146,0.0893994362864473,0.0005291732808293369
doc156,0.00034973970117126114,0.13909785252901619,0.0003497198687690119,0.0003497614729206696,0.0003497118537833112,0.799452474789071,0.00034973121566313334,0.00034974707233585895,0.0003496927180782997,0.05900156877919106
doc157,0.11535526117865247,0.0016133914371455073,0.4011170464944404,0.0016134775792349164,0.0016132778194856052,0.16148450924091967,0.31236306982546386,0.0016132952080329904,0.0016133081622167697,0.0016133630544078819
doc158,0.5965750292936322,0.07084136600759093,0.001428873584980683,0.0014290279831631427,0.0014290358031565525,0.0520203484020108,0.13759116244403516,0.0014291418784812824,0.0014291403280527494,0.13582687427489648
doc159,0.0026325677191958896,0.0026324100104051455,0.3165092229793697,0.28439231859911124,0.0026324115645267308,0.12485387818638727,0.002632570742743774,0.12411994469689526,0.13696259077980122,0.002632084721564067
doc160,0.0038465741958879297,0.11760962547007867,0.003846564315962605,0.22357935808878143,0.003847801526608708,0.0038476790651830327,0.003846887151586552,0.0038475161049837197,0.0038464944829993595,0.6318814995979279
doc161,0.2100972852936921,0.0009092610021744209,0.5112934563732013,0.0009093488479827257,0.13705433097407493,0.0009093983078652943,0.1360989860792533,0.000909342076300689,0.0009092187646090559,0.0009093722808461667
doc162,0.0009806515586975107,0.8721050972744325,0.0009807189221575057,0.0009806783627637921,0.000980808871114866,0.0009806536560690096,0.1200494270746023,0.0009806460791823642,0.000980671654836427,0.000980646546143618
doc163,0.30613664724281714,0.0007464056078189343,0.0007464265169687651,0.3852283899277404,0.0007464278457975406,0.3034098227504567,0.0007465196640735128,0.0007465132310984561,0.0007463369084279251,0.000746510304800786
doc164,0.0012824194425528018,0.0012824070568186383,0.0012824006015692629,0.00128253183975554,0.6817256370101258,0.0012823954996361718,0.1460171253144372,0.1632801300680108,0.001282467903569103,0.0012824852635247154
doc165,0.10853223341925786,0.1878884365259237,0.0010311601547999215,0.0010311658003824846,0.0010311521187816302,0.001031082435153058,0.0010312650882592412,0.6593032479784591,0.0010310856866474708,0.03808917079233571
doc166,0.0006371014045291231,0.0006370868741092375,0.0006370554677455024,0.26996908305520084,0.17459829789692846,0.1262140116648555,0.03842350205625735,0.3876097562782229,0.0006370085511928917,0.0006370967509582967
doc167,0.1115980831984507,0.0009435879220007761,0.0009436368248039504,0.5273924352355575,0.0009436365898832113,0.0009436624824500459,0.0009437567219278046,0.11789904062881434,0.0009435565417939604,0.23744860385431768
doc168,0.05338740001020041,0.0007693446025116138,0.0007694038588680056,0.0007694620804779479,0.8890433370516704,0.0007694517608503338,0.05218322202110978,0.0007694495033070646,0.0007694676912385568,0.0007694614197659138
doc169,0.0009902872242988454,0.0009903398849200947,0.0009902423020269288,0.0009904159050537927,0.000990333679859865,0.0009903438365891867,0.0009902796059420677,0.0009902746895884432,0.9910871525585472,0.0009903303131735084
doc170,0.0009902872242988454,0.0009903398849200947,0.0009902423020269288,0.0009904159050537927,0.000990333679859865,0.0009903438365891867,0.0009902796059420677,0.0009902746895884432,0.9910871525585472,0.0009903303131735084
doc171,0.0013702464930178608,0.001370160103236691,0.001370143021538865,0.13494134849995668,0.0013701090005846207,0.0013702664580980122,0.8540972786203456,0.0013702601544934043,0.001369999815604656,0.001370187833123532
doc172,0.0052639511319605365,0.005263712382722786,0.273541969518574,0.005263958018840146,0.3151941661175818,0.005264377029572231,0.005263532620040018,0.15487907371447687,0.005264064097503023,0.22480119536872853
doc173,0.1236685147072107,0.0020006295246739,0.6343442770127015,0.16280445930726795,0.06718034000520533,0.002000562760756488,0.00200030968291781,0.0020003305147247986,0.0020001910394941776,0.002000385445047654
doc174,0.3201215190326035,0.0013516115926229656,0.0013514899451921155,0.5959881682163451,0.0013515096349307845,0.0013515674032600388,0.0013516496904999314,0.07442926680423607,0.0013516834508480653,0.0013515342294615179
doc175,0.43241600881867964,0.0019237689805108168,0.0019235877183472068,0.17183103156673574,0.0019234520139398618,0.001923745026095386,0.0019236020250376754,0.3328829850313993,0.05132813506280674,0.0019236837564475559
doc176,0.5636437669702706,0.0013335236688940435,0.4256863131462117,0.0013341739441969493,0.0013336404571647597,0.001333660440217629,0.0013337720598080875,0.001333844106224306,0.0013335535475624423,0.001333751659449319
doc177,0.0008405305550577457,0.24680136787731388,0.0008405260646545301,0.3912589217895578,0.0008405845023170979,0.0008405784522328365,0.0008405337589572879,0.35605589438001695,0.0008404934390931633,0.0008405691807987615
doc178,0.546152769143224,0.23887071418011532,0.0017247153785681611,0.0017247172903861057,0.001724503565388552,0.0017246843352245658,0.0017246263125900124,0.20290410320138558,0.0017245214875987152,0.0017246451055190726
doc179,0.0021279131791810202,0.0021279139567476654,0.0021278829579713973,0.002127942317306129,0.0021282258199626512,0.002128250628912817,0.10932946996343769,0.3919370058789641,0.00212837285471506,0.4838370224428015
doc180,0.0003610846085070866,0.04686308216823286,0.21107544987317614,0.0003611211822528573,0.3801987874517181,0.00036115120965509833,0.2919694941466424,0.04307313245655175,0.0253755753784302,0.00036112152483337907
doc181,0.2998950709882965,0.0007876070276147761,0.16978621777668607,0.0007876116041135831,0.32345817682538797,0.0007875908758863402,0.0007875286913096967,0.000787578064009958,0.0007874816150866813,0.20213513653160847
doc182,0.07148681437891927,0.0011907751630815242,0.0011906399157780843,0.0011906606220662313,0.0011906231278364502,0.0011906809104624307,0.061435617080442324,0.001190720949733017,0.0011908820080290606,0.8587425858436516
doc183,0.16158097411113326,0.16781981203380283,0.0008198894367930737,0.11008324874001661,0.5555967347064381,0.0008198470277774176,0.0008198292556307561,0.0008199213539727189,0.0008198839343483395,0.0008198594000869349
