,topics0,topics1,topics2,topics3,topics4,topics5
doc0,0.0006869747450527475,0.0006869593740237332,0.8402450308683824,0.15700707574822928,0.0006870368368210911,0.0006869224274906396
doc1,0.20598515630146144,0.25803706375411256,0.0005275646068130038,0.0005276140128776921,0.5343951195258633,0.0005274817988719226
doc2,0.3154009493919437,0.0017994927768679103,0.3488750755914952,0.3303264234446774,0.0017993195517489427,0.001798739243266921
doc3,0.18952221717137965,0.23054431248650759,0.0006004147342642168,0.03753476614414515,0.3397465834317379,0.20205170603196557
doc4,0.5582675692661748,0.13055656605416296,0.0018319157668350895,0.0018322837796873076,0.3056799871648125,0.0018316779683273292
doc5,0.002404221374800746,0.9879790942976884,0.002404249336471681,0.0024042725719269358,0.002404166016904067,0.0024039964022080263
doc6,0.7740592288946048,0.0034970104618659067,0.003497491574613392,0.2119523671831655,0.0034970959851023313,0.003496805900648036
doc7,0.17331193914869802,0.8190823252880733,0.0019014100140652768,0.001901397502489434,0.0019014167762973673,0.0019015112703766467
doc8,0.0007777950984971664,0.9642211023764727,0.032667886754831205,0.0007777229741592581,0.000777796816902678,0.0007776959791367583
doc9,0.04268377047720071,0.8677231943313035,0.0010801042714335513,0.0010802257956493283,0.001080192841338012,0.08635251228307476
doc10,0.0007269044297853804,0.6285089758418458,0.05979375584680235,0.0007268951586806923,0.24888186510594792,0.06136160361693751
doc11,0.0006871278902272473,0.9833662797212168,0.0006869033688650995,0.013885784990212209,0.0006869663029772092,0.0006869377265015061
doc12,0.000921131349859387,0.13079472759278266,0.0009210390681497024,0.24411215674183803,0.3496908383466928,0.2735601069006774
doc13,0.0009295444556967317,0.0009295044689156913,0.0009296275898582876,0.0009296114809983126,0.0009296778820687637,0.9953520341224622
doc14,0.0009295444556967317,0.0009295044689156913,0.0009296275898582876,0.0009296114809983126,0.0009296778820687637,0.9953520341224622
doc15,0.00044341513788081246,0.5609070131776319,0.026800126277732633,0.00044337086378792476,0.41096269031345234,0.00044338422951446094
doc16,0.0007165432130292459,0.34865811876942315,0.0007165729806996042,0.19290475742008914,0.441809558446129,0.015194449170629749
doc17,0.8394508477079201,0.0019014981341203127,0.0019017833923920405,0.15294304563798886,0.0019014283265481268,0.001901396801030527
doc18,0.2520830441292913,0.581109509415861,0.0012412083378751046,0.0012410922484359672,0.1630841704988856,0.001240975369650895
doc19,0.0011417743877906433,0.7589597947560515,0.0011418224049316037,0.06748195132531658,0.1701329273877839,0.0011417297381256083
doc20,0.0004227610845705578,0.4961295095268419,0.00042273410291695515,0.06506470669125551,0.43753759869595926,0.00042268989845580814
doc21,0.37576698230620836,0.001288792983718998,0.61907752967365,0.0012889744957292719,0.0012888998108048903,0.001288820729888377
doc22,0.6558767214547198,0.33589082196934605,0.0020583067026526997,0.0020579785075208264,0.002058160941582106,0.0020580104241785355
doc23,0.0019016244670812053,0.4518709498058781,0.0019018425635444506,0.001901634467033631,0.54052197733917,0.0019019713572927
doc24,0.3083884514923929,0.2501748956285106,0.26246550711086714,0.0004749652692378505,0.0004749608510010989,0.1780212196479905
doc25,0.40016602036629156,0.4785085716476145,0.0015248260289875224,0.11675121853654334,0.0015247581261212226,0.001524605294441874
doc26,0.0011965054524320827,0.5856255477150114,0.14363598096039917,0.2285062155600568,0.039839296094953396,0.0011964542171472076
doc27,0.0010686352735120347,0.15793466039320736,0.0010685623015299038,0.11987508863591416,0.5311219878561088,0.18893106553972774
doc28,0.0008296938426209596,0.48478789259021493,0.22860517341082853,0.0008294585755072636,0.28411843691881855,0.0008293446620096542
doc29,0.0014167040164892323,0.6068409442064268,0.04264330048653239,0.001416727169185865,0.34626567714346046,0.0014166469779053918
doc30,0.0005794260871130883,0.000579454748600101,0.000579463331278734,0.997102799129359,0.0005794438520972225,0.0005794128515520655
doc31,0.055619161298181945,0.8911805541152749,0.05140986414220641,0.0005968210565853914,0.0005968319212538767,0.0005967674664975484
doc32,0.10391459948560411,0.6065880721153842,0.20039194979981337,0.004425728315509479,0.08025450922834228,0.004425141055346544
doc33,0.22285457798742514,0.7707545258970714,0.0015975661117739385,0.0015977013882810778,0.0015977462728512398,0.0015978823425972387
doc34,0.00033952574339958676,0.14338905828980572,0.00033952128498390276,0.00033953415747233894,0.8552528491707228,0.00033951135361580365
doc35,0.0007838630685289393,0.5231040732068529,0.42302026173241586,0.0007839071204142207,0.0007839581109017033,0.05152393676088638
doc36,0.479291631566887,0.1664155502257393,0.2772413805312258,0.001288971068476501,0.0012888990570800475,0.07447356755059134
doc37,0.0007486535251540032,0.4843041026094285,0.0007486920840088267,0.0007486163994579293,0.4961050947067371,0.01734484067521357
doc38,0.907927033150148,0.08828408084918066,0.0009472019702030655,0.0009473103844228565,0.0009472526877703357,0.000947120958274844
doc39,0.3653179606403417,0.13663111423257826,0.18979395981771632,0.0007431828983080189,0.3067706677679961,0.000743114643059629
doc40,0.0010685967311551258,0.001068714457040427,0.0010686473582708406,0.04784962130024992,0.9478758544783917,0.0010685656748918616
doc41,0.4369331174823088,0.10265563219693603,0.0016238445545014059,0.0016236802691364264,0.4555401910246617,0.0016235344724556497
doc42,0.5050468722125551,0.4463073284129655,0.041254511814348443,0.002463767373701381,0.0024639153196488674,0.0024636048667806337
doc43,0.0017364866217094348,0.001736579082910331,0.6277970792417465,0.0017365838316893477,0.36525681295016144,0.0017364582717828644
doc44,0.1257126156114265,0.7551252774466345,0.0004597043286988533,0.11778309211473208,0.0004596751921828117,0.000459635306325142
doc45,0.0012727607779315195,0.0012726084366295543,0.0012725600920926387,0.21444512973448182,0.7506074085981453,0.03112953236071905
doc46,0.10636317966846269,0.3485431523852805,0.0008505675790470764,0.0008505320789592098,0.5425421131078042,0.0008504551804462468
doc47,0.1963991253828512,0.001035497457890644,0.0010355259140273159,0.13422383718237935,0.6145291574632649,0.05277685659958664
doc48,0.806270260437425,0.0010248491770948685,0.001024802249774709,0.0010248868245134777,0.18963037800086127,0.0010248233103305779
doc49,0.3975880429480399,0.0017672909517667305,0.595343246155623,0.0017672893981243022,0.0017672142361835018,0.0017669163102624252
doc50,0.24445966692230148,0.4669761129090627,0.2772827258664651,0.003760616236831846,0.0037604448191314124,0.0037604332462074868
doc51,0.21059418492769744,0.057513701881741285,0.024644046125218866,0.09199892993609984,0.4744204315061648,0.14082870562307767
doc52,0.003907150195115831,0.003907694683579778,0.9804634451301669,0.003906908169137052,0.0039071778161129285,0.003907624005887586
doc53,0.06023019036569247,0.0010143981873961708,0.10669433912010264,0.0010143248951832297,0.830032331240038,0.0010144161915874943
doc54,0.0010143707630426136,0.001014530533768625,0.0010143332563130967,0.0010143832132191674,0.001014435535256629,0.9949279466983999
doc55,0.0010143707630426136,0.001014530533768625,0.0010143332563130967,0.0010143832132191674,0.001014435535256629,0.9949279466983999
doc56,0.18303729400259916,0.3325162517486857,0.04377909010796334,0.2132596704861621,0.22677701898574676,0.0006306746688428201
doc57,0.5558156079472766,0.001080225354562494,0.43986353545172563,0.0010803945130998232,0.0010801868347488437,0.0010800498985867242
doc58,0.8062113286020873,0.0017673849948328121,0.001767116747733736,0.0017671762780253094,0.18671996010876962,0.0017670332685512109
doc59,0.571874801943547,0.0015728602681446483,0.2580612964065721,0.1653459611471722,0.001572638740159807,0.001572441494404193
doc60,0.6490559493509777,0.34493605200048477,0.00150190516428136,0.0015020325145217578,0.0015020342958570706,0.0015020266738774795
doc61,0.49261842284994617,0.10917989881885802,0.0013409359696995758,0.10741530930987998,0.28810446232255676,0.001340970729059565
doc62,0.028808640690250024,0.21892869689159192,0.0005862931740671823,0.19671697003409233,0.3360520580863157,0.2189073411236828
doc63,0.007938950490188366,0.007940054670798063,0.4049748587420066,0.5632687082898999,0.007938727457364741,0.007938700349742247
doc64,0.003165550074626418,0.3546175387125621,0.6327221114545252,0.0031646996426834633,0.003164921161701106,0.003165178953901825
doc65,0.047781286889593724,0.0013592191905760997,0.17320191328941364,0.0013590646738417388,0.7749393721317103,0.001359143824864413
doc66,0.000412299357272014,0.011163670631345013,0.2092892283568289,0.060169383498700525,0.7185531579774267,0.0004122601784269118
doc67,0.7943699663149288,0.002193736139071607,0.002193890460408712,0.19685597143622818,0.0021933566459267444,0.0021930790034357488
doc68,0.0006554598915030302,0.2810266760875698,0.0006554864256102706,0.0006555331142827263,0.5026898931704076,0.21431695131062653
doc69,0.3722141978034998,0.05349753131804626,0.0009943735915910596,0.07229987079040381,0.4999996598933287,0.0009943666031304
doc70,0.0013592471103520613,0.269608173128325,0.0013591125955215336,0.06066012607266574,0.6656543339949039,0.0013590070982316578
doc71,0.37383340386555547,0.30794531402616643,0.0012110618452407704,0.06808466475978862,0.2477147297358287,0.0012108257674200101
doc72,0.0010462442059444557,0.3197274394175888,0.0010461944922655854,0.1678143789320095,0.33645426636303416,0.17391147658915743
doc73,0.09955002344232482,0.3962315543121124,0.0012257610386494481,0.0012259816979802664,0.18621887204717155,0.3155478074617616
doc74,0.886723766527387,0.002733110014788817,0.002732857909523945,0.0027326740933105256,0.10234424090241,0.0027333505525798077
doc75,0.0005794260871130883,0.000579454748600101,0.000579463331278734,0.997102799129359,0.0005794438520972225,0.0005794128515520655
doc76,0.34971059366733726,0.5677889199904325,0.0008883716015315305,0.07983556280963867,0.0008882566519394547,0.0008882952791207219
doc77,0.0009383556167486947,0.8648334684332388,0.0009384102511180337,0.1314129334947336,0.000938426045270013,0.0009384061588909002
doc78,0.0029767111742823567,0.7036200647150792,0.002976794333706112,0.0029764584111514284,0.28447264904211583,0.002977322323665036
doc79,0.0004575623500777631,0.6209583833813804,0.0004576171483436719,0.12235537484989799,0.2553135437855294,0.0004575184847709059
doc80,0.10513196415496963,0.578120884028542,0.0007217066100356636,0.0007216551152414796,0.3145821618621089,0.0007216282291023743
doc81,0.0006731064294901149,0.2682574213095087,0.0006730624873271738,0.23953769498563923,0.15261154457398268,0.33824717021405204
doc82,0.0014797661920930947,0.21412047041919577,0.0014796140847844483,0.0014796407787126898,0.7799607797064697,0.001479728818744265
doc83,0.0016504320695615727,0.9917470913026197,0.0016505183453885614,0.0016504895268870745,0.0016508190963453486,0.001650649659197793
doc84,0.0006113846063881621,0.07615370623206508,0.1906671589726036,0.046935817590471426,0.6850205586216364,0.0006113739768352906
doc85,0.05698020197588589,0.3309992986633055,0.23062564765661037,0.0010573300875453863,0.37928030343821567,0.0010572181784371116
doc86,0.0028098751687434496,0.11636832803197603,0.0028096564387221,0.12715044214776486,0.6882619422938623,0.06259975591893141
doc87,0.8201814022069213,0.0011823234352303746,0.07451206284324732,0.10175960230022889,0.0011824405581139915,0.0011821686562582395
doc88,0.2106067889492342,0.2715559235966466,0.001046317335572144,0.1030928925021435,0.41265175928863884,0.0010463183277646941
doc89,0.13951327935103605,0.0863367338724484,0.0008363911217375946,0.20274213063481936,0.5697351454282428,0.0008363195917158295
doc90,0.37666041170399456,0.4722643159320077,0.0004596609388950159,0.0004596714940092425,0.14969632244715428,0.0004596174839392119
doc91,0.0010686490984080077,0.33729236592109413,0.5961923884044202,0.0010686968358284287,0.06330937776325844,0.0010685219769906251
doc92,0.16523753281724027,0.4985752735175296,0.0017070899874908668,0.0017067805519958921,0.3310663070470715,0.0017070160786719034
doc93,0.1864044249186202,0.19016732387341556,0.0010463172589225613,0.001046265956102676,0.5959370456516953,0.02539862234124377
doc94,0.8881529137849715,0.0011289223802915355,0.0011289833275203289,0.10733136955185654,0.0011289488113768427,0.0011288621439830933
doc95,0.0017990946270836788,0.3925675303619152,0.15600612460519525,0.19670095760517192,0.2511272301707844,0.0017990626298495973
doc96,0.27450769120164475,0.3559647538740143,0.0006228174094912054,0.06763744902947201,0.2651809753118036,0.03608631317357397
doc97,0.0017670487359500297,0.08913215149338755,0.0017671939669889128,0.001767757667494033,0.9037988151724814,0.0017670329636981375
doc98,0.0008158955391125932,0.7887753181944901,0.0008158352443112098,0.0008158072842291582,0.08402073843200078,0.12475640530585616
doc99,0.08706667574201776,0.6481343282793757,0.002193590680282752,0.09529740073599201,0.16511430914428032,0.002193695418051493
doc100,0.0010248176472468498,0.8451906313959813,0.001024826350631761,0.03896313215458241,0.11277171217368795,0.00102488027786965
doc101,0.0009561266291851344,0.0009561551688177378,0.0009561943943323124,0.0009560977546352755,0.0009561619726286666,0.9952192640804008
doc102,0.0009561266291851344,0.0009561551688177378,0.0009561943943323124,0.0009560977546352755,0.0009561619726286666,0.9952192640804008
doc103,0.000904487522423033,0.5997788062777406,0.3966036743874324,0.0009043434212595665,0.0009044619144257198,0.0009042264767187794
doc104,0.20945138316322467,0.3865938885354715,0.030185628399455648,0.0003913138115420737,0.3045859233060439,0.06879186278426214
doc105,0.8869460742896488,0.0009749225095953924,0.020806004891688705,0.0009749852702846714,0.08932322694836466,0.0009747860904177443
doc106,0.002146549285760397,0.29650713318853555,0.0021463492775917223,0.002146295523832149,0.6949068487504593,0.0021468239738207796
doc107,0.6278866444609701,0.0011040541874232594,0.001104081801725172,0.0507531072628617,0.3180482128425122,0.0011038994445075117
doc108,0.0017069766810928488,0.16019764966262612,0.6986998984663308,0.0017069476508141548,0.13598192837691808,0.0017065991622179037
doc109,0.0006113880321137607,0.04703002760524691,0.4010497502849334,0.0006113810240857471,0.5500859818174778,0.0006114712361425343
doc110,0.0008093173105222127,0.0008092277273666617,0.9959538398016737,0.000809197841473625,0.0008092717117322677,0.0008091456072314646
doc111,0.07603392976211118,0.11337815650007671,0.2676416421473061,0.0013408034721136314,0.5402647054867152,0.0013407626316769739
doc112,0.0013231825910260393,0.5701160686015495,0.18153388070668586,0.16472619791550236,0.08097757865501479,0.001323091530221223
doc113,0.7129768582602858,0.001182459226369459,0.16076183901444277,0.12271423217377248,0.0011824235546185624,0.0011821877705110774
doc114,0.0005601126052285645,0.0005600935939311688,0.70792855909363,0.0005600466494163389,0.10001589941211037,0.1903752886456837
doc115,0.6584149013616785,0.004066202040333215,0.004066398919994423,0.20376539887769096,0.12562087900101776,0.004066219799285183
doc116,0.38993225709989404,0.0013230562555892904,0.0013230470379424352,0.18425837316154672,0.4218402795172596,0.001322986927767759
doc117,0.0005220212749740255,0.07911574541120611,0.05717480357725513,0.0005220524435480711,0.8361957600205929,0.026469617272423876
doc118,0.4214077883147203,0.1843031161918186,0.31761516806276346,0.07255788319993177,0.0020581548272442145,0.002057889403521613
doc119,0.0015727026169214996,0.3541973397918367,0.4275034181305489,0.0015725607054415537,0.21358096304557972,0.0015730157096715948
doc120,0.0012411299334726545,0.24951817691096592,0.0012410261302798536,0.0444942500264737,0.6297837309302772,0.0737216860685308
doc121,0.24280563440561567,0.21753081215721254,0.30893751100517014,0.0009044719958910402,0.22891728280999424,0.0009042876261163731
doc122,0.0814717507450458,0.8033661395366731,0.11108487261914263,0.001359101118298219,0.0013590451162750854,0.001359090864565061
doc123,0.001080137998756005,0.32357189231410555,0.17863722799801815,0.0010801418793658197,0.4945504374221769,0.0010801623875774824
doc124,0.0005794260871130883,0.000579454748600101,0.000579463331278734,0.997102799129359,0.0005794438520972225,0.0005794128515520655
doc125,0.40712572242551437,0.15986228734710112,0.4285733450582918,0.0014796332251531218,0.001479554643341028,0.0014794573005987067
doc126,0.00046607375580322486,0.9853575497733355,0.00046609368339966807,0.00046607374581627,0.012778158683508439,0.0004660503581369234
doc127,0.7463251613660881,0.0027331477579057204,0.0027327458683095367,0.002732904452326388,0.24274300136526714,0.0027330391901032366
doc128,0.06415734395987639,0.22044980237053385,0.5780223432351589,0.09838087670263634,0.0006641676379743342,0.03832546609381994
doc129,0.0018320759789765637,0.9424386139880254,0.001832205539669391,0.0018320225144825596,0.0018318848838202804,0.050233197095025786
doc130,0.4745905379975832,0.4764570423252009,0.0014371669651310785,0.0014370787173248716,0.0014370801775735644,0.0446410938171864
doc131,0.32828903720377506,0.6655170400871382,0.0015486181518034456,0.0015485140360570325,0.0015485632538072564,0.001548227267418983
doc132,0.2910255724141844,0.0011419031979201292,0.0011418405989456625,0.3460076525027019,0.3595413929841294,0.0011416383021184747
doc133,0.64426239418354,0.3485415992445276,0.0017990334069885243,0.001799236133417323,0.0017990018135949997,0.0017987352179315416
doc134,0.4400714782927315,0.0004618018988966335,0.041220351727318985,0.03605603904328937,0.4817285628058353,0.00046176623192810764
doc135,0.7498704077900985,0.19912435265192302,0.0013061034842939785,0.0013059697277755594,0.001305951666918357,0.047087214678990484
doc136,0.7664136555596807,0.16563583986824615,0.0011040184723372362,0.06463828445366213,0.001104076850541597,0.0011041247955322626
doc137,0.0014168326695709942,0.0014167689313070756,0.516565839130486,0.03504610741425099,0.44413784605548934,0.0014166057988955548
doc138,0.001154938343873721,0.0011549845242643793,0.9942250772920365,0.0011550691577788127,0.0011551073969791447,0.0011548232850672991
doc139,0.990115310608945,0.0019768858233593185,0.0019773141082209153,0.001976961242825517,0.0019768580362348773,0.001976670180414228
doc140,0.0011686023081721709,0.0011685357908592276,0.0011686705627722755,0.0011684854387176218,0.9941571410562929,0.0011685648431856862
doc141,0.00044532712410306916,0.0004453551305523176,0.44275537771656714,0.00044533427796576464,0.5554633120094233,0.00044529374138846877
doc142,0.01818618538877798,0.9389656716778233,0.04169229531359463,0.00038531758840252076,0.0003852916950512839,0.00038523833635031586
doc143,0.22953512533434403,0.0022940716365385688,0.26940192391696044,0.49418009175231253,0.002294283056335516,0.002294504303508785
doc144,0.8322511209507077,0.14324914240838255,0.0006511972975593856,0.0006512338908718189,0.000651252194548107,0.022546053257930597
doc145,0.41863801549497137,0.0009294738898656459,0.2999576035089116,0.0009296625096974928,0.27861566750281996,0.0009295770937339071
doc146,0.0005761646805955284,0.8277100782781591,0.14776092214496117,0.02280044733081368,0.0005762140610891039,0.0005761735043814461
doc147,0.06942660484353377,0.7777767114617055,0.13679743591499155,0.00832506948320319,0.0004281649908468927,0.007246013305718994
doc148,0.13528214298934543,0.08494424835899829,0.001305818788158,0.10439428581493643,0.6727679403734038,0.0013055636751580012
doc149,0.000994273708396122,0.15827588632737885,0.5246746970942179,0.000994155032904948,0.28468041036553615,0.030380577471566087
doc150,0.0009653246610098439,0.0009653702430916337,0.0009654169396484985,0.0009653229303800919,0.0009653671940429841,0.9951731980318269
doc151,0.0009653246610098439,0.0009653702430916337,0.0009654169396484985,0.0009653229303800919,0.0009653671940429841,0.9951731980318269
doc152,0.1701508361220848,0.0020167128317349296,0.6810262734174208,0.0020167899310087204,0.14277295006146848,0.0020164376362822073
doc153,0.041035908308348225,0.4426644082477561,0.016350266281254827,0.016956807991372565,0.46667851922394,0.016314089947328293
doc154,0.0011040138212288822,0.0011039406560675428,0.0011039308150336314,0.0011039668759526594,0.9944802406334031,0.0011039071983141324
doc155,0.813039682182548,0.0008293924643609095,0.0008293666980944954,0.03192097642338337,0.15255120813282685,0.0008293740987864363
doc156,0.000413996465152668,0.07462255537087616,0.7788273780293239,0.00041406627173051823,0.0004140245072295838,0.14530797935568715
doc157,0.5522253122084704,0.0031652263234123994,0.2379959166498695,0.20028324523673555,0.0031653298923314524,0.003164969689180814
doc158,0.582641783492834,0.30155112587986993,0.03547153034000657,0.0008728431962873539,0.06323819214594327,0.0162245249450588
doc159,0.46374322256862355,0.533019689040366,0.0008092488504813983,0.0008093119465830301,0.0008093175677924575,0.0008092100261535438
doc160,0.4814841827138791,0.3534549758657043,0.0013969916460134376,0.09086561976055116,0.07140133011023092,0.0013968999036209672
doc161,0.0018660447591234252,0.8721891264725602,0.1203461571400496,0.0018662138985816824,0.0018663050794101594,0.0018661526502750075
doc162,0.002525646871358502,0.142312879568563,0.6010141011115715,0.0025260649980701723,0.24909536252339826,0.0025259449270385
doc163,0.0029772443556451357,0.2991718115984948,0.6889196188886136,0.002977379972503523,0.0029769659344196743,0.0029769792503233886
doc164,0.47493275545729285,0.0014581617706508423,0.29320249814008853,0.13467785717081418,0.051390124803006094,0.04433860265814748
doc165,0.08478125908899321,0.2829784904879745,0.26373150107453236,0.000888326320236631,0.24801396933146982,0.1196064536967935
doc166,0.0017366978095903296,0.0017364593063915793,0.05538199123391743,0.0017368371111980189,0.9376717468131608,0.0017362677257418456
doc167,0.0029772308942324116,0.6571817735551434,0.0029774307859867896,0.0029771824079808016,0.33090960848627166,0.0029767738703849484
doc168,0.37241055415592844,0.5366340029178434,0.08767961126374156,0.001091993479260316,0.001091944422822761,0.001091893760403381
doc169,0.001678031151976829,0.6476130027516286,0.0016782710044591375,0.0016781091094564438,0.34567438751435114,0.0016781984681278814
doc170,0.6801259164000638,0.27665196004932807,0.0024637419675412036,0.0024639119456332783,0.0024640875906954056,0.03583038204673814
doc171,0.002809396240598493,0.9859509828881505,0.0028095783128053438,0.0028101392352140146,0.0028096215389385856,0.002810281784293095
doc172,0.0005794260871130883,0.000579454748600101,0.000579463331278734,0.997102799129359,0.0005794438520972225,0.0005794128515520655
doc173,0.0012258365727967492,0.0012259062358798273,0.22587482836823697,0.13104652713176881,0.4473305933154474,0.19329630837587022
doc174,0.29725951871243933,0.2762556962828188,0.0028102000615455747,0.002810066988276772,0.4180547804292275,0.0028097375256919068
doc175,0.0007839472387585426,0.13671060174449287,0.0007839893903014407,0.0007839075083776616,0.8601537062556479,0.0007838478624216278
doc176,0.0011421305740741841,0.8847246564111008,0.0011419114190871099,0.0011418235504368625,0.001141860515327613,0.11070761752997356
doc177,0.0004795041116218261,0.5181018491316873,0.04308933074823414,0.0004795255745610983,0.41051349908765983,0.027336291346235695
doc178,0.0013407695803933696,0.8788465231121483,0.0013406385930086182,0.0013406351222918346,0.11579068214388188,0.0013407514482758926
doc179,0.33431899028032885,0.0014372281777877544,0.0014369639198307817,0.0014370583099080126,0.6599324670951859,0.0014372922169584301
doc180,0.0011040955932717607,0.11204256146376783,0.7305295376185391,0.00110413496646921,0.06500206337771737,0.09021760698023464
doc181,0.29114645380380605,0.0025913844329473125,0.5128692771603138,0.0025917001774702756,0.06792416284516273,0.12287702158029991
doc182,0.13171386003435054,0.0020163798455750527,0.002016659145083767,0.002016839956691602,0.8602196797268187,0.002016581291480225
doc183,0.5186023988243046,0.18740239871503764,0.07890611253663338,0.21050048429274645,0.0022943869905021836,0.0022942186407756615
doc184,0.9904912837627308,0.0019016942692996917,0.0019016323718771284,0.0019020016793338214,0.0019018336923697183,0.0019015542243887497
doc185,0.0007963893395346089,0.0007963424271900578,0.996018314620083,0.0007963104367302787,0.0007963833847253965,0.0007962597917367684
doc186,0.0011824490950646566,0.30990192792250754,0.0011824600699202191,0.0011823846140298399,0.6853686616701136,0.0011821166283641133
doc187,0.0008654733547060097,0.0008654482079290826,0.04637529746791132,0.0008654133794816456,0.9501630879842353,0.0008652796057365811
doc188,0.0010042746964789354,0.0010043232170771274,0.6776453802816709,0.1571760708590297,0.16216582766649706,0.0010041232792462901
doc189,0.00046177309467169823,0.1512736571872097,0.7985569609322953,0.0004617588406171249,0.00046176747236392404,0.04878408247284218
doc190,0.4533940459541479,0.5362413443347708,0.0025913828459419243,0.0025909271050630024,0.002591281471425257,0.002591018288651082
doc191,0.14707500157896017,0.0007900510735907935,0.0007900725298484026,0.247641347670955,0.6029135703902064,0.0007899567564392545
doc192,0.03748357909878704,0.1315368150318149,0.17279692657840723,0.06705304230868246,0.5380417877746948,0.05308784920761365
doc193,0.5697328074374736,0.0017070770174219343,0.18188238156333567,0.24326424375236985,0.0017067352407054428,0.0017067549886935264
doc194,0.0010686490984080077,0.33729236592109413,0.5961923884044202,0.0010686968358284287,0.06330937776325844,0.0010685219769906251
doc195,0.002101656738902014,0.0021016226646083983,0.002101182965556427,0.002101139700265613,0.8208682639386525,0.170726133992015
doc196,0.000994319023981822,0.0009943034414605805,0.06772321298891697,0.0009942179614077433,0.9282996694905322,0.0009942770937007167
doc197,0.0017991724465728327,0.6647494533567806,0.3280542316905044,0.0017992299496547939,0.0017988843657835765,0.0017990281907037512
doc198,0.0009653246610098439,0.0009653702430916337,0.0009654169396484985,0.0009653229303800919,0.0009653671940429841,0.9951731980318269
doc199,0.0009653246610098439,0.0009653702430916337,0.0009654169396484985,0.0009653229303800919,0.0009653671940429841,0.9951731980318269
doc200,0.0008882819634435779,0.13498736580985846,0.7661916704256662,0.0008882517034024106,0.09615598789710264,0.0008884422005268134
doc201,0.18303238360453897,0.0010248396347385246,0.4017416116724012,0.0010248766278603998,0.2824999591517623,0.13067632930869869
doc202,0.20602787782641904,0.0017990884443088945,0.4626204336739469,0.11456756162874948,0.21318559263971587,0.0017994457868598093
doc203,0.7784215505223058,0.002016816156516596,0.0020165638989767323,0.0020168224231785006,0.0020166855527149834,0.21351156144630723
doc204,0.6000829099379134,0.12885591648935096,0.04030584663599607,0.11928772510218304,0.1102265018750923,0.0012410999594641495
doc205,0.0007963893395346089,0.0007963424271900578,0.996018314620083,0.0007963104367302787,0.0007963833847253965,0.0007962597917367684
doc206,0.000843349205570819,0.000843355339488484,0.09335252992181334,0.0008434615605685077,0.9032740779651711,0.0008432260073876923
doc207,0.003379284469620917,0.9831039406738465,0.0033796495000679035,0.00337875216168648,0.0033798200564918042,0.0033785531382862916
doc208,0.14399837542279076,0.30107398418941134,0.24738097931648248,0.000533231333624628,0.2570090072379482,0.050004422499742615
doc209,0.07315372682621057,0.3280964493695767,0.0009943998257998718,0.0009943556522228462,0.5957667949111656,0.0009942734150244373
doc210,0.00046177309467169823,0.1512736571872097,0.7985569609322953,0.0004617588406171249,0.00046176747236392404,0.04878408247284218
doc211,0.0018660447591234252,0.8721891264725602,0.1203461571400496,0.0018662138985816824,0.0018663050794101594,0.0018661526502750075
doc212,0.0008884202954757028,0.3770710953216285,0.0008883540709181636,0.18521530986290233,0.3090759639370981,0.12686085651197718
doc213,0.4478947300051919,0.0006427691621818445,0.5495339327023973,0.0006428151812788848,0.000642857267109518,0.0006428956818405692
doc214,0.0008652752140023726,0.0008653011410589791,0.0008653434764884967,0.0008655679524790761,0.9742771202419696,0.02226139197400161
doc215,0.001103889649863282,0.9944804930739409,0.0011039235177396226,0.001103917229487069,0.0011039384929321823,0.0011038380360368335
doc216,0.0008577538473909219,0.0708845652814146,0.0008578395710382495,0.12299953798554952,0.803542599432579,0.0008577038820275794
doc217,0.29573403536030646,0.6991101703954067,0.001288950461123001,0.001289034808368809,0.001288980824360863,0.0012888281504343409
doc218,0.001377581576489036,0.9931110062761612,0.0013779781008466266,0.0013779499065560026,0.0013778017543860696,0.0013776823855610979
doc219,0.44674963625241193,0.3149968425988906,0.0019385278314345339,0.0019383995822102006,0.2324382642099384,0.0019383295251142589
doc220,0.0005794260871130883,0.000579454748600101,0.000579463331278734,0.997102799129359,0.0005794438520972225,0.0005794128515520655
doc221,0.0016781281755219432,0.9916085890699682,0.0016786143271891475,0.0016783755198913704,0.0016782668922645026,0.0016780260151648039
doc222,0.4062131425017016,0.4076277194311194,0.0009654749556479368,0.000965437978262055,0.16015771148517724,0.024070513648091756
doc223,0.33431899028032885,0.0014372281777877544,0.0014369639198307817,0.0014370583099080126,0.6599324670951859,0.0014372922169584301
doc224,0.0013408322117008874,0.0013408812916989683,0.13107700267249467,0.16171150252621536,0.7031891750508802,0.001340606247009814
doc225,0.00079008948683849,0.23143704159434744,0.000790100794537839,0.0007900589623850237,0.7654023968770792,0.0007903122848119205
doc226,0.707303203503363,0.208558423470554,0.0010801477398416617,0.0010801551398207016,0.08089803690923807,0.0010800332371826355
doc227,0.0004575623500777631,0.6209583833813804,0.0004576171483436719,0.12235537484989799,0.2553135437855294,0.0004575184847709059
doc228,0.028808640690250024,0.21892869689159192,0.0005862931740671823,0.19671697003409233,0.3360520580863157,0.2189073411236828
doc229,0.4814841827138791,0.3534549758657043,0.0013969916460134376,0.09086561976055116,0.07140133011023092,0.0013968999036209672
doc230,0.39262332281676526,0.1978055686444982,0.2628529123696516,0.1436214396712435,0.001548580836000346,0.0015481756618410626
doc231,0.3384994634888189,0.0018321031178381894,0.0018318574222486038,0.0018319603982836423,0.6541728179258558,0.0018317976469548077
doc232,0.12731509649279724,0.0017673982263905535,0.0017672235143776284,0.0952010265261527,0.7191028907152013,0.05484636452508052
doc233,0.3122194953486904,0.14313833878987633,0.4513734426398785,0.0900732013539309,0.0015978287973574471,0.001597693070266345
doc234,0.9913179107161838,0.001736476118311048,0.0017363651135953108,0.0017362881176163725,0.0017364217514277192,0.001736538182865794
doc235,0.5135254558434107,0.04184120794043797,0.11047514073631558,0.10244476038211144,0.2312339096911082,0.0004795254066161677
doc236,0.0005011139664035766,0.0005011290560868633,0.6032645554589657,0.025813061437837223,0.3694190790715225,0.0005010610091840587
doc237,0.8885793752562902,0.0017367905603719504,0.0017365808991772799,0.10447409975934857,0.0017365668348450652,0.0017365866899669857
doc238,0.0015484889071371744,0.6354967404100583,0.13042442836369325,0.0015483078392707513,0.0015485126268117192,0.2294335218530289
doc239,0.000994319023981822,0.0009943034414605805,0.06772321298891697,0.0009942179614077433,0.9282996694905322,0.0009942770937007167
doc240,0.9899172024896369,0.002016711878800274,0.0020167171192793294,0.0020165251889977163,0.0020164792976509775,0.0020163640256346585
doc241,0.0015977573415865236,0.2513875653533365,0.5141243857574316,0.0015977287117788356,0.22969503272051658,0.0015975301153500333
doc242,0.0009653246610098439,0.0009653702430916337,0.0009654169396484985,0.0009653229303800919,0.0009653671940429841,0.9951731980318269
doc243,0.0009653246610098439,0.0009653702430916337,0.0009654169396484985,0.0009653229303800919,0.0009653671940429841,0.9951731980318269
doc244,0.5697328074374736,0.0017070770174219343,0.18188238156333567,0.24326424375236985,0.0017067352407054428,0.0017067549886935264
doc245,0.8046254244384056,0.0024047204034252107,0.0024046353363035046,0.18575587022207246,0.0024050873665956395,0.002404262233197689
doc246,0.0005862686525410265,0.0005862991735197821,0.6238687745755342,0.0005863047784330587,0.37378603562384416,0.0005863171961277174
doc247,0.707303203503363,0.208558423470554,0.0010801477398416617,0.0010801551398207016,0.08089803690923807,0.0010800332371826355
doc248,0.11069044570513427,0.00130589401045565,0.8044206994482741,0.0013057301078683613,0.08097146804924395,0.0013057626790237463
doc249,0.0008652752140023726,0.0008653011410589791,0.0008653434764884967,0.0008655679524790761,0.9742771202419696,0.02226139197400161
doc250,0.0011163498678624032,0.5883432311469066,0.09834512347631678,0.0011164299240869885,0.3099625566028074,0.0011163089820198275
doc251,0.5691614954974685,0.0006598148841610311,0.0006597878641574125,0.0006597618570208417,0.42819941048598426,0.0006597294112079004
doc252,0.45686560519102637,0.1030932584811595,0.20978674524147642,0.0009943375715135438,0.22826589942585593,0.0009941540889682988
doc253,0.8459148396522027,0.002660538881770003,0.002660144793857521,0.1434442369591681,0.0026602755394934258,0.0026599641735083356
doc254,0.23985665763009179,0.17784797741990022,0.06218537600848447,0.000615171172446541,0.51887965009852,0.0006151676705570876
doc255,0.10704182849542236,0.3990922535032246,0.0007838506515450954,0.000783918634045143,0.42586433272840535,0.06643381598735758
doc256,0.0010686034348080188,0.44365745839490756,0.0010687950306637758,0.0010686370039638825,0.5520678728030876,0.0010686333325692437
doc257,0.32557568212296184,0.2913113246191359,0.3805394589760788,0.0008578857577479386,0.0008578855270058748,0.0008577629970696526
doc258,0.0004727339353708875,0.8137971960679051,0.14312685657391594,0.00047271579158301226,0.0004727273363951554,0.04165777029482983
doc259,0.4968490134845464,0.16039232584508775,0.0012726908415149033,0.11998328240348126,0.2202298304498773,0.001272856975492412
doc260,0.17316106314922708,0.2206696767243578,0.0010463914740131113,0.0010463384171214441,0.603030337364229,0.0010461928710515437
doc261,0.0010463114075944123,0.08742608830147294,0.6535573565721885,0.11523668568428694,0.12229199628664905,0.02044156174780827
doc262,0.000310075903995707,0.5995372121958029,0.000310061064085116,0.0003100804848449283,0.39922255118935274,0.00031001916191850473
doc263,0.0011684797195934912,0.4020387335789237,0.5097650963018615,0.08469067381533453,0.0011686405194754337,0.001168376064811307
doc264,0.0014582036629227299,0.17964473615596108,0.0014580905988413227,0.21856110918774993,0.2911572745148988,0.3077205858796261
doc265,0.0005794260871130883,0.000579454748600101,0.000579463331278734,0.997102799129359,0.0005794438520972225,0.0005794128515520655
doc266,0.0016505495286727255,0.8553321268759785,0.0016506105836032133,0.001650450317947916,0.0016506788935612736,0.13806558380023637
doc267,0.0008293573204195274,0.8637991096854342,0.0008293847111028291,0.13288341033158346,0.0008294540875035297,0.0008292838639565515
doc268,0.24094750100889015,0.6554049171412815,0.0003683020260388478,0.026282855029374854,0.0766281994900414,0.00036822530437317734
doc269,0.00099419686155693,0.9950289684871394,0.0009942694811284345,0.0009941749588174924,0.0009942215379666404,0.0009941686733911676
doc270,0.001168697946252766,0.7183500960890329,0.001168626794486765,0.0011685762998381037,0.2769755734832442,0.0011684293871452305
doc271,0.00079008948683849,0.23143704159434744,0.000790100794537839,0.0007900589623850237,0.7654023968770792,0.0007903122848119205
doc272,0.000865225051969557,0.739784598473714,0.0008653032936675535,0.0008652434470495914,0.25675431649336566,0.0008653132402336236
doc273,0.0011684797195934912,0.4020387335789237,0.5097650963018615,0.08469067381533453,0.0011686405194754337,0.001168376064811307
doc274,0.987978497312728,0.0024042790936767253,0.0024041358583256575,0.0024040678232592734,0.002404427525555503,0.0024045923864546943
doc275,0.09361097072324652,0.24230585399231314,0.0005729260286149099,0.06752522060397938,0.491220081481395,0.10476494717045104
doc276,0.3342374228406647,0.3670988476571993,0.0005193797566670871,0.0005193888876084462,0.24016334517459514,0.05746161568326512
doc277,0.0010144382492166218,0.27573731912494903,0.2639565315654781,0.19316726395991604,0.24382791364283737,0.022296533457602935
doc278,0.2817460825354361,0.2675764016104686,0.0008805065180002326,0.1691174061187341,0.2797991422749314,0.0008804609424296274
doc279,0.001437100960678373,0.34965404874977757,0.00143722468080954,0.08227663405854882,0.5637580572220128,0.001436934328172983
doc280,0.001103889649863282,0.9944804930739409,0.0011039235177396226,0.001103917229487069,0.0011039384929321823,0.0011038380360368335
doc281,0.0005113210923344426,0.967250320105715,0.0005113305087582065,0.011659405879115455,0.0005113735494274051,0.019556248864649663
doc282,0.05909996352238085,0.0005037163043167224,0.8041326955970381,0.0005036963347899553,0.13525635843749859,0.0005035698039757864
doc283,0.9049865376313143,0.0002911382876284717,0.0002911194546202217,0.09384898167322202,0.00029112797886856874,0.00029109497434642666
doc284,0.8459148396522027,0.002660538881770003,0.002660144793857521,0.1434442369591681,0.0026602755394934258,0.0026599641735083356
doc285,0.7304944782141797,0.18675108764791873,0.0017366809700643142,0.07754477782680436,0.0017365730697951058,0.0017364022712375781
doc286,0.014082860642183078,0.0009749684473202331,0.2503311749724564,0.031865047973864205,0.7017710320531623,0.0009749159110138482
doc287,0.000994319023981822,0.0009943034414605805,0.06772321298891697,0.0009942179614077433,0.9282996694905322,0.0009942770937007167
doc288,0.2984607537143353,0.0018319306705704577,0.0018319343624584134,0.001832362354648411,0.6942106870162548,0.001832331881732722
doc289,0.0004073654890834125,0.00040729172733106246,0.09304190935099932,0.13673802155492373,0.7689981770428637,0.0004072348347987723
doc290,0.001323022738157728,0.8097033365729801,0.05658292522534669,0.0013231210289585988,0.0013231440939478246,0.12974445034060914
doc291,0.0021935851315997086,0.8459186099281835,0.0021935582120613142,0.002193261969094304,0.0021937386454876236,0.14530724611357354
doc292,0.001479790699434355,0.845570859711354,0.0014795997255370862,0.0910324515048785,0.0014796469211442427,0.058957651437651845
doc293,0.03748357909878704,0.1315368150318149,0.17279692657840723,0.06705304230868246,0.5380417877746948,0.05308784920761365
doc294,0.001457992070671407,0.9927098092762302,0.0014581368452554013,0.001457944523143031,0.001458189230878182,0.0014579280538218728
doc295,0.0009653246610098439,0.0009653702430916337,0.0009654169396484985,0.0009653229303800919,0.0009653671940429841,0.9951731980318269
doc296,0.0009653246610098439,0.0009653702430916337,0.0009654169396484985,0.0009653229303800919,0.0009653671940429841,0.9951731980318269
doc297,0.6619933117484077,0.23143424534412727,0.001678321034623243,0.0016784038801542383,0.0016783710767572376,0.10153734691593026
doc298,0.5691614954974685,0.0006598148841610311,0.0006597878641574125,0.0006597618570208417,0.42819941048598426,0.0006597294112079004
doc299,0.330359988070564,0.0022941209521483118,0.3137813009883753,0.24366266357351607,0.002294190386205145,0.10760773602919112
doc300,0.5600369497490766,0.32119429780273434,0.05211301501271251,0.06184751566003318,0.0024043178494636682,0.0024039039259795554
doc301,0.1537499917711131,0.28415266058367067,0.0007322231156643237,0.21359103181157216,0.34704194864405713,0.0007321440739225644
doc302,0.9899172024896369,0.002016711878800274,0.0020167171192793294,0.0020165251889977163,0.0020164792976509775,0.0020163640256346585
doc303,0.002146287844267613,0.1959797092512591,0.0021463543916651028,0.4155654116552638,0.32733693223928856,0.05682530461825586
doc304,0.001080242289656787,0.0010801656078660029,0.5400504031399651,0.0010801341102162545,0.42140597371444444,0.03530308113785137
