,topics0,topics1,topics2,topics3,topics4,topics5
doc0,0.0006775786716806565,0.9606342900550099,0.0006776061948131607,0.0006776863054296844,0.03665520793353795,0.00067763083952868
doc1,0.0020580340708391707,0.7095239468877363,0.0020579037881397967,0.0020584577829183973,0.002058145324974907,0.2822435121453915
doc2,0.001168444600215546,0.7338018801125882,0.0011686935381329635,0.0011685788770899447,0.00116857729535275,0.26152382557662057
doc3,0.0006346057633878482,0.27346768556865214,0.000634641047019968,0.0006346556959004781,0.6115518818095538,0.11307653011548582
doc4,0.0007543163426239767,0.0007543687453337443,0.0418704414354255,0.5284480205716453,0.0007543775373086192,0.42741847536766275
doc5,0.0004726720751770612,0.0004726809511182289,0.0004727326244444439,0.9669627015649236,0.03114653099117266,0.00047268179316400363
doc6,0.0014373044487869708,0.0014370877227114056,0.0014372693748951708,0.5432324742017812,0.0014370953336112183,0.45101876891821385
doc7,0.0009043396527974482,0.0009044128611972449,0.013088012638904476,0.9832944933012321,0.0009043347448978339,0.000904406800970835
doc8,0.29148734978657165,0.11608899869283656,0.0012565053392715147,0.21333077707296466,0.07761858385392931,0.3002177852544263
doc9,0.00110385294962227,0.0011038823082144351,0.9944803611068245,0.0011039396231377922,0.0011040495680350747,0.0011039144441659043
doc10,0.00110385294962227,0.0011038823082144351,0.9944803611068245,0.0011039396231377922,0.0011040495680350747,0.0011039144441659043
doc11,0.025087646005097365,0.7248119847054476,0.00021208625919236923,0.014469019206641152,0.03910438333916038,0.19631488048446122
doc12,0.0005897437322973356,0.30334207455255113,0.051780479229144256,0.0005897865270681672,0.0005897748920546897,0.6431081410668844
doc13,0.01906730073248017,0.0008434162712077261,0.0008432803508608025,0.0008433697643709338,0.7317688227331436,0.24663381014793684
doc14,0.0018317850998060636,0.0018320147217269665,0.0018317269995556354,0.171613707307117,0.6984016276835346,0.1244891381882597
doc15,0.000566386483495041,0.19471279163992772,0.0005663423442624287,0.4987170511094809,0.017551479520849882,0.287885948901984
doc16,0.001103987881947892,0.0011039174505038912,0.0011038738261160922,0.10253232824943583,0.34509724501756706,0.5490586475744292
doc17,0.0004040442660470581,0.00040397310853524163,0.0004039079778099841,0.10299610495688515,0.41506183800415686,0.4807301316865657
doc18,0.0005539715643573479,0.0005538725626215819,0.0005540011865977119,0.0533346838895921,0.6504604240536659,0.2945430467431653
doc19,0.0007114111163272842,0.25903751724762847,0.02268396906776118,0.1517203779913351,0.0007113998129285994,0.5651353247640194
doc20,0.0013407637917065677,0.2353907436971022,0.0013406794631921155,0.4006334252265768,0.0013408542829217362,0.3599535335385005
doc21,0.09781482026984838,0.20825234611620178,0.0006151698737111168,0.15573236984922434,0.0006151588069790169,0.5369701350840353
doc22,0.0005932628073269907,0.0005932351918275369,0.0005931830002445477,0.28658007513489603,0.0005932799339958734,0.7110469639317091
doc23,0.0012257280947535977,0.66979090041575,0.0012256115610898544,0.0012257686581779146,0.10504484710913485,0.22148714416109394
doc24,0.00044537925619404637,0.000445397361942947,0.00044528125180757296,0.10207823801643924,0.04589511360073955,0.8506905905128767
doc25,0.0005220471261050768,0.0005220332306705222,0.0005219726255111383,0.6679633098602815,0.3299485635731988,0.0005220735842329767
doc26,0.0004318589154515604,0.19248911799000432,0.0004318660655992318,0.5355061171494567,0.036294731344479594,0.23484630853500854
doc27,0.001340818848554967,0.1756447420862032,0.1368276729255118,0.3399539134070371,0.0013411280665668898,0.3448917246661259
doc28,0.002347836426179228,0.21511752681139282,0.00234793844744684,0.0023482493994856687,0.002347830225585104,0.7754906186899104
doc29,0.0014796784206362352,0.0014797656933128304,0.0014794492647464753,0.36431526006146303,0.0014797663670483865,0.629766080192793
doc30,0.02360671166696914,0.0010042864699915202,0.0010042201400157229,0.0010043413403497614,0.0010043394484135083,0.9723761009342603
doc31,0.001597831680732068,0.22532074362953716,0.0015987722353987856,0.6076844647221246,0.0015980047165797483,0.16220018301562764
doc32,0.0008651673057018907,0.000865351828683508,0.04402916590072254,0.0008652473340134085,0.0008652257386301996,0.9525098418922485
doc33,0.0015018152911584928,0.08579100946806599,0.0015017826772268652,0.5941121979411587,0.31559132983860827,0.0015018647837816603
doc34,0.3523558583819182,0.002146288239314878,0.0021461707654393163,0.0021463028369196396,0.639059004062582,0.0021463757138259205
doc35,0.0008728690068866827,0.22039788623423237,0.0008727036652768212,0.7761106852994615,0.0008729492505477955,0.0008729065435949648
doc36,0.00043945575981428056,0.00043944670661466405,0.0258415892786937,0.9724003247141663,0.0004396902953386936,0.0004394932453723535
doc37,0.0015482928766530288,0.001548540571407895,0.0015482169543041529,0.5295638510978319,0.13517632961399428,0.3306147688858087
doc38,0.0007268945780342634,0.0007268801203242024,0.000726910535081712,0.9963653814951888,0.000727012060603657,0.0007269212107673225
doc39,0.001377804150095439,0.0013776864499147623,0.0013776431981206382,0.0013776737728239685,0.0013776173004811654,0.993111575128564
doc40,0.0005967762081026717,0.0005968690938672649,0.051720138838726955,0.0005967974500784089,0.0005968001317867349,0.9458926182774379
doc41,0.0004794834901299295,0.3383884534167581,0.00047950831455621275,0.25199850636088184,0.00047950196856194686,0.4081745464491119
doc42,0.0005568975499170638,0.0005569429624086489,0.000556853644788407,0.9507398079323431,0.0005569049506434555,0.0470325929598993
doc43,0.0007838393128934614,0.5812813045005907,0.0007838602380150762,0.04697443303211925,0.06945721374189204,0.30071934917448945
doc44,0.0011038799336349767,0.8400079516647944,0.0011038978037063347,0.0011039573093397175,0.001103936162942948,0.15557637712558167
doc45,0.0037596460158002168,0.0037600220102226053,0.003759516574505373,0.0037600476179390214,0.9812010768270042,0.003759690954528533
doc46,0.0008293238585459246,0.0008294665042999355,0.0008292934207990288,0.9958530766357648,0.0008293914060855799,0.0008294481745047387
doc47,0.0017365377789910926,0.4952425961782242,0.0017364052223908357,0.0017365873408813843,0.0017366012081134203,0.497811272271399
doc48,0.0004072393283063882,0.00040724594274985494,0.00040721952541007613,0.03569638304676071,0.4857458600205606,0.47733605213621233
doc49,0.0008504883853755115,0.0008505627602201259,0.0008505270657894269,0.0008505313757102174,0.36299732077447544,0.6336005696384294
doc50,0.0005967807176651996,0.1148664709352726,0.0005967246460615109,0.0005968256140771988,0.0005968046335677959,0.8827463934533558
doc51,0.001976832378939268,0.0019766392882818087,0.001976447728874226,0.001976893908763818,0.8274688236283334,0.1646243630668075
doc52,0.2544415612202882,0.002463625052559727,0.0024639714176678484,0.0024634019938114867,0.4579792158471055,0.28018822446856717
doc53,0.0472163923190249,0.535641272684954,0.0009295546649851436,0.20440728536844893,0.000929672893734999,0.21087582206885203
doc54,0.0022939062298607785,0.0022940718685450466,0.0022937229949912537,0.002294262784029105,0.002294005910429256,0.9885300302121445
doc55,0.0011550241630491932,0.0011549364625681876,0.0011548901214678453,0.16667162398989224,0.8287085360518684,0.0011549892111541037
doc56,0.39448638153916993,0.0021938177464458425,0.002193177629746085,0.002193430823455968,0.5967398935596913,0.0021932987014910417
doc57,0.0004936731470586843,0.0004937014304519948,0.0004936437244334617,0.0004937434436105496,0.4640894044115416,0.5339358338429037
doc58,0.0011421844877491133,0.2560217847837162,0.1014055855304421,0.1989963350996155,0.4412921801828046,0.0011419299156722716
doc59,0.00074309462701063,0.14669158488874873,0.0007430866378864131,0.10759817335025826,0.0007430947631332076,0.7434809657329627
doc60,0.0008963439984429463,0.0008962538328583237,0.000896256175746685,0.08302450096462943,0.913390328710707,0.0008963163176155825
doc61,0.001501767005341351,0.34760164046088543,0.0015016585983799488,0.4433991034360048,0.20449405564027792,0.0015017748591107532
doc62,0.009434904176537534,0.009436882591358376,0.009435350805351078,0.9528207528443717,0.009435794955094964,0.009436314627286354
doc63,0.07563436397735308,0.0011290409372201327,0.1110664905077558,0.8099122367959015,0.001128934278789911,0.0011289335029795412
doc64,0.0034970914600381824,0.003498535101127109,0.10234172585887404,0.8836673774604678,0.0034977199203593407,0.0034975501991336634
doc65,0.0012257209058335861,0.001225863621990625,0.0012258095858816384,0.09036474198200684,0.2159765642096715,0.6899812996946157
doc66,0.0017673057761685756,0.0017672475332583886,0.13804696151352588,0.6767014582631511,0.17994976179844618,0.0017672651154499771
doc67,0.0007543163426239767,0.0007543687453337443,0.0418704414354255,0.5284480205716453,0.0007543775373086192,0.42741847536766275
doc68,0.0009942101187943423,0.0009941784346632599,0.9950289647889117,0.0009941670383405087,0.0009942021012251153,0.0009942775180651214
doc69,0.0009942101187943423,0.0009941784346632599,0.9950289647889117,0.0009941670383405087,0.0009942021012251153,0.0009942775180651214
doc70,0.001416889938510889,0.0014167539162321765,0.0014165331983789912,0.0014170894200131877,0.0014169923607138134,0.9929157411661509
doc71,0.001901516724984008,0.0019016663051538542,0.0019012981567996452,0.0019017238831920233,0.66775936930895,0.3246344256209204
doc72,0.38191461284860717,0.001976625118842109,0.0019765378801900177,0.001977244756856427,0.6101782133869543,0.001976766008549889
doc73,0.00048413104828774403,0.06875990514216601,0.00048406336241630526,0.46058930416143484,0.00048410898987762114,0.46919848729581753
doc74,0.0015482379600375573,0.3902342258247419,0.0015481840363222499,0.60357263198131,0.0015483710838639065,0.0015483491137243835
doc75,0.0027326849607309856,0.3872226388934841,0.0027333268500592126,0.6018451673896782,0.002733360975696784,0.0027328209303507755
doc76,0.00054782886964996,0.6068503715581078,0.0420252597035163,0.0005477748885938916,0.0005477735586119707,0.34948099142152006
doc77,0.004238103091484469,0.004238311322530801,0.004238317151356804,0.9788082165615433,0.004238646517056821,0.004238405356027797
doc78,0.000896266072732292,0.0008963155864112306,0.0008962113578897891,0.0008963070244026806,0.7820184493338352,0.21439645062472878
doc79,0.0005036432642876691,0.0005036297533310758,0.0005035734851962362,0.6526766581452957,0.34530882754053815,0.00050366781135118
doc80,0.19476562956885266,0.15077166266468175,0.0015021031905304615,0.30897040837784673,0.0015018750673367082,0.3424883211307517
doc81,0.000514104648787709,0.0005140238395379535,0.0005141252600683852,0.061136625558298865,0.6525465809938167,0.2847745396994904
doc82,0.07705386520288572,0.06074170703071334,0.04750379344753194,0.7303281723946257,0.08346804458500197,0.0009044173392414408
doc83,0.002058180618944028,0.0020583353652569142,0.09579532952781969,0.0020584052502440092,0.002058294714935483,0.8959714545227999
doc84,0.001377804150095439,0.0013776864499147623,0.0013776431981206382,0.0013776737728239685,0.0013776173004811654,0.993111575128564
doc85,0.001182265392564994,0.0011823735137640983,0.0011821256065781564,0.0663515174188833,0.37911254273889355,0.5509891753293159
doc86,0.0007718082458893023,0.7934454832601141,0.0007717717464898911,0.0007718736279961108,0.0007717939463958537,0.20346726917311478
doc87,0.0006869403246698614,0.9224060193428832,0.0006868685453263247,0.0006870033230622955,0.07484613068730245,0.0006870377767559463
doc88,0.0013588972364749013,0.0013591243555637394,0.001359067628414291,0.7583155146589439,0.0013589929153927087,0.23624840320521054
doc89,0.007711720066051262,0.13248823285199868,0.0011038644013733013,0.0011041366693797484,0.0011040105346149522,0.856488035476582
doc90,0.0040659956575975625,0.06612981932964947,0.08254076564711703,0.8391311154460935,0.004066096529895601,0.004066207389646896
doc91,0.003624464789794955,0.14951959573890522,0.0036262445474503314,0.1183068406948475,0.0036238806058316465,0.7212989736231704
doc92,0.0010801601768196463,0.001080185372721626,0.0010802960734112841,0.9322632908164064,0.0634157799504499,0.0010802876101912368
doc93,0.0008962371686358153,0.0008963094610289758,0.01292974692282069,0.9834851707715069,0.0008962338730921495,0.0008963018029154896
doc94,0.14332259984615212,0.2915901867248051,0.00306819358653791,0.0030686761513502823,0.5558821808085326,0.0030681628826220906
doc95,0.001377804150095439,0.0013776864499147623,0.0013776431981206382,0.0013776737728239685,0.0013776173004811654,0.993111575128564
doc96,0.0005967762081026717,0.0005968690938672649,0.051720138838726955,0.0005967974500784089,0.0005968001317867349,0.9458926182774379
doc97,0.0031647726788825254,0.003165022821467359,0.003164678921583714,0.003165194976041433,0.9841755494101482,0.003164781191876847
doc98,0.14791885674612928,0.39046941307711264,0.00040068472433450844,0.00040073997535846674,0.0004007377688570539,0.460409567708208
doc99,0.0007900222633033431,0.0007901818020230708,0.0007900495140882372,0.0007900620135934548,0.3812178225015514,0.6156218619054404
doc100,0.0005761172623455345,0.2979192678858312,0.000576146942334828,0.0005761631983792243,0.6017822085780644,0.09857009613304489
doc101,0.0006553769245783815,0.9403763447876985,0.0006554016115687346,0.0006554848568145544,0.05700196736920403,0.0006554244501356686
doc102,0.000965377160454961,0.7463303491764115,0.0009653659760694868,0.0009654214726326777,0.0009654088977858243,0.24980807731664553
doc103,0.001377719268077398,0.0013778549901626333,0.001377520236010661,0.3104791091440921,0.4846294692279801,0.20075832713367708
doc104,0.0015247703035469135,0.0015246670885395212,0.0015246010618293828,0.0015249097014893142,0.8484785133507607,0.1454225384938342
doc105,0.0015483733148385105,0.6915264619091288,0.0015483878550984203,0.0015482653006929532,0.0015484683114651402,0.30228004330877634
doc106,0.0017365968291496688,0.00173673120413254,0.0017365272941564948,0.001736751320355682,0.6723324018106733,0.32072099154153233
doc107,0.00046607977380762946,0.9976693827896138,0.0004661029762239232,0.00046614458720064557,0.0004661636701040956,0.00046612620304979435
doc108,0.002146381661621701,0.002146718916508054,0.0021460131288334816,0.0021464000834591095,0.9892679175264651,0.0021465686831124197
doc109,0.0015483053550867105,0.0015482412015725886,0.001548178860376951,0.3276380898616732,0.6661687770614397,0.0015484076598509945
doc110,0.0007487079521912212,0.43496609786352836,0.152149658655082,0.0007486435451337534,0.0007486911779218825,0.41063820080614283
doc111,0.0020578732961561083,0.9897096885568989,0.0020578928072523634,0.0020582453959648184,0.002058140780553902,0.002058159163173929
doc112,0.05774076459825793,0.0014168878889730715,0.0014167365128849565,0.4650541768880909,0.3067555612417994,0.16761587286999372
doc113,0.0008577760944072,0.16535479123995772,0.0008578276396558789,0.0008578398157412107,0.8020356939538741,0.030036071256363855
doc114,0.0010354908614819034,0.5228128757452505,0.11721289258695111,0.2708799938820799,0.0010354628388366527,0.08702328408540017
doc115,0.0010461512584679787,0.9947685778854648,0.0010461604139396345,0.001046463089136186,0.001046363632336701,0.0010462837206546736
doc116,0.3174660206101836,0.0008809866637367785,0.0008812089015390422,0.0008806197556748277,0.3328810599284067,0.34701010414045896
doc117,0.0008225633446094041,0.1050996707595606,0.0008224359186510272,0.891610209874131,0.0008225621099641906,0.0008225579930837774
doc118,0.001080089939942994,0.001080131143037937,0.0010800558255593428,0.9945994576126371,0.0010801151704177682,0.00108015030840478
doc119,0.0013592484107496025,0.3255979303331005,0.019654330232853755,0.6506701507429036,0.0013591517264346098,0.0013591885539578571
doc120,0.15928259756127988,0.0008883434334104174,0.026410523664155982,0.8116417441402477,0.0008884208132183099,0.0008883703876875961
doc121,0.0009843520292490255,0.0009844746431067085,0.9950779206617661,0.0009844925199443987,0.0009843594515140032,0.00098440069441979
doc122,0.0015481763436598784,0.6881423925664196,0.0015482624337861527,0.001548205884683849,0.30566468994272467,0.0015482728287257968
doc123,0.0009843520292490255,0.0009844746431067085,0.9950779206617661,0.0009844925199443987,0.0009843594515140032,0.00098440069441979
doc124,0.03211607511791416,0.0003527415274705472,0.01644069028383186,0.000352699605934893,0.0003526782657633352,0.9503851151990853
doc125,0.0007268730342965603,0.06017563033697201,0.0007268176336695291,0.0007269412468408464,0.0007269005647030593,0.9369168371835179
doc126,0.03442334990698405,0.6955361208803132,0.0010800158196117382,0.0010803194853061789,0.0010802477570168204,0.26679994615076785
doc127,0.0031651347774416653,0.0031651104357230085,0.0031648896853959108,0.9841742341430002,0.0031649415648201443,0.0031656893936189653
doc128,0.03442334990698405,0.6955361208803132,0.0010800158196117382,0.0010803194853061789,0.0010802477570168204,0.26679994615076785
doc129,0.3494639878738945,0.002810170830707162,0.23057858765811992,0.41152808581209577,0.002809388515602401,0.002809779309580229
doc130,0.003760174982648378,0.5340564343506088,0.0037603147824110885,0.2487446897745487,0.20591803352526616,0.003760352584516931
doc131,0.000600359125441861,0.7984285657305991,0.0006004479491206709,0.1991697431134991,0.0006004490808735798,0.0006004350004659089
doc132,0.0014167306218263382,0.07967796289133412,0.0014165645736226003,0.2331442012087637,0.0014168505870616446,0.6829276901173915
doc133,0.00037108813718905503,0.3476389625653321,0.0003709694378098712,0.608005934264966,0.00037103375929816096,0.04324201183540475
doc134,0.0009126948008778622,0.000912756852815856,0.07763470622640821,0.1429921947649531,0.49768631536677416,0.2798613319881709
doc135,0.0016782560160854172,0.7697209304533426,0.0016781155399954242,0.0016784487215939366,0.0016783596543854795,0.22356588961459728
doc136,0.19432715673251072,0.05671505134474518,0.001024683198583338,0.0010249451070417275,0.74588321357536,0.0010249500417589777
doc137,0.0017363304109009382,0.30559838867976724,0.0017364635746503626,0.0017364673248097544,0.17455432958782408,0.5146380204220476
doc138,0.0009044243142475562,0.0009043376640454401,0.07623744867999298,0.8113088569096162,0.0009043933085654784,0.10974053912353236
doc139,0.002463553437608434,0.00246398144490082,0.0024637830244955443,0.002463794483461832,0.002463526232524946,0.9876813613770083
doc140,0.0019766731570239563,0.16273692739132167,0.1919226605951604,0.001976934540604939,0.0019767634326162487,0.6394100408832729
doc141,0.0010041924823473427,0.29222651244060316,0.0010041433783117375,0.25314310168185794,0.0010043130536017695,0.451617736963278
doc142,0.0010248585635302663,0.1235091262756361,0.001024777138734838,0.2352208680448472,0.37118340195698324,0.2680369680202683
doc143,0.0009210679380965164,0.0009210819491188651,0.000920955373592089,0.18381779906449633,0.0009210690260449862,0.8124980266486512
doc144,0.0017677613666266315,0.0017671704185386807,0.0017671487507621778,0.0017676534483740325,0.9911631909481036,0.0017670750675949113
doc145,0.0025258351796516726,0.0025258461607387383,0.002525613353578231,0.987370928530231,0.002525867107884588,0.0025259096679158006
doc146,0.0017364549022382601,0.0017366503671656377,0.0017363543083451399,0.3201697611090916,0.001736385256862587,0.6728843940562967
doc147,0.0008293709017573474,0.46319008938863976,0.10031782905498407,0.0008293948268234416,0.0008294343307979431,0.43400388149699753
doc148,0.001091934396699488,0.5930033972277583,0.0010918764277438654,0.3639742884294414,0.0010920369916361517,0.03974646652672084
doc149,0.0015726847860308801,0.0015726958379301437,0.0015733385129280107,0.9006523537033717,0.09305623382120388,0.00157269333853539
doc150,0.0013589385113544456,0.2890502427443432,0.0013588970319883724,0.7055137868356985,0.0013591360677970262,0.0013589988088184483
doc151,0.00033606673251391074,0.9983195413270837,0.00033606989565427333,0.00033609997990730327,0.0003361039404695127,0.0003361181243713416
doc152,0.00029630419324451306,0.46958749966639624,0.07439406418629702,0.3074130773640766,0.0002963015875104249,0.1480127530024753
doc153,0.0009126861914600225,0.0009125318191535159,0.0009126148724460227,0.0009125074452079993,0.9954370954068387,0.0009125642648936469
doc154,0.0012410427952852813,0.46146987260500877,0.0012408374822030226,0.0012408995147179295,0.0012410075268988075,0.5335663400758862
doc155,0.0014165406834324814,0.001416581579177383,0.0014170171393842043,0.0014166419406720344,0.9929166122463874,0.0014166064109464745
doc156,0.07927721551153677,0.0011164446979863892,0.0011165009899518725,0.0011163505164843788,0.6026620241724135,0.31471146411162704
doc157,0.0013779118302841861,0.2447968717140505,0.0013776580293747905,0.749691901618086,0.0013779362498207326,0.0013777205583837026
doc158,0.0008962546311244604,0.0008962537147848409,0.0008963263645998713,0.0008963888024901693,0.9955184584053582,0.0008963180816424515
doc159,0.0006306231074882907,0.10335923871138893,0.0006306697060559041,0.6183766016829575,0.045768266650683835,0.23123460014142558
doc160,0.0011418158513556115,0.0011417420663659915,0.001141671243642456,0.0011418423354727556,0.4879008180419164,0.5075321104612467
doc161,0.1523114307015126,0.05271127077624688,0.0007014097991947987,0.0007014615143570956,0.5804027633540206,0.21317166385466801
doc162,0.0008727617548278428,0.7622212146468077,0.0008728415686543022,0.1896377768361545,0.04552256238374139,0.0008728428098142592
doc163,0.0008652266814471893,0.46740979365080015,0.0008652248562140477,0.18481823709627845,0.0008652599681697286,0.3451762577470905
doc164,0.014238802483335228,0.0008294366681801819,0.0008292909974704951,0.0008293596860407483,0.5459352856882067,0.43733782447676656
doc165,0.0009473987152334095,0.07908686620419242,0.0009471307175150835,0.6981039512459981,0.06643786168622749,0.15447679143083345
doc166,0.14202979093363466,0.0026602986144476687,0.0026601608031537414,0.8473289816307589,0.002660240266943228,0.00266052775106196
doc167,0.00085046232107459,0.398800244807789,0.000850473608215644,0.0008505485713624299,0.0979453857850446,0.5007028849065138
doc168,0.0010572083456001137,0.0010573064721791816,0.0010572214715262314,0.0010573245317457122,0.9947135527017046,0.0010573864772440978
doc169,0.0006266461274828272,0.3171700636967341,0.04552816470856446,0.5854259376564479,0.0006266944281922836,0.050622493382578404
doc170,0.0003129535986843637,0.348757179281996,0.011440785723487088,0.2374449407760287,0.00031297553034297413,0.4017311650894609
doc171,0.0006731286769321383,0.24870981865893402,0.22981921341604974,0.21964687406375313,0.0006730818684517174,0.3004778833158794
doc172,0.0016238496597848027,0.042417276138354804,0.0016236669850074944,0.6332889966952996,0.31942241751162964,0.0016237930099236993
doc173,0.0005828557116282298,0.05113160365327754,0.03159119027380306,0.9155284703854475,0.0005829443319563602,0.00058293564388726
doc174,0.0018661920043843564,0.8786249801210436,0.11391023547431653,0.0018662021761682026,0.0018661229534554897,0.0018662672706317898
doc175,0.0008962032180389104,0.000896219211997366,0.9955189265880982,0.0008961735611646813,0.0008961935218277115,0.0008962838988731388
doc176,0.0008962032180389104,0.000896219211997366,0.9955189265880982,0.0008961735611646813,0.0008961935218277115,0.0008962838988731388
doc177,0.0016235859736785136,0.19667837650084088,0.0016237196647033221,0.5794993435502482,0.2189514037914396,0.0016235705190893956
doc178,0.0017070682279714598,0.5744813903950058,0.0017066747949545373,0.20451072105423304,0.2158870459390465,0.0017070995887886993
doc179,0.0010687256462238218,0.9126899746145649,0.0010686637910974457,0.08303519584439349,0.0010687376189718108,0.0010687024847486908
doc180,0.0017066727712484078,0.9914659323177505,0.0017066828082755391,0.0017069316034454298,0.0017068680767711166,0.0017069124225091352
doc181,0.0012725382575664921,0.1048195061109682,0.0012724150306654529,0.2603566278184746,0.07951672841401004,0.5527621843683153
doc182,0.0011550894666942607,0.3699166997708656,0.001155210486428002,0.052144225561730234,0.0011550891756526786,0.5744736855386292
doc183,0.08490750271856447,0.33239127184843203,0.033963156030201204,0.19973252792924281,0.25602008333990095,0.09298545813365854
doc184,0.0018660894135289672,0.11616319378217163,0.1319943074436706,0.5255280179104106,0.09245099008894415,0.13199740136127394
doc185,0.0008506145552861893,0.2640278296437422,0.01565719166204335,0.04693991447550375,0.0008505806178502458,0.6716738690455744
doc186,0.0015483225686400003,0.40811942835913634,0.0015484491047353345,0.3559507920610801,0.0015484717451043385,0.2312845361613039
doc187,0.0008225036624400914,0.0008225772831937058,0.000822472263862523,0.7544417003221289,0.0008226035894523175,0.24226814287892248
doc188,0.0016236112308008989,0.0016238916244973025,0.0016237306818156388,0.0016237661555232419,0.5414638393209158,0.4520411609864471
doc189,0.001767066559142318,0.2173887168682783,0.0017669561471767739,0.0017672731954767858,0.7755427142096402,0.001767273020285678
doc190,0.0008504920985541362,0.3780316417421514,0.07431268695675064,0.5451040574714394,0.0008505281339058165,0.0008505935971984999
doc191,0.0015017100016460967,0.5679571138379492,0.0015018949630025008,0.3518753643886544,0.0015019284371226263,0.07566198837162526
doc192,0.03415286266511922,0.00105724586335586,0.0010576544502924235,0.26461086021639335,0.5055035550693568,0.1936178217354822
doc193,0.0011684564551159074,0.0011684791088871053,0.001168322783729569,0.2598638157520248,0.5054532437615843,0.23117768213865833
doc194,0.0025914017382835165,0.0025911600039063387,0.002591453458176408,0.7306604656832469,0.2589740246064664,0.002591494509920449
doc195,0.0016782339406361956,0.0016783170520857297,0.07476099552323326,0.686816754321061,0.0016782687996039066,0.2333874303633798
doc196,0.0017365231163788885,0.0017364736305891114,0.0017363290769306942,0.0017364728834432953,0.5897016761749672,0.4033525251176909
doc197,0.001678335496073229,0.19532610238925302,0.025572760842557597,0.46944091052938014,0.001678398913427222,0.3063034918293088
doc198,0.15928259756127988,0.0008883434334104174,0.026410523664155982,0.8116417441402477,0.0008884208132183099,0.0008883703876875961
doc199,0.0013230692082449298,0.0013231507673192912,0.0013233181398416146,0.6279491665958884,0.366758305886869,0.001322989401836752
doc200,0.0021463058392990684,0.0021466544656791944,0.002146608292487571,0.846748218950002,0.0021463369552941,0.14466587549723803
doc201,0.26545462877715165,0.0017988975247953006,0.0017996065975078375,0.7273485891734572,0.0017991101788128183,0.0017991677482751193
doc202,0.0010573202846306412,0.0010574272583895098,0.0010571986871608758,0.001057387921912135,0.665258711291331,0.3305119545565758
doc203,0.0012409102219237598,0.6940327027967002,0.0295047759042668,0.24993252386495185,0.024048043336650157,0.0012410438755073188
doc204,0.0014165406834324814,0.001416581579177383,0.0014170171393842043,0.0014166419406720344,0.9929166122463874,0.0014166064109464745
doc205,0.0010461512584679787,0.9947685778854648,0.0010461604139396345,0.001046463089136186,0.001046363632336701,0.0010462837206546736
doc206,0.03442334990698405,0.6955361208803132,0.0010800158196117382,0.0010803194853061789,0.0010802477570168204,0.26679994615076785
doc207,0.0013228865518199423,0.14816859084729234,0.0013231155277781854,0.21913562252520263,0.6287268310842137,0.0013229534636931195
doc208,0.00047267997941975926,0.7551148378331046,0.0004726802966802945,0.11409385556841233,0.0004727278599607782,0.1293732184624223
doc209,0.0008578201599779558,0.0008578183680545055,0.0008578896890534654,0.05877949274307568,0.9377890812159951,0.0008578978238432482
doc210,0.002193235686294748,0.34670614270778516,0.0021932743257420577,0.002193361488369357,0.6445203834122052,0.0021936023796035884
doc211,0.0012889303190090828,0.0896827330630255,0.04849899917182567,0.1896987028682592,0.27639410798168995,0.39443652659619055
doc212,0.002193436632745498,0.21453937366536652,0.0021934403112828286,0.604035043969734,0.17484520490917982,0.002193500511691227
doc213,0.0017990379224998377,0.0017989148364830534,0.0017990958921524761,0.0017993576139468128,0.9910044972310724,0.00179909650384533
doc214,0.00021857652532775772,0.3146131537409017,0.00021859034833568805,0.20906402354678172,0.00021857336011490156,0.4756670824785384
doc215,0.00045963142031434865,0.9977016551481332,0.0004596512112936225,0.00045966735429928205,0.0004596868982909019,0.0004597079676685712
doc216,0.9906693539252629,0.0018663280247807504,0.0018659181660966111,0.0018660447463128094,0.0018662373637404988,0.0018661177738064823
doc217,0.003379050267444548,0.14138943756023506,0.10125189040918621,0.0033789846587211716,0.47048173359773154,0.28011890350668156
doc218,0.0015245849009969806,0.9352713577942531,0.001524728398714989,0.0015246097790859985,0.058629934174323384,0.001524784952625567
doc219,0.015553605141591192,0.943827230479039,0.0003149127326801475,0.03967435921984975,0.00031495272659828394,0.00031493970024165093
doc220,0.0005359941384484884,0.24757841081777787,0.0005362158376076845,0.409570599599754,0.34124273003815236,0.0005360495682596036
doc221,0.004426651116936832,0.004426466895006884,0.004424865437707654,0.5386526824684332,0.4436431388908557,0.00442619519105959
doc222,0.0009210796350702867,0.0009210630261389632,0.09704948261966478,0.13179771450766306,0.0009210327136940883,0.7683896274977688
doc223,0.0008962630923002641,0.7067419176201252,0.043692675039118646,0.24687651920404133,0.0008962858826193313,0.0008963391617952894
doc224,0.0017989777055330153,0.0017991850468341555,0.22387234972828954,0.5271367458981704,0.001799251513827692,0.24359349010734518
doc225,0.0011552941504633762,0.14219808829360495,0.001154927176310754,0.8531816130860116,0.0011549916787676774,0.0011550856148416818
doc226,0.0005359927116705184,0.0005360840517505054,0.0005359694642329033,0.9973199330240166,0.000535995531519237,0.0005360252168101658
doc227,0.6850832940482484,0.0007717898959217958,0.0007718755877681064,0.19011483529859138,0.1224863840551308,0.0007718211143396266
doc228,0.0009294437051338058,0.0009294753557548801,0.9953526866263747,0.0009294949856458561,0.0009294480582570609,0.0009294512688336842
doc229,0.0009294437051338058,0.0009294753557548801,0.9953526866263747,0.0009294949856458561,0.0009294480582570609,0.0009294512688336842
doc230,0.09111167004507048,0.0022942693481659894,0.002293953173420752,0.5405855541506756,0.09524543282902026,0.2684691204536469
doc231,0.0007658794946924896,0.16470359702992313,0.0007658225994431367,0.057932299768884754,0.0007658901812721704,0.7750665109257843
doc232,0.0008363276690273726,0.7553915937614117,0.0008363049475180207,0.0008363752329071069,0.0008363144798104393,0.24126308390932535
doc233,0.0008363185320587269,0.22378811505771398,0.0008363259187798563,0.7728665602396404,0.0008362958126782791,0.0008363844391287051
doc234,0.0005569012473146976,0.000556902602984662,0.0005568939121752905,0.6044154386970093,0.0005569249489196686,0.3933569385915963
doc235,0.00349733262173286,0.0034972645429363815,0.0034968039082652687,0.9033631179531593,0.08264788870177245,0.0034975922721338353
doc236,0.0014168057445645415,0.38875073764540824,0.0014169056316131236,0.49567447991774477,0.00141685368075658,0.11132421737991263
doc237,0.0034976974543027253,0.003496823474626711,0.003496940395561898,0.3631722191441968,0.0034971088839979535,0.6228392106473138
doc238,0.589213992845681,0.0008363758981947833,0.0008363080335370023,0.13797958629163404,0.2702973669630584,0.0008363699678947827
doc239,0.7300903114038572,0.001548286145274624,0.03889516185063339,0.22636943052854053,0.0015484532491886064,0.0015483568225058133
doc240,0.004237677503767144,0.004238979848439554,0.0042379230965825425,0.9788084259999403,0.004238439097388315,0.00423855445388194
doc241,0.08190177344557922,0.05269932075072147,0.0011824440439700016,0.1996144678831516,0.6634197604299471,0.001182233446630764
doc242,0.001057295787912846,0.0010573672336352518,0.0010572156563515623,0.1543793410351884,0.7047329511096152,0.13771582917729683
doc243,0.24824782754809638,0.16771724841334537,0.0023482842688974013,0.0023482361544794406,0.1965395509112377,0.38279885270394376
doc244,0.12736833700315306,0.8632393096807971,0.0023477782610190428,0.0023482226166317275,0.00234836560618123,0.0023479868322179125
doc245,0.29089957607709077,0.0004453312924293402,0.007714271199736143,0.00044536996372955247,0.1874703478035881,0.5130251036634262
doc246,0.345632788892938,0.0005140247823155484,0.0005139827506831174,0.0005140385016426183,0.3159938599012802,0.3368313051711405
doc247,0.001057434679090569,0.08389931226841459,0.11221013146226055,0.16866089607675813,0.0010573673033711613,0.633114858210105
doc248,0.0012256974509842707,0.0012257492705532356,0.001225645780772821,0.7235379612867047,0.09725802702602897,0.17552691918495594
doc249,0.6989973446743335,0.0004705162601872169,0.0004704786047828028,0.0004704731669661586,0.2991207042747084,0.00047048301902184855
doc250,0.0013058691404129583,0.31136626489494934,0.0013058302794227118,0.25976205714533535,0.10046389652269576,0.32579608201718396
doc251,0.0013590450622884913,0.3925621314221484,0.0013588517740557309,0.20782045986482792,0.08330659374663385,0.31359291813004564
doc252,0.0009209852795326981,0.0009211284498710565,0.0009209498947651465,0.1945381448655087,0.3681794027101585,0.4345193888001639
doc253,0.02760345929239592,0.0009044310642066027,0.022911947190325653,0.9467713505357176,0.0009044010634915306,0.0009044108538626312
doc254,0.22001647318384576,0.1846769260672898,0.12430117378857068,0.466196005175492,0.0024044254321992425,0.0024049963526025387
doc255,0.0014580035553976426,0.0014580842474094437,0.0014582327965937298,0.3329630563093577,0.0014580405959872622,0.6612045824952543
doc256,0.000607673564373728,0.10289237871118016,0.0006075896879854392,0.5125671884955003,0.0006077204486239443,0.38271744909233635
doc257,0.0010801495094393957,0.0010802405560434154,0.0010800378913920984,0.19125582260789917,0.0010801668959453654,0.8044235825392806
doc258,0.0005828647109847848,0.32738171834130214,0.0875532182423586,0.141810726911671,0.1305744989395841,0.31209697285409926
doc259,0.0010801663530840618,0.2015864529432068,0.001080304779518935,0.13140329506015377,0.5443364062903387,0.12051337457369769
doc260,0.002193488503899239,0.002193544420488705,0.11078992576922289,0.42020986307880853,0.25203969408245375,0.21257348414512695
doc261,0.0017675026431836448,0.1584616585255638,0.0017669909461843114,0.0017672883545959857,0.8344692760628397,0.0017672834676325726
doc262,0.0005359927116705184,0.0005360840517505054,0.0005359694642329033,0.9973199330240166,0.000535995531519237,0.0005360252168101658
doc263,0.0018319970209299164,0.6099563450356248,0.00183171339362294,0.19795981720565886,0.1865879686804254,0.0018321586637380625
doc264,0.0010250666587061498,0.0010247670602433934,0.0010247493301537073,0.8531652543020637,0.0010248799358243406,0.14273528271300867
doc265,0.0008882260484565677,0.5710477856344489,0.0008881457020629617,0.0008882375998009581,0.0008883425572171173,0.4253992624580135
doc266,0.0009125729978803637,0.0009126553616664427,0.07061625903691625,0.44108802056000174,0.0009125892791717504,0.4855579027643635
doc267,0.0005193243355696228,0.14699768081205736,0.0005193543605477841,0.6995315387867086,0.15191276032151188,0.000519341383604698
doc268,0.0015020217564189167,0.49026520131009804,0.0015018502940270654,0.001501776580365272,0.26014551202288727,0.2450836380362035
doc269,0.0002580611279293909,0.00025808750804440824,0.016485426299470547,0.4050550116805933,0.22933738735203257,0.3486060260319297
doc270,0.001288952692871339,0.0012890305228906514,0.042288914215889616,0.8193185816221557,0.13452552490841507,0.0012889960377777886
doc271,0.24443338780141888,0.09824536591974159,0.0005599862706776292,0.0005600403382638407,0.655641121867267,0.0005600978026312559
doc272,0.0010042795824415618,0.16979177408146004,0.001004131271094423,0.2682022280593575,0.047034706495507436,0.5129628805101388
doc273,0.0007718279869900284,0.7407894933971529,0.0007718689903263641,0.0007718255146385786,0.08530870477943638,0.1715862793314558
doc274,0.002890657579968496,0.9855448620048479,0.002891002620196169,0.0028911305985420263,0.0028915118851025223,0.0028908353113428157
doc275,0.0016782262265886629,0.0016782624266446669,0.0016783199605460862,0.764844565290308,0.22844246965516277,0.0016781564407498458
doc276,0.019748438553831238,0.7580628907277375,0.023352796346932242,0.0009562336839314432,0.0009562289306043083,0.19692341175696318
doc277,0.001678168877564568,0.5072920367322667,0.0016780860309764123,0.48599491814889945,0.001678416981166391,0.0016783732291265052
doc278,0.46611660074537975,0.06704103514808951,0.12622600879242646,0.0013230727731751975,0.0013230098459728237,0.3379702726949564
doc279,0.0012411255430967313,0.0012410243625963313,0.0012413172835778784,0.001241124402990112,0.0012409585393582114,0.9937944498683807
doc280,0.0009210796350702867,0.0009210630261389632,0.09704948261966478,0.13179771450766306,0.0009210327136940883,0.7683896274977688
doc281,0.11500394349288141,0.2442905260618972,0.0002971403937456853,0.5465323100666841,0.09357889999846047,0.00029717998633119706
doc282,0.0009294437051338058,0.0009294753557548801,0.9953526866263747,0.0009294949856458561,0.0009294480582570609,0.0009294512688336842
doc283,0.0009294437051338058,0.0009294753557548801,0.9953526866263747,0.0009294949856458561,0.0009294480582570609,0.0009294512688336842
doc284,0.9892676085504581,0.002146494546060015,0.002146389241530485,0.0021462540652635396,0.002146638283918773,0.00214661531276906
doc285,0.0024044833586992875,0.002404324084059279,0.0024043022225394284,0.8262105379760227,0.1641718784276231,0.0024044739310561756
doc286,0.0021463837665147067,0.2926120956040017,0.002146240130397438,0.6988026161200802,0.0021462890544517096,0.0021463753245540575
doc287,0.0008027763320422531,0.0008028004106082654,0.0008027420651284103,0.0008028035796485694,0.7963890129404912,0.2003998646720813
doc288,0.0009654100852597983,0.000965568450453838,0.0009660660052055119,0.3570068084820398,0.0009654652324820156,0.639130681744559
doc289,0.0020580031073170776,0.5927002936005101,0.0020581238302280766,0.22896683841400411,0.17215862600753168,0.002058115040408772
doc290,0.0012109138953622892,0.16315008919521498,0.001210798024328845,0.8320062957818787,0.0012109413247572624,0.001210961778457967
doc291,0.0011418561143654632,0.4203228468627066,0.0011416647815349881,0.19102340604757473,0.20044361657727822,0.1859266096165401
doc292,0.7506719031812967,0.24200047925172935,0.0018316107773598375,0.0018319253087877838,0.0018320668392167586,0.0018320146416094636
doc293,0.0007777878848523236,0.25303688862534274,0.0007777782060819064,0.7438518318306879,0.0007778951495596193,0.0007778183034755239
doc294,0.0005600284084318556,0.24863644577304306,0.0005600412302447839,0.0005600659678905672,0.1292591147440661,0.6204243038763236
doc295,0.001901421629746515,0.0019017586740131722,0.0019014676606263184,0.7364087031770922,0.2559850008576204,0.001901648000901408
doc296,0.18710087984296667,0.0026604774217495494,0.0026602923084714353,0.06288715546566917,0.17955444021530267,0.5651367547458406
doc297,0.0009043293481917632,0.3140237992312976,0.0009043685945948544,0.5359941450234379,0.0009044140349272639,0.14726894376755054
doc298,0.0017671765361385384,0.7731176531218437,0.0017669722892493405,0.0017673035145893507,0.001767209417893938,0.21981368512028504
doc299,0.0014371008590099582,0.4767829917250432,0.11459301677841419,0.1440666112606835,0.07455590629572775,0.18856437308112142
doc300,0.0007717548292738205,0.1409814652547218,0.0007717853188977564,0.44585152641217235,0.3249921324249296,0.08663133576000454
doc301,0.0020579716743562666,0.13833960481413848,0.0020579585049487733,0.27107998157220764,0.3656922333119891,0.22077225012235968
doc302,0.00132295496883798,0.0013231448301395294,0.0013229901835393916,0.27916353513491515,0.4730815880415275,0.24378578684104046
