,topics0,topics1,topics2,topics3,topics4,topics5,topics6,topics7
doc0,0.5839872737183345,0.0018942481017278558,0.0018942706804500997,0.0018944780513059983,0.0018942620723647915,0.0793072880668181,0.0018945964482539948,0.3272335828607446
doc1,0.0005215371361070132,0.6567847463403539,0.0005214600840273488,0.0005214704221926852,0.0005214570134167007,0.00052153119548228,0.000521474633024266,0.3400863231753958
doc2,0.0008349952336743506,0.5410547964940233,0.0008348742708079596,0.0008349021091816314,0.20612927379668988,0.2486413573528196,0.0008348133064833952,0.0008349874363197978
doc3,0.0005593871380833188,0.000559392702136088,0.6391050866473208,0.09741108838257327,0.0005594007285445128,0.26068679345949924,0.0005593955191968994,0.0005594554226458104
doc4,0.001208089381035931,0.0012081719286006186,0.0012080051496687093,0.4799198714202656,0.0012080259958722334,0.21994474809326284,0.001207936374009796,0.2940951516572843
doc5,0.04020019436586152,0.0007589198254501855,0.0007589921103895513,0.0007589478642777619,0.0007590093211599081,0.10006282312744767,0.0007589117967210798,0.8559422015886923
doc6,0.00137391795913137,0.001373853160166118,0.1377455083501083,0.0013739551516460866,0.0013741367746184254,0.3904604795492625,0.001373826567613334,0.46492432248745397
doc7,0.0015201767340308435,0.16906941112258397,0.02194501634160926,0.14233699032507952,0.0015201954111935699,0.0015202178365927774,0.1844710811062845,0.4776169111226256
doc8,0.0006767685063799892,0.2459163231927828,0.0006768220344299106,0.4092071800862749,0.0006767395772351561,0.0006767326864525392,0.0006766819827941076,0.3414927519336506
doc9,0.0013194622456462358,0.0013193787992946695,0.0013193993260600437,0.8458010448806328,0.07531540650406073,0.0013195332226125086,0.0013197666519614338,0.07228600836973158
doc10,0.0007826731568803019,0.0007825744581135255,0.0007826017151906044,0.510408927334867,0.28389665918355184,0.00078260744507624,0.0007825799810469755,0.20178137672527344
doc11,0.42917905028871717,0.1674399644701281,0.0006258919268294572,0.29708148752100993,0.06641729878750192,0.0006259829682978158,0.0006259700758102163,0.038004353961705484
doc12,0.5404948090304633,0.0007475305749006964,0.0007475674844347424,0.0007475718736235158,0.039231848219027594,0.07673324653053518,0.000747529205345331,0.34054989708166944
doc13,0.0009922244439867218,0.0009922276921526874,0.10753581982539827,0.0009923624740365874,0.0009924237835198673,0.0009922383235568975,0.8865103264507141,0.0009923770066348236
doc14,0.0009922244439867218,0.0009922276921526874,0.10753581982539827,0.0009923624740365874,0.0009924237835198673,0.0009922383235568975,0.8865103264507141,0.0009923770066348236
doc15,0.18186040451855964,0.4917026487153687,0.2037483316325585,0.0011392623027944887,0.001139095641191991,0.0011391652798240447,0.001139194214395367,0.11813189769530721
doc16,0.000992316757678751,0.13283410982852797,0.000992227607030619,0.0009922499683765558,0.7404310558943483,0.12177354475327508,0.0009922115476804234,0.0009922836430823461
doc17,0.09488778680176393,0.0007054283967623283,0.591673459877514,0.0007054671711981822,0.0007054784904766577,0.30991152918414644,0.0007054591392898357,0.0007053909388486442
doc18,0.3118906348633939,0.44911256639120434,0.14494449951926405,0.0838887334281677,0.0005134355870924472,0.0005134712369195602,0.00862314769527434,0.0005135112786836391
doc19,0.0009279223572186434,0.11768344401738279,0.08497334199852873,0.2385712980238679,0.0009279272336581169,0.5550600478992195,0.0009279993243079449,0.0009280191458164727
doc20,0.004587867974328326,0.00458810022847726,0.004587366010739457,0.38806682109443613,0.5358616894489404,0.004587926322262733,0.05313294328566179,0.004587285635153876
doc21,0.0004907959966952781,0.0004907929273365193,0.0004907818469580738,0.04673297940245904,0.000490781285524553,0.8412051345587719,0.0004907592769440673,0.10960797470531052
doc22,0.000753236940239509,0.0007532625391712714,0.0007531870710813455,0.32021463710305903,0.0007531828670315364,0.0007532970645782307,0.02678850198815001,0.6492306944266889
doc23,0.4287673572479367,0.5585138626357218,0.0005297812339943854,0.0005298441776664829,0.0005298357847273654,0.0005298194940175961,0.010069685914791552,0.0005298135111442338
doc24,0.2291966672687572,0.12207110559476014,0.15264469650580983,0.3958262304303812,0.09854462956760134,0.0005722315825886864,0.0005721809658989067,0.0005722580842027197
doc25,0.33470936474534546,0.0017611413210228942,0.0017610195200933156,0.001761193183391036,0.10414247799512313,0.0017609440812135864,0.00176102019914569,0.552342838954665
doc26,0.5163135506839428,0.00029178639263630686,0.0002917791762327819,0.4052950222865055,0.000291777058425874,0.00029176728657733924,0.0329377158618461,0.044286601253833276
doc27,0.0012534546116684485,0.12184570120256946,0.08827728681125412,0.1927547647715816,0.001253300746929438,0.0012533050064709697,0.0012532613914919262,0.592108925458034
doc28,0.34683698506578997,0.0013553627703047604,0.3594530110136015,0.0013553413061803993,0.09799466145252478,0.0013552885730733248,0.0013552241111079806,0.19029412570741724
doc29,0.08854804950557578,0.13229933814876357,0.0009636189084782674,0.39643016702544953,0.2848297062055078,0.0009635918698598822,0.0009635448146510156,0.09500198352171409
doc30,0.5292087411744698,0.000742033353139108,0.0007419769512929823,0.0007419973521440628,0.22307251745858628,0.0007420673782397991,0.0007419320690164193,0.24400873426311145
doc31,0.0023931568094157888,0.002393375117265258,0.0023929865075578496,0.6574515889468225,0.002392546418087956,0.0023927194840245715,0.002392878077929635,0.3281907486388964
doc32,0.18711188685075628,0.0023931016857866336,0.002392675492289207,0.7985306961552547,0.002392865826428126,0.0023928979654910987,0.002393201869958781,0.0023926741540351796
doc33,0.0013552012208198055,0.0013552899155205328,0.0013552680697921952,0.8049718825275376,0.18689622163402686,0.0013556323494665092,0.0013551918981422972,0.0013553123846941515
doc34,0.24657364463959153,0.4842750133785083,0.009261022775190458,0.009262096488720888,0.009260002101172369,0.22284496078479923,0.009260239547337394,0.009263020284679803
doc35,0.29087890731645566,0.002137400123343654,0.002137300413591084,0.6962966824310807,0.002137571884908251,0.0021376029554715805,0.002137148535306822,0.0021373863398423155
doc36,0.003356759642167631,0.003357139296900178,0.0033566888153064457,0.716886568253151,0.003356549233184474,0.2629723985236772,0.003357229854240531,0.0033566663813725754
doc37,0.17092424286129881,0.2118937756614439,0.002092633057148739,0.606719006479013,0.0020927730348576277,0.0020927392019489577,0.002092375871334256,0.0020924538329547145
doc38,0.0008145551617995121,0.0008145128913133448,0.0008144324145505103,0.5427369767146495,0.04682403874967191,0.10691748673875061,0.30026342729701544,0.0008145700322491963
doc39,0.0011523795481316805,0.052372898153134756,0.0011523318097317401,0.4366988577533799,0.0011523849505115427,0.5051665543900453,0.001152266778298487,0.001152326616766535
doc40,0.24470316719208024,0.0007005193762684416,0.0007005050833647741,0.0007004642017117111,0.0007005269732577134,0.000700500484093155,0.0007005202502523029,0.7510937964389716
doc41,0.07736010800687115,0.0017306266530927993,0.0017304926957256066,0.0017305425786726665,0.001730435835604498,0.001730326902408884,0.0017303044097781554,0.9122571629178462
doc42,0.0007205423553956762,0.0007205286222710058,0.0007205545454561517,0.9949558031704663,0.0007207332886042695,0.0007206129066361493,0.0007206460250329874,0.0007205790861374166
doc43,0.1758842286927059,0.7052475030442105,0.10020651253906702,0.0037318717833610183,0.0037320792669115043,0.0037329426138224364,0.0037317643450965367,0.0037330977148250905
doc44,0.10624714292536191,0.00041885870332271634,0.0004188461387389368,0.5000880230006574,0.07053697422222248,0.00041887907321605446,0.00041885752396316313,0.32145241841251726
doc45,0.0017009961207652682,0.0017008915977586548,0.2873871935493849,0.05052048839328182,0.0017014314055828206,0.6535870201067738,0.0017009500110973228,0.0017010288153553597
doc46,0.0003988013836714376,0.00039882585947996637,0.06655395495655606,0.0003988307973253469,0.40665345604452935,0.5247984779145982,0.0003987888487537732,0.0003988641950858386
doc47,0.16926668186862698,0.000821237511759127,0.12975813710633197,0.0008212898651270956,0.0008211564255260108,0.5941166195647576,0.0008211700739358012,0.1035737075839353
doc48,0.002336887566902055,0.0023374352823728943,0.5437281093363548,0.1107936629097135,0.0023369740867579445,0.33379214249909467,0.0023374607365878753,0.002337327582216192
doc49,0.005051780617831563,0.0050524385778147225,0.0948024934507035,0.005051403346265482,0.005051301636453676,0.005051572846727122,0.00505151811826767,0.8748874914059364
doc50,0.07500646724505176,0.001761189617574978,0.0017610273316164813,0.0017612698751559622,0.0017608510155655926,0.0017609647812339944,0.0017613093717226166,0.9144269207620787
doc51,0.4020226985204504,0.40436721828436184,0.0005082285654710871,0.09098058980661354,0.0005083228738021245,0.10059641532186242,0.0005082559904945566,0.0005082706369439432
doc52,0.0011658022608618587,0.0011658108934402343,0.0011658774321968305,0.0011659213757345213,0.9918390006544904,0.001165836432884828,0.0011658208029370605,0.0011659301474542803
doc53,0.041941592995380715,0.0013931505970972988,0.0013930627627012726,0.11920846279927712,0.23395552907682896,0.0013929927100484508,0.0013929924583492993,0.599322216600317
doc54,0.002577788550050875,0.002578074146419514,0.0507675530362934,0.0025781959713080654,0.0025778867965729414,0.3562298670035516,0.002578132700170004,0.5801125017956336
doc55,0.33614834337452726,0.001701384957862835,0.0017009278647416818,0.0017010495472760197,0.4129112944202136,0.24243470395196562,0.0017012786906767943,0.0017010171927361885
doc56,0.0033570824744182715,0.003356497614118109,0.0033565869351711423,0.0871485514137316,0.0033562859844008548,0.723369642660392,0.0033570744802409887,0.172698278437527
doc57,0.29996475557658264,0.2334918693050276,0.0015676062683883404,0.001567806196614058,0.12893204946215672,0.3313407146993843,0.0015675545122552307,0.0015676439795910045
doc58,0.0013929747489498485,0.0013929752785204023,0.0613341039346142,0.0013931429833358793,0.00139309205724445,0.8113580600316783,0.0013930013478405925,0.12034264961781622
doc59,0.15910149814364266,0.07046259438601024,0.20040445855273795,0.32481695051824694,0.0007257889548251988,0.0007259214808651636,0.034750277030486956,0.20901251093318504
doc60,0.0012693841199746772,0.0012692510684010907,0.001269212626166334,0.809724005738711,0.18266021485194142,0.0012692935093611122,0.0012691977749698833,0.0012694403104745431
doc61,0.14996554136487725,0.0006721568109625112,0.0006721998712699818,0.6471003789287417,0.0006722395454154748,0.0006722415755388842,0.0006722026626949033,0.1995730392404992
doc62,0.19509711331716056,0.6916555850403047,0.0011657597055629494,0.10741849715115495,0.0011656789083577131,0.0011657687347453006,0.0011656529540493253,0.0011659441886645362
doc63,0.0013740141177735205,0.27191407179508253,0.20945394994689048,0.001374109843534901,0.0013738536931053994,0.001374063963386775,0.06313408033489794,0.45000185630532846
doc64,0.0009453980209036745,0.07447535174563454,0.0009453511349415841,0.000945497697455735,0.0009452659274756146,0.0009455999432886777,0.9198522037773711,0.0009453317529290569
doc65,0.0009453980209036745,0.07447535174563454,0.0009453511349415841,0.000945497697455735,0.0009452659274756146,0.0009455999432886777,0.9198522037773711,0.0009453317529290569
doc66,0.0010780629309978512,0.8181279585817065,0.0010777992584529758,0.001077842712076243,0.17540462868966228,0.0010778241567943286,0.0010781036115881269,0.0010777800587217841
doc67,0.7466175049299805,0.0006338850526656297,0.0006337905522599139,0.1355940043158745,0.11461929819550537,0.0006338820235690488,0.0006337705107167362,0.0006338644194283531
doc68,0.3280905353402254,0.38770314064432193,0.27194933240570984,0.002451412098973774,0.0024512402110178,0.00245137137569867,0.002451541236852006,0.002451426687200416
doc69,0.19594605166942058,0.001355339625362181,0.0013552746540280499,0.560504143367037,0.00135522023568238,0.236773285764907,0.0013551917389837095,0.0013554929445791929
doc70,0.1994582128565991,0.002092610607929871,0.002092528361743737,0.30267741265858505,0.0020924703517793404,0.0020925139049303917,0.002092445829517041,0.4874018054289155
doc71,0.0009729744382700328,0.28533564150166824,0.0009729460403410209,0.044387174535358065,0.0009729302925164736,0.0009730366692953645,0.0009728522693066494,0.6654124442532442
doc72,0.0009636703279473378,0.0009636467266876497,0.0009636050371717681,0.11065940045510203,0.11907488256523421,0.06945707021688151,0.000963753841042525,0.6969539708299329
doc73,0.0017012359132451433,0.8017126838880302,0.0017010634838897794,0.10657833071970743,0.08320299679009144,0.001701265135790399,0.0017011424627612155,0.0017012816064844213
doc74,0.003145352633225971,0.1437962583978456,0.0031448701513474143,0.8373324310602501,0.0031459149703524526,0.003144959090617282,0.0031447998599724806,0.0031454138363887795
doc75,0.0013197217999330357,0.0013197324747703364,0.0013194446922173628,0.6557463406911207,0.0013196417779073833,0.09343654714861767,0.0013196949562821005,0.24421887645915144
doc76,0.0012379183699048994,0.6023285335001989,0.0012378282939238326,0.0012378071821240685,0.0012378432209396914,0.0012379608396291394,0.0012378326697084544,0.39024427592357097
doc77,0.27428159761368404,0.23498391566369173,0.001497179254148084,0.0014974005865356615,0.483247731911575,0.001497689239095227,0.0014972433805099266,0.0014972423507604111
doc78,0.0010124679099628056,0.40702760096851404,0.001012371142475544,0.0010124404291709584,0.0010123884941021307,0.04468020300447345,0.0010122697530537317,0.5432302582982472
doc79,0.0012535762538916759,0.0012535713837953798,0.0012533734916564407,0.42029695983541765,0.0012533239922280545,0.12829531507033648,0.14890129833366852,0.2974925816390057
doc80,0.451227220989222,0.1960913398159822,0.0024516290913854403,0.3404224601911567,0.0024519893023354808,0.002451889409179335,0.0024518144065371417,0.0024516567942017135
doc81,0.26454146546283863,0.0010551758027654325,0.09536857866246339,0.20966420804033153,0.10765630473248186,0.08234520730788158,0.001055129625862886,0.23831393036537454
doc82,0.11498687354165867,0.001931143749225046,0.4041847723950431,0.24320626399714332,0.07751929534379276,0.15430969167668776,0.0019309313904115463,0.001931027906037701
doc83,0.2557429469252456,0.0012695021216843347,0.0836977873828675,0.40985001527994475,0.24563175373862714,0.0012693819726376987,0.0012691888121477157,0.0012694237668452392
doc84,0.5606658973147384,0.33803813399187344,0.0033560829003404283,0.003355969001319064,0.003356169587311321,0.08451453618092282,0.0033564227213152796,0.003356788302179243
doc85,0.001269375665235821,0.0012693647547454571,0.06607053967968984,0.44602432802598724,0.07287001548296741,0.00126939746142684,0.0012691759337365126,0.4099578029962108
doc86,0.001393253453707215,0.0013931294653461036,0.001393123744858494,0.8099615588694686,0.0013929839681742614,0.0013931755197410134,0.0013929431853807782,0.1816798317933235
doc87,0.0022327360927056742,0.0022328374526917245,0.002232648418456834,0.1869974010491537,0.002232972620223064,0.26347651460002625,0.0022326224436417493,0.5383622673231011
doc88,0.004202580386359976,0.004203250603910862,0.004203489356950744,0.3509936976937343,0.0042021761572191745,0.004203942162821374,0.00420189370445985,0.6237889699345438
doc89,0.08620131328359626,0.0017307571661058058,0.0017303071875049173,0.9034160168948788,0.0017307051098637426,0.0017302850014068972,0.0017302692637643146,0.0017303460928792581
doc90,0.0027179517378101174,0.002717886766698926,0.002717930908970561,0.7236380502443085,0.2600544575809387,0.0027183085018828873,0.0027174318501553187,0.002717982409235
doc91,0.2916718098543331,0.0010779385633392176,0.0010778558807769257,0.001077931759691683,0.0010778512001480445,0.0010779861896980515,0.0010777394957088863,0.7018608870563041
doc92,0.497544672789263,0.0020498462535097997,0.1426653761627261,0.0020497928271734378,0.12348588011188956,0.22810530178733945,0.002049305655563069,0.0020498244125355517
doc93,0.0008145551617995121,0.0008145128913133448,0.0008144324145505103,0.5427369767146495,0.04682403874967191,0.10691748673875061,0.30026342729701544,0.0008145700322491963
doc94,0.24028110808922762,0.4386560339876583,0.0006503054827229134,0.039885933927141425,0.27857566725712973,0.0006503272759633005,0.0006503027783811433,0.0006503212017754939
doc95,0.518624876716048,0.3671253953602758,0.0015676798652806392,0.0015677541204584275,0.0015676258626297769,0.10641128202148344,0.001567672593774353,0.001567713460049634
doc96,0.001222953835713792,0.0012230220780889364,0.5016453830037316,0.0012227855948725502,0.0012227428646640274,0.001222863065906715,0.001222571087810158,0.4910176784692121
doc97,0.12866508033663862,0.8251580553743542,0.001012517526097019,0.0010125560881250612,0.04111447331032231,0.0010124658546318565,0.0010124184019297815,0.0010124331079011688
doc98,0.1799939105454088,0.38854103097541,0.3524081609228496,0.0007647003411210462,0.0007646280121414405,0.0007646376255647085,0.0007646210051629982,0.07599831057234147
doc99,0.0014329763019415682,0.0014328475642180608,0.16050195188019994,0.0014329851899351073,0.0014331404072655777,0.83090009524908,0.001433044350672741,0.0014329590566870421
doc100,0.38746832277050747,0.0008280421777644115,0.000827978670162567,0.0008280250889189043,0.0008282674707439786,0.0008280003460552395,0.0008279090810916778,0.6075634543947558
doc101,0.0017012407757222435,0.0017009759607540466,0.5689045913645912,0.0017009568088431125,0.0017008958547612824,0.4208892735002355,0.001700828905561161,0.0017012368295315147
doc102,0.0007532016286072473,0.12403176950678806,0.04459424114917512,0.15123208734054225,0.24228339421672124,0.43559890855770916,0.0007531969990655677,0.0007532006013913873
doc103,0.0021840457187213944,0.002184055482626144,0.0021838975383814147,0.00218403856774597,0.0021840682699025447,0.27129820262766646,0.0021841517284998755,0.7155975400664562
doc104,0.001730301383188351,0.001730392389083823,0.45082619558558623,0.0017307427193916079,0.0017303410258215004,0.5387897343409705,0.0017313735189907666,0.0017309190369672637
doc105,0.11337615363543087,0.0010896905494558516,0.25389974721440506,0.22403051815636388,0.001089506830792258,0.4043351884107828,0.0010895026619054569,0.0010896925408639348
doc106,0.0015928114510318796,0.0015926730776635106,0.31780291479690553,0.0015927351427014076,0.0015924743600716448,0.6726410260476013,0.0015925737209234996,0.001592791403101311
doc107,0.1994582128565991,0.002092610607929871,0.002092528361743737,0.30267741265858505,0.0020924703517793404,0.0020925139049303917,0.002092445829517041,0.4874018054289155
doc108,0.10373422741503001,0.3998861333650165,0.044324646352604906,0.0006589592000010885,0.0006589173856921502,0.0006589158432690356,0.0006588355611484033,0.4494193648772379
doc109,0.0018253099160523848,0.09386861964022498,0.0018254222094865906,0.11375373672049521,0.0018251215222684165,0.5506020090708884,0.001825264688590668,0.23447451623199334
doc110,0.2387307837224453,0.3910339151192549,0.0016727620458402148,0.0016727358747758586,0.3618720570969029,0.0016727164125288952,0.0016723779089208258,0.0016726518193309146
doc111,0.0027946967810542544,0.15760208573339257,0.0027942122346242483,0.0027943121099363167,0.002794062603608937,0.7289697478637446,0.002793646776479221,0.09945723589716
doc112,0.4829248809616371,0.0013197484033647144,0.0013196065648845387,0.0013195568566238738,0.17460874426907483,0.3358683552017158,0.0013194741133170157,0.0013196336293820954
doc113,0.002283763527819471,0.031143576357388767,0.002283681593941712,0.0022833918763462227,0.4701958040655092,0.4872422228458573,0.002283644040064987,0.0022839156930723847
doc114,0.001730631245808207,0.0017307306632159513,0.5714404826669085,0.053657346933710534,0.0017303284352961758,0.13560297899687773,0.001730325359382317,0.2323771756988005
doc115,0.001618432493045824,0.0016185226535077098,0.7889699552262531,0.0016184951627208827,0.001618417603278865,0.20131913955490477,0.0016184537584492363,0.0016185835478396222
doc116,0.20406253734895027,0.0006420563155952984,0.49150440442791693,0.25145070127659774,0.0006421536642051717,0.0006420056261779889,0.0006419235035170944,0.05041421783703954
doc117,0.17569633896587486,0.28116023017755537,0.0015927816130189268,0.001592909215912563,0.09327829271139829,0.3077449051277095,0.0015924870600482522,0.1373420551284823
doc118,0.0014128176928345688,0.00141284212171751,0.0014126599592805286,0.1051202598796348,0.12624327668821167,0.001412712315853642,0.0014125677425051771,0.7615728635999621
doc119,0.39620645133575993,0.2967795924782541,0.0007205664515531104,0.0692203631659676,0.0007206429877825095,0.0007207159740052428,0.0007205446846882756,0.23491112292198926
doc120,0.31581835526562363,0.0010662731257901146,0.016201920174203823,0.3305725467488171,0.0010663086409338463,0.001066374966567333,0.0010661870628528138,0.3331420340152114
doc121,0.005953950120460251,0.5701898746299262,0.005954407554811201,0.3940868726351335,0.005953259402243934,0.005953457291162425,0.005953120263485281,0.005955058102777208
doc122,0.038333411027748863,0.0004860566602136668,0.0004860250796340123,0.36602722330699267,0.48203221718240563,0.00048601343266146236,0.00048601073344631485,0.1116630425768975
doc123,0.002874725941652801,0.002874276527997989,0.002874663872305844,0.5538676210382677,0.0028740468562566744,0.002874096414202834,0.0028748958554719616,0.4288856734938442
doc124,0.0025777930302356917,0.0025778444401760685,0.002577954307629579,0.7415371934827926,0.2429951278304614,0.0025781383140103887,0.0025780463380811196,0.002577902256613253
doc125,0.0009922794775969386,0.0009921370055691373,0.000992311564870188,0.0009923926337386331,0.0009926630297969758,0.0009921348090468204,0.9930537183119393,0.0009923631674418378
doc126,0.0009922794775969386,0.0009921370055691373,0.000992311564870188,0.0009923926337386331,0.0009926630297969758,0.0009921348090468204,0.9930537183119393,0.0009923631674418378
doc127,0.001968966881475705,0.1627336711866297,0.0019688824859951893,0.001969114306032913,0.0019689724140351497,0.4460858728965509,0.0019686793815773293,0.38133584044770313
doc128,0.22158327797970473,0.0017611467418614578,0.24281223813870642,0.11513976837468558,0.0017612240690511945,0.0017610479344998587,0.0017606722456633768,0.4134206245158273
doc129,0.0007826983484160473,0.05558497085938013,0.0007826880747668731,0.0007826110512423585,0.0752550907854891,0.11003730609424599,0.0007825597290227014,0.7559920750574368
doc130,0.010209889410522024,0.3642295566494321,0.010205525305640832,0.010205746066990358,0.5745246821538679,0.010207170244767924,0.010207016396778307,0.010210413772000618
doc131,0.4337131263674496,0.0007765833719639674,0.0007765545173393736,0.000776672063531831,0.0007766165830675222,0.28803752175875086,0.0007766820073072334,0.27436624333058957
doc132,0.10225568384203722,0.7331333050391332,0.0006298077237870952,0.0006298873889882753,0.16146179202514552,0.0006298553547327064,0.0006298473856502329,0.0006298212405258832
doc133,0.4220565987617834,0.0018252335725707839,0.0018252777810849098,0.001825469267451911,0.0018251115528233825,0.001825540483481266,0.23476845723726303,0.33404831134354124
doc134,0.46474805420828214,0.0014128830028381965,0.0014128785828292764,0.3863755720021955,0.1418123733499502,0.0014127380909897522,0.001412654358183659,0.0014128464047312302
doc135,0.27709170849406733,0.044299790616037546,0.06242570057966733,0.5928859461739536,0.0004334410132345003,0.02199662232130953,0.0004333820842665156,0.00043340871746369683
doc136,0.001355477845564434,0.0013554262859250725,0.0013554032293248864,0.0013552834640513274,0.0013552868415691818,0.001355307239170984,0.0013551424703260317,0.9905126726240681
doc137,0.23600023965816094,0.302789271582256,0.07215196934304105,0.10855817399713037,0.10671108619075127,0.0004489454809746876,0.00044891864926260974,0.17289139509842316
doc138,0.0005532401474778125,0.0005533337280467916,0.05172022553952797,0.671252216612858,0.24782607019498715,0.02698847901279474,0.000553191982061992,0.000553242782245421
doc139,0.0023931917326973757,0.274034627492918,0.0023932097095295903,0.3213603216622392,0.0023927926762169027,0.2310844769208132,0.002393297320998985,0.16394808248458662
doc140,0.0014754534153000748,0.0014753081926234973,0.001475225321455009,0.1447216333031987,0.001475269260541645,0.5790798245163952,0.0014750639995256979,0.26882222199096006
doc141,0.5786691759964133,0.0005755625463843925,0.0005755435702125592,0.41787764411979783,0.0005755112696351018,0.0005755784509707001,0.0005754718522242966,0.0005755121943617532
doc142,0.05293884796882433,0.0006956200876099291,0.8649729451435364,0.0006955589413612714,0.0006955761751657598,0.05164673987916918,0.0006955706149085899,0.027659141189424544
doc143,0.0010226545840251748,0.0010226960636894498,0.0010226661443744516,0.0010228401742314065,0.00102274834174293,0.16217351286433124,0.15676527906290205,0.6759476027647033
doc144,0.0015928418357418614,0.0015927809298127737,0.0015926299591554156,0.3033645980225228,0.0015928293760118341,0.0015927508465948803,0.00159269972938205,0.6870788693007784
doc145,0.16108194449977065,0.07188588884489018,0.0014754766899298434,0.7596553525567571,0.0014753947980810868,0.0014754273331106535,0.0014752980418325247,0.0014752172356279904
doc146,0.050323459559025376,0.0013195947665550212,0.0013196990915369828,0.5061947158139917,0.001319520568757773,0.0013195719272687846,0.0013194636514122764,0.4368839746214523
doc147,0.0015676899464815305,0.0015675472915176272,0.5039090993619789,0.2363554891647897,0.0015675927532273035,0.21467339002764985,0.03879143365995011,0.0015677577944049022
doc148,0.001253463780495584,0.0012532404423752008,0.0012533763780034537,0.9912259173084433,0.0012536169354059607,0.0012534578801580419,0.0012533747269167336,0.0012535525482019248
doc149,0.1780063372985144,0.48182651113844915,0.0016450624359033172,0.04647730671129007,0.28710962571439896,0.0016452158908900946,0.001644943539404441,0.0016449972711496139
doc150,0.0011138768683425422,0.1035622525123502,0.0011138728814814034,0.8303262371473684,0.0011138379780719853,0.0011137953324066615,0.06054235205832294,0.0011137752216559729
doc151,0.0012692792153956901,0.0012691555147538785,0.001269219229750286,0.6770189527526344,0.31536551765900817,0.001269495125208784,0.0012691734781259064,0.0012692070251228225
doc152,0.0007206867327951389,0.09047315509123031,0.000720631349224807,0.0007207133570144356,0.041433169025224,0.0007206511001028169,0.0007206170873476237,0.864490376257061
doc153,0.003145352633225971,0.1437962583978456,0.0031448701513474143,0.8373324310602501,0.0031459149703524526,0.003144959090617282,0.0031447998599724806,0.0031454138363887795
doc154,0.2916718098543331,0.0010779385633392176,0.0010778558807769257,0.001077931759691683,0.0010778512001480445,0.0010779861896980515,0.0010777394957088863,0.7018608870563041
doc155,0.07357475494915931,0.0005657744324123099,0.0005657429319820554,0.5732946123429561,0.0005657774680996747,0.0005657725775348997,0.0005656741104314981,0.35030189118742416
doc156,0.0008145551617995121,0.0008145128913133448,0.0008144324145505103,0.5427369767146495,0.04682403874967191,0.10691748673875061,0.30026342729701544,0.0008145700322491963
doc157,0.4247553691849194,0.5687772660908809,0.0010779594693772609,0.0010778801036336585,0.0010777635230179228,0.0010779577024686835,0.001077901978829295,0.0010779019468729418
doc158,0.35347702546358484,0.6028111499566777,0.0012078683680142618,0.0012079827566727525,0.001207942124168807,0.037672112922919,0.0012078413749151925,0.0012080770330473555
doc159,0.2921960138168523,0.0010441423721535947,0.2513733383959215,0.0010441198769913838,0.05913813532631783,0.0010440516509491323,0.0010440647265317182,0.3931161338342825
doc160,0.0015928114510318796,0.0015926730776635106,0.31780291479690553,0.0015927351427014076,0.0015924743600716448,0.6726410260476013,0.0015925737209234996,0.001592791403101311
doc161,0.0012379183699048994,0.6023285335001989,0.0012378282939238326,0.0012378071821240685,0.0012378432209396914,0.0012379608396291394,0.0012378326697084544,0.39024427592357097
doc162,0.08853969049685587,0.2578939966440068,0.36196350708511454,0.0010896107676690101,0.0010895101979590829,0.0010896180063527069,0.001089432908543266,0.2872446338934989
doc163,0.0013931698283337537,0.41421993279680436,0.0013930305171391657,0.0013930839313782762,0.001393201956256355,0.0013930632935646146,0.0013928931469801586,0.5774216245295432
doc164,0.0008212156489569867,0.000821273878906635,0.08011440734669367,0.07316422408741459,0.0008212847659696492,0.8426151806819826,0.000821138803254288,0.0008212747868214703
doc165,0.40671478920776205,0.0009193028488448203,0.0009193862841644727,0.0009194320631746231,0.0009193424479702156,0.0009194048499464672,0.000919239362955466,0.5877691029351818
doc166,0.0014973433595624913,0.0014973249797758325,0.3715230903574002,0.0014974780111010441,0.0014972349900078596,0.6194928528254836,0.0014972187934969572,0.0014974566831719282
doc167,0.0024517794853347015,0.00245164575750374,0.04019669609643876,0.0024514552073433182,0.0024512289898128274,0.8453402807358874,0.0024519629529708383,0.10220495077470823
doc168,0.315086699381097,0.0009825976140196606,0.000982517052232512,0.0009824930950368162,0.000982534098556803,0.0009826830692518807,0.0009825227694217787,0.6790179529203837
doc169,0.3760699834215005,0.002137089436288383,0.002137118305263932,0.1480254370719958,0.0021375387401366894,0.3074082769695119,0.15994729550131934,0.0021372605539834734
doc170,0.00043907884433750505,0.17386560325319328,0.00043912922047442226,0.08264720434726978,0.000439104426687972,0.0004391377200956925,0.00043900216506025124,0.7412917400228811
doc171,0.0050519389333043814,0.00505177853415802,0.00505186521550155,0.3250664048513075,0.005051975389708713,0.644621636927752,0.005052346727672814,0.005052053420594889
doc172,0.0017012650114222325,0.46223193470060964,0.0017007916424007868,0.0017008890831385834,0.5275620718333945,0.0017012317736969061,0.0017008677518687977,0.0017009482034685854
doc173,0.24317521293196734,0.002137419096007621,0.0021370535497577184,0.002137192144947786,0.0021373657830708027,0.4206320582857552,0.002137224108980507,0.3255064740995131
doc174,0.0012081288382687408,0.0012079962752178071,0.28094677648723837,0.06090912440209281,0.0012081002436228633,0.6521037201297347,0.0012080052528878784,0.0012081483709368104
doc175,0.0012534533232793257,0.19530668306843624,0.0012535521317351148,0.17372511397459023,0.0012533505838347536,0.0012534956170538584,0.0012534743392953781,0.6247008769617751
doc176,0.09750121906809339,0.13020608675470943,0.06475617900001794,0.4672529259135931,0.00031876785423704543,0.00031877827509237437,0.0003187783372792762,0.2393272647969775
doc177,0.0011656940232043177,0.0011655733591059165,0.0011656476995454048,0.9575675011396717,0.035438140315425325,0.001165776297705285,0.0011657765961170876,0.001165890569225091
doc178,0.44907990686050026,0.0014329967286828072,0.0014328057279502874,0.38249768844127086,0.0014329589250029796,0.0014331068221409154,0.08970590894969202,0.07298462754475986
doc179,0.0013740019085084257,0.0013737770512346906,0.0013738239283940452,0.7870644615100436,0.0013739330799805239,0.001373931733883226,0.0013742054048484604,0.20469186538310707
doc180,0.03380032710116792,0.7814776374991115,0.0006379367021357684,0.0006379059487320493,0.18153250778544935,0.0006379208905303669,0.0006379084925154455,0.0006378555803576561
doc181,0.623144223701901,0.0015929187681481766,0.0015926764212359462,0.0015928392949271831,0.04333564725929882,0.0015928941028413412,0.015407432502580698,0.31174136794906676
doc182,0.003049905867249547,0.003049796593400231,0.25502860438600916,0.4980791553807088,0.1292371516160438,0.10545626454735722,0.0030494884448680312,0.0030496331643630674
doc183,0.0009924594242187437,0.0009922191381609464,0.0009922163340926721,0.000992346980853393,0.0009923770027110677,0.000992200076900209,0.9930539030085057,0.0009922780345573633
doc184,0.0009924594242187437,0.0009922191381609464,0.0009922163340926721,0.000992346980853393,0.0009923770027110677,0.000992200076900209,0.9930539030085057,0.0009922780345573633
doc185,0.001022796939252734,0.07868947319557587,0.0010227198207009795,0.0010226956505118364,0.0010227255808262575,0.001022822449836566,0.0010226776469752074,0.9151740887163207
doc186,0.0029588096043534724,0.002959232907722068,0.0029593287085279284,0.0029590229825337097,0.0029595779482718973,0.8155740111634256,0.002958899683844375,0.16667111700132098
doc187,0.0012228761208241286,0.8276128834603256,0.1227181415637349,0.001222899481532069,0.0012226628103794129,0.04355506292613946,0.0012226769466011415,0.0012227966904633251
doc188,0.0005215371361070132,0.6567847463403539,0.0005214600840273488,0.0005214704221926852,0.0005214570134167007,0.00052153119548228,0.000521474633024266,0.3400863231753958
doc189,0.315086699381097,0.0009825976140196606,0.000982517052232512,0.0009824930950368162,0.000982534098556803,0.0009826830692518807,0.0009825227694217787,0.6790179529203837
doc190,0.0023931359338842276,0.0023928728935021983,0.0023927687405865283,0.42197119559571034,0.0023928337191672037,0.14235304915056304,0.00239319949310275,0.4237109444734837
doc191,0.11371503048325203,0.34934139158611577,0.0005690128741813094,0.0005689511484539441,0.1383024442530627,0.10002302213915738,0.011623153338604445,0.2858569941771725
doc192,0.6094282227920557,0.0026558576610964816,0.21711175877372066,0.002451690966034814,0.0024515002514523946,0.16099728387310228,0.002451876326281582,0.0024518093562560447
doc193,0.6856250432286392,0.0016726963431571255,0.0016726955262194902,0.00167243512983145,0.0016727125894910042,0.30433922874773517,0.001672492403850305,0.0016726960310763166
doc194,0.22235807153301917,0.2730258936068229,0.0025130589753064726,0.3560886740487299,0.1384745884624376,0.002513533428115735,0.002513240306884783,0.002512939638683563
doc195,0.0012534533232793257,0.19530668306843624,0.0012535521317351148,0.17372511397459023,0.0012533505838347536,0.0012534956170538584,0.0012534743392953781,0.6247008769617751
doc196,0.14795555606121838,0.0010333712942531084,0.0010333445325687888,0.48395868178027623,0.09999075468732084,0.0010333759558350435,0.0010331932680423253,0.2639617224204853
doc197,0.515656740222915,0.0020497656969308336,0.0020494574767735627,0.0933328942562373,0.002049523697352298,0.002049747299985207,0.15275787836944982,0.23005399298035617
doc198,0.2733158738133437,0.0007589563015297632,0.17747877447799415,0.191615644298432,0.17889501074907,0.000758887759202178,0.10950271518116539,0.06767413741926268
doc199,0.6653023174181787,0.23384569891884951,0.030839640556475464,0.06633494657001901,0.0009194873083834458,0.0009193596379830314,0.0009192167081392637,0.0009193328819715779
doc200,0.5147270626311394,0.0008079888108986324,0.0008080722439046009,0.22011421112614107,0.0008079607150530648,0.0008079498862761865,0.000808014642755041,0.261118739943832
doc201,0.13867575968270776,0.08457062363356949,0.13275965600175066,0.29309940457221834,0.09374258629190922,0.08894809938701648,0.0011015398654828795,0.16710233056534507
doc202,0.47467401118286645,0.07112935118843516,0.00040863374610879946,0.09776636976711175,0.0004086003348698862,0.0004085696218298737,0.0004085859878329211,0.3547958781709451
doc203,0.06439645681933805,0.28552459823905335,0.000945393638289871,0.5301749214017707,0.11612250919884234,0.0009453624832835185,0.0009453613205458291,0.0009453968988762793
doc204,0.32005278783496927,0.0018594470149472298,0.0018593642468134812,0.6317602615203062,0.0018592288054886928,0.0018591315559598756,0.00185918961851584,0.03889058940299935
doc205,0.0013555809263761185,0.00135560923854399,0.0013551676061223333,0.9905128546556055,0.0013551586842913154,0.001355175363657065,0.001355204139669766,0.001355249385734056
doc206,0.2271312045428342,0.08143525214292621,0.0013931675649625171,0.3062632297858914,0.37959775525669454,0.001393263446969075,0.0013929479552387178,0.0013931793044834404
doc207,0.34200615226182557,0.0016451535065849295,0.001645330140128734,0.3267704988631414,0.117996366261954,0.20664629698609052,0.001644916042393164,0.001645285937881701
doc208,0.01282256279541769,0.012821281398233407,0.012821709582093334,0.910235171686007,0.012822254507646449,0.01282641273969487,0.012827867224926934,0.012822740065980342
doc209,0.0021837871607665376,0.002184027829843377,0.0021841929714694146,0.2768747567026578,0.0021838548752979915,0.0021839309610337874,0.002183914840432081,0.7100215346584989
doc210,0.7683645039998017,0.0020926083848470246,0.0020926535556015356,0.08002173497510366,0.0020927402221322033,0.0020926693235920274,0.002092850169636516,0.1411502393692853
doc211,0.21754997887815317,0.3948367462778202,0.0006378676546147182,0.0006379372181408732,0.38442384592087536,0.000637878547432665,0.0006378676284210745,0.0006378778745419329
doc212,0.0013738259719373695,0.0013739253187091312,0.0013737918591585807,0.0013739137534543925,0.0013738741322694749,0.8049454891529252,0.0013737464816221138,0.18681143332992373
doc213,0.36186971844028715,0.3143082387491947,0.0021373712692077536,0.002137222309643597,0.3131356159682131,0.0021372447261400122,0.002137311804248067,0.0021372767330655002
doc214,0.001969014086321447,0.0019689650818301365,0.0019687604912439066,0.001968884655985398,0.19925626383779768,0.30055299117752027,0.001969072777832876,0.4903460478914684
doc215,0.0013023776205296604,0.0013024573783398177,0.2534164761091227,0.14179199147170926,0.0013023586442542122,0.13171527327140478,0.0013022600051527857,0.46786680549948684
doc216,0.08952939227275135,0.5394992268811216,0.19556908627621217,0.0006956153852703999,0.0006956212914072522,0.06504498528907217,0.06690348980321571,0.04206258280094929
doc217,0.002718435974122474,0.002717843852784442,0.0027177639885030184,0.0027179319847695335,0.46925166875940877,0.5144406596809016,0.0027177238937146596,0.002717971865795353
doc218,0.39477409862294516,0.11663425288733,0.0008490993990837089,0.20441883113444445,0.12150521742099943,0.0008491625227166839,0.0008491883209501634,0.1601201496915304
doc219,0.4370597180690104,0.3718585075932376,0.03910241994738772,0.0008868267107539329,0.0008867347918650895,0.000886734056918717,0.054459252872040245,0.09485980595878622
doc220,0.32672068773352664,0.22316164467449243,0.0017610228872235773,0.0017609915788389995,0.44131272725230114,0.0017610884257008021,0.0017608337689507768,0.0017610036789655788
doc221,0.0017306999898321412,0.001730770421904008,0.0017303880591361721,0.18835352030411176,0.00173049719047214,0.6759287791987143,0.0017306742953026508,0.12706467054052697
doc222,0.5093109436443752,0.0018943083948349262,0.12780554060954213,0.3534117326175499,0.0018943273439011694,0.001894717118186977,0.001894101607610404,0.0018943286639993054
doc223,0.000992405231082797,0.0009923965988321464,0.4176524392553759,0.29798301246412817,0.0009922374127545705,0.0009923395901221,0.000992187214186816,0.27940298223351756
doc224,0.0008080258460281185,0.33368995568239973,0.0008079686091224502,0.10667505123755894,0.0008078985402049297,0.0008078739981052499,0.014150213328547502,0.5422530127580332
doc225,0.0003117895372912751,0.06179486026367521,0.00031180693478643373,0.8779268261328821,0.0003118177799918978,0.0003117978470835625,0.00031174885111807856,0.05871935265317146
doc226,0.0012534763618439753,0.0012535007071630777,0.20262417258023804,0.001253446838974959,0.46480471377221944,0.0012536526244573344,0.06343479466171094,0.2641222424533923
doc227,0.0038772578047434228,0.5066013504936444,0.0038764970370174373,0.47013615131872577,0.003877060344222073,0.003876947602640572,0.0038776978987572924,0.0038770375002490686
doc228,0.0007532016286072473,0.12403176950678806,0.04459424114917512,0.15123208734054225,0.24228339421672124,0.43559890855770916,0.0007531969990655677,0.0007532006013913873
doc229,0.38480488668216534,0.001672611953323265,0.0016726921028696372,0.6051593362359217,0.0016725252231656997,0.001672576082481667,0.0016726373725335422,0.001672734347539139
