,topics0,topics1,topics2,topics3,topics4,topics5
doc0,0.000921088743364395,0.000921252696992233,0.0009210077351950286,0.0009210699957285947,0.9953945914966383,0.0009209893320814824
doc1,0.5902820746254009,0.0004007273615860118,0.000400728076737407,0.31481740487401083,0.000400693396318591,0.09369837166594626
doc2,0.0005829084879276743,0.1949488103706286,0.031219309983907456,0.7720830812496787,0.0005829552957767981,0.0005829346120807307
doc3,0.41771005535829364,0.20045344270571333,0.11017100425674536,0.2680017308732196,0.001832003489762515,0.0018317633162656917
doc4,0.003497705838245458,0.09132157753938604,0.0034976242612434626,0.37753874084769357,0.0034971602446141007,0.5206471912688174
doc5,0.254483275988979,0.0010918759863176703,0.1788542613266668,0.33752366227562397,0.0010918297420779686,0.2269550946803347
doc6,0.0015019020916256247,0.5062763151851135,0.3881131918233287,0.001501976999839349,0.0015017278739739022,0.10110488602611882
doc7,0.6793096185583787,0.015334773041249954,0.157960085097312,0.14630579899285462,0.0005449699919637418,0.0005447543182410642
doc8,0.18991542493825994,0.0980559186853184,0.10179005347107359,0.3379857239094033,0.0005509977474721364,0.2717018812484728
doc9,0.0009845597394612382,0.04105766057400897,0.000984551526055811,0.11898099574348052,0.018996350706392065,0.8189958817106013
doc10,0.001416769541024382,0.36768993463758015,0.0014166695734205243,0.0014168816613808557,0.04264672862267431,0.5854130159639198
doc11,0.0005166838870548486,0.05490010242784781,0.0005166346976753051,0.055588802723387724,0.01380077770934162,0.8746769985546927
doc12,0.0006306396253167175,0.3837813563881888,0.15064338126904805,0.4636830679493128,0.0006308625484059247,0.0006306922197279189
doc13,0.0007165795208653349,0.42679408699381116,0.0007164753063424004,0.21223444941638736,0.0007164418101984131,0.3588219669523952
doc14,0.1941070641117894,0.0006597813453735755,0.10671066240043454,0.000659816805801563,0.2765167260002012,0.4213459493363997
doc15,0.000921088743364395,0.000921252696992233,0.0009210077351950286,0.0009210699957285947,0.9953945914966383,0.0009209893320814824
doc16,0.000921088743364395,0.000921252696992233,0.0009210077351950286,0.0009210699957285947,0.9953945914966383,0.0009209893320814824
doc17,0.44673804354611096,0.5334148337517142,0.0009943500044217184,0.0009942489809323968,0.01686407978629211,0.0009944439305287708
doc18,0.00106857798746991,0.5616175081782573,0.09511806770706822,0.34005865875241637,0.00106852024364078,0.001068667131147515
doc19,0.36715819678593054,0.00036163665450049946,0.0003616333140370804,0.3323616625474267,0.0003616007986897404,0.2993952698994153
doc20,0.001397044040575013,0.9930149819873612,0.0013971457930648317,0.0013969118082442823,0.0013967638835085008,0.0013971524872461718
doc21,0.6178372822756051,0.37992260080660295,0.0005600494076675045,0.0005600125284165848,0.0005599627800751454,0.000560092201632606
doc22,0.0021936700266385577,0.3918569134999339,0.5993679969840072,0.0021937677415904333,0.0021939936532232923,0.002193658094606542
doc23,0.22114230971329113,0.0007269519224265314,0.0007269847261780496,0.7759498705855611,0.0007268915603215609,0.0007269914922216738
doc24,0.4878090985807944,0.21489233468055138,0.0008506127158676633,0.19396261052689986,0.0008505956660723799,0.10163474782981427
doc25,0.0004493897322073012,0.0004493832017894626,0.47738212648101075,0.48776410027214834,0.0004494350863146681,0.03350556522652951
doc26,0.9948757280985926,0.0010248370279938343,0.0010249279600976944,0.0010248364793555183,0.0010247055147730572,0.0010249649191873488
doc27,0.0010354506197552864,0.0010355209373737713,0.8196255111061845,0.0010355745008204943,0.023391330978496817,0.15387661185736906
doc28,0.00036694268094184727,0.37946263725564927,0.043924068230361456,0.14186965924353617,0.03136759103182936,0.40300910155768205
doc29,0.0840681845118488,0.5046568108935366,0.0008365647862493535,0.02774847434328096,0.06010267344426955,0.32258729202081476
doc30,0.0012410505588598387,0.17439916696702404,0.3031914425092632,0.518686331604967,0.0012409738160526625,0.001241034543833116
doc31,0.6327652497290811,0.0011549979058638892,0.0578677218246684,0.08340924904864865,0.0011548215719327656,0.22364795991980518
doc32,0.22690253856581943,0.5229194301873243,0.0009471853447597068,0.06844899274496802,0.0009470618520962978,0.17983479130503216
doc33,0.0017068129003277692,0.0017069902084210454,0.026965159035411673,0.0017069590175901497,0.10545175045003864,0.8624623283882108
doc34,0.3526272267045342,0.00040564804981259154,0.09062728751755901,0.29861348375180286,0.0004055844291722393,0.2573207695471191
doc35,0.0014370881847360149,0.0014372500549703253,0.0014370108315922205,0.0014372505727070944,0.001437367336654934,0.9928140330193393
doc36,0.003497267706729536,0.0034974750145792557,0.0034973498383867843,0.27689137149692483,0.003496777542402514,0.709119758400977
doc37,0.16661615378052416,0.4973977299908562,0.23617027779591643,0.0013589951887849258,0.02855317906864937,0.069903664175269
doc38,0.07664393738449318,0.5319941386360045,0.0008577657352002142,0.2876328104159966,0.0008577201021412606,0.10201362772616432
doc39,0.00024723714020971393,0.1728919517038937,0.00024721684191556057,0.4842320186579366,0.0002471875895185326,0.34213438806652585
doc40,0.7014683626963161,0.00349731610868593,0.00349745701020804,0.003497868927807118,0.0034983943549813795,0.28454060090200123
doc41,0.10806792955081718,0.0009749123350382607,0.0009750357255811622,0.1932966044734982,0.36011842351993706,0.3365670943951283
doc42,0.0011039512516478251,0.0011039735126252617,0.0011039040734757098,0.0011040052427530845,0.45816307800400874,0.5374210879154894
doc43,0.0018319857483487891,0.001832080545258291,0.13723813358900577,0.06420661615300913,0.0018319308333984421,0.7930592531309797
doc44,0.0012889851185619683,0.284699223175023,0.46039409631625505,0.2510399965198894,0.0012887667204819625,0.001288932149788716
doc45,0.0007376280702485358,0.42764264897294424,0.1082805501344181,0.000737691257414651,0.0007375487763159172,0.46186393278865845
doc46,0.4458911391892909,0.08290131312273796,0.04333713138283585,0.0969538629899856,0.0011548974532909204,0.32976165586185885
doc47,0.35086172090667916,0.0011289823255358031,0.05938731243231763,0.5027636274364693,0.0011291494514827055,0.08472920744751546
doc48,0.06891050304872995,0.5852295743492515,0.19134689678695196,0.1534797300588387,0.0005166406031024547,0.0005166551531255255
doc49,0.26080748350160426,0.0003349549714070039,0.0003349826458702088,0.5053877721612604,0.0003349919506523006,0.23279981476920572
doc50,0.0019767540941741687,0.21038601850933836,0.6886828236046035,0.0019766375057660187,0.0019766714664760875,0.09500109481964174
doc51,0.0010044627787120888,0.001004249666301445,0.0010041316155449066,0.0010041934573632597,0.9949788078890791,0.0010041545929991612
doc52,0.0010144602497593272,0.9762012211186051,0.0010146146283898068,0.0010145286163054964,0.01974066925033427,0.001014506136605924
doc53,0.002660602290373113,0.0026603482120433858,0.0026609758504718604,0.9231003760025388,0.0026605741172639873,0.06625712352730898
doc54,0.0021937835388001364,0.0021937122246597877,0.0021937694535194376,0.9890315309220338,0.0021933913081011182,0.0021938125528856924
doc55,0.2902497469445695,0.0007064079040094165,0.0007063764279457491,0.7069246672151701,0.0007063706248945592,0.0007064308834105312
doc56,0.22841911065264578,0.0005664581075784127,0.0005663692871761231,0.48105588230667506,0.0005663378653264392,0.2888258417805981
doc57,0.10046410653696379,0.001046267152441264,0.7790940031725203,0.001046272239527369,0.0010462102111787504,0.11730314068736843
doc58,0.0016781637757197607,0.6980958380566102,0.2951913550163509,0.0016783666485004414,0.001678148124176193,0.0016781283786424777
doc59,0.15368013866431346,0.0013230962624746828,0.18991352326230823,0.24145072773678847,0.0013232169129252596,0.41230929716118997
doc60,0.03235069257716294,0.5516062416977164,0.0736006083088967,0.15774283218526453,0.017444863219581195,0.1672547620113783
doc61,0.0010572822991927909,0.9947135239888716,0.0010574210656704758,0.0010571634610856142,0.0010572300826446693,0.0010573791025349241
doc62,0.0010044627787120888,0.001004249666301445,0.0010041316155449066,0.0010041934573632597,0.9949788078890791,0.0010041545929991612
doc63,0.3857880683501098,0.4243369622037761,0.18632807093142303,0.0011822999830972685,0.0011822600750107943,0.00118233845658302
doc64,0.0010044627787120888,0.001004249666301445,0.0010041316155449066,0.0010041934573632597,0.9949788078890791,0.0010041545929991612
doc65,0.0007717918803994222,0.31690320398791183,0.000771843883084234,0.5304740819101165,0.10350396300420461,0.04757511533428329
doc66,0.7200602616786024,0.0007431107389555847,0.0007431100925304288,0.1843939043436241,0.000743113460112312,0.09331649968617506
doc67,0.31366014064389514,0.001129004802535674,0.001129033268685401,0.5621128626331099,0.0011290534397978707,0.1208399052119761
doc68,0.0006387749012238921,0.19110886692952128,0.16700779917880795,0.5457728090096106,0.000638662967086348,0.09483308701375012
doc69,0.0019015851964672504,0.0019015837535867348,0.0019019848837777392,0.0019015840424788566,0.0019014010864672113,0.9904918610372223
doc70,0.3019674235513233,0.4610214909365478,0.0011823249510575107,0.2152962189307599,0.019350135131947974,0.0011824064983634278
doc71,0.16843903935450077,0.001479565114745019,0.0014798214558381325,0.8256422662640073,0.001479458176953124,0.0014798496339556346
doc72,0.001597845715511463,0.7111480516258726,0.0015982776957592087,0.2824602469307169,0.001597562010807176,0.0015980160213324615
doc73,0.0011684860342286352,0.7396057380462205,0.0011685152317552152,0.25572018156316434,0.0011683616452509858,0.0011687174793802223
doc74,0.000696509452206115,0.6991529021740797,0.0006965139719512049,0.29806088488422494,0.000696694047057844,0.0006964954704802934
doc75,0.0006555262924486379,0.49246123814494847,0.05545579055299284,0.0006554795492583171,0.04528147602560211,0.40549048943474963
doc76,0.0051037196155175055,0.28477045999651673,0.005102921436204604,0.005105377805417647,0.2680297639551356,0.43188775719120787
doc77,0.0015483572310693297,0.0015486168889531006,0.0015483257093604837,0.11542268416080642,0.0015485533442659092,0.8783834626655449
doc78,0.001210924061404807,0.0012112646495577434,0.0012108329891727238,0.001210895008852143,0.0012109103215384423,0.9939451729694742
doc79,0.0016784082669144729,0.21598908329675964,0.0016785446817934103,0.20928388337703255,0.023440617198307024,0.5479294631791929
doc80,0.0012566651902426664,0.10250087434125707,0.45848957138413354,0.29138761194269724,0.0012565810952571393,0.14510869604641236
doc81,0.0019767040033710063,0.11743102148187903,0.0019765437577395897,0.0019765862212079975,0.030975189934054122,0.8456639546017483
doc82,0.01162958841446208,0.12752589581265245,0.011629832071118592,0.011629693237643927,0.011628521033185586,0.8259564694309374
doc83,0.0015019614281632572,0.001502022778125172,0.0015017384546778083,0.0015017712434632151,0.04936680429462494,0.9446257018009456
doc84,0.08163175490103898,0.5264534145993522,0.0012889469777224115,0.0012890338295868582,0.001288906877417941,0.3880479428148815
doc85,0.6504717281335461,0.03621046018211286,0.0008804470589985078,0.31067634926572235,0.0008804404305087068,0.000880574929111361
doc86,0.0015018645353236807,0.5161563043665309,0.0015017738805627044,0.0015017140922211532,0.0015017017530260112,0.47783664137233545
doc87,0.7819601839682131,0.001524938694894398,0.0015248306394663187,0.0015248849897653777,0.0015249881750976964,0.2119401735325632
doc88,0.001288883714849198,0.5374683765700675,0.0012889621673115796,0.4573757820503995,0.0012888866614140706,0.0012891088359582783
doc89,0.35294806673644996,0.005104228248431341,0.005103800990039328,0.005103589999401563,0.005104838480948107,0.6266354755447298
doc90,0.06467006109306085,0.12204492585010884,0.0008963136701456576,0.8105962678859108,0.0008961215011053906,0.0008963099996684797
doc91,0.0029770457224382904,0.19977184384267033,0.2609937085441696,0.0029770813207716435,0.002976673149970246,0.5303036474199798
doc92,0.12487378371695247,0.05896578887766879,0.3252296051440432,0.2824561032534156,0.0011418563531247281,0.20733286265479522
doc93,0.2866666109677805,0.001458229806195553,0.10234598170380654,0.3289955358659636,0.03382081271203361,0.24671282894422025
doc94,0.45399886636511966,0.08079738050234808,0.0008093266251787933,0.41255326929241015,0.0008091807118666838,0.0510319765030766
doc95,0.0005696569247380727,0.4531306451944699,0.1979705827737119,0.30927924935608797,0.0005695432184710109,0.038480322532521254
doc96,0.0005967935113899598,0.0005968133609419551,0.0005968180548451486,0.5387429298032899,0.000596784344645388,0.4588698609248878
doc97,0.001155096102130056,0.7649529687644666,0.0011550477142703924,0.16956777101105727,0.0011548422012656796,0.06201427420680991
doc98,0.13462642570012479,0.11012420926892211,0.6554689664325998,0.0006076715145508427,0.0006076127754287124,0.0985651143083738
doc99,0.059932883986635134,0.13629243215246636,0.10292886923840243,0.6243280974722184,0.0005010637131919904,0.0760166534370856
doc100,0.0010919885059721614,0.0010919789595455057,0.0010920158045038604,0.9945401314507942,0.0010918740735504978,0.0010920112056336273
doc101,0.0009654684727696126,0.7162643736457812,0.20114042713361346,0.0009654890265709641,0.024605095978468057,0.05605914574279681
doc102,0.0025257488822393783,0.644939778775307,0.0025257352094143373,0.002526232337698044,0.0025258552156536447,0.3449566495796876
doc103,0.0005062075323552886,0.42264923598865173,0.2938278295255003,0.28200432522888824,0.0005061606027881765,0.0005062411218162029
doc104,0.0011162605050608755,0.2759987245885819,0.0011163196330684667,0.7195360815560377,0.001116308913790616,0.0011163048034605921
doc105,0.15157371975098896,0.0011686044710307398,0.001168592729417146,0.4057765117183196,0.0011684135197893397,0.4391441578104543
doc106,0.0011822897002194217,0.49597210737242897,0.39989855667425006,0.10058234267547048,0.0011822708323296434,0.0011824327453015093
doc107,0.0030685144285543236,0.20418059388868162,0.36817901971242606,0.418435056925813,0.0030680893894049245,0.003068725655120157
doc108,0.5290975062439462,0.02392627672242943,0.025355907553609364,0.0007600786055907439,0.0007600076274924022,0.4201002232469318
doc109,0.004855304624841621,0.29609235255381344,0.004854915573548945,0.004855276003916958,0.07262026154680432,0.6167218896970746
doc110,0.4579201548001459,0.002016854890555441,0.0020167951361624156,0.0020167268151844533,0.0020170103276364168,0.5340124580303154
doc111,0.0018318172656895115,0.30905693307317944,0.3912120298499544,0.14685212944669,0.0018317045678809584,0.1492153857966056
doc112,0.0459949579703672,0.10602306923298838,0.0009471933281801174,0.0009471960352104645,0.8451402302964335,0.0009473531368203351
doc113,0.0459949579703672,0.10602306923298838,0.0009471933281801174,0.0009471960352104645,0.8451402302964335,0.0009473531368203351
doc114,0.7270139630996448,0.0013059485971995903,0.0013057809694437311,0.26776168560764374,0.001306899446883869,0.0013057222791841014
doc115,0.15216661251855507,0.0006597825873752349,0.0006598274716907861,0.7602415687260203,0.0006598154826587904,0.08561239321369965
doc116,0.0015726586722318854,0.0015725432711863967,0.0015727222617556399,0.9921367768908973,0.0015725846790606735,0.0015727142248680513
doc117,0.37653692860864757,0.0007838809264154898,0.0007838840437244571,0.4457506561532654,0.0007839123729897781,0.17536073789495735
doc118,0.26978430527471103,0.3598639141016369,0.19354025740051448,0.0018662599932917055,0.0018659367068331306,0.17307932652301292
doc119,0.13078482283747808,0.0008505660483900481,0.0008505519438495919,0.6824068283913689,0.0008505645899171672,0.18425666618899622
doc120,0.20953816667646372,0.17186622392802306,0.0017989721332677493,0.001799234272259516,0.10285353819186437,0.5121438647981217
doc121,0.6737063249508785,0.0024043996962454643,0.0024044135295028073,0.3166759058015467,0.002404315555702531,0.0024046404661240022
doc122,0.20337262889982316,0.0013231022838171302,0.5020419982844699,0.2906162919036334,0.0013230162043931112,0.0013229624238631124
doc123,0.0019764796980126322,0.0019769990827646477,0.001976550575900436,0.0019766351758965838,0.03701743567783743,0.9550758997895883
doc124,0.06171745012984911,0.14569246260102775,0.027164528577767705,0.5764943508752505,0.0002953803946734436,0.18863582742143153
doc125,0.0021934770913007323,0.1979473358301457,0.7932786000282456,0.0021934584995705027,0.002193595527928212,0.0021935330228093123
doc126,0.394887095497623,0.4226361720622462,0.1789712679044315,0.001168481319666999,0.0011684493463350433,0.0011685338696974068
doc127,0.000726960879999144,0.44692398039337367,0.0007269193138110742,0.5501682528248165,0.0007269612878164077,0.000726925300183085
doc128,0.5849149339418913,0.11529441038615038,0.0005898051320295933,0.16392569400830181,0.05642273720514949,0.0788524193264774
doc129,0.439710598006288,0.002891132670588637,0.0028908971477970558,0.0028907934547252366,0.002890472751072272,0.5487261059695288
doc130,0.22214876353028598,0.0017069341142798924,0.0017068447744860052,0.0017069778190376367,0.0017066907703210468,0.7710237889915894
doc131,0.0014580865492841476,0.001458216929299951,0.001458020503737461,0.001457932579842105,0.0014581154719280588,0.9927096279659083
doc132,0.12780351801993842,0.27856475583207846,0.0010801416813321155,0.3616414233756846,0.001080143711735322,0.22983001737923114
doc133,0.25847794962810644,0.001210801256471218,0.0012110139315499194,0.7366786273813859,0.0012107366457970725,0.001210871156689367
doc134,0.29613225312598823,0.001014543264130776,0.055581314873849944,0.13046987656610748,0.027613083271723262,0.4891889288982003
doc135,0.5290975062439462,0.02392627672242943,0.025355907553609364,0.0007600786055907439,0.0007600076274924022,0.4201002232469318
doc136,0.0012726809592829027,0.5151228806963789,0.0012726471517398193,0.001272763136018608,0.0012724450300983698,0.47978658302648153
doc137,0.0005632098247217833,0.00056320649985358,0.026578837115284894,0.1389099817913044,0.06963525315148121,0.763749511617354
doc138,0.002101316288765576,0.19388289865880115,0.0021011555810278816,0.0021012856038598645,0.0021014847550087433,0.7977118591125368
doc139,0.5516269873953713,0.003907228763748251,0.003907380407512425,0.003907760181501063,0.00390834902051577,0.43274229423135124
doc140,0.36556557482168966,0.19542575763305,0.002732746648974916,0.002732941804214595,0.06076733495347955,0.3727756441385913
doc141,0.6236810792009703,0.36714224000278617,0.0022941073922687193,0.002294233322685358,0.0022940661185250366,0.0022942739627644466
doc142,0.0014580117017435764,0.49133717507460306,0.27605074962744874,0.0014581979401372847,0.0014579513870576965,0.2282379142690097
doc143,0.6236810792009703,0.36714224000278617,0.0022941073922687193,0.002294233322685358,0.0022940661185250366,0.0022942739627644466
doc144,0.11276426665331421,0.0010463094303413,0.09905527641489993,0.468587545680509,0.001046507649035474,0.31750009417190017
doc145,0.00165039566111544,0.6092195594880448,0.17957745375559833,0.001650773075598465,0.0016505493504437162,0.20625126866919907
doc146,0.39837609812890323,0.002348145303299526,0.002348317875935757,0.16023905625400187,0.047429390830866884,0.3892589916069928
doc147,0.60449507621102,0.001458231289820586,0.0014579880652254797,0.08652265747913121,0.001458112302272652,0.30460793465253005
doc148,0.2046099321499901,0.34858038557376936,0.003379494758122834,0.2963643826623256,0.0033788969053160436,0.14368690795047606
doc149,0.0013591394924321052,0.0013589647194632193,0.001359009376261669,0.9340779910116052,0.001358973776036904,0.06048592162420098
doc150,0.44636852802789834,0.0019016562470522379,0.001901733331952388,0.0019017501856494108,0.0019023803540636065,0.5460239518533841
doc151,0.0018320576445755602,0.3449709927379083,0.08097018963788374,0.4358346162566382,0.001831690135239177,0.1345604535877549
doc152,0.3810198934651643,0.06060727098773843,0.24102988891016217,0.3047527866930707,0.011793705680209755,0.0007964542636545825
doc153,0.19912218546191168,0.0013589507832663988,0.0013589457324863982,0.7954417451819917,0.0013592184652028948,0.0013589543751409202
doc154,0.002347944619724539,0.22397774223287914,0.7666300349996545,0.0023482228411304197,0.002347924687199359,0.0023481306194121305
doc155,0.0005303308325310382,0.0005303466391656236,0.0005303391110494962,0.9099667949445767,0.08791185089913171,0.0005303375735454625
doc156,0.543960941218925,0.00034537476774668975,0.0003453779975656751,0.4546575680687134,0.000345342511466493,0.000345395435582745
doc157,0.0015978061216446718,0.32339231345148545,0.5981810742951615,0.07363323755198202,0.0015978077528924614,0.0015977608268338077
doc158,0.08258922249384455,0.5238424430491219,0.001416862076837622,0.32061180754443314,0.0014169803860238136,0.07012268444973907
doc159,0.002660092119980518,0.18794231538286113,0.15467724811521907,0.5102851420575943,0.14064662258085214,0.003788579743492811
doc160,0.6776175750420876,0.003906836372735121,0.003907061138323764,0.306753559350078,0.003906629290201203,0.003908338806574265
doc161,0.000912610844132924,0.4132067371306373,0.2717914244932817,0.0009126344980165941,0.0009125404876796485,0.3122640525462517
doc162,0.4566806888039371,0.000929584375560966,0.30776717482644633,0.23276337238163325,0.0009295723955308319,0.000929607216891401
doc163,0.1164492306969255,0.370585746061548,0.0007487424697821235,0.510718982818808,0.0007485738648385658,0.0007487240880977561
doc164,0.0012258331077712222,0.001225878145176536,0.10732039805395045,0.00122590770156432,0.13688092149205894,0.7521210614994785
doc165,0.3475178829236426,0.38916542053498715,0.03463729133231896,0.14453408193902792,0.0010353514054219548,0.08310997186460142
doc166,0.0006428445214242732,0.000642841817059342,0.0006428940620200456,0.610791867991116,0.0006427589965487233,0.38663679261183165
doc167,0.16908972742752518,0.2687086028374384,0.03270066414938535,0.5276418151423788,0.00092954379603101,0.0009296466472411612
doc168,0.000790053437974088,0.0815857419788452,0.032487897412572575,0.0007900506094970063,0.0007901924947690477,0.8835560640663421
doc169,0.0009942542078826254,0.000994207828060618,0.0009941964713552783,0.0009943052050815264,0.9950287735807597,0.0009942627068603954
doc170,0.0009942542078826254,0.000994207828060618,0.0009941964713552783,0.0009943052050815264,0.9950287735807597,0.0009942627068603954
doc171,0.001457919787838045,0.0014580986016529114,0.9104855554537364,0.08368267421228864,0.0014578162763021069,0.0014579356681818693
doc172,0.03226518726358983,0.005378585555679611,0.005376741848156715,0.005377262443820756,0.005377416113517681,0.9462248067752355
doc173,0.0020166368354295914,0.8384201038626491,0.002016561939267436,0.0387435837313742,0.002016347709885809,0.11678676592139389
doc174,0.0013588663384062661,0.3878713408059322,0.0013589368600590633,0.6066928945944284,0.0013590982766685977,0.0013588631245056125
doc175,0.0019767869702106058,0.4744250819028599,0.001976782015499237,0.4509406322144897,0.06870371174706962,0.0019770051498709694
doc176,0.001340814719301523,0.9932954817686876,0.0013409266868714077,0.0013409971228913937,0.0013407599920991296,0.0013410197101488143
doc177,0.13078482283747808,0.0008505660483900481,0.0008505519438495919,0.6824068283913689,0.0008505645899171672,0.18425666618899622
doc178,0.12898359756055594,0.6449124626246837,0.0017070355836538045,0.2209828911020329,0.0017070077129556196,0.0017070054161182075
doc179,0.5448474436981086,0.002101101336078092,0.002101750135377396,0.0021012285508515112,0.12115106205404239,0.3276974142255421
doc180,0.0003590392064873859,0.0003590245418933429,0.4480952227487142,0.027544186519488645,0.025289897210058247,0.49835262977335815
doc181,0.03251524619915449,0.4965599862786966,0.0007900385933219364,0.000790096101016363,0.0007899744042831907,0.4685546584235275
doc182,0.6248895529487593,0.3288707409716758,0.04265036303701722,0.001196380342973325,0.0011965961674068315,0.0011963665321674934
doc183,0.0008159137198954136,0.2237857291145176,0.0008158581616848514,0.23140582738024337,0.0008158123407502173,0.5423608592829086
doc184,0.0008805753632102828,0.00088052750591658,0.18227636472124176,0.6445271746084515,0.0008804107941278567,0.17055494700705207
doc185,0.002733051727734761,0.4067402363871195,0.5823278802722676,0.0027329493977729454,0.002732493899985545,0.0027333883151196073
doc186,0.42826806556757885,0.4010496586300332,0.00032732554908166653,0.09144783283981306,0.013487369812619287,0.0654197476008739
doc187,0.001323289809901788,0.9933842321802661,0.0013230287081744659,0.0013233519470238614,0.001323000592166285,0.0013230967624676326
doc188,0.0015248166878573475,0.0015248819921922729,0.13240580105199448,0.05580033689043435,0.0015248573834487056,0.8072193059940729
doc189,0.0006428445214242732,0.000642841817059342,0.0006428940620200456,0.610791867991116,0.0006427589965487233,0.38663679261183165
doc190,0.20377249227142133,0.0012892028226206224,0.06987436723140675,0.06396682466720006,0.001288958774021954,0.6598081542333294
doc191,0.2918188318248917,0.0012564833773125045,0.0012565100012653615,0.25373506240818594,0.0012564141870859426,0.45067669820125866
doc192,0.4693506005662077,0.0009384106654527337,0.000938375402600242,0.1425579617387659,0.01533138984436927,0.3708832617826041
doc193,0.000651303985631779,0.053291919092288156,0.15088081755471316,0.0006512823780647046,0.017151578082588863,0.7773730989067135
doc194,0.564154535173114,0.004425865766763287,0.0044257133721210175,0.2682067158844313,0.004426092383725063,0.15436107741984542
doc195,0.00297770770325264,0.0029770601911383826,0.17758506710755545,0.0029768606383238244,0.08575734162728205,0.7277259627324478
doc196,0.002526622942079475,0.002525651682981842,0.0025258341038415515,0.002525761344451577,0.0025257811270042053,0.9873703487996414
doc197,0.0015485370139376056,0.0015483973616854051,0.0015484273007259565,0.0015484260403397137,0.08126720305247336,0.9125390092308379
doc198,0.0018662702956604134,0.6107760171643122,0.3817590510479446,0.0018664631738527406,0.001866034759039226,0.0018661635591909248
doc199,0.5921113298371808,0.002463876303666876,0.002463801689579758,0.3980332011201815,0.00246376509009662,0.0024640259592943847
doc200,0.0009563266362241018,0.20440246964378597,0.0009562356508099891,0.7917726072252007,0.0009561910673465158,0.0009561697766327346
doc201,0.0017676250486360562,0.4805604584443863,0.512370455060297,0.0017672821118604183,0.0017670604049501222,0.0017671189298702377
doc202,0.3304688367898263,0.4982451785236362,0.0019383382633346336,0.1654711180969258,0.0019381167717727726,0.001938411554504244
doc203,0.14655470184121702,0.001155108203730377,0.0011551006664126447,0.4209182913944968,0.0011549214460288275,0.4290618764481143
doc204,0.0007777654515948377,0.0007778512597682239,0.0007777852791097451,0.9961110660969628,0.0007777411358007928,0.0007777907767637174
doc205,0.9914659964783537,0.0017068356991774881,0.00170675082378225,0.0017069259021086376,0.0017066426116337915,0.0017068484849440215
doc206,0.3810198934651643,0.06060727098773843,0.24102988891016217,0.3047527866930707,0.011793705680209755,0.0007964542636545825
doc207,0.0016238770335595184,0.0016238925344195475,0.2562990769993511,0.5931424993160722,0.0016238273961059542,0.1456868267204917
doc208,0.0020579079209868357,0.7818665549334981,0.20990139040281255,0.002058080258768919,0.0020581199990883227,0.0020579464848454704
doc209,0.25663670436196506,0.6123605550651008,0.12923334299322917,0.0005897870786272237,0.0005897783231714739,0.0005898321779062347
doc210,0.042794001660839194,0.0008159189675360003,0.6311124147069902,0.08560230870074485,0.0008160678907698359,0.2388592880731198
doc211,0.0004817883578235428,0.8585279581897362,0.00048180899789770877,0.13954471783485373,0.0004819573981449821,0.00048176922154402006
doc212,0.0472119626734734,0.0008808383220244401,0.0008805481302306204,0.8912507743435026,0.0008804518675761266,0.05889542466319285
doc213,0.038994565163896815,0.48451992697991186,0.0834009031133204,0.21037818467799407,0.00031793131893358324,0.18238848874594332
doc214,0.002463527586776275,0.0024637214462095007,0.0024634077036109607,0.9876814347392383,0.002464487568731387,0.002463420955433664
doc215,0.37989133085082327,0.27781603619598055,0.0010573253103146934,0.14529143556275684,0.0010573995268572298,0.1948864725532674
doc216,0.0012110427618509188,0.2572710857044397,0.6790978397134348,0.0012109979547946532,0.0012109016021105334,0.05999813226336926
doc217,0.0005728860287539418,0.5392504010172097,0.0005728921800176943,0.41493050175711566,0.0005729404381278873,0.04410037857877512
doc218,0.5162321807722683,0.035603584877071326,0.0007658830769025244,0.44586656481148024,0.0007658992312283029,0.0007658872310492916
doc219,0.5031042779064151,0.49050494867007616,0.0015978430246008574,0.0015976678456448878,0.0015975930448554716,0.0015976695084075469
doc220,0.8653441247276612,0.0011684650950577653,0.0011685857638192593,0.08483482506257033,0.001168393076971047,0.04631560627392043
doc221,0.02253387560387685,0.14344210578279015,0.0003179453753939572,0.4727549693344926,0.00031791585135054745,0.36063318805209593
doc222,0.0010686611104372837,0.0010686219852123866,0.001068739156443389,0.09928091331441381,0.0010685361167729114,0.8964445283167202
doc223,0.06462105974849525,0.8347487187384282,0.03300653999215904,0.06632974654651044,0.000646925378973681,0.0006470095954333493
doc224,0.0012258331077712222,0.001225878145176536,0.10732039805395045,0.00122590770156432,0.13688092149205894,0.7521210614994785
doc225,0.004855304624841621,0.29609235255381344,0.004854915573548945,0.004855276003916958,0.07262026154680432,0.6167218896970746
doc226,0.0009942542078826254,0.000994207828060618,0.0009941964713552783,0.0009943052050815264,0.9950287735807597,0.0009942627068603954
doc227,0.0009942542078826254,0.000994207828060618,0.0009941964713552783,0.0009943052050815264,0.9950287735807597,0.0009942627068603954
doc228,0.1737912386246721,0.1967721877437622,0.0009296143243639361,0.4364199136338278,0.000929658713903858,0.1911573869594701
doc229,0.14195256821534746,0.0014169935944703953,0.0800561158483221,0.7737405088869082,0.0014169413136665694,0.0014168721412851362
doc230,0.0008363212102180286,0.04326597858132448,0.0008362692404250044,0.7897891715382739,0.0008361980982420561,0.16443606133151653
doc231,0.23535222794337074,0.000493690635317799,0.10560197563158233,0.3507813013449374,0.0004936434679327299,0.3072771609768591
doc232,0.3566588163700465,0.638185423567709,0.0012890536247437243,0.001288972010652653,0.0012887450825147422,0.001288989344333135
doc233,0.08258922249384455,0.5238424430491219,0.001416862076837622,0.32061180754443314,0.0014169803860238136,0.07012268444973907
doc234,0.00047726191577258974,0.2432072666115726,0.0004772205519255777,0.00047723750893087865,0.026551044472285235,0.7288099689395131
doc235,0.13078482283747808,0.0008505660483900481,0.0008505519438495919,0.6824068283913689,0.0008505645899171672,0.18425666618899622
doc236,0.6258195423776006,0.22399862824360517,0.0006190014009620529,0.1483249726881642,0.0006189012129208755,0.0006189540767471553
doc237,0.004238135183474437,0.5101630051519419,0.004237965137971371,0.004237704970092283,0.004237927430769632,0.47288526212575027
doc238,0.000771743967805419,0.04493976336411339,0.0007717910186106509,0.0007717596498473841,0.01486268255158476,0.9378822594480383
doc239,0.002347697453273073,0.17071256494274578,0.8198956174060479,0.002348237834531287,0.0023476257816483974,0.0023482565817535737
doc240,0.0013231881841686119,0.0013231570482322016,0.5514604824092352,0.44324714304102003,0.0013229058898111654,0.0013231234275327176
doc241,0.5516451586054756,0.14793241464790227,0.037827752300001835,0.0005193722968699497,0.10178828777329213,0.16028701437645818
doc242,0.019560875287718413,0.22540669536914307,0.000501129548915735,0.5806331718380283,0.0005010901149173198,0.1733970378412771
doc243,0.22616598877443023,0.07701939786586547,0.0008578248079275228,0.6942411222529195,0.0008577426596536965,0.0008579236392037133
doc244,0.0012257786451843635,0.0012257573338437455,0.001225645658533553,0.0012257069522921048,0.1692384289111533,0.825858682498993
doc245,0.2631399662710448,0.2627452752965133,0.26231808543247315,0.20370138913709657,0.007694539396523365,0.0004007444663490237
doc246,0.13305636564018128,0.2168103588857055,0.0012566778839807977,0.06523938259879002,0.03835330126727576,0.5452839137240666
doc247,0.40498066263323107,0.09873925933310637,0.001004210391486366,0.19082036134062533,0.0010042553714845357,0.3034512509300663
doc248,0.0018663455463606659,0.4562832251825179,0.0018664173173395973,0.001866137277558617,0.0018660002232117872,0.5362518744530114
doc249,0.0021467330402662296,0.15569778049234123,0.11047299046997075,0.002146665876045588,0.002146541336822463,0.7273892887845538
doc250,0.002732950205664464,0.3546535866535663,0.30748904374539343,0.0027329130681037392,0.002732335204019324,0.3296591711232527
doc251,0.4237210066369744,0.5647155000419729,0.0028906366769286215,0.002891010369412873,0.0028904952959024877,0.0028913509788088695
doc252,0.0005303308325310382,0.0005303466391656236,0.0005303391110494962,0.9099667949445767,0.08791185089913171,0.0005303375735454625
doc253,0.0017676250486360562,0.4805604584443863,0.512370455060297,0.0017672821118604183,0.0017670604049501222,0.0017671189298702377
doc254,0.01784706538588289,0.8259161017831818,0.10302504984232452,0.001141844079082155,0.001141625950747735,0.0509283129587812
doc255,0.2921834492086358,0.004630653560989851,0.004630169722950967,0.004630798746604316,0.19725968290678336,0.49666524585403565
doc256,0.5711003775061073,0.0006511766305404736,0.0006512073328206675,0.42629486822586055,0.0006511204981877742,0.0006512498064831598
doc257,0.19555668776063104,0.49250796060041346,0.00099429406581433,0.30895245855615033,0.0009942734086986755,0.0009943256082921973
doc258,0.0016505370940673055,0.6589948499256753,0.33440265886631393,0.0016507203098194837,0.0016506374744369844,0.0016505963296870173
doc259,0.0004986521248146084,0.24449669544304725,0.20323587984781513,0.4969118840070345,0.0004985658232299877,0.0543583227540586
doc260,0.7445643332794833,0.002976945453578225,0.002977074221642248,0.002977264653376962,0.0029769884262879033,0.24352739396563136
doc261,0.6946888108209814,0.22894189649008184,0.0740359610885548,0.000777772399802115,0.0007777473378500443,0.000777811862729773
doc262,0.46298676213729695,0.0009210686866031945,0.27362069529493915,0.26062949151535036,0.0009209717269648975,0.0009210106388455713
doc263,0.00024723714020971393,0.1728919517038937,0.00024721684191556057,0.4842320186579366,0.0002471875895185326,0.34213438806652585
doc264,0.0014796971593250552,0.20139493808172085,0.7926863429071115,0.0014797481685921475,0.0014794684205279972,0.0014798052627224925
doc265,0.0015482972428721984,0.00154836497644675,0.2940063215717331,0.6998002635026217,0.0015484240137558804,0.0015483286925701944
doc266,0.0014166525393126033,0.37667190147982277,0.001416753101207749,0.2469298717722187,0.12409238250124859,0.2494724386061896
doc267,0.0012257020038274858,0.12742929320253282,0.867667762989527,0.0012257424345749304,0.0012256992969995049,0.0012258000725382278
doc268,0.34498216599231435,0.0011823751794955754,0.0011822824116654656,0.597874044466316,0.0011821437578552695,0.05359698819235338
doc269,0.1587441789613968,0.2836235355335456,0.24606697491780305,0.29154084992843543,0.0003477878959951799,0.019676672762823873
doc270,0.0969109656028698,0.6178854463900494,0.15468498111784038,0.1269842815569438,0.0017670875138543493,0.0017672378184421834
doc271,0.0008653294056078727,0.6199999631541394,0.3765389429949738,0.0008652983054516026,0.0008652073435931609,0.0008652587962341867
doc272,0.002146430269291818,0.5440539768359774,0.12604766677484114,0.25429543356136713,0.07131021315476212,0.0021462794037603525
doc273,0.5991122474725625,0.3944965716374467,0.0015978507309837588,0.0015978926587409473,0.0015975265970593635,0.0015979109032066212
doc274,0.0007486896878986896,0.02518212294779094,0.0007486751246407063,0.000748712608283962,0.03661231578088764,0.9359594838504981
doc275,0.0005863206975486881,0.24314747182095872,0.0005863680254088358,0.0005863543978643723,0.0005862374581312186,0.7545072476000881
doc276,0.0008159469008224664,0.21621203400504682,0.0008158464897375532,0.3018985296553245,0.0008157554511869362,0.4794418874978818
doc277,0.6209717061663894,0.0003430424697116538,0.00034301911720784387,0.159123218080996,0.0003430165711924783,0.21887599759450266
doc278,0.1592709506405483,0.267620509468122,0.002057962062848077,0.002058182350938348,0.02843287274344966,0.5405595227340936
doc279,0.2921834492086358,0.004630653560989851,0.004630169722950967,0.004630798746604316,0.19725968290678336,0.49666524585403565
doc280,0.0009942542078826254,0.000994207828060618,0.0009941964713552783,0.0009943052050815264,0.9950287735807597,0.0009942627068603954
doc281,0.0009942542078826254,0.000994207828060618,0.0009941964713552783,0.0009943052050815264,0.9950287735807597,0.0009942627068603954
doc282,0.003907710013598802,0.2522783762649873,0.003907582533134855,0.6515828855116816,0.08441580716034186,0.003907638516255573
doc283,0.0472119626734734,0.0008808383220244401,0.0008805481302306204,0.8912507743435026,0.0008804518675761266,0.05889542466319285
doc284,0.0007964146480475392,0.1620042924520612,0.7008294013189981,0.0007964492452248307,0.0007962897098561355,0.13477715262581222
doc285,0.46298676213729695,0.0009210686866031945,0.27362069529493915,0.26062949151535036,0.0009209717269648975,0.0009210106388455713
doc286,0.000857821876811742,0.8257258643305379,0.0008578846202714036,0.1708428856166343,0.0008576827993699268,0.0008578607563746929
doc287,0.00338004595127887,0.0033793191666174342,0.0033791042497275385,0.003379189783232739,0.0033790943090439224,0.9831032465400995
doc288,0.12644931890136157,0.11346340085993681,0.0003053025100516961,0.6956193141533875,0.0003052977900733832,0.06385736578518904
doc289,0.0010144096654973722,0.0010144725517892985,0.0010144008510894432,0.40112968430471974,0.05649093983631202,0.539336092790592
doc290,0.0005332241426338227,0.0005331608985287092,0.0005333045145392529,0.10408610794270445,0.0005331423271604527,0.8937810601744333
doc291,0.4784835677267743,0.38914758900048896,0.10227272892088264,0.0007269833047564825,0.028642234917430693,0.0007268961296668498
doc292,0.34666077103011406,0.12632756665466388,0.1752363918442619,0.21202035027351981,0.0004281765756074428,0.1393267436218328
doc293,0.0008093147779460473,0.20941294463142393,0.000809289298528313,0.2996394048643187,0.02874585865606007,0.4605831877717229
doc294,0.11884294190810674,0.022646907823369433,0.0002828640200477852,0.6237970845721649,0.0002828611560562339,0.23414734052025496
doc295,0.0781393408779743,0.08029274019268315,0.0003350446787853593,0.07014474440827949,0.02627470874642902,0.7448134210958487
doc296,0.0007901226075805717,0.210757986927021,0.0007900595244886528,0.7516786435393967,0.000790132538381317,0.03519305486313163
doc297,0.46818263492670137,0.5284153722168845,0.0008504858727864342,0.0008504712978865928,0.0008504987820942012,0.000850536903646924
doc298,0.471230532448921,0.29532798624569123,0.0009043382785904906,0.0009043684838060741,0.0009042927608329968,0.2307284817821582
doc299,0.0030682280751519312,0.8228413621294306,0.0030686706930104744,0.003068137429518218,0.0030680297020520787,0.1648855719708366
doc300,0.12023960438926015,0.18271716714262037,0.0010251077850392818,0.4784005036204081,0.030485231478336202,0.1871323855843359
doc301,0.0005761761065336299,0.0005762341652333959,0.1951027793519227,0.0005761483921473446,0.000576130013265787,0.8025925319708971
doc302,0.0006869697763455588,0.0006870255094012419,0.0006869682447940079,0.0006869565390450994,0.16587504695397562,0.8313770329764386
doc303,0.0011684713479340806,0.0011685681988533342,0.038073464652496385,0.001168365275502615,0.0011688440728692313,0.9572522864523444
doc304,0.5375344491198829,0.002193628164508371,0.00219372513128505,0.002193493523870484,0.0021933059802212882,0.45369139808023196
