,topics0,topics1,topics2,topics3
doc0,0.0018054701661952865,0.7410111340835126,0.0018056106903510483,0.25537778505994124
doc1,0.0005145759120627241,0.8837494330279879,0.0005144942334076067,0.11522149682654165
doc2,0.20082681011827702,0.7050074640310593,0.09333501085591693,0.0008307149947468062
doc3,0.8995479619858696,0.0005575339137370796,0.09933697427016837,0.0005575298302249658
doc4,0.18487411392250455,0.22793306180882644,0.5859639153752036,0.0012289088934654131
doc5,0.03141890831006952,0.6507643586171297,0.0007227759596263484,0.31709395711317445
doc6,0.6000549906385313,0.001506399065065524,0.001506815718742939,0.39693179457766015
doc7,0.0014625841095478784,0.32485927231607054,0.22277208741197058,0.45090605616241086
doc8,0.0006650963855726453,0.5508871770367532,0.39441150020948673,0.05403622636818744
doc9,0.0013442939588981875,0.0013442675127281719,0.881853585405132,0.11545785312324165
doc10,0.0008041346550191778,0.09097803076895422,0.9074137104589503,0.0008041241170764012
doc11,0.0006085338345946042,0.5755224372634975,0.4232605833347635,0.0006084455671443813
doc12,0.057631351335707605,0.6361256613580368,0.1058794940692423,0.2003634932370133
doc13,0.0009963831160729043,0.0009961482829764978,0.0009963139294050173,0.9970111546715456
doc14,0.0009963831160729043,0.0009961482829764978,0.0009963139294050173,0.9970111546715456
doc15,0.0011577702554228673,0.9965265802286413,0.0011577934042335107,0.0011578561117021877
doc16,0.436656866004079,0.2151192075125547,0.34720735175472883,0.0010165747286375172
doc17,0.791008721691407,0.10117978162640343,0.10712825094573503,0.0006832457364545515
doc18,0.0005016612714381091,0.8810650281763477,0.10716955813866517,0.011263752413548947
doc19,0.6624662283539885,0.05855093190598291,0.2031218870543084,0.07586095268572009
doc20,0.00467330723105866,0.004673640612765678,0.9859789006755669,0.004674151480608879
doc21,0.9985460563533949,0.00048461462249692637,0.0004846429272465503,0.00048468609686165294
doc22,0.04970926565195165,0.08720832072356119,0.3874448786214349,0.47563753500305217
doc23,0.0005253667465894158,0.9303448058334418,0.04520554282246151,0.023924284597507308
doc24,0.10644445671163487,0.43248678197106,0.46049525307882555,0.0005735082384795646
doc25,0.0017426103664666406,0.5071807444079895,0.2239436106967396,0.2671330345288042
doc26,0.0002964342667169729,0.38484951262556794,0.5492398539592452,0.06561419914846982
doc27,0.001292376241940201,0.7289043293146584,0.26851087917839356,0.0012924152650076104
doc28,0.32039441406402774,0.4590185304380734,0.10848236662342493,0.11210468887447397
doc29,0.0009312757895164379,0.2666021772896685,0.7315352145514761,0.0009313323693390786
doc30,0.21595422701621145,0.7824752795011359,0.0007851902404197048,0.0007853032422329749
doc31,0.0024160143551540773,0.10304883118488321,0.6015536596341062,0.2929814948258564
doc32,0.0024161970459629237,0.0024165739993275972,0.9927512357871977,0.002415993167511739
doc33,0.001400960356957643,0.0014008532347513532,0.9957972800892992,0.0014009063189917759
doc34,0.1770882136002604,0.8036761185400483,0.009618272471595487,0.009617395388095673
doc35,0.002252959879300672,0.24625365588341896,0.7492406159902227,0.0022527682470575732
doc36,0.0034021126469766134,0.09785341765274118,0.8953421086634616,0.0034023610368205774
doc37,0.0020664497302214624,0.33296154658247185,0.6629055964922737,0.0020664071950330606
doc38,0.0008171722051951106,0.0008171550682712967,0.5686810623669792,0.4296846103595544
doc39,0.44917372950412027,0.001070980482422563,0.5486843596020682,0.0010709304113889092
doc40,0.0006927635172891574,0.5814416911771781,0.0006927349846370571,0.4171728103208957
doc41,0.001712768891824064,0.3521150052330132,0.0017130048754288106,0.6444592209997339
doc42,0.0007332486446700551,0.0007332077256311528,0.9978003129356925,0.0007332306940063546
doc43,0.004465796136351432,0.9866038686795603,0.004465007978069737,0.0044653272060185545
doc44,0.0004360362297071841,0.12151869809641819,0.7699378857936944,0.10810737988018021
doc45,0.9307627363308917,0.0016559094239742718,0.06592539052053498,0.001655963724599166
doc46,0.9987569548360535,0.0004143489614092793,0.00041433425596973345,0.00041436194656739193
doc47,0.8618957124154396,0.10499411855817134,0.03232508078199223,0.0007850882443967995
doc48,0.8877605615164161,0.0021556878500956014,0.060374103060916305,0.0497096475725721
doc49,0.1734565625856554,0.31937069059688483,0.005155747331931054,0.5020169994855287
doc50,0.0018388925476450918,0.5816646949863777,0.11145814972782198,0.3050382627381551
doc51,0.000473160494165652,0.819509039830343,0.17954465350348864,0.0004731461720026074
doc52,0.9965665521511765,0.0011444834681020352,0.0011445605684615354,0.00114440381225979
doc53,0.0012596838054461852,0.5448100790764362,0.45267044205372203,0.0012597950643956225
doc54,0.6224311826378691,0.0024759966730793647,0.0024761301896966026,0.372616690499355
doc55,0.3873109047409156,0.2691961179434937,0.3418368672013034,0.0016561101142871907
doc56,0.9907372798560018,0.0030874680670057264,0.0030880702046558834,0.0030871818723363707
doc57,0.21337753353762612,0.6373989362591176,0.1476942220838426,0.001529308119413607
doc58,0.8625713777921141,0.0013091354058462153,0.0013092701308167322,0.13481021667122298
doc59,0.25365385588529205,0.3116485197907196,0.31914863219685397,0.11554899212713426
doc60,0.0012923863223766835,0.00129236937924055,0.996122935586173,0.0012923087122097125
doc61,0.0006521186836533253,0.15623171429943505,0.8424640727766866,0.0006520942402249605
doc62,0.0011713032817046512,0.9964861343154208,0.001171384481682208,0.0011711779211922505
doc63,0.1608538694145814,0.5670396584872116,0.0013628593012939183,0.2707436127969131
doc64,0.06311697754717531,0.0009490745781163196,0.0009489536761189629,0.9349849941985894
doc65,0.06311697754717531,0.0009490745781163196,0.0009489536761189629,0.9349849941985894
doc66,0.0010484566482835828,0.9968545302400773,0.0010485909278117498,0.001048422183827369
doc67,0.0006158734628981408,0.632279602150376,0.3664886731590181,0.0006158512277077597
doc68,0.15089349854460046,0.8446011689772565,0.002252693568646718,0.00225263890949639
doc69,0.20312569570557634,0.10080746620969132,0.6947745432378546,0.0012922948468777598
doc70,0.002155568905884002,0.31601826643131675,0.3210727204075005,0.3607534442552988
doc71,0.0009767875964309203,0.6615239131837072,0.0009769282808568197,0.336522370939005
doc72,0.46331606463873287,0.14311666470816506,0.12789153621518828,0.2656757344379137
doc73,0.0868123090451767,0.7641943533100646,0.14704732573043067,0.0019460119143281285
doc74,0.0031849439001740217,0.1309665648040181,0.8626633568325119,0.003185134463295977
doc75,0.001259718942010919,0.16397409041453137,0.6754674857311301,0.15929870491232767
doc76,0.0012288049438955863,0.8527738357651669,0.0012286598235333524,0.14476869946740425
doc77,0.001484129948333195,0.504403071731388,0.4926288814887896,0.001483916831489077
doc78,0.09989414089090942,0.8758471108976651,0.00104846462395299,0.023210283587472465
doc79,0.001275888825376371,0.13637299510255044,0.5401148287104995,0.3222362873615737
doc80,0.0024759412436467032,0.5550861358424015,0.43996201334411145,0.0024759095698403126
doc81,0.18114064797450474,0.4360964465403374,0.3817031495911283,0.0010597558940296256
doc82,0.5216566909827737,0.1501989507636591,0.3260778364561612,0.002066521797406149
doc83,0.047684765290083864,0.2551328736562174,0.6959383720283746,0.0012439890253241213
doc84,0.002995090837931235,0.9463234050367405,0.002994302393328978,0.047687201731999335
doc85,0.05435653287124409,0.21349301106728252,0.5511368541210109,0.1810136019404625
doc86,0.001441568256927802,0.08508376187608409,0.9120331021620216,0.001441567704966537
doc87,0.3452225257985501,0.4667112540647457,0.18565002474830147,0.0024161953884027036
doc88,0.3168551708336546,0.004274479003696583,0.3415944776581563,0.3372758725044925
doc89,0.0017732322680889332,0.056900705906496034,0.9395528348865355,0.0017732269388794704
doc90,0.002825885455864483,0.002825563017908246,0.9915232880270354,0.0028252634991917857
doc91,0.0010825709693080838,0.49185561815598466,0.207400491982176,0.29966131889253117
doc92,0.0022527976528952413,0.6211649255589461,0.374329650006622,0.0022526267815366997
doc93,0.0008171722051951106,0.0008171550682712967,0.5686810623669792,0.4296846103595544
doc94,0.0006354573545906613,0.6778306117091516,0.320898504517319,0.0006354264189386685
doc95,0.0014841676882293166,0.9955474406119335,0.0014843540156167275,0.0014840376842206499
doc96,0.9962673222434082,0.0012444618493354274,0.0012440821566637417,0.0012441337505926958
doc97,0.11290328357795482,0.7829136648438466,0.0008377176266972542,0.10334533395150135
doc98,0.0008519598864935594,0.997444116389732,0.0008519847021591379,0.0008519390216153423
doc99,0.995548067724497,0.0014839500847421726,0.0014839450603272538,0.0014840371304335781
doc100,0.0008448034195576049,0.9171312210623876,0.000844885896041271,0.08117908962201349
doc101,0.995032064738456,0.0016560797686116754,0.001655929389535538,0.0016559261033968883
doc102,0.7004957799941687,0.0007498032976057813,0.29800464467529586,0.0007497720329297589
doc103,0.3706143606596248,0.25956621670558533,0.0022033752927803477,0.3676160473420094
doc104,0.9950312949035093,0.001655953575663439,0.0016564912320353208,0.0016562602887918816
doc105,0.6216511131435826,0.09645989007267025,0.28081802812945034,0.0010709686542969292
doc106,0.9947717345342844,0.0017429367129397366,0.0017427365157248686,0.0017425922370510913
doc107,0.002155568905884002,0.31601826643131675,0.3210727204075005,0.3607534442552988
doc108,0.0006832650339257905,0.6998297409393294,0.021346602268879765,0.2781403917578651
doc109,0.8117379736897894,0.001742788856703797,0.1847764248452528,0.0017428126082540511
doc110,0.2650154475944893,0.3920498273211446,0.3413571184649416,0.0015776066194245796
doc111,0.6198873279077752,0.0027483177679590407,0.165785865726248,0.21157848859801767
doc112,0.3524871555424303,0.49006549772238417,0.15612066404578662,0.0013266826893989308
doc113,0.9421703269754489,0.05351813746762006,0.0021554929045966356,0.0021560426523343384
doc114,0.7725624228112389,0.0505754772439143,0.09150219036164567,0.08535990958320117
doc115,0.8494526880908292,0.14744086729226402,0.001553305910865649,0.0015531387060411428
doc116,0.3706518821506568,0.2659985865042646,0.3627100163341691,0.0006395150109094377
doc117,0.36175967036592166,0.635227440244917,0.001506584380082167,0.0015063050090792637
doc118,0.001259699491736341,0.4782825767988993,0.17601858339744916,0.3444391403119152
doc119,0.03474712352191755,0.9022861393038034,0.06224398602166852,0.0007227511526104934
doc120,0.03444469336401531,0.3862472157693347,0.5782484395559191,0.0010596513107309395
doc121,0.005748559111471138,0.6346096301125518,0.353893701184225,0.005748109591752185
doc122,0.0005016439502251376,0.19991703975724567,0.799079671997587,0.0005016442949420971
doc123,0.00290793245783389,0.2244945320450962,0.5337398041100694,0.2388577313870006
doc124,0.12192860396451767,0.0026049601996269924,0.8728617474107528,0.002604688425102485
doc125,0.0009863088074352846,0.0009863081517244464,0.0009864738598384627,0.9970409091810019
doc126,0.0009863088074352846,0.0009863081517244464,0.0009864738598384627,0.9970409091810019
doc127,0.6964689890426851,0.0020251025834122334,0.0020250110637720486,0.29948089731013067
doc128,0.3147048478002952,0.48601144188911377,0.19744510367657633,0.0018386066340146214
doc129,0.2865622744054753,0.17285892990139418,0.000755420171846929,0.5398233755212836
doc130,0.7697486858158459,0.21270300927392563,0.008774277110521317,0.00877402779970713
doc131,0.31665685816633027,0.46407974999012136,0.11800283244272139,0.10126055940082698
doc132,0.0006158882713493098,0.9524434362196905,0.04632481657823098,0.0006158589307292972
doc133,0.0014208832956695014,0.26248709659507696,0.17956004413930304,0.5565319759699504
doc134,0.001420775353308299,0.3251813648341007,0.6719770733520127,0.0014207864605782223
doc135,0.05913102131514226,0.15977320811810192,0.7806460165663461,0.00044975400040970126
doc136,0.0013817088996976492,0.7597410037204376,0.0013815202123540417,0.2374957671675107
doc137,0.09454325757110456,0.6262382764409332,0.27876665170986564,0.00045181427809646814
doc138,0.041121283468600583,0.0005870321938220088,0.9577047163898675,0.000586967947709724
doc139,0.0023591963282675664,0.5360878965767166,0.32263518064115704,0.13891772645385875
doc140,0.592698532763846,0.011226650954263343,0.2779680738695736,0.11810674241231706
doc141,0.0005768640651534975,0.30896796943585403,0.6898783458027996,0.0005768206961928818
doc142,0.8358867044325647,0.16243779788549403,0.000837800384566273,0.0008376972973749752
doc143,0.20810747051896425,0.001006542550661815,0.08419372133802418,0.7066922655923498
doc144,0.0015063738262089041,0.23813965261140155,0.3167961009480522,0.4435578726143372
doc145,0.0015295900617290283,0.1503575251274329,0.8465835957341166,0.001529289076721476
doc146,0.0013816074416668968,0.34653780909344567,0.4710539863278141,0.18102659713707336
doc147,0.5723230453768967,0.0017425208691175932,0.362180966988017,0.06375346676596866
doc148,0.0012441293533703563,0.0012439756968989867,0.9962677844113123,0.0012441105384184868
doc149,0.0015531268594614948,0.6412268229566181,0.3556670974456527,0.0015529527382678238
doc150,0.001106454939626927,0.08539814897183162,0.8600301692869161,0.05346522680162541
doc151,0.04153574340671211,0.0013091024980231409,0.9558460983957082,0.0013090556995565617
doc152,0.1912169135482592,0.5259456830516066,0.0007124917029976112,0.2821249116971365
doc153,0.0031849439001740217,0.1309665648040181,0.8626633568325119,0.003185134463295977
doc154,0.0010825709693080838,0.49185561815598466,0.207400491982176,0.29966131889253117
doc155,0.0005606940657442493,0.28627312104436814,0.6502829482282486,0.06288323666163897
doc156,0.0008171722051951106,0.0008171550682712967,0.5686810623669792,0.4296846103595544
doc157,0.0010269292350264419,0.996919167372981,0.0010269504596508983,0.0010269529323416312
doc158,0.04409246354937936,0.8702426539615095,0.0011993522602380918,0.08446553022887307
doc159,0.321239065104749,0.33102414660597534,0.15074947027099428,0.19698731801828148
doc160,0.9947717345342844,0.0017429367129397366,0.0017427365157248686,0.0017425922370510913
doc161,0.0012288049438955863,0.8527738357651669,0.0012286598235333524,0.14476869946740425
doc162,0.43799808596186895,0.5597388305362394,0.0011314449908083972,0.0011316385110832793
doc163,0.0014008793829183757,0.8582909117377114,0.001400875409672855,0.13890733346969739
doc164,0.9495261861312534,0.0008041093882751524,0.048865706100360035,0.0008039983801113748
doc165,0.0008899655353952308,0.838010639647274,0.16020946946109554,0.0008899253562352615
doc166,0.7753979450853928,0.001553203402298226,0.22149551252678926,0.0015533389855195672
doc167,0.9929228917983817,0.002359081178978751,0.002358996793946611,0.002359030228692801
doc168,0.04982652418439398,0.6767560065578142,0.0009767742917154215,0.2724406949660764
doc169,0.0022034663374701623,0.0022033357196796187,0.7500201341940389,0.2455730637488113
doc170,0.000445870478052341,0.6445134272812663,0.1224653714463951,0.23257533079428616
doc171,0.7387873779711868,0.2522806702419114,0.004466004159503572,0.004465947627398272
doc172,0.2429936933858216,0.49745732736639375,0.25763995465914863,0.0019090245886360195
doc173,0.2623936266192072,0.4925377350357213,0.0018732314822487047,0.2431954068628228
doc174,0.9263047782906612,0.0010825782784760708,0.07153001832689937,0.0010826251039634414
doc175,0.16332029701925407,0.4753489714067782,0.17709878193088033,0.18423194964308745
doc176,0.00031220989653931146,0.3679584675869508,0.5410191353265577,0.09071018718995215
doc177,0.0011850428171222027,0.0011849604431185125,0.996444429346815,0.0011855673929443886
doc178,0.0014411866500895609,0.3483202601364813,0.516852529674015,0.13338602353941412
doc179,0.0014206985938646402,0.001420709629812905,0.7728257323094755,0.22433285946684703
doc180,0.0006197373023432359,0.9981408071231109,0.000619786299360883,0.0006196692751848052
doc181,0.03447619389764362,0.6122313475611518,0.05277465841573308,0.30051780012547147
doc182,0.43779971783641775,0.002994972800836252,0.5562108238814351,0.002994485481310866
doc183,0.0009863009252982272,0.0009863435638757907,0.00098648946146562,0.9970408660493604
doc184,0.0009863009252982272,0.0009863435638757907,0.00098648946146562,0.9970408660493604
doc185,0.0009865123992887318,0.6430584001473593,0.0009864535195180189,0.35496863393383393
doc186,0.9904444261864318,0.003185071023469086,0.0031850713311025953,0.003185431458996499
doc187,0.091717058007635,0.9058251946188426,0.001228909290149754,0.001228838083372715
doc188,0.0005145759120627241,0.8837494330279879,0.0005144942334076067,0.11522149682654165
doc189,0.04982652418439398,0.6767560065578142,0.0009767742917154215,0.2724406949660764
doc190,0.11077002944743111,0.002475960152782826,0.608627580217829,0.27812643018195693
doc191,0.36225715022768973,0.5659015280039282,0.0005394947157232438,0.07130182705265892
doc192,0.0026049025836094434,0.8784050427406057,0.0026049075840689252,0.11638514709171593
doc193,0.2932495994523822,0.7034923055388559,0.0016291382044646109,0.0016289568042972898
doc194,0.0026047517871488337,0.44432944463124197,0.550461265870782,0.002604537710827209
doc195,0.16332029701925407,0.4753489714067782,0.17709878193088033,0.18423194964308745
doc196,0.0010485624180472286,0.41255937131979353,0.5853435798781526,0.0010484863840067617
doc197,0.0020246280798806226,0.5922815626885134,0.10095414213465542,0.30473966709695055
doc198,0.10300421863771092,0.29989927224793606,0.4687338585451752,0.12836265056917784
doc199,0.0009144043078321033,0.8278593336622465,0.17031203977992382,0.0009142222499975128
doc200,0.0007976775219598696,0.5888464272123394,0.30043588125617837,0.10992001400952253
doc201,0.27577529016291774,0.3581985460280963,0.36494360060892633,0.0010825632000596905
doc202,0.0004267041459392654,0.7687830123324089,0.15939311622412286,0.07139716729752903
doc203,0.0009580720458106121,0.27798536849332384,0.7200984978548772,0.0009580616059882857
doc204,0.0017127399049761292,0.10556216864629313,0.8201469481787349,0.07257814326999584
doc205,0.0014006908294532919,0.0014009139354385595,0.9957976564842589,0.0014007387508491846
doc206,0.11727470136494834,0.21807669894052373,0.6632278279749759,0.0014207717195520101
doc207,0.0017427942984154499,0.34122150949771046,0.655293096248077,0.0017425999557971075
doc208,0.013514633661660442,0.013514718747176517,0.9594531738666588,0.013517473724504148
doc209,0.0022032993814419984,0.675581793883496,0.0022033708286722103,0.3200115359063899
doc210,0.0022032794412121465,0.5851131587532905,0.32186378530649,0.09081977649900723
doc211,0.0006083972701708943,0.6084800085770942,0.3903032230916307,0.0006083710611042402
doc212,0.9959117652935725,0.0013626397186312646,0.0013627530673779556,0.001362841920418382
doc213,0.1786717356756497,0.670972734931478,0.08042743812904281,0.06992809126382957
doc214,0.5188729222239914,0.08390421405365153,0.0019462869847330928,0.395276576737624
doc215,0.6138557352673927,0.0013267073414558927,0.20062444022366768,0.18419311716748382
doc216,0.2613310521359738,0.6588041477424691,0.0007124601533082911,0.07915233996824886
doc217,0.9919766279757736,0.002674595435899233,0.002674518105840152,0.0026742584824872196
doc218,0.0007976259292985652,0.5194644140773336,0.4454301373105114,0.03430782268285658
doc219,0.0008978506284859941,0.9257114215938222,0.0008979269860717068,0.07249280079161999
doc220,0.494322841105793,0.46807091760384284,0.0016291869246314184,0.03597705436573278
doc221,0.8250892130000772,0.0017736060968092397,0.17136349463834316,0.0017736862647703086
doc222,0.0023593105594129846,0.5541313908680354,0.44115054011169447,0.002358758460857089
doc223,0.18264115857225996,0.22755338687773094,0.5888285532723032,0.0009769012777059692
doc224,0.000797664886445311,0.724220567929434,0.09088676717787304,0.18409500000624754
doc225,0.00030930378216645024,0.08273185128207182,0.9166495617817059,0.00030928315405588414
doc226,0.527717448846463,0.12577588135814108,0.21136678778938772,0.13513988200600816
doc227,0.0037885857675302496,0.6054498991068279,0.38697258761408143,0.003788927511560441
doc228,0.7004957799941687,0.0007498032976057813,0.29800464467529586,0.0007497720329297589
doc229,0.001712635458036793,0.346055172685187,0.650519440702441,0.0017127511543353212
doc230,0.8531346710013388,0.0007789597522587207,0.14530735647867352,0.0007790127677288963
doc231,0.0009768109528770475,0.2718563903362586,0.4365118175229446,0.2906549811879197
doc232,0.00043038339288505544,0.2814882787897056,0.5620145206688756,0.15606681714853374
doc233,0.0011850428171222027,0.0011849604431185125,0.996444429346815,0.0011855673929443886
doc234,0.0009863009252982272,0.0009863435638757907,0.00098648946146562,0.9970408660493604
doc235,0.0004644540174530041,0.8203400869875861,0.1787310394471991,0.0004644195477617087
doc236,0.0009863009252982272,0.0009863435638757907,0.00098648946146562,0.9970408660493604
doc237,0.05004327181209653,0.05266240032027148,0.8967798079300106,0.0005145199376215246
doc238,0.0003754797388185397,0.5647501988718782,0.2946898641470246,0.14018445724227876
doc239,0.044685488610770846,0.0006159769130338272,0.9540825940974916,0.0006159403787038644
doc240,0.0006563414212704274,0.0006563312380358689,0.9980309380300229,0.0006563893106708706
doc241,0.0011576741338337859,0.30502088863766325,0.6926639270941516,0.0011575101343513192
doc242,0.001945933242670696,0.2777839379386859,0.7183242149904702,0.0019459138281732156
doc243,0.022125001322566652,0.020847683294580564,0.9560783768506291,0.0009489385322235998
doc244,0.12353742055736579,0.5422775366901859,0.3305341342906611,0.003650908461787342
doc245,0.0004665156170618625,0.5308587111377038,0.4682081669646706,0.00046660628056370166
doc246,0.0022032464925437166,0.9933902553940662,0.002203625081015358,0.002202873032374787
doc247,0.0016562602752682148,0.5669238112777902,0.4297640681873412,0.0016558602596002555
doc248,0.9972060203355881,0.0009313782435362333,0.0009313192822277611,0.000931282138647845
doc249,0.0009401024087833742,0.0009401452928772452,0.666408394810905,0.33171135748743447
doc250,0.00044976325209901055,0.00044978850398725775,0.8272009928710284,0.17189945537288528
doc251,0.00028304149751336426,0.0002830864327919909,0.9991508124646887,0.0002830596050059717
doc252,0.004465095231275329,0.9866034441412982,0.004466361697009402,0.004465098930417049
doc253,0.0009313444506328007,0.4097511990411091,0.07172945927724966,0.5175879972310083
doc254,0.0007789626648919113,0.9976631013294994,0.0007789841114849202,0.0007789518941234504
doc255,0.7465893151171427,0.0012923426038771338,0.25082611847286107,0.0012922238061190416
doc256,0.8238147893274015,0.0011850854718891079,0.09138801507852853,0.08361211012218098
doc257,0.04216744184313331,0.9570554267399506,0.000388565989569072,0.0003885654273468927
doc258,0.08119789544975663,0.0008519998715605466,0.9170980585727307,0.0008520461059520318
doc259,0.0027482982603078284,0.20520000004212477,0.7893037620382846,0.0027479396592829646
doc260,0.0008978146930961862,0.0008977860632753394,0.997306584700707,0.0008978145429214115
doc261,0.013514633661660442,0.013514718747176517,0.9594531738666588,0.013517473724504148
doc262,0.0014006908294532919,0.0014009139354385595,0.9957976564842589,0.0014007387508491846
doc263,0.010639332499342458,0.01063937363405861,0.9680798372859862,0.01064145658061273
doc264,0.001506380498111632,0.9525871638845267,0.0015064220155714214,0.044400033601790324
doc265,0.9416129023018267,0.001275777051263066,0.05583561981588035,0.0012757008310298197
doc266,0.001984799196131498,0.001984874362342791,0.9940455296550914,0.001984796786434282
doc267,0.04298876241456443,0.9556899486467967,0.0006606397043948358,0.0006606492342440289
doc268,0.7074533858181028,0.01902687328460231,0.27329865532720615,0.00022108557008886982
doc269,0.4882022813768295,0.47810479606138134,0.0014413840982760455,0.03225153846351309
doc270,0.9944838173834768,0.0018389151632999612,0.0018386422147717682,0.0018386252384515274
doc271,0.15117307962412024,0.7024900745458927,0.0012596817298230693,0.14507716410016394
doc272,0.9972060203355881,0.0009313782435362333,0.0009313192822277611,0.000931282138647845
doc273,0.9919766279757736,0.002674595435899233,0.002674518105840152,0.0026742584824872196
doc274,0.6781371845258279,0.000986473245003902,0.3198897693983307,0.0009865728308374906
doc275,0.9971256359847447,0.0009580765079111289,0.0009581438705755842,0.0009581436367685452
doc276,0.0008593125608526006,0.24060367527414844,0.0008592820502093551,0.7576777301147896
doc277,0.06103404266111598,0.8477372374137035,0.06304364197283562,0.02818507795234483
doc278,0.8536370530177468,0.0005308903407590454,0.14530115969757537,0.000530896943918641
doc279,0.006945834537592097,0.9791618458293405,0.006946579531105102,0.006945740101962346
doc280,0.4647850456193495,0.1911734334616072,0.3429227146509829,0.0011188062680603482
doc281,0.0004754433330058287,0.7820057466452672,0.06972763235222765,0.14779117766949917
doc282,0.0012289225190733031,0.28628208902259566,0.19643167163623548,0.5160573168220955
doc283,0.4578515209514593,0.2659543857152882,0.2543816593609529,0.021812433972299594
doc284,0.5354529469467824,0.0019460911272302036,0.46065516244002414,0.0019457994859633358
doc285,0.4867863021613698,0.0010484525324207304,0.5111167880454791,0.0010484572607304557
doc286,0.17909387816999894,0.5748748721002594,0.0005606749353459176,0.24547057479439563
doc287,0.8565304796794211,0.0018056729148542363,0.13985848251893407,0.001805364886790534
doc288,0.0014412716229922538,0.904363410903222,0.0014413293439688802,0.0927539881298168
doc289,0.001244021814571026,0.001244136985695729,0.9962675253359786,0.0012443158637545212
doc290,0.0013627307695252932,0.0013626465383506277,0.9959118539373811,0.0013627687547430715
doc291,0.0014625350153008212,0.4792314002118518,0.4056820825352611,0.11362398223758631
doc292,0.003937752702775289,0.33849920147931584,0.6536250802837191,0.003937965534189787
doc293,0.0010061572227471345,0.0010061777747833636,0.001006282120185535,0.9969813828822839
doc294,0.0010061572227471345,0.0010061777747833636,0.001006282120185535,0.9969813828822839
doc295,0.30418575864545033,0.25013675507403044,0.0015776860453247817,0.44409980023519446
doc296,0.0010943724658118398,0.8652014857089255,0.00109431876411786,0.13260982306114485
doc297,0.0006354738243866615,0.9980935647904468,0.0006355386826725226,0.0006354227024942037
doc298,0.0011576816170033727,0.9249673315190667,0.001157795878860612,0.07271719098506932
doc299,0.0011314435727138173,0.9966055320568348,0.0011316332979408375,0.0011313910725105475
doc300,0.0005735518960511626,0.0005736160663504339,0.0005735159013868943,0.9982793161362115
doc301,0.3938825716207181,0.39861188934372593,0.0011852372760935283,0.2063203017594624
doc302,0.002304533802057238,0.5763076141672165,0.4190832106089102,0.0023046414218159637
doc303,0.0020248900102211305,0.5514750021183881,0.32972601175661925,0.11677409611477156
doc304,0.0013443692949119497,0.9959667987152665,0.0013445457709679732,0.0013442862188533995
doc305,0.0013627907619897992,0.8220929902650393,0.17518126382291613,0.0013629551500548372
doc306,0.002538516809683871,0.4724688227819391,0.5224541083275692,0.002538552080807792
doc307,0.0007025115465978576,0.23100125885871536,0.6784979286760174,0.0897983009186694
doc308,0.4027473541628837,0.2649432785714427,0.1902108448432791,0.14209852242239462
doc309,0.6798194100922708,0.0011851651550652633,0.31781029417605566,0.0011851305766081895
doc310,0.0008978695538141987,0.7703100326188281,0.0008977839189141969,0.22789431390844356
doc311,0.2205419383498085,0.18274010131799537,0.5948093346220824,0.0019086257101136714
doc312,0.0015064746178948144,0.001506604511566441,0.9954805171527582,0.0015064037177806642
doc313,0.32926757499666154,0.0010826332751405817,0.5858542985404671,0.08379549318773082
doc314,0.0022033121344473446,0.4105867590865059,0.5528575212411294,0.034352407537917386
doc315,0.0049030462553951515,0.31456795137432936,0.6756258935172545,0.004903108853021034
doc316,0.0013092744298323754,0.001309338901342563,0.7461415743537535,0.2512398123150716
doc317,0.0025386959973096234,0.7590194253819914,0.0025386381887185987,0.23590324043198033
doc318,0.05336127286165026,0.0028252423196277643,0.9409879808293582,0.002825503989363733
doc319,0.0017425207045991277,0.6433584946545939,0.21609085103588385,0.13880813360492303
doc320,0.0005735518960511626,0.0005736160663504339,0.0005735159013868943,0.9982793161362115
doc321,0.0006927198895496813,0.8355036788370092,0.0006927239622745065,0.1631108773111668
doc322,0.0015532187371111864,0.2695581778636142,0.727335539138003,0.0015530642612715387
doc323,0.8439620605032222,0.0008594040468133561,0.12581456783449718,0.02936396761546727
doc324,0.0010484645384736466,0.030688441799449608,0.9672145444795103,0.001048549182566435
doc325,0.0008448716013647947,0.43726485582121444,0.4408782506168097,0.12101202196061105
doc326,0.2612558021817752,0.22655646423298306,0.5103489896507699,0.0018387439344718485
doc327,0.23572288005241224,0.0013093012882656333,0.1967541752588113,0.5662136434005108
doc328,0.0014624221001289454,0.0014624355379546368,0.7845708484653693,0.2125042938965472
doc329,0.0008593399378187521,0.5793369905038714,0.418944366606513,0.0008593029517967591
doc330,0.0006651048006202947,0.953923886650714,0.0006650964816858946,0.044745912066979796
doc331,0.0013092437586787024,0.8402749189106595,0.001309383116720642,0.1571064542139412
doc332,0.001171307590641703,0.859701157526737,0.001171191500299602,0.13795634338232157
doc333,0.0005253541722382147,0.9431289635036555,0.0005253420758327172,0.05582034024827361
doc334,0.28698035683010054,0.0009963200441699713,0.18172241194290514,0.5303009111828243
doc335,0.0014624211702533349,0.9479727446144,0.0014624401076584813,0.0491023941076883
doc336,0.07380778599916067,0.7060863481345945,0.19886772693592447,0.02123813893032048
doc337,0.3591614640343497,0.23941197646313808,0.39912187475813765,0.0023046847443745893
doc338,0.061518868440043874,0.9319004979157292,0.0032904637606610914,0.0032901698835658315
doc339,0.09727231089842228,0.2385134572810913,0.6627302468352969,0.0014839849851896443
doc340,0.2796656892576441,0.35909478982700227,0.3585647837258992,0.002674737189454337
doc341,0.5978119961693187,0.33970404275005706,0.06120800754291792,0.0012759535377062769
doc342,0.0035219448109836482,0.2369264003455175,0.003522491525620005,0.7560291633178788
doc343,0.034974209086046266,0.11686979909411588,0.6529450238857649,0.19521096793407286
doc344,0.0004991300877191121,0.25352953824933244,0.4743999264420142,0.27157140522093426
doc345,0.0012442917077799774,0.0012440929022752738,0.9962675195315013,0.0012440958584435172
doc346,0.0005366087467390761,0.6269717630630941,0.3265631640800058,0.04592846411016099
doc347,0.002024862925832515,0.20387263458748248,0.7920776903928853,0.002024812093799622
doc348,0.08865987060622325,0.3763459001930631,0.5345464658942795,0.0004477633064342869
doc349,0.0010708780829191244,0.00107097967846713,0.0010708577177327894,0.996787284520881
doc350,0.0010708780829191244,0.00107097967846713,0.0010708577177327894,0.996787284520881
doc351,0.0019460037021981522,0.07352396656349501,0.8324166492403148,0.09211338049399208
doc352,0.001420884148853413,0.0014209799725658201,0.11410928071621454,0.8830488551623662
doc353,0.0009060523478863692,0.8566045562821726,0.0009060404697637676,0.14158335090017726
doc354,0.0013267144162280948,0.7219983239949604,0.27534835532933954,0.0013266062594718443
doc355,0.0007497798186477282,0.5611746210323894,0.10811646513353214,0.3299591340154308
doc356,0.000866758585243663,0.24829892410445678,0.0008667272036876239,0.749967590106612
doc357,0.41450929202826725,0.5838152442304526,0.0008378007885326697,0.0008376629527472988
doc358,0.0007498559462387224,0.7987066743173024,0.1997937406827317,0.0007497290537272465
doc359,0.002538590959093192,0.32387602377254743,0.6710464451770531,0.0025389400913063925
doc360,0.16869862573164154,0.8214942354366481,0.004902907729923732,0.004904231101786604
doc361,0.34529468322641654,0.0041000759038710664,0.6465057107123925,0.004099530157319866
doc362,0.003650178468237778,0.9890488534379062,0.003650873510115773,0.003650094583740346
doc363,0.15257235506403738,0.4868106767912623,0.35930768660362394,0.001309281541076324
doc364,0.0014625390292233055,0.5605064030769884,0.29815439806400357,0.13987665982978473
doc365,0.0015064086077792775,0.487556716386728,0.38073549232067344,0.13020138268481926
doc366,0.0011313947263349303,0.7671149129327763,0.23062217669519194,0.0011315156456968164
doc367,0.05310642341852412,0.586496562875561,0.3590877856956219,0.0013092280102929297
doc368,0.0014412872693012424,0.2605842082076586,0.0014414341551510234,0.7365330703678893
doc369,0.0015779990246313133,0.0015777632166213778,0.9952666539499072,0.0015775838088400989
doc370,0.0022530136457869763,0.0022527578445048083,0.7057188834575459,0.2897753450521623
doc371,0.25283958113424476,0.3790310436377835,0.03581485112724348,0.33231452410072826
doc372,0.24685108339749573,0.0029947019135957128,0.747159416865375,0.002994797823533403
doc373,0.001742499825913243,0.6789884532423179,0.31752665566223387,0.0017423912695349855
doc374,0.006494192054620178,0.006494371662741263,0.980517290450134,0.006494145832504525
doc375,0.0019090120865086723,0.0019088581765908815,0.8320907166535662,0.1640914130833343
doc376,0.00206685086132811,0.44177753597060754,0.5540887821402579,0.002066831027806389
doc377,0.08279796414501703,0.1386796668741866,0.7760465415896687,0.0024758273911275777
doc378,0.0017425207045991277,0.6433584946545939,0.21609085103588385,0.13880813360492303
doc379,0.001909046502526667,0.869370411721306,0.12681177308448693,0.0019087686916804962
doc380,0.0005735518960511626,0.0005736160663504339,0.0005735159013868943,0.9982793161362115
doc381,0.20577726280733766,0.7820240802945535,0.006099063885959483,0.00609959301214929
doc382,0.9952665002804604,0.0015779162458996762,0.0015776974322835226,0.0015778860413564334
doc383,0.0015064490258470003,0.8074682243950203,0.13502671665953736,0.05599860991959522
doc384,0.0006927198895496813,0.8355036788370092,0.0006927239622745065,0.1631108773111668
doc385,0.7112383226551307,0.00467506491738261,0.2794129454138052,0.004673667013681579
doc386,0.001082457542673216,0.9967523493765477,0.0010826232747186027,0.0010825698060604992
doc387,0.058224774242267366,0.9077048636916762,0.0016558398602239505,0.03241452220583244
doc388,0.002110355522344155,0.291112570104764,0.29209966805874205,0.4146774063141498
doc389,0.9952665002804604,0.0015779162458996762,0.0015776974322835226,0.0015778860413564334
doc390,0.0006436164035385438,0.32654229140137453,0.0006437092925946471,0.6721703829024923
doc391,0.30418575864545033,0.25013675507403044,0.0015776860453247817,0.44409980023519446
doc392,0.46592715450653605,0.533327507616585,0.000372690249633222,0.00037264762724573125
doc393,0.2667773653287293,0.002066781841256844,0.7290892021695872,0.0020666506604267183
doc394,0.0009228019616552655,0.25182626711195255,0.0009227773984542477,0.7463281535279379
doc395,0.0008448373056788188,0.9177009910594427,0.08060937398934129,0.0008447976455372604
doc396,0.6849766245961774,0.04188944580650979,0.2719894119112754,0.001144517686037448
doc397,0.7879245424228735,0.0022034442715967873,0.20766890226574228,0.0022031110397874414
doc398,0.0005171734633375505,0.9984483729828582,0.000517257107191632,0.0005171964466126482
doc399,0.9958549361701872,0.0013816365898827762,0.0013816703899869052,0.0013817568499430869
doc400,0.0049038685932025605,0.9852915281158109,0.004902364339741594,0.004902238951245018
doc401,0.002475789020476736,0.9925724873219188,0.0024760413876705367,0.002475682269933633
doc402,0.0005226315858399081,0.6011956814355374,0.08663160293848075,0.31165008404014216
doc403,0.3780705759771192,0.16605136813992746,0.2980104804015358,0.1578675754814174
doc404,0.0023048938085320114,0.553957248232762,0.44143299716868734,0.0023048607900186197
doc405,0.0016838897497336762,0.003363299024732205,0.34513912670926006,0.649813684516274
doc406,0.00028874794827507414,0.4433748034635308,0.539227767317286,0.01710868127090808
doc407,0.002907664800299768,0.5622009841975828,0.431983781224775,0.0029075697773425896
doc408,0.0011188723690852464,0.0011186833169017352,0.0011187829352799416,0.9966436613787331
doc409,0.0011188723690852464,0.0011186833169017352,0.0011187829352799416,0.9966436613787331
doc410,0.6118057465724491,0.2509843545082453,0.0013625701118177781,0.13584732880748784
doc411,0.7617126760432762,0.23548524880046381,0.001401002014976397,0.0014010731412836667
doc412,0.2211450957521135,0.6140529706068466,0.05654244510662084,0.10825948853441894
doc413,0.39487764984716694,0.0015064908154321097,0.001506604751164156,0.6021092545862369
doc414,0.2360763616968165,0.0016841119091260718,0.7605552431657339,0.0016842832283234647
doc415,0.0011189085222736443,0.8730956369705253,0.12466658037251728,0.0011188741346839553
doc416,0.06899947332285539,0.2148173137192224,0.1410830597300067,0.5751001532279155
doc417,0.51188880793322,0.3564364041095969,0.0015531888789985426,0.1301215990781846
doc418,0.638249103803933,0.19483058441929604,0.0029075881688309384,0.16401272360794003
doc419,0.001773412854374058,0.12781712564591388,0.868635835413607,0.0017736260861049655
doc420,0.0016561548418053598,0.37828554460069136,0.49306008752167246,0.12699821303583084
doc421,0.26987517795462423,0.3792656758715046,0.3489861420935169,0.0018730040803543945
doc422,0.16271007074628047,0.2100704939134412,0.6234305189937331,0.0037889163465451617
doc423,0.2673176194719251,0.571672570335939,0.15964711551920366,0.0013626946729321284
doc424,0.00044769962445887797,0.5161382490995914,0.4263650058567904,0.05704904541915939
doc425,0.0016838278905399082,0.17914442247936643,0.8174879548018565,0.0016837948282371496
doc426,0.006397672526202335,0.2172938331755454,0.775032667795414,0.0012758265028382256
doc427,0.0016034614562767235,0.5987988349309729,0.3979946971251618,0.0016030064875885532
doc428,0.198967604349375,0.29399880942834766,0.001309164482432629,0.5057244217398448
doc429,0.11192142437112133,0.43978950974183606,0.4470292358552043,0.0012598300318383408
doc430,0.1288206231151443,0.6811143830845146,0.0011712787725438544,0.1888937150277974
doc431,0.391567104918191,0.0017426317023281981,0.11040564001345812,0.49628462336602275
doc432,0.03233187046712038,0.6079453511761014,0.3594209566884469,0.0003018216683314073
doc433,0.2474623923365825,0.27644213393375205,0.4738921243874121,0.002203349342253262
doc434,0.0049048753385477215,0.004905913254542201,0.985285949247586,0.0049032621593241175
doc435,0.002538590959093192,0.32387602377254743,0.6710464451770531,0.0025389400913063925
doc436,0.0011852282605924471,0.0011852909535370144,0.9964444299329711,0.0011850508528994134
doc437,0.0017425207045991277,0.6433584946545939,0.21609085103588385,0.13880813360492303
doc438,0.0005735518960511626,0.0005736160663504339,0.0005735159013868943,0.9982793161362115
doc439,0.0013628756881920755,0.7496915396555338,0.2475828305412778,0.0013627541149963365
doc440,0.0006084462632149673,0.022092730436305028,0.46567770001975456,0.5116211232807255
doc441,0.058224774242267366,0.9077048636916762,0.0016558398602239505,0.03241452220583244
doc442,0.09727231089842228,0.2385134572810913,0.6627302468352969,0.0014839849851896443
doc443,0.833995099153173,0.16422508479978648,0.0008898997622310569,0.0008899162848093365
doc444,0.0005366087467390761,0.6269717630630941,0.3265631640800058,0.04592846411016099
doc445,0.049879896708521484,0.8978465165420956,0.0003606058171994236,0.05191298093218346
doc446,0.0015777267460226068,0.6186369888620179,0.0805283834550596,0.29925690093690005
doc447,0.9983901155803071,0.0005366144371248705,0.0005366609716425254,0.000536609010925448
doc448,0.9261011971802838,0.07117344815236984,0.0013627254194832144,0.001362629247863006
doc449,0.04649244155293492,0.9520515527239557,0.0007280109855856246,0.000727994737523597
doc450,0.0020247149793923107,0.8689381015661458,0.1270125701080673,0.002024613346394699
doc451,0.001082677998171843,0.9453186139462093,0.052516003445175354,0.001082704610443528
