,topics0,topics1,topics2,topics3,topics4,topics5,topics6,topics7
doc0,0.647007028721414,0.0016449958756154133,0.0016450973799881942,0.001645010681621931,0.09955636790103663,0.11874447137561757,0.12811190620261734,0.0016451218620889064
doc1,0.0005242630597371244,0.5227430310512609,0.0005242113995500798,0.000524184516041643,0.0005242236715991734,0.1846326579309667,0.2900031673214163,0.0005242610494282684
doc2,0.0008015524862523247,0.7297650262147398,0.000801393709593695,0.0008014746797968246,0.0008015409088964168,0.0008014577984659696,0.0008014035113211637,0.2654261506909337
doc3,0.0005657036615160096,0.0005656856943562406,0.0005657167168723547,0.0381253107245149,0.0005657273573306314,0.5324215509352854,0.0005657247691303478,0.42662458014099414
doc4,0.001302345067644123,0.11428659144889439,0.0013022990168796208,0.5174022656648075,0.0013025025368343197,0.3617992482829535,0.0013022816697076166,0.0013024663122787918
doc5,0.0007365740208338257,0.0007365617158499191,0.0007365842739361528,0.000736554726225231,0.0007366446195589146,0.08960401072674269,0.9059764050542454,0.0007366648626079103
doc6,0.0014126887107265113,0.0014127951603039974,0.001412741240689128,0.0014128619054930092,0.001412901448863211,0.580473037322133,0.0014129881214692901,0.411049986090322
doc7,0.0014541691369362522,0.1577590394122365,0.16331943262891038,0.0014539401246357287,0.19869204410357683,0.42649408228886715,0.04937351426585367,0.0014537780389834087
doc8,0.17150064240420887,0.10563094402004791,0.0006378120533137241,0.3056227137014097,0.0006378605012913685,0.4146941583865563,0.0006379803258147756,0.0006378886073574681
doc9,0.0013195079129331695,0.001319416445481429,0.0013197099787472652,0.8054141409441107,0.15197605528172445,0.03601188248347307,0.0013195586373995214,0.0013197283161304723
doc10,0.0007766169066131039,0.0007765113117517886,0.0007764738840598264,0.7006106194725961,0.0007765230746577562,0.0007765817206140262,0.29473009405292716,0.0007765795767802295
doc11,0.45083460415358934,0.1337338658426494,0.0005890690944426286,0.266722893062997,0.14635227834433953,0.0005890856700594078,0.0005890999485695725,0.0005891038833532729
doc12,0.4956658804876083,0.0007155430726545799,0.0007154472460641703,0.04249257931449046,0.11015349419595645,0.14799594247686382,0.20154559741977685,0.0007155157865853542
doc13,0.001012333510982238,0.0010124012402269356,0.992913503812238,0.0010123448427031027,0.0010122702859623153,0.0010125033320925148,0.001012237369618355,0.0010124056061765353
doc14,0.001012333510982238,0.0010124012402269356,0.992913503812238,0.0010123448427031027,0.0010122702859623153,0.0010125033320925148,0.001012237369618355,0.0010124056061765353
doc15,0.1780316953524289,0.5049121654222316,0.0011802302443573625,0.001179674789796616,0.001179592256285661,0.311157428626364,0.001179618485785233,0.0011795948227506451
doc16,0.0010022621471941096,0.2054716127997592,0.0010022880806788436,0.2879630968321551,0.12401326606301377,0.001002253322148281,0.001002227091129251,0.3785429936639215
doc17,0.0008145873288616378,0.032608061002457965,0.02170405343300604,0.1570808323666348,0.0008146001844372794,0.3202371255820159,0.000814546968593262,0.4659261931339931
doc18,0.2512861048769447,0.42710583212217335,0.0005035352064210431,0.0626811208976696,0.0005031395530772952,0.2569139024890723,0.0005031485949871747,0.0005032162596546115
doc19,0.000963701998521351,0.000963734136687308,0.0009635142091463279,0.14640985306177204,0.0009636929617849152,0.08538547052938339,0.0009636534323756847,0.763386379670329
doc20,0.0050515734596752555,0.0050532338470765294,0.05538779525486348,0.9142975687405096,0.005054492039954572,0.005050725350327183,0.005051758638482415,0.005052852669110757
doc21,0.00043715096492256365,0.0004371593297547921,0.0004371448418285096,0.0004371954223816147,0.05197268206340228,0.2064033537460634,0.0004371566464997858,0.7394381569851471
doc22,0.0007589197668479036,0.0007589697507112531,0.07471684318661347,0.12910113116324462,0.10154041727758953,0.5832136019590871,0.0007589298117574477,0.10915118708414868
doc23,0.3662352220904966,0.5833873379681527,0.011828363752136218,0.0005326675600026973,0.0005326400844632126,0.03641852327220518,0.0005326063663966791,0.0005326389061468148
doc24,0.25711358515735383,0.07001603417790604,0.0005531907759779942,0.5478666891707771,0.014376827838383963,0.05933178343260655,0.0005532654062233304,0.050188624040771096
doc25,0.3541057882961301,0.16509052887900288,0.0017310633523323767,0.13447485950082239,0.0017305585849214738,0.33940597110359644,0.001730604829413754,0.0017306254537806521
doc26,0.4574300245744827,0.026637574575753567,0.029866468851187097,0.4849089020150735,0.00028926871400225274,0.00028926909557318515,0.0002892472708731783,0.0002892449030547405
doc27,0.26449331773600593,0.0012381796441240424,0.0012377687209802679,0.10386010023846848,0.001237936371024798,0.6254566810306951,0.0012379963155561878,0.0012380199431452808
doc28,0.4463529425994957,0.0011794774768225406,0.00117943279877305,0.13251880503122876,0.0011794667561559166,0.21652726814930212,0.0011795625880807136,0.1998830446001413
doc29,0.06511614610071391,0.14764160082758407,0.0009026516716283449,0.664551816618098,0.0009027426659714035,0.0009027541091421211,0.11907957676698776,0.0009027112398741629
doc30,0.43151477394673027,0.0007476209371659006,0.0007474720401717049,0.02247002166021286,0.3760056791995286,0.0007475669089422972,0.0007475908924498832,0.1670192744147984
doc31,0.002393061740929984,0.002393256347577032,0.002392755738643042,0.002393229538267613,0.9832478233578096,0.002393319550062706,0.0023935571501855044,0.002392996576524526
doc32,0.0023373053112227746,0.00233770208386945,0.002337089359880385,0.8098970241386801,0.09909964366787902,0.0023368113051035655,0.07931724762251388,0.0023371765108509183
doc33,0.001285565617004271,0.0012855107096464069,0.0012857620518084859,0.9211914762358333,0.0012857349524772784,0.0012856160778495942,0.0012857736254320775,0.07109456072994856
doc34,0.009262667729489082,0.32814400588654874,0.009260277185467142,0.009260811496032579,0.40284500645024535,0.22270429024189622,0.009261636746464486,0.00926130426385633
doc35,0.002393075789423059,0.0023931208839146115,0.002392688959753883,0.37275231207121123,0.6128899522631318,0.002393045549953365,0.002392693605390195,0.0023931108772217657
doc36,0.003472928118209587,0.0034741766649855955,0.0034732730573839615,0.4356169160852053,0.5435432705452841,0.0034736971759848335,0.0034726709542012846,0.003473067398745319
doc37,0.18079019963288295,0.15629471826263577,0.0020494693179752715,0.14863035535711308,0.5060862945412037,0.0020499494447783623,0.002049531765709998,0.002049481677700948
doc38,0.0007888472229840801,0.0007887539536032668,0.252548456167658,0.74271866661208,0.0007888116036676808,0.0007888102577492704,0.0007888109356894836,0.0007888432465681695
doc39,0.0011014717875233728,0.0011015575593975205,0.001101467600430207,0.0011016942409904874,0.8699738612521956,0.001101596576995627,0.001101432738063944,0.12341691824440339
doc40,0.3095118852834704,0.0007004567019234171,0.0007004573554394654,0.0007004014144368477,0.0007004542391687778,0.6372455521445085,0.0007004589761248429,0.049740333884927726
doc41,0.2968963119518618,0.0016184361795112496,0.0016183425090769473,0.0016183669667679823,0.0016183431659017508,0.6933932226703419,0.0016185061038879853,0.001618470452650253
doc42,0.0008078224610502666,0.0008078334662863438,0.0008079749386581143,0.9943448768779093,0.000807920441124899,0.0008079059046407303,0.0008078117140115452,0.000807854196318774
doc43,0.40660641837421596,0.44043198966009844,0.004032679665174928,0.00403273669530574,0.004033332985900831,0.004032959976895374,0.13279581439387192,0.004034068248536929
doc44,0.0004278516955140291,0.00042781861025800884,0.0004277927567121232,0.41487111362056495,0.25823822650270023,0.3247515377007834,0.00042784980681124965,0.0004278093066559424
doc45,0.0017923827745670732,0.0017923982264673392,0.0017924798244464406,0.11539226077502959,0.0017926136796953963,0.178235249547997,0.0017924690101260147,0.6974101461616713
doc46,0.0004036301780967719,0.00040365043755259965,0.00040363737552487496,0.0004036830498591205,0.0004036235660733568,0.08629467980385844,0.00040363566442298945,0.9112834599246119
doc47,0.09032890191220153,0.0008279853064618126,0.0008279219798645307,0.10814334788369415,0.0008280049369573675,0.0008280819553673157,0.0008280704048229581,0.7973876856206303
doc48,0.0025777483117869005,0.002578127739754598,0.0025786080941794373,0.059759384660014986,0.0025779959816504216,0.34179119418940546,0.0025776810264262874,0.5855592599967819
doc49,0.004588282622149952,0.004588557976260305,0.004587452369051543,0.004587987917698537,0.004587989978614722,0.6257176434530219,0.346753867296243,0.004588218386959999
doc50,0.001859576591339313,0.0018594877493053855,0.022157219022528086,0.0018591909860284483,0.0018594149971209323,0.9666866607681538,0.0018593782455215105,0.00185907164000251
doc51,0.24637056897379206,0.3253030771345616,0.0004315215448301835,0.00043157688267008104,0.4261687063612842,0.00043149667279945527,0.00043152429629223497,0.0004315281337702053
doc52,0.21913429984183916,0.0011016041911892465,0.0011015074375788846,0.0011017061361277849,0.001101609875033973,0.0011016218464622038,0.0011015637829581394,0.7742560868888105
doc53,0.001269327078220409,0.001269519606603807,0.001269170920242066,0.0012694651133483778,0.0012692398395778041,0.0012694499810307948,0.9911145110446686,0.0012693164163079473
doc54,0.0025777632019069515,0.002578029601892204,0.0025780316499899483,0.002577951209641015,0.0025778153145943217,0.6189025800731164,0.0025778757985408696,0.3656299531503184
doc55,0.0016726085410737215,0.2934945375785413,0.0016727929151247934,0.07871704067394208,0.5081545183359119,0.0016726265521514374,0.001672467507729094,0.11294340789552573
doc56,0.0033562672853338525,0.0033563905393909524,0.003356529433694393,0.0033564118101733703,0.26083802957127383,0.0033565568730238504,0.003356454868261438,0.7190233596188483
doc57,0.10101961947039317,0.5136279356749631,0.0015925002221251696,0.0015929307129764856,0.23603110953410203,0.0015926722735236617,0.0015925484238854622,0.14295068368803077
doc58,0.001302282118366737,0.0013023846910202284,0.0013024341715600933,0.14469151465143634,0.0013024823592046233,0.0013025152711408864,0.0013023351765789307,0.8474940515606921
doc59,0.15888391125169055,0.0006144267314451656,0.0006143871577699592,0.14437562178914026,0.22396807485842202,0.36412424552222494,0.10680490583503084,0.0006144268542763338
doc60,0.001285640176858825,0.0012856121194880627,0.0012855055770778863,0.7890446530694957,0.0012855724100619287,0.0012855324154635648,0.20324188584468172,0.0012855983868723516
doc61,0.000695603766481562,0.0006955406230061862,0.0006955561874309466,0.6884820938235986,0.0006956199509638202,0.08352331360649955,0.22451658479717057,0.0006956872448487897
doc62,0.0011937169907268782,0.6042828898329561,0.0011934628464864924,0.16351971117583156,0.001193610759071461,0.0011936769531362944,0.14982477765694216,0.07759815378484906
doc63,0.0014127100353632735,0.24079571298993105,0.09145074393622141,0.0014128940174517727,0.0014128376841128902,0.4225239799188462,0.09223895448733341,0.14875216693073998
doc64,0.000945372744071929,0.0009455352966582285,0.9933825517252799,0.0009452834730404837,0.0009453555620216412,0.0009452962079114932,0.0009452477433178556,0.0009453572476984262
doc65,0.000945372744071929,0.0009455352966582285,0.9933825517252799,0.0009452834730404837,0.0009453555620216412,0.0009452962079114932,0.0009452477433178556,0.0009453572476984262
doc66,0.000992157000497196,0.993054761422212,0.000992149499003282,0.0009922230151990362,0.0009922118865456596,0.0009921615802308459,0.0009921671643056832,0.000992168432006223
doc67,0.6163386127254454,0.0006106544536920818,0.0006105540449410828,0.32521089287497923,0.0006106277314812925,0.0006106107908021569,0.055397398943001996,0.0006106484356566907
doc68,0.34514695792594674,0.6401433867623529,0.002451654844562419,0.0024515711284454553,0.0024514147474922108,0.0024518193213294306,0.0024515598058313976,0.0024516354640394477
doc69,0.0012694415784550235,0.0012694306948455164,0.0012691494731383046,0.5329979493055332,0.00126937813002576,0.1178687758020143,0.15189643670197314,0.19215943831401472
doc70,0.9397986920121262,0.002092585390000835,0.0020925333979969272,0.002092716682655059,0.002092724030833943,0.0020924976258610913,0.0020924770091343197,0.04764577385139165
doc71,0.0009278597177457606,0.2540312230586626,0.0009277299304475528,0.0009278969938457083,0.0009278563133422843,0.7404017127595371,0.0009278055341010553,0.00092791569231797
doc72,0.3141138969623097,0.000954473087418035,0.0547307210733872,0.0009545312342889577,0.0009543739627349151,0.626382866736584,0.0009546118984318351,0.0009545250448453473
doc73,0.17582714263619917,0.4844352267401272,0.0017610033466680228,0.0017612106968969243,0.26032626351649313,0.0017610106057619488,0.001760917816517762,0.07236722464133581
doc74,0.003049473220585971,0.13431805938523908,0.0030488987570060056,0.8064440599122974,0.0030492052520020942,0.0030490540350341815,0.04399223696164105,0.0030490124761943013
doc75,0.001222876209110703,0.0012228228433327727,0.0012228094096528941,0.4208143703250549,0.24795378231560392,0.0012227636020883882,0.3251178245891838,0.0012227507059725253
doc76,0.8837928408232205,0.0011936080228660154,0.0011935119630305075,0.001193499620017779,0.0011934598815084591,0.0011935343482280631,0.10904595199250756,0.0011935933486211556
doc77,0.0015679031250418062,0.43789706700905173,0.001567682660851324,0.5526959558269601,0.0015678920220294,0.0015676684513362834,0.0015678002315703049,0.0015680306731591133
doc78,0.3554607658208996,0.10611286652979647,0.0011263200672960766,0.001126493675708589,0.0011264342471620271,0.0011265231902578615,0.3754686882648691,0.15845190820401028
doc79,0.0011936988391120177,0.0011935901340997166,0.12115012794908292,0.23016327086666516,0.34666707821501425,0.29724493733308643,0.0011937893758071723,0.0011935072871323443
doc80,0.002451629375148379,0.5765873090651615,0.0024516670670528128,0.24975811407285123,0.06859481625352067,0.002451812634141749,0.09525278374810564,0.0024518677840179447
doc81,0.12048315580239251,0.08939120347272926,0.0010441069581331515,0.2639967961378474,0.07668822415859218,0.17376426355555633,0.12686590790918492,0.14776634200556424
doc82,0.08218818063081923,0.0019312659620765184,0.001930878801827492,0.3999448098150866,0.0019310148019720432,0.44424278178826787,0.0019310583314663646,0.06590000986848386
doc83,0.0724346529496758,0.15799255100054124,0.0012533079238001884,0.6874603702097888,0.001253355458195236,0.07709879654767746,0.0012534622332909125,0.0012535036770303317
doc84,0.3676905746951285,0.3200874373073392,0.0027934992419705843,0.0027935310779680653,0.2982531770065614,0.0027937405533796007,0.0027940310795366813,0.0027940090381160074
doc85,0.15166587777164767,0.001302331252472478,0.0013022263259899079,0.4183683787358774,0.0013024352954468484,0.4234538952593242,0.0013024416070091644,0.0013024137522322963
doc86,0.001433282998729231,0.0014330335172847613,0.0014328131476160674,0.803278172519007,0.0014330765035626282,0.18812321647525812,0.001433329819220361,0.0014330750193216701
doc87,0.21447868781364943,0.002337166931053277,0.002336933167241747,0.2917942416583202,0.0023368301329025065,0.0023372131569719973,0.0023370911754247562,0.48204183596443606
doc88,0.004386558674215479,0.004387012322416825,0.004386293992787989,0.1103817142370527,0.004387384540064958,0.8632977631076105,0.0043863975274637005,0.004386875598387905
doc89,0.0017010848938769233,0.10056810917310033,0.001700813362888729,0.8892265192262656,0.0017009252640687719,0.0017008551398946645,0.0017008789514261192,0.001700813988478883
doc90,0.0027938615761686184,0.002794060458370891,0.002793424926934489,0.8236233372848738,0.0027938980594868967,0.002793931687710442,0.0027937133031349618,0.15961377270331992
doc91,0.0011795075428773858,0.15266902628106943,0.0011793876575623059,0.0011796089026593318,0.0011796532232583663,0.5438776390480454,0.2271030878650381,0.07163208947948944
doc92,0.002183968567888896,0.252676010142109,0.0021835354089696107,0.0021839858534208885,0.6419163546441314,0.002184024404448038,0.09448832039544863,0.002183800583583507
doc93,0.0007888472229840801,0.0007887539536032668,0.252548456167658,0.74271866661208,0.0007888116036676808,0.0007888102577492704,0.0007888109356894836,0.0007888432465681695
doc94,0.0006338977637058753,0.754602203338131,0.0006338361517017521,0.2415945855617753,0.0006339305204895903,0.0006338368008143308,0.0006338810415267066,0.000633828821855466
doc95,0.5128422816470039,0.31383040379995275,0.001519974341160037,0.0015199953046214324,0.16572718453832797,0.0015200613134976196,0.0015200735259864192,0.0015200255294498808
doc96,0.0012227606178396256,0.001222756870101859,0.0012225434124735644,0.0012227148697681086,0.001222823837929756,0.9914409590068451,0.001222651189888679,0.001222790195153136
doc97,0.13966975716813929,0.4835441477607878,0.0007951233067157419,0.0007951797847744068,0.372810350137338,0.0007951551666527033,0.0007950851967265072,0.0007952014788655188
doc98,0.287366307296783,0.48797569061612595,0.0008562495537009731,0.0008563881970591709,0.0008563346135863818,0.10474328585908457,0.11648937360231353,0.000856370261346362
doc99,0.0013552619599370315,0.0013552298787754796,0.001355384040105716,0.0013552888237226132,0.0013553006095699375,0.0013552678127932568,0.0013554859039118872,0.990512780971184
doc100,0.48532032805794817,0.0008079860576546378,0.0008078324745661359,0.0008081662198843889,0.0008079332783915165,0.0008079737415526668,0.5098318045454153,0.0008079756245870922
doc101,0.002008688803645381,0.05161478184589013,0.0020082852154854336,0.0020084248496909803,0.00200827105473493,0.4345381308466501,0.0020084340935820184,0.5038049832903212
doc102,0.0007365068446753805,0.0007365450484899566,0.0007364767879772126,0.2966568181525098,0.0007365665295360099,0.0007365444103081943,0.0007364786993311844,0.6989240635271723
doc103,0.002137398963900813,0.002137305646569686,0.0021377448555697748,0.0021373418633063887,0.002137218406058823,0.6122279886059749,0.002137071074673159,0.3749479305839462
doc104,0.0015925340725977473,0.0015926059682289555,0.04605178582999633,0.0015932891180868661,0.0015926853899957195,0.29964375545760497,0.0015928306789111087,0.6463405134845782
doc105,0.0009923850913878436,0.14219921363203517,0.0009922938569736199,0.18508468622657737,0.09657966156765713,0.05041089476422894,0.0009923797527219616,0.522748485108418
doc106,0.001730570772333051,0.0017305005597410207,0.0017303977292201604,0.0017305530048134527,0.275193434705841,0.0017307347518314981,0.001730473620474333,0.7144233348557455
doc107,0.9397986920121262,0.002092585390000835,0.0020925333979969272,0.002092716682655059,0.002092724030833943,0.0020924976258610913,0.0020924770091343197,0.04764577385139165
doc108,0.4485585841763832,0.2632560584535109,0.000618102520555251,0.0006181588794204145,0.0006182036227257977,0.2850944600901458,0.0006182536219028195,0.0006181786353558382
doc109,0.0016450395233783578,0.1398275485325922,0.0016451994433658104,0.0016453351723427897,0.15914865747853923,0.20348340016309163,0.0016450678947300317,0.4909597517919599
doc110,0.0016186473917497648,0.5268959805509209,0.0016183201402705071,0.00161866354666184,0.46339247448225057,0.0016187590335044525,0.0016184418516296366,0.001618713003012258
doc111,0.003049492075579045,0.0030496920793132327,0.0030491358544956298,0.0030492915327568425,0.46996358254744264,0.003049511284333117,0.0030493412860207263,0.5117399533400588
doc112,0.31482277872296355,0.11323416261993707,0.0012692495945737109,0.0012693864932233382,0.3325424988944863,0.0012693400259715067,0.001269241696393696,0.23432334195245086
doc113,0.0018944196864735035,0.0018944458931409198,0.001894335671105524,0.0018941346494015456,0.0018942777557227261,0.0018942113199288996,0.09369676963734754,0.8949374053868795
doc114,0.001645215522410826,0.001645107159657972,0.0016448966314922086,0.08877651326112501,0.0016450668434682561,0.9013528795871684,0.001645169350868057,0.0016451516438094043
doc115,0.001968846621878646,0.001969276894210901,0.001968737611840716,0.0019689992868087464,0.19075850990259646,0.527516187754437,0.001968910724208165,0.27188053120401945
doc116,0.13387025945951764,0.0006589593963029186,0.0006588309903716075,0.24832771441053111,0.0006589291807332853,0.6145074657517221,0.0006589108951246622,0.0006589299156965051
doc117,0.3967187675551736,0.001433100483837496,0.0014327166307617173,0.0014329942755152323,0.3225598075819932,0.0014332997669182072,0.001433000559181833,0.2735563131466186
doc118,0.0012080053113384475,0.001208029156472192,0.0012079135761944614,0.10561331978029605,0.0012079025078146543,0.19480629142871397,0.6935405046682922,0.001208033570878027
doc119,0.1785332453330304,0.35851512476798275,0.0006954898675387475,0.054095032606425175,0.0006955815560035585,0.0006956730616161727,0.4060742638986143,0.0006955889087890401
doc120,0.001044235544384488,0.0010440289298048505,0.001043990171398411,0.5183091279727855,0.0010441396282403921,0.09601201743787245,0.38045836992815224,0.0010440903873615878
doc121,0.005954252327914361,0.32955246569458535,0.005953084981267722,0.1507799415818808,0.2046796962903303,0.19566448137277978,0.10146259140819003,0.005953486343051637
doc122,0.0004932363112144546,0.11191008611093935,0.0004931966738591779,0.6473245394761015,0.0004932329020947371,0.0004932246042677541,0.1040884344159041,0.13470404950561898
doc123,0.003049744715927033,0.0030499174324437536,0.06326027965998832,0.31596144619966776,0.003049686763200357,0.3642582353013603,0.2443209980359993,0.00304969189141319
doc124,0.0026458557273525136,0.09389593755618574,0.0026464297587363394,0.8902268022732366,0.0026460103319189475,0.0026462188645590876,0.0026463165816817758,0.002646428906328961
doc125,0.0009922030187870631,0.0009921029265966622,0.9930545634184319,0.0009923226521398587,0.0009921878475706537,0.0009921987140836437,0.0009922580861429573,0.0009921633362472027
doc126,0.0009922030187870631,0.0009921029265966622,0.9930545634184319,0.0009923226521398587,0.0009921878475706537,0.0009921987140836437,0.0009922580861429573,0.0009921633362472027
doc127,0.0018593271427212947,0.22937833568796917,0.0018588844268272633,0.0018594115777291944,0.3609610643262115,0.0018594359766329186,0.0018595516338230412,0.4003639892280857
doc128,0.5442133674291639,0.0019309408475159768,0.0019306616956677805,0.00193123095378269,0.0019309946109622072,0.4442006374110684,0.0019309572051574083,0.001931209846681481
doc129,0.4328040021375349,0.0007103485778237872,0.0007102966353397411,0.0007103461774962212,0.0007103449374606139,0.27391198294292246,0.000710464805982997,0.28973221378543934
doc130,0.009260280254133037,0.009260392104493831,0.00926054963096798,0.009259988762946559,0.9351783269850166,0.009259839812077592,0.009260017728227392,0.009260604722137003
doc131,0.2802291957485385,0.05174050687355065,0.0008281241546546893,0.08780950698293932,0.12271805222632579,0.16258154933260055,0.0008280680505672256,0.29326499663082317
doc132,0.0005925555720395107,0.9958523639853868,0.0005924676188028008,0.0005925632669676521,0.0005925128258034915,0.0005924917972786563,0.0005925520430706925,0.0005924928906504338
doc133,0.0013931997828273857,0.0013931739454923165,0.29161577025118096,0.0752460778719039,0.001393167763152659,0.5045776532043745,0.12298784175463603,0.0013931154264321258
doc134,0.11196093784184986,0.3107931883165193,0.0013738121908732756,0.5703761123880287,0.001374040491773944,0.0013739730341868653,0.0013739836955549889,0.0013739520412129774
doc135,0.00044298304205111485,0.08287752359678391,0.0004429626017249697,0.4480226323068214,0.33925112204536756,0.12807676185098027,0.00044298199759779425,0.00044303255867298927
doc136,0.09216562266225026,0.09489221391461274,0.0013022149104912736,0.0013023164331541239,0.001302574267889134,0.4513020261096324,0.35643064793006674,0.0013023837719033872
doc137,0.15090597527058738,0.36259152541271744,0.00041364704483038187,0.18633306499377997,0.00041366191782305184,0.11688781274291749,0.09262857164645283,0.08982574097089151
doc138,0.000568950763088716,0.08599284579353174,0.0005689186764176221,0.9105932240287391,0.0005690074183641249,0.0005689981405513356,0.0005690333620897095,0.0005690218172175576
doc139,0.14622247570142705,0.0025782771085385526,0.0025777198827563186,0.0025779616256772163,0.5195674392344571,0.32131995189597734,0.0025780179384039545,0.002578156612762537
doc140,0.0014128299026856337,0.0014127840098031696,0.0014125601474719392,0.013013226773650447,0.23543548184501362,0.3943345281691075,0.0014127802484800373,0.3515658089037877
doc141,0.40799034330641504,0.0005788745345043564,0.0005788234025963779,0.5433246177634622,0.0005789033548402809,0.0005788942367308594,0.0005788209074700622,0.04579072249398075
doc142,0.0009194235568105997,0.0009194231782079105,0.0009192809499470969,0.0009194196928870762,0.0009194205520068514,0.5029510627607591,0.0009194395356852464,0.4915325297736961
doc143,0.0008945912291652587,0.0008945815274205182,0.18694671217884332,0.0008947578815610307,0.0008947212131416297,0.3289003050950277,0.2849997801350295,0.19557455073981098
doc144,0.0014540658689232155,0.0014538583910951553,0.0014539489894630387,0.16092693213558568,0.0014540843390559858,0.37476086814932963,0.45704232063133515,0.0014539214952120885
doc145,0.14991363169584374,0.07480885877644344,0.001453824904933448,0.7680081872573072,0.0014539343909493884,0.001453967798555195,0.0014538098136949048,0.0014537853622725993
doc146,0.2964645024037343,0.0012856284135284303,0.0012855807623367015,0.3973463128549422,0.0012855979173806101,0.2997611614618717,0.0012855805153512304,0.0012856356708549667
doc147,0.002092538705612724,0.0020922701329443866,0.08179869710100658,0.44689720608621014,0.002092507438751287,0.1296675403139615,0.002092444579181299,0.3332667956423322
doc148,0.001285544014589762,0.0012854556154927603,0.0012856208710359939,0.9910007636689009,0.0012855911421027042,0.0012856948535026132,0.0012855507252190622,0.0012857791091560472
doc149,0.13640920196120432,0.5929588917610734,0.0015435233697422973,0.26291418107532083,0.0015436889349627243,0.00154351971709288,0.0015435928219729,0.001543400358630608
doc150,0.0011391989108060915,0.10260821201776303,0.06945746852519892,0.8222382901947041,0.001139217588527357,0.0011392559095296472,0.0011391661404043301,0.0011391907130665411
doc151,0.0013194874871234707,0.001319411045636148,0.001319343147986873,0.7314651735646786,0.26061807072753995,0.0013194562606101794,0.0013195375600837836,0.0013195202063411638
doc152,0.04693378791280112,0.06953841925271544,0.0006590485475745828,0.0006589484963192461,0.0006590099001944972,0.8252551742851402,0.0006590054812457741,0.055636606124009294
doc153,0.003049473220585971,0.13431805938523908,0.0030488987570060056,0.8064440599122974,0.0030492052520020942,0.0030490540350341815,0.04399223696164105,0.0030490124761943013
doc154,0.0011795075428773858,0.15266902628106943,0.0011793876575623059,0.0011796089026593318,0.0011796532232583663,0.5438776390480454,0.2271030878650381,0.07163208947948944
doc155,0.000547231468935119,0.0005471993113903276,0.0005471149057723459,0.37980013398454393,0.039548181859803015,0.45953216765620797,0.11893081210555219,0.0005471587077952193
doc156,0.0007888472229840801,0.0007887539536032668,0.252548456167658,0.74271866661208,0.0007888116036676808,0.0007888102577492704,0.0007888109356894836,0.0007888432465681695
doc157,0.32654720101948603,0.5093660739652878,0.001002270963334677,0.001002229981823059,0.15907537854340317,0.0010023513807124061,0.0010022114936373782,0.0010022826523155089
doc158,0.2867986272849672,0.6355208543058289,0.0010549456165868912,0.0010550284649317632,0.0010551474336360838,0.001055035131328473,0.001055254524846948,0.07240510723787391
doc159,0.3566221674622379,0.0010124435385611154,0.0010123673393357458,0.034219749559924864,0.0010123809623304658,0.6040960262285856,0.0010124322713802052,0.0010124326376441393
doc160,0.001730570772333051,0.0017305005597410207,0.0017303977292201604,0.0017305530048134527,0.275193434705841,0.0017307347518314981,0.001730473620474333,0.7144233348557455
doc161,0.8837928408232205,0.0011936080228660154,0.0011935119630305075,0.001193499620017779,0.0011934598815084591,0.0011935343482280631,0.10904595199250756,0.0011935933486211556
doc162,0.24987997862965805,0.0739643442657476,0.0010776724465413558,0.0010778255753537522,0.0010777722690699166,0.6707662173704281,0.0010781613303148755,0.001078028112886371
doc163,0.0014329463727054395,0.15378330823615205,0.0014328293157871465,0.0014328819897522513,0.0014330017926044085,0.8376190550792523,0.0014330059698643095,0.0014329712438821054
doc164,0.0007646802516134925,0.0007646847477113705,0.0007645999833285668,0.0007649294671340287,0.0007647347138754622,0.0007648161223631245,0.05232074021285337,0.9430908145011206
doc165,0.46378914988789816,0.0008712287082342582,0.0008712101490144227,0.0008713354534760914,0.000871339180644938,0.2911014588268762,0.2407529694720699,0.00087130832178599
doc166,0.0016450098257321652,0.001644922523972923,0.0016448950728006038,0.0016452848796829193,0.0016451765198277175,0.0016451892303102193,0.035117301689253595,0.9550122202584199
doc167,0.0022835438836093895,0.0022835947225051936,0.002283361407337296,0.002283523245832841,0.0022842539427634784,0.002283540414117003,0.0022834849345431886,0.9840146974492916
doc168,0.0009544822648198913,0.0009544583321894484,0.0009543202914118603,0.000954358701591534,0.0009543811371546027,0.0009544664831855933,0.9339939590567727,0.06027957373287427
doc169,0.0020926644204168066,0.0020926204836384,0.0020925555205275293,0.002092749505516473,0.9155835254986543,0.0020923614606341346,0.0020924646106976605,0.07186105849991475
doc170,0.00044494727134074003,0.0856711950881367,0.00044486786328194663,0.0004449707130728455,0.0004449434120303347,0.9116592142758891,0.0004449238219712444,0.00044493755427704046
doc171,0.004386885836924109,0.004386816560599442,0.004387111237537244,0.00438722751299199,0.4252093260377318,0.004387081794075818,0.2160995195345533,0.3367560314855863
doc172,0.0016449526282276948,0.7150290521502287,0.0016450386085626347,0.04006984437925921,0.23667595840092612,0.0016449155391544063,0.0016449390508022246,0.001645299242838999
doc173,0.0018944081251753818,0.11339531925961853,0.0018944610089390295,0.0018943083730673803,0.39626626317743263,0.3185526999008565,0.0018945758300639268,0.16420796432484658
doc174,0.0010780714382433766,0.044662650275081456,0.0010780187468346885,0.11294642212636886,0.0010779356077563974,0.001077981398040694,0.0010779949092278864,0.8370009254984467
doc175,0.0012080114719145122,0.0012083026990727767,0.0012079486046338071,0.0012080850872960866,0.001208061375849811,0.9915437197259711,0.0012079240057915812,0.0012079470294702524
doc176,0.04855508658399143,0.08060998932336182,0.0002996723048978037,0.3361808898939467,0.18287552760187523,0.20805716104821473,0.04638246272968302,0.09703921051402926
doc177,0.0011014972688330586,0.0011013847784159285,0.001101539930350566,0.8532064094525212,0.1401843389714738,0.0011016625892170113,0.0011015683493459402,0.0011015986598424266
doc178,0.27911562741332785,0.001319543833236608,0.05731648729791749,0.36381826586242005,0.16470209378540016,0.0013195009481621817,0.13108899118941938,0.0013194896701162705
doc179,0.0014330835195276266,0.0014328367574160568,0.0014332921108402453,0.7873077831824498,0.0014330377442551077,0.20409388054130834,0.0014330157467034698,0.0014330703974993891
doc180,0.0005821610382034167,0.9959248467696932,0.0005821217501410151,0.0005821804375103133,0.0005821526254367835,0.0005822155666637437,0.000582157772706822,0.0005821640396449356
doc181,0.630871652859773,0.11892924733199442,0.040999394828188096,0.0014329133618541149,0.15320625352066505,0.05169440298216193,0.0014330480929459876,0.0014330870224174956
doc182,0.0027938369566088035,0.0027941920091325285,0.002793636818690878,0.11301919341279457,0.4045944365488958,0.0027942004392344085,0.002793838076689411,0.4684166657379536
doc183,0.0009635175869621212,0.0009634864657051713,0.9932554512150407,0.000963539039334942,0.0009635431401421639,0.0009634935480334924,0.0009634921629023847,0.000963476841879016
doc184,0.0009635175869621212,0.0009634864657051713,0.9932554512150407,0.000963539039334942,0.0009635431401421639,0.0009634935480334924,0.0009634921629023847,0.000963476841879016
doc185,0.0009730401118556468,0.06972333856889514,0.0009728852059279718,0.0009729269822037689,0.0009729608925588091,0.6227139150432636,0.30269785293938817,0.0009730802559069506
doc186,0.0030489015471816777,0.0030490661215989926,0.0030491286898939843,0.003049060286479852,0.003049625543255663,0.003049593066944162,0.00304923373181463,0.978655391012831
doc187,0.15172182488660235,0.6147792059027335,0.0012226370865560208,0.0012229061294531018,0.001222902096850942,0.18966473545366647,0.001222707002759908,0.03894308144137773
doc188,0.0005242630597371244,0.5227430310512609,0.0005242113995500798,0.000524184516041643,0.0005242236715991734,0.1846326579309667,0.2900031673214163,0.0005242610494282684
doc189,0.0009544822648198913,0.0009544583321894484,0.0009543202914118603,0.000954358701591534,0.0009543811371546027,0.0009544664831855933,0.9339939590567727,0.06027957373287427
doc190,0.0021840614721280495,0.002183773750015652,0.0021841766281210386,0.5364121926971762,0.08621791890134167,0.14649186262950542,0.0021840414898700385,0.22214197243184192
doc191,0.21881565954026178,0.1852648295470821,0.0005057670332217779,0.0005056598946093575,0.04545825220685272,0.0005057169199969523,0.036430086334008405,0.5125140285239671
doc192,0.5581919686081369,0.002513176468891718,0.0025133878208050266,0.002513008349696338,0.13721255102624122,0.29202951686815465,0.0025132687964078684,0.002513122061666289
doc193,0.5922599531901831,0.0015202030873047855,0.0015200363303683906,0.0015199386826424744,0.3986194020291437,0.001520068900069092,0.0015200672238688063,0.0015203305564197853
doc194,0.0023929692042774296,0.4229154137454027,0.0023926258764380122,0.19274431884108637,0.37237658500021237,0.0023928168197149395,0.002392488482201324,0.002392782030666867
doc195,0.0012080114719145122,0.0012083026990727767,0.0012079486046338071,0.0012080850872960866,0.001208061375849811,0.9915437197259711,0.0012079240057915812,0.0012079470294702524
doc196,0.1261806327406759,0.0010022938878089184,0.0010021475450448132,0.6629936074528884,0.0010022563561748064,0.2058143286464078,0.0010023643095005057,0.001002369061498853
doc197,0.49651641689190085,0.0019309852277006132,0.1384503761634409,0.0019311275686505849,0.35537817363621493,0.0019310639709056937,0.0019310420825005658,0.001930814458685855
doc198,0.1800576772839492,0.08139256096806047,0.10423620074600652,0.4925896186928368,0.0007766320245884027,0.13939412238130489,0.0007765863608471332,0.0007766015424066309
doc199,0.5240841522573656,0.2727352628445061,0.0009108420526599026,0.16270077950886686,0.0009109722352203812,0.0009109738727693479,0.0009110022312443709,0.03683601499736742
doc200,0.5513463794987907,0.10819036159031586,0.000776650595144428,0.18327934350093927,0.000776624490988709,0.15407740232185516,0.0007765967096661721,0.0007766412922996562
doc201,0.17491504595815618,0.07255912854813064,0.0010663015133026232,0.3869346593416081,0.04165944500612576,0.1681707380579937,0.02976411354322646,0.1249305680314565
doc202,0.41835207980630545,0.14949662043251866,0.0004085810165842581,0.09168828267038727,0.0004085871599126394,0.338828687214166,0.0004085902917091834,0.0004085714084164933
doc203,0.0009730440169918847,0.3859749733723207,0.0009729402674906852,0.5835456722606531,0.0009730150216389356,0.025614463464032775,0.0009728874906946758,0.0009730041061771239
doc204,0.001730701357879245,0.10260374250576616,0.0017303780557275852,0.3739894848531555,0.5147539134087048,0.0017306253196264158,0.001730502767756154,0.0017306517313841613
doc205,0.0013196799469290124,0.0013196056522875247,0.001319433626578261,0.8677703294382674,0.12431255665688798,0.0013195105625087697,0.0013194885848893442,0.0013193955316518576
doc206,0.0013931391276050943,0.14310740184862408,0.0013929003443385996,0.39265213910318325,0.29878492786151445,0.0013931424645730708,0.0013931511340970013,0.15988319811606444
doc207,0.0016185938578117754,0.11692688960293271,0.001618238275646255,0.4006007933595406,0.3751183744955974,0.0016186234290158784,0.001618448461109777,0.10088003851834564
doc208,0.012823092631637816,0.012820542522084921,0.01282181287259317,0.01282399956413277,0.9102459366144429,0.012821810994341853,0.01282140231059924,0.012821402490167328
doc209,0.0021836905966776815,0.0021841106817444556,0.0021841183025513833,0.2001701546134526,0.00218378950813632,0.3252526962118996,0.46365743274406596,0.002184007341472114
doc210,0.3156397944238121,0.0590890214932272,0.0020924335002748705,0.00209279135366839,0.6148080433043369,0.002092591878001688,0.0020925574779357328,0.002092766568743094
doc211,0.051140314286921014,0.6794522406259269,0.0006219915289987204,0.2280389776929596,0.03888038093372731,0.000622028137513473,0.0006220461947729322,0.000622020599180127
doc212,0.0013551948833890183,0.0013552822685840929,0.0013551803931019268,0.00135526037275504,0.0013553962468769974,0.001355295483568665,0.28190110799657236,0.7099672823551519
doc213,0.0014976427038607709,0.44410101037428035,0.0014973994508400124,0.03684513214459442,0.5115666532482462,0.0014974595019540502,0.0014973259612558805,0.0014973766149683993
doc214,0.14969917485404363,0.0019309526406335524,0.001931379347037377,0.10292854111208295,0.001930966293880227,0.0019312291950889424,0.0019309704634422973,0.7377167860937911
doc215,0.0013022935017856373,0.03653563415768383,0.0013022344432228011,0.001302543722250383,0.001302552000694635,0.7893586087162491,0.001302275254175984,0.16759385820393763
doc216,0.19883168556188321,0.32756406965823903,0.03379092273004667,0.0007420508691049538,0.0007419987160861125,0.2584873187677889,0.0007419983053667042,0.17909995539148427
doc217,0.002283796445967238,0.0022836851477254605,0.0022833033341230036,0.0022836748106238184,0.0022842328841540843,0.0022834816962623242,0.0420534993576303,0.9442443263235138
doc218,0.29750081843659887,0.08558051270312453,0.0007951010240464135,0.25944131565673967,0.09570885734427585,0.0007951216340509525,0.25938318736811566,0.0007950858330479321
doc219,0.28731639352746857,0.49028155597110806,0.048760019842682564,0.0008867728644893214,0.0008867828327078289,0.1158796047962207,0.0551021710412407,0.0008866991240822348
doc220,0.0016452052970278546,0.18508069861765042,0.0016449554661321511,0.001645121906879542,0.8050484668669187,0.0016452553628594963,0.0016450451087920137,0.001645251373739732
doc221,0.0014753100348673753,0.0014754901315532612,0.0014755109451609508,0.07739821534965319,0.08967309363637782,0.04963853139785686,0.001475335572584212,0.7773885129319463
doc222,0.4045097732803499,0.0021838962487039796,0.0021835918454702523,0.37287001505006295,0.2117008888356309,0.002183820435878147,0.0021840706040489525,0.002183943699854803
doc223,0.001012409579757385,0.1080459077943389,0.0010122642105011696,0.32394341299111845,0.0010124280120690243,0.18871428449877944,0.001012417629086154,0.3752468752843496
doc224,0.1196223028661098,0.23860630965267407,0.012616807286952284,0.0008212790466400584,0.0008212275566293856,0.6258696023582269,0.00082121333850431,0.0008212578942632746
doc225,0.0003014648118162388,0.04347548543836445,0.000301442442086944,0.787021341029884,0.00030151278533052206,0.16799582332948615,0.0003014809014150316,0.00030144926161683943
doc226,0.001222799432939434,0.0012228508282742714,0.0012230494203997134,0.09855871602959562,0.14613939804491896,0.27608449226901693,0.16374925813935137,0.3117994358355038
doc227,0.003877306984237955,0.5329650420311726,0.0038773094290047655,0.44377288797515513,0.003876777382180565,0.003877222350729915,0.003876764536408095,0.0038766893111111017
doc228,0.0007365068446753805,0.0007365450484899566,0.0007364767879772126,0.2966568181525098,0.0007365665295360099,0.0007365444103081943,0.0007364786993311844,0.6989240635271723
