,topics0,topics1,topics2,topics3,topics4,topics5
doc0,0.0016781471387869761,0.3571572213506896,0.6361285623794153,0.0016781458961861006,0.0016788336181497061,0.0016790896167725143
doc1,0.0005113958028570696,0.6186413971523479,0.37931320358485415,0.0005113725035839896,0.0005113092086020097,0.0005113217477548257
doc2,0.27822054736646457,0.5629174157950743,0.0008027389345962991,0.1564538849319966,0.0008026447996295467,0.0008027681722385925
doc3,0.0005447884414233611,0.0005447448682087216,0.0005448090084569314,0.9162092981759382,0.0005447523175867794,0.08161160718838609
doc4,0.060352813714554025,0.00121094860361031,0.2668991030722178,0.21434432952080149,0.0012108016934855661,0.4559820033953308
doc5,0.0007658533181752834,0.0007659798578808641,0.8889515553859028,0.0007660585350894514,0.0007660273569550858,0.10798452554599665
doc6,0.0015247506563179137,0.0015247603774863592,0.5761988711892445,0.41770224022851976,0.0015246616870205978,0.0015247158614109398
doc7,0.0014797911411566593,0.16383503090594476,0.4569299852948312,0.0014798949399472267,0.1688009029013673,0.20747439481675284
doc8,0.0006598171099060471,0.20391571535190864,0.455581996636682,0.0006597923009952879,0.0006597134754146702,0.3385229651250934
doc9,0.0013055942203588572,0.0013056224421544927,0.07263634510445185,0.0013056909058577633,0.0013059017828947089,0.9221408455442823
doc10,0.0007777343344272109,0.0007777936563219376,0.2177584812295455,0.0007778053796859201,0.0007777583674294707,0.77913042703259
doc11,0.08214079203523571,0.4125632899288922,0.08783764692948759,0.0006114330561760448,0.0006114248750904372,0.4162354131751179
doc12,0.0007486588589413044,0.2674903214700523,0.6059417178686077,0.019440388171977872,0.0007486721181191989,0.1056302415123016
doc13,0.0010248812256330637,0.0010247327616961356,0.0010248733835339094,0.0010248494827875777,0.9948758024087474,0.0010248607376017582
doc14,0.0010248812256330637,0.0010247327616961356,0.0010248733835339094,0.0010248494827875777,0.9948758024087474,0.0010248607376017582
doc15,0.9943547541049352,0.0011290856298095213,0.0011290205354812833,0.0011289761109259675,0.0011291212458569716,0.0011290423729908474
doc16,0.0010041931745239834,0.4854301754623087,0.0010042299123533354,0.28513439059460377,0.0010042895538598226,0.22642272130235042
doc17,0.19164394747816324,0.0007486684142792102,0.0007487309844895747,0.7367089234550696,0.0007488534873028653,0.06940087618069557
doc18,0.8076730809541787,0.04824454727743953,0.043123662504307075,0.0005193555292326124,0.000519448386457391,0.09991990534838463
doc19,0.1368695892365301,0.0008963016448829961,0.1367355377816186,0.7237059919373814,0.0008962223539928017,0.0008963570455941408
doc20,0.004630643300032632,0.004632716205322676,0.004630179160568147,0.004630235053817967,0.004631962692972068,0.9768442635872865
doc21,0.0004639300377016275,0.0004639310633457538,0.16079980406080077,0.8373444924168526,0.0004638961025973212,0.00046394631870196306
doc22,0.0007600380096512425,0.0007601329783439094,0.6742832367265815,0.0007601078687230309,0.06995486349643708,0.25348162092026305
doc23,0.4773991196892067,0.5205122894388108,0.000522075726021149,0.000522085834408823,0.0005223349707640683,0.0005220943407883569
doc24,0.3879569340089486,0.023681018140737326,0.0005360644525840003,0.10363087823319404,0.0005360157179499353,0.48365908944658603
doc25,0.0017366338176012272,0.18412917638009715,0.6496328523639651,0.0017364537347081906,0.0017366735739398648,0.1610282101296884
doc26,0.25308197965165524,0.0003044097354053577,0.14697227308964858,0.0003043764475738517,0.042638896355959945,0.5566980647197568
doc27,0.3354681169860431,0.0012113029804203055,0.5031592015550028,0.0012109353966805753,0.0012108035715033944,0.15773963951034972
doc28,0.18911158382521107,0.0012410105756864131,0.5216269912377572,0.18155434449693278,0.0012409050311153376,0.10522516483329715
doc29,0.14591042147996375,0.11110260426956615,0.0009296890037398059,0.000929567010762848,0.0009295326917401832,0.7401981855442273
doc30,0.00078389414898965,0.5581344752648442,0.37301090218528804,0.06650298845258248,0.0007838177627648589,0.0007839221855308043
doc31,0.0019769903599895417,0.0019766936589006683,0.2745361584516966,0.0019766186310728713,0.001976678735663014,0.7175568601626773
doc32,0.0023478756617270656,0.13569709921049766,0.0023478223350252947,0.002347836520044315,0.002347865155648868,0.8549115011170568
doc33,0.0012109955502915075,0.001210817151135381,0.001210920237686726,0.0012111567480788397,0.0012107988019230537,0.9939453115108845
doc34,0.009436381834740127,0.5228130900562686,0.43944047985168294,0.00943863919111734,0.009435150126533788,0.009436258939657183
doc35,0.0019016794299765996,0.16448793527851582,0.0019017074339318066,0.001901751180371169,0.0019014325375860815,0.8279054941396186
doc36,0.0955553713665596,0.21790707302534607,0.003379134863629258,0.003379034026400508,0.0033797499198581437,0.6763996367982064
doc37,0.28062522412823415,0.1330801745271916,0.002016508172970072,0.002016426840321315,0.0020164055082452876,0.5802452608230377
doc38,0.0007777263671627137,0.0007777781744540647,0.0007778199719520901,0.0007777908711408446,0.3329639120770335,0.6639249725382569
doc39,0.12442899242214152,0.0011041204221939706,0.0011040861807022231,0.5026231565747674,0.0011040145740529661,0.36963562982614195
doc40,0.09090613686475636,0.0006823679849392501,0.8612147339579217,0.000682387391892164,0.0458320590785247,0.0006823147219657094
doc41,0.0016240257967357337,0.0016239002850221647,0.9918808635616795,0.001623657713544844,0.001623613148622099,0.0016239394943956679
doc42,0.0007716960237174527,0.0007716757459011248,0.0007717059227975517,0.0007717791308809345,0.0007717169061191902,0.9961414262705837
doc43,0.004066014258592397,0.8526912446713205,0.13104545666542375,0.004066258971608276,0.004065478097500544,0.004065547335554514
doc44,0.00043756390451818884,0.0004375670669995263,0.3873505271358014,0.000437540124147412,0.0004375498813897388,0.6108992518871438
doc45,0.0016504585920705242,0.0016503930786448044,0.001650518465796009,0.9917471694406021,0.0016504686890949803,0.0016509917337914827
doc46,0.0004300225783656036,0.0004300331292505654,0.0351753346230483,0.9631045996176952,0.00042999177198225027,0.0004300182796581181
doc47,0.0007964050959667654,0.0007963926448169242,0.1705945286970627,0.7909128589916994,0.000796755440057573,0.03610305913039667
doc48,0.002294192086357853,0.0022940806833635016,0.00229434075315632,0.9516994951291059,0.039123364308508254,0.002294527039508184
doc49,0.19197785332268053,0.005102686469699627,0.787610555046844,0.005103384924470316,0.005102801672171455,0.005102718564133966
doc50,0.0019017043065168,0.0019016760427276018,0.9904906275751424,0.001901510794847266,0.001902467793768113,0.0019020134869978998
doc51,0.018170754310817994,0.8012658673218259,0.00047497071822208154,0.0004749856273918874,0.00047496892161895355,0.17913845310012325
doc52,0.001196421115693728,0.001196502879064621,0.0011965089142409928,0.9940176157267753,0.0011963993781337952,0.0011965519860915655
doc53,0.0013777223023748579,0.0013777704247647392,0.614516517048318,0.0013776484586520716,0.0013777195670230061,0.3799726221988672
doc54,0.0025914836580517436,0.0025912438917274254,0.7095839355371452,0.2800507159356013,0.0025912135547654083,0.0025914074227088657
doc55,0.001623682990622333,0.5720914517816765,0.0016237666693374902,0.3436076692145717,0.0016238158443628616,0.07942961349942912
doc56,0.003497031753612913,0.0034976510082847315,0.003497341267770509,0.9825134498660156,0.0034970928822775048,0.003497433222038755
doc57,0.0015247620398028466,0.7493637281622724,0.0015246493719228132,0.2445373804369321,0.0015246023014769056,0.0015248776875929019
doc58,0.0013229886804708216,0.0013229910625230333,0.001323185320683673,0.9933845761642245,0.0013232280179005735,0.0013230307541972298
doc59,0.0007114432195066239,0.1928573380569867,0.2772706298847817,0.25134630431222993,0.0007114444921115354,0.27710284003438357
doc60,0.001289081515926184,0.0012893292731087662,0.0012892089863837722,0.0012892027730487551,0.0012888724517565227,0.9935543049997759
doc61,0.0006641565395874496,0.0006641835117730777,0.2886750849983186,0.000664202056295301,0.0006641943927041851,0.7086681785013215
doc62,0.7042967166421108,0.136754588043749,0.1554431396384939,0.0011685824596417214,0.0011683390413469907,0.001168634174657603
doc63,0.5482467824940709,0.001377746373482345,0.32011145933521,0.0013778542826604345,0.12750830814259204,0.0013778493719842503
doc64,0.000965602649752012,0.0009655471854680129,0.0009653892825396406,0.0009655405367634234,0.9951725388067708,0.0009653815387061108
doc65,0.000965602649752012,0.0009655471854680129,0.0009653892825396406,0.0009655405367634234,0.9951725388067708,0.0009653815387061108
doc66,0.3279671272757926,0.6678913483369957,0.001035362643885115,0.0010353603259447754,0.001035362371650039,0.0010354390457318339
doc67,0.0006113486452365413,0.6782780176333485,0.0006114245093266459,0.0006113835544769661,0.0006112977727619526,0.31927652788484934
doc68,0.988529548250767,0.002294203711682945,0.002294012539337947,0.002294077269884753,0.002294127800888649,0.0022940304274387006
doc69,0.0013230881413029175,0.0013232115133132417,0.3319197800568775,0.11094467094708985,0.0013229102119004126,0.5531663391295162
doc70,0.0019770035834100414,0.0019768817710867927,0.5326057609640605,0.0019765807120811912,0.2539703869499629,0.20749338601939857
doc71,0.22507839947615005,0.0009749696238666181,0.771022037482307,0.0009748289105525887,0.0009747981422507236,0.0009749663648729983
doc72,0.0009655142078850707,0.0009655508346009085,0.7381819915517013,0.17829274897322916,0.000965804507790646,0.08062838992479282
doc73,0.0017672074534733607,0.816007722349752,0.0017672794964268658,0.08104898578922894,0.0017671443355691547,0.09764166057554952
doc74,0.00306848440292573,0.12448532748351569,0.003068167101669533,0.003067712239449137,0.003067643262288808,0.863242665510151
doc75,0.0012257898203653418,0.001225915601031075,0.3742696736904105,0.0012257816614262703,0.0012259050547938316,0.6208269341719731
doc76,0.0012109580325106932,0.5741146324797619,0.421041775196132,0.001210938052148405,0.0012108292739306068,0.0012108669655163285
doc77,0.0015018708502550757,0.600234487722401,0.0015017692902086857,0.0015019958037917154,0.0015017511524411209,0.3937581251809024
doc78,0.0010462595819291046,0.45407275159850513,0.4937081761098712,0.04908036717388481,0.0010461387406768077,0.0010463067951328904
doc79,0.06994490467368844,0.0012726427152885925,0.2476919313649706,0.0012726494293765522,0.1782507069057575,0.5015671649109182
doc80,0.27025384292530424,0.31019484160137945,0.0024638612022433847,0.0024638424043982917,0.0024636800400339265,0.4121599318266406
doc81,0.2084286604685855,0.0010249089039756807,0.3010802370318504,0.16543235698486503,0.001024872430661123,0.3230089641800622
doc82,0.13677519606764083,0.002058633811932856,0.0020583373840399205,0.5253000330634915,0.0020579409142270264,0.3317498587586678
doc83,0.3368986876625165,0.0012109575628732507,0.0012109382908285112,0.0012110237046665342,0.0012107765048229217,0.6582576162742922
doc84,0.003068030565044258,0.9846602343468182,0.0030682763832221567,0.0030680391770885893,0.0030677426066443242,0.00306767692118261
doc85,0.0013408497321181559,0.0013408339642027786,0.4885597489179366,0.0013409295467439345,0.0013407320025576768,0.5060769058364409
doc86,0.0013778407832839346,0.0013777068350150292,0.19826890153394497,0.0013777825643768577,0.0013776209051464127,0.7962201473782328
doc87,0.0024046066823270353,0.002404687157573727,0.4825622584598432,0.2694796415606391,0.002404298123763909,0.24074450801585298
doc88,0.003623958973037657,0.0036241562772581404,0.6156664595574634,0.0036241867299167244,0.003623360631377477,0.3698378778309466
doc89,0.05180357314668045,0.0017070217921570966,0.0017067148790626955,0.0017066437558797727,0.001706613374098059,0.941369433052122
doc90,0.0027328501725383324,0.002733114123319504,0.002732875701410611,0.10726684198264877,0.0027324151638404106,0.8818019028562424
doc91,0.0010920621483417078,0.15717836316975564,0.8384536457349033,0.0010920093391576316,0.0010918613718085585,0.0010920582360330444
doc92,0.0022943068483420198,0.6910411370016372,0.12117621653150323,0.0022940762100532525,0.002293783712592678,0.18090047969587167
doc93,0.0007777263671627137,0.0007777781744540647,0.0007778199719520901,0.0007777908711408446,0.3329639120770335,0.6639249725382569
doc94,0.0006267540145924745,0.8614721764704434,0.0006267035670657544,0.0006266924112040371,0.00062665335026184,0.1360210201864327
doc95,0.7339372777792995,0.25967108074602097,0.001597879713380607,0.0015979074357331492,0.0015979254257132373,0.001597928899852725
doc96,0.001226003854485485,0.0012257933512042085,0.4275648597249036,0.5675320815145961,0.0012255564481583818,0.001225705106652304
doc97,0.09217118712510408,0.8276532061331983,0.0008578897521395438,0.07760202317836178,0.000857812867457095,0.0008578809437393137
doc98,0.9957832005079095,0.0008433901694849101,0.0008434360020268927,0.0008433548981752205,0.0008432585527217562,0.0008433598696817485
doc99,0.0014370312146293513,0.0014370098483909462,0.0014371521059164006,0.9928146795503657,0.0014371369485085999,0.0014369903321890995
doc100,0.000829460286542315,0.17754883742693559,0.8191335420351656,0.0008294296541427043,0.0008292812491544053,0.0008294493480593991
doc101,0.0018663854706758292,0.0018662867031095805,0.13095567471737857,0.8615797488590309,0.0018658347607831624,0.0018660694890220264
doc102,0.0007543517635297261,0.0007543735696873487,0.0007543253904496713,0.74005059759057,0.000754248814180084,0.256932102871583
doc103,0.0022943095436997103,0.0022941311063140995,0.6092263528471379,0.30937969443919866,0.07451124846363454,0.002294263600015082
doc104,0.00170681630912063,0.0017067495629056316,0.0017070176444797648,0.9914651534715514,0.0017074587873672773,0.0017068042245753138
doc105,0.21780535405880408,0.001024956292089277,0.09593973282055823,0.4410922637653343,0.001024784213202886,0.2431129088500112
doc106,0.001767372180107059,0.05735932151551285,0.0017673389031780315,0.9355716203288874,0.001767079589549893,0.0017672674827647066
doc107,0.0019770035834100414,0.0019768817710867927,0.5326057609640605,0.0019765807120811912,0.2539703869499629,0.20749338601939857
doc108,0.0006189594060545027,0.4851607130845462,0.5123635719206604,0.0006189566733621024,0.0006188762899891123,0.0006189226253877059
doc109,0.0017367387817051072,0.06960145651936556,0.1265046876023816,0.6006881183274237,0.001736562310025154,0.19973243645909886
doc110,0.0015484636575049144,0.6515870003078812,0.0015484748410278827,0.2716676342344321,0.0015481576614483688,0.07210026929770563
doc111,0.002732731951180882,0.320334922368354,0.002733196921107154,0.49462499844433483,0.002733036468266394,0.17684111384675674
doc112,0.0013408713854404198,0.5616039764520688,0.1324022756476092,0.30197116341153535,0.0013408305107646238,0.001340882592581412
doc113,0.002242573140764785,0.0767902921397796,0.0022429607002193417,0.8740184312248199,0.04246325472266056,0.00224248807175575
doc114,0.0016782879170720365,0.0016782202036089366,0.2822471996652593,0.6553521443347788,0.0016781015183669565,0.057366046360913976
doc115,0.2812387427519291,0.0017067452372018887,0.001707021217625442,0.711933828317458,0.0017067463124437552,0.001706916163341788
doc116,0.18488849896818071,0.00067311987358908,0.17644575193768416,0.3406970713613957,0.0006730208674055796,0.29662253699174473
doc117,0.0014795957746835582,0.5951026130005579,0.13159187908830397,0.26886674159936647,0.0014794084362227484,0.0014797621008654674
doc118,0.0013590312363962042,0.0013590388216446854,0.8430462488699279,0.0013589665469400573,0.0013588333746891582,0.15151788115040207
doc119,0.08241206417100642,0.3367309359584822,0.50893968379802,0.0007216989200939883,0.0007215746582532656,0.07047404249414418
doc120,0.0010686095586057663,0.0010687314107352994,0.5399355970327442,0.0010686252744422843,0.0010684841467391377,0.4557899525767332
doc121,0.6198226973851637,0.005683133223368839,0.005683236162391821,0.0056830515740152795,0.005682423439355149,0.3574454582157054
doc122,0.00047953678488887164,0.14238449247362614,0.1415619386350562,0.0004795284690492225,0.0004794819908742073,0.7146150216465054
doc123,0.13907354465916133,0.002809560482149688,0.3740723627124206,0.0028096918853236265,0.0028098779350196742,0.47842496232592524
doc124,0.002591477559361462,0.002591612386849312,0.0025911859415400106,0.16016067391412775,0.002591350463680972,0.8294736997344405
doc125,0.0010143352160257432,0.001014274505642238,0.0010143660624722158,0.0010142985685379767,0.994928214132374,0.0010145115149478763
doc126,0.0010143352160257432,0.001014274505642238,0.0010143660624722158,0.0010142985685379767,0.994928214132374,0.0010145115149478763
doc127,0.0018660484894990016,0.24083555338183593,0.4959723679418017,0.25759383997147606,0.0018658539956075302,0.0018663362197797568
doc128,0.0017991921919854623,0.09701321120728652,0.4494708646564475,0.27954904027773875,0.001798720214238211,0.17036897145230354
doc129,0.0007431208216142471,0.027747386467257596,0.8225459360183364,0.14747745094183096,0.0007430438827095756,0.000743061868251172
doc130,0.010417660703586112,0.5324971882198121,0.010419904498337754,0.4258282307567992,0.010418808469132035,0.010418207352332747
doc131,0.0007963693655538293,0.32558441822104667,0.3369410824288766,0.20090498617599897,0.0007964187926175029,0.1349767250159064
doc132,0.21566248462225784,0.7818921035808875,0.0006113455273204848,0.0006113404943742911,0.0006113278711496414,0.0006113979040102012
doc133,0.10648388515309934,0.0018320575173165334,0.5017238021618357,0.0018321262920151591,0.26603671505886156,0.12209141381687176
doc134,0.24776910653642178,0.10585752546945291,0.0013970562527615765,0.0013969474250236447,0.0013969494251811715,0.642182414891159
doc135,0.2939726944542393,0.0004433935879723242,0.00044339666505960166,0.0004434223381593326,0.0004433563395835041,0.704253736614986
doc136,0.11803570237418799,0.001397069993222072,0.8763765388515183,0.0013969799005938836,0.0013967766570841442,0.0013969322233936096
doc137,0.18390331497509488,0.3492203858169239,0.22344875847180606,0.06137948563659765,0.00044730784916811726,0.18160074725040937
doc138,0.0006004330376627192,0.046291096395356404,0.0006003933048175633,0.07278225899526541,0.0006003347568750014,0.879125483510023
doc139,0.36902681975167706,0.0023482779788678034,0.28220477341230316,0.002348188043146643,0.002348504214613722,0.34172343659939175
doc140,0.0014580810926987137,0.0014581378484489177,0.5237060480994623,0.32231860040966404,0.0014579020234320437,0.1496012305262939
doc141,0.0005863203565016368,0.3591556931957684,0.05322007249325034,0.0005863676061079546,0.0005862572304908767,0.5858652891178808
doc142,0.2374417595989197,0.0008962528138246133,0.11417205370043171,0.6456973880434811,0.0008961848987336842,0.0008963609446091485
doc143,0.0009942523383250333,0.0009941939630745075,0.7354611286711783,0.000994345290474273,0.2605617245636532,0.000994355173294744
doc144,0.0014796782336343021,0.0014795734231877894,0.7362657293548384,0.0014796337601420547,0.001479570005707639,0.25781581522249
doc145,0.20763947008095698,0.0015018897961191103,0.0015017910336594007,0.02878937351349288,0.001501819503924952,0.7590656560718466
doc146,0.00128910684656805,0.0012890426530913544,0.5262351985594022,0.0012890099495328697,0.0012887779169424708,0.46860886407446306
doc147,0.03852620667096611,0.0019383403001283933,0.0019385708379914001,0.49480555812607646,0.07483388287902232,0.3879574411858152
doc148,0.0012888007535748903,0.0012888244657560796,0.0012890042587284688,0.0012891543399927816,0.0012889099825815597,0.9935553061993663
doc149,0.25467988961875887,0.4879621780890566,0.001479527559057148,0.00147958720424024,0.001479391702429304,0.2529194258264577
doc150,0.12714680026268585,0.0011040404171356833,0.0011039310648648664,0.0011040297474418515,0.05972554974469474,0.809815648763177
doc151,0.0013056510666188013,0.0013057707343992072,0.0013057461830470974,0.001305917702324847,0.001305589546259009,0.9934713247673511
doc152,0.0006823050420291667,0.0006823373304242805,0.953136126901765,0.028684238602064153,0.0006823941513366665,0.016132597972380685
doc153,0.00306848440292573,0.12448532748351569,0.003068167101669533,0.003067712239449137,0.003067643262288808,0.863242665510151
doc154,0.0010920621483417078,0.15717836316975564,0.8384536457349033,0.0010920093391576316,0.0010918613718085585,0.0010920582360330444
doc155,0.03872024809613796,0.0005569254795948727,0.4722371143994609,0.0005569159257866871,0.0005568554376796475,0.48737194066133976
doc156,0.0007777263671627137,0.0007777781744540647,0.0007778199719520901,0.0007777908711408446,0.3329639120770335,0.6639249725382569
doc157,0.506264706818903,0.489593213323553,0.0010354753352352193,0.001035426935847839,0.0010357210245170495,0.0010354565619437783
doc158,0.2089029597519356,0.7681971738964647,0.0012112022415783398,0.019266966166589405,0.0012107913550498343,0.00121090658838205
doc159,0.0010574039212362697,0.19081804650916057,0.42300840361214376,0.3830012912420081,0.0010574112269868775,0.0010574434884646155
doc160,0.001767372180107059,0.05735932151551285,0.0017673389031780315,0.9355716203288874,0.001767079589549893,0.0017672674827647066
doc161,0.0012109580325106932,0.5741146324797619,0.421041775196132,0.001210938052148405,0.0012108292739306068,0.0012108669655163285
doc162,0.18638227149101813,0.15911587912270747,0.33016476209443224,0.322222596428199,0.001057191283652342,0.0010572995799908425
doc163,0.5920738431473198,0.0013776914899319744,0.40241556859758043,0.0013776804185417406,0.0013775374589882277,0.0013776788876379384
doc164,0.0008027438616384761,0.0008027539816816435,0.0008028486465274161,0.9959861189862117,0.0008026782690490645,0.0008028562548917899
doc165,0.05231727335020183,0.000912716633231783,0.9440321256192356,0.0009126600301441869,0.0009125263295892786,0.0009126980375974067
doc166,0.0015020302416011945,0.0015017214903780655,0.001502006532701962,0.9924905737116921,0.0015017328350522012,0.001501935188574403
doc167,0.0024043065867266435,0.002404475021547344,0.002404446029845333,0.9879783805519547,0.0024040373937056873,0.0024043544162202007
doc168,0.0009654387773252743,0.19661620567710678,0.7995217134400047,0.0009658036965788867,0.0009654072225223801,0.0009654311864620655
doc169,0.0022428720849068436,0.002242915172474461,0.0022427953670834284,0.16485563561273206,0.22143253800735796,0.6069832437554452
doc170,0.40071448263443554,0.00042634616970829725,0.5308538980190745,0.008435022315366044,0.0004262821137530981,0.059143968747662645
doc171,0.004631659719559503,0.0046308191661257846,0.004631955314835399,0.8641559550692965,0.11731768364518201,0.0046319270850008285
doc172,0.001831838789667152,0.9271537729881992,0.0018317278164668867,0.0655188861947215,0.0018317248945713305,0.0018320493163737864
doc173,0.00210139352232612,0.24105800149161324,0.5957541656966249,0.1568838523815153,0.0021012603707670887,0.0021013265371532816
doc174,0.001168575966859487,0.001168563771930126,0.30468216279300026,0.6072275039155884,0.0011686246055275461,0.08458456894709414
doc175,0.5659949829227123,0.0012564795282429071,0.4289786961988926,0.0012566031458557125,0.0012565201244745094,0.0012567180798216703
doc176,0.22370234322258079,0.0003100704382832406,0.2838450739742005,0.00031007896958462475,0.0003100876359389987,0.49152234575941195
doc177,0.0011683190604592675,0.001168340138058856,0.001168736147333423,0.0011684417005848604,0.0011684601096443213,0.9941577028439194
doc178,0.001397050330057485,0.2958727947439831,0.11389447867383874,0.0013969439368644626,0.08789259561601086,0.49954613669924536
doc179,0.0014579174324052505,0.001457930768987266,0.2734333532861936,0.0014579867895404943,0.04167915557832483,0.6805136561445485
doc180,0.36409608213807504,0.6334584829589429,0.000611348270049238,0.0006113858227893055,0.000611316474860727,0.0006113843352829346
doc181,0.0014796449533549315,0.3677574016140131,0.6263231744115766,0.0014795436172278069,0.0014806395918552852,0.001479595811972344
doc182,0.00280996353181589,0.21341474006237204,0.002809785603342086,0.24385063381674285,0.0028094377285135283,0.5343054392572136
doc183,0.001014318561216894,0.0010143310665502113,0.0010143342805295885,0.0010142929994772427,0.9949283242972232,0.0010143987950028896
doc184,0.001014318561216894,0.0010143310665502113,0.0010143342805295885,0.0010142929994772427,0.9949283242972232,0.0010143987950028896
doc185,0.0009211464798982257,0.0009211160850138628,0.9953946449429364,0.0009210824258883,0.0009209459909045363,0.0009210640753588554
doc186,0.003164723768680844,0.003164959776469084,0.0031651235005391897,0.9841754308277239,0.003164982964235887,0.003164779162351267
doc187,0.2263092724745142,0.6709553312960812,0.0011823702471553876,0.09918837997530902,0.0011822549985085525,0.0011823910084315
doc188,0.0005113958028570696,0.6186413971523479,0.37931320358485415,0.0005113725035839896,0.0005113092086020097,0.0005113217477548257
doc189,0.0009654387773252743,0.19661620567710678,0.7995217134400047,0.0009658036965788867,0.0009654072225223801,0.0009654311864620655
doc190,0.0024633905827001253,0.002463926149432381,0.5309167396523291,0.0024640292259427506,0.0024640259238945684,0.45922788846570106
doc191,0.2601974513309304,0.2349912876706431,0.20945500402742306,0.2783457004969057,0.016453652135411476,0.0005569043386860924
doc192,0.5335574909401988,0.002404579449699086,0.37991100760379404,0.0024045098590066397,0.07931796757327401,0.0024044445740274783
doc193,0.001597768409131194,0.8983957622590075,0.0015979232786757747,0.09521316945528985,0.0015977032835773194,0.0015976733143183816
doc194,0.0024640131557511808,0.4833470651586776,0.002463457783694118,0.002463546286197828,0.002463377792185449,0.5067985398234938
doc195,0.5659949829227123,0.0012564795282429071,0.4289786961988926,0.0012566031458557125,0.0012565201244745094,0.0012567180798216703
doc196,0.08895262639886296,0.0009472958583127906,0.242467427208229,0.0009472675302412949,0.0009470921356097002,0.6657382908687443
doc197,0.0017988940333595808,0.24072097875126783,0.6510321013105996,0.001798818491393232,0.10285007509861988,0.001799132314759974
doc198,0.15959697228358716,0.1634888289209255,0.12393542552163668,0.0007543451891157918,0.08907823335087672,0.4631461947338582
doc199,0.640594644485195,0.15672284808144077,0.0008963088330222203,0.0008963132049496252,0.0008961511359332271,0.19999373425945918
doc200,0.36554922369585113,0.0007964361719785251,0.4001562913786641,0.0007963839998855774,0.0007964619794693462,0.23190520277415147
doc201,0.20824071777619843,0.056067167085446144,0.20211608506700304,0.1921236338722962,0.001046217171407444,0.34040617902764875
doc202,0.5118548695882926,0.0003928833541719044,0.3820830339320383,0.00039286261662612295,0.0003928699506532188,0.10488348055821779
doc203,0.18619469194914953,0.20368836748172273,0.0009564412531144167,0.0009562766919746428,0.0009561900271909227,0.6072480325968477
doc204,0.18735959417683407,0.001832058679452637,0.11034062140737196,0.0018319246032540044,0.001832157943253483,0.6968036431898338
doc205,0.0013058676595995385,0.0013057804328901748,0.001305682630486821,0.0013056140888504215,0.001305658773925271,0.9934713964142478
doc206,0.08366600383034196,0.08123059750906016,0.001196532697828772,0.09977109610598672,0.0011963093374759758,0.7329394605193065
doc207,0.3460763753479403,0.0016507690578469341,0.0016506878929658383,0.0671453110879744,0.0016506509360778088,0.5818262056771948
doc208,0.013159270131489898,0.013159155474248216,0.013160042123786145,0.013159174395819217,0.013164271558299946,0.9341980863163566
doc209,0.30837394906483173,0.0022426646325399355,0.6826540627297596,0.0022428772146251903,0.00224340827515143,0.002243038083092097
doc210,0.12176373343840882,0.3532849786555822,0.18892022855539956,0.002146652424896503,0.002146617187609361,0.33173778973810364
doc211,0.0005898094350563238,0.9067365999422823,0.0005897462132514734,0.0005897428175809066,0.0005897199400624879,0.09090438165176642
doc212,0.0013406591702685908,0.001340741049027227,0.001340960671820775,0.9932959049316465,0.0013406371599324488,0.0013410970173043655
doc213,0.0017368850013633277,0.99131667713047,0.0017365516357642542,0.0017366159273424619,0.001736502682798636,0.001736767622261449
doc214,0.0019014612251502582,0.12285261110584172,0.4745306382456338,0.3093105232117467,0.08950304980894405,0.0019017164026834633
doc215,0.0013059461826250688,0.0013057107793733932,0.6350372331141405,0.19144905499592033,0.001305633603038407,0.16959642132490227
doc216,0.58201653575291,0.15031320349784474,0.0007165449943195596,0.21962353763248957,0.046613638013171824,0.0007165401092642003
doc217,0.00265997101729242,0.17409911589333144,0.002660180040816212,0.8152607293545443,0.0026598849292470508,0.002660118764768539
doc218,0.06293813252125015,0.28459288853877773,0.29851217255945245,0.000843348617315631,0.0008433685459279406,0.35227008921727615
doc219,0.8112941963446453,0.1375194402510325,0.0008729345943897279,0.0008729617279430383,0.04856752720559528,0.000872939876394166
doc220,0.0017673058169974227,0.8104094946072274,0.0017674493347853827,0.1825213011304526,0.0017670242180538413,0.0017674248924833325
doc221,0.001736520362409908,0.0017368083198487643,0.0017366859529297652,0.8792455264720463,0.0017366493274952014,0.1138078095652701
doc222,0.3335937071358685,0.0019769423691387757,0.06484186083129788,0.16364108250692685,0.0019764251132269512,0.4339699820435411
doc223,0.15652425681243945,0.000974936233974752,0.5099801138246094,0.0009749460903847304,0.0009748724706896375,0.330570874567902
doc224,0.5616707143387657,0.0007600950323847185,0.420311282959144,0.0007600398057234851,0.015737752726356396,0.0007601151376258346
doc225,0.02979782190231012,0.017134716442130382,0.10699802164081909,0.00030165014224644193,0.00030159638984249455,0.8454661934826515
doc226,0.0013591069551791787,0.001359186769434968,0.3655407876333027,0.39575107074823107,0.022960786962816563,0.21302906093103555
doc227,0.6099183035748985,0.003760943338352665,0.0037605677596508486,0.003760234227835413,0.0037603203978466143,0.37503963070141594
doc228,0.0007543517635297261,0.0007543735696873487,0.0007543253904496713,0.74005059759057,0.000754248814180084,0.256932102871583
doc229,0.08387629147957762,0.0016784718550685975,0.2508610154979824,0.0016782675531814071,0.0016782270886618316,0.6602277265255281
doc230,0.0007963259659958269,0.0007963138443126801,0.0007964869736994406,0.8605368790592509,0.0007963031975623278,0.13627769095917877
doc231,0.12698880461231457,0.0009749275523029437,0.5341049357693689,0.0009748714126403871,0.0009749732156934336,0.33598148743767964
doc232,0.00042636174621611607,0.00042638113121416956,0.4582816659078088,0.00042634981073710247,0.03246478176935865,0.5079744596346651
doc233,0.0011683190604592675,0.001168340138058856,0.001168736147333423,0.0011684417005848604,0.0011684601096443213,0.9941577028439194
doc234,0.001014318561216894,0.0010143310665502113,0.0010143342805295885,0.0010142929994772427,0.9949283242972232,0.0010143987950028896
doc235,0.00047268694803202023,0.6329907842817182,0.19383185492914456,0.0004727161621425605,0.0004726425249725142,0.17175931515399015
doc236,0.001014318561216894,0.0010143310665502113,0.0010143342805295885,0.0010142929994772427,0.9949283242972232,0.0010143987950028896
doc237,0.15198861595803104,0.0005248191362907889,0.0005248291438475527,0.061580941285479286,0.0005247396393745405,0.7848560548369767
doc238,0.00038236650441478574,0.00038236781150039053,0.8282668122558358,0.000382352181961437,0.00038230555338837537,0.17020379569289923
doc239,0.0006227699865233827,0.00062278036625737,0.07294197886673348,0.0006228324262361417,0.0006227210757304599,0.9245669172785193
doc240,0.0006151326223609741,0.000615138965524666,0.0006151897787099399,0.0006152255637100497,0.0006151322711427591,0.9969241807985516
doc241,0.0011289637970082291,0.3019154311716764,0.0011288894300830329,0.001128964574009035,0.0011287883811529366,0.6935689626460703
doc242,0.25298031123048603,0.0016782656738286732,0.0016782136152228857,0.0016782150930475673,0.001678237855101768,0.740306756532313
doc243,0.0009296563538688906,0.0009298141730709801,0.0009296652336207928,0.0009296952006173275,0.0009294921915141872,0.9953516768473079
doc244,0.0037601766710179344,0.360456585550363,0.37700197734549334,0.003760450675441647,0.0037602306503775828,0.25126057910730637
doc245,0.5592919753880142,0.0004453714297437715,0.0004453929836593411,0.0004453358167191294,0.0004453228639982332,0.43892660151786533
doc246,0.002242572901234033,0.9887873968472316,0.0022425593820702685,0.0022426050632157806,0.002242428246036504,0.0022424375602118946
doc247,0.6234618283907459,0.0016504667190832855,0.0016506235743153853,0.0016507173961083244,0.0016502556405181348,0.3699361082792288
doc248,0.0009384561782895219,0.0009383487776886676,0.0009383273431254321,0.9953083602942546,0.0009382255006847929,0.0009382819059569563
doc249,0.0009210724011267615,0.0009210886823651365,0.30437996493706027,0.0009210554430807377,0.11755699681873995,0.5752998217176271
doc250,0.00045138924040465507,0.0004513446954767465,0.22822563614684946,0.00045137014031494465,0.016911619773081758,0.7535086400038725
doc251,0.00028367158129203115,0.036024906795633284,0.0002836931620819222,0.00028369739560434097,0.017295216282251915,0.9458288147831365
doc252,0.004238404697619894,0.41344120295148634,0.5696055673368237,0.004238046684857957,0.004237696197712317,0.00423908213149979
doc253,0.09812966917283436,0.042403438721254315,0.7770196395869864,0.0008882734516124748,0.0008884730077020614,0.08067050605961044
doc254,0.718520997620954,0.27836785299267885,0.0007777824550244697,0.0007777829489673768,0.0007777942375647299,0.0007777897448105666
doc255,0.0013589572759037092,0.0013592104357084953,0.0013590814858761772,0.7387375153527417,0.0013588818497633783,0.25582635360000655
doc256,0.0012108396194850173,0.0012108617120776821,0.0012110227618045194,0.8506127283968091,0.05388639065319804,0.09186815685662555
doc257,0.9022889932960454,0.09615789289815645,0.0003883134012638471,0.0003882895904456031,0.0003882332591445383,0.00038827755494436414
doc258,0.0007544618430524649,0.0007542573150025984,0.0007545283491309607,0.06817184033998946,0.0007542683696508849,0.9288106437831736
doc259,0.10592776754099809,0.19411233804859016,0.0021462614854119424,0.2209018836420676,0.002146357604274042,0.4747653916786582
doc260,0.0007900357110780191,0.0007899898896654139,0.000790033679501746,0.0007900388366551663,0.0007901666226625733,0.996049735260437
doc261,0.013159270131489898,0.013159155474248216,0.013160042123786145,0.013159174395819217,0.013164271558299946,0.9341980863163566
doc262,0.0013058676595995385,0.0013057804328901748,0.001305682630486821,0.0013056140888504215,0.001305658773925271,0.9934713964142478
doc263,0.010417746800266846,0.01041803355678547,0.010417721899886209,0.010417882794092056,0.010421431261044244,0.9479071836879253
doc264,0.0014370592928431103,0.9142400008609103,0.08001123684690657,0.0014371103260835815,0.0014373857188693406,0.001437206954387117
doc265,0.0012109109390747227,0.001210928689293773,0.001210966916279764,0.9939453779784185,0.0012107532085118351,0.0012110622684213255
doc266,0.001976491327179929,0.0019770264534533693,0.0019766183792224033,0.18120043307488387,0.10001931946219864,0.7128501113030618
doc267,0.9570229592616566,0.00065988918640366,0.0006597570147049967,0.040337933893239225,0.000659731119769791,0.0006597295242257848
doc268,0.0002219958363858459,0.095077605295638,0.00022197950701676524,0.6921350071914805,0.00022195612718811715,0.21212145604229077
doc269,0.0015484191065336928,0.8177915359086868,0.0015485440262498317,0.17601478335723791,0.001548197549891068,0.0015485200514007307
doc270,0.07220374375040763,0.25453358393295145,0.0017991477271664597,0.6678659452222325,0.0017987224551576214,0.0017988569120842507
doc271,0.0012725862011936369,0.46398417391854596,0.4217340146647459,0.11046414088714535,0.0012725647635590154,0.001272519564810098
doc272,0.0009384561782895219,0.0009383487776886676,0.0009383273431254321,0.9953083602942546,0.0009382255006847929,0.0009382819059569563
doc273,0.00265997101729242,0.17409911589333144,0.002660180040816212,0.8152607293545443,0.0026598849292470508,0.002660118764768539
doc274,0.001024840700374605,0.025890337647334078,0.14170501022187085,0.5682322880351894,0.0010248227439973584,0.2621227006512337
doc275,0.0009472574567053564,0.0009471537319787943,0.0009472317035292445,0.9952640065006744,0.0009471180733241029,0.0009472325337880333
doc276,0.0008727671216573553,0.0008728207144597574,0.9775637434945375,0.0008727557837689509,0.01894522026943303,0.0008726926161435068
doc277,0.0005087982479314032,0.0005088095270903042,0.9699350861779819,0.028029791039457717,0.0005087120387361545,0.0005088029688026548
doc278,0.0005247976750320151,0.0005247341155929608,0.0005248898017536077,0.8940843075045785,0.0005247445038078633,0.10381652639923517
doc279,0.006412142703620597,0.8050682740894756,0.1692837762031996,0.006411676971610328,0.006410777789082966,0.006413352243011044
doc280,0.0009943553098837976,0.1587625090336385,0.0009943603248947167,0.5934287973756177,0.0009943037332363375,0.2448256742227288
doc281,0.00043186731874982634,0.10935323913639035,0.8415649337179548,0.0004318669423384484,0.0004318570649786983,0.04778623581958775
doc282,0.052412549484358084,0.0012409915514041909,0.8349829820536151,0.001241055337387146,0.10888124526110027,0.0012411763121353864
doc283,0.04975654557513611,0.000553858547183918,0.5535973058758112,0.13345391480162513,0.0005539265860916966,0.2620844486141519
doc284,0.0020165323190822673,0.0020169014831179334,0.002016624606412884,0.5650615798598083,0.0020162628697846336,0.42687209886179406
doc285,0.0010801363764826617,0.0010801766440025075,0.0010801648164637466,0.48247816905755825,0.0010803220264157113,0.5132010310790771
doc286,0.07464957435556442,0.40758811731337935,0.45353080574127086,0.06312365386140031,0.0005540162172229249,0.0005538325111623043
doc287,0.0018319781658088883,0.252753028981597,0.0018319317163832658,0.7399192420479997,0.00183176341996292,0.0018320556682480341
doc288,0.5268712543124622,0.0014370141489586572,0.4673806359748024,0.0014370582205794776,0.001436923497556129,0.0014371138456410954
doc289,0.0010573885188749498,0.0010573936838307822,0.09367745299470503,0.0010572940632977848,0.0010573386467245167,0.9020931320925669
doc290,0.0013056651013784893,0.001305779205883751,0.0013057901854007443,0.001305848797407788,0.00130577983285254,0.9934711368770767
doc291,0.30566843634763924,0.0015979820607325552,0.2535185370468566,0.0015980812037029737,0.0015980755059103037,0.43601888783515824
doc292,0.0039073105495582286,0.3117527070590538,0.003907277270099368,0.003907052454256978,0.003907309348468087,0.6726183433185635
doc293,0.0010247330806576484,0.001024774775709671,0.0010247513290131307,0.0010247281600114762,0.9948762108195136,0.0010248018350944613
doc294,0.0010247330806576484,0.001024774775709671,0.0010247513290131307,0.0010247281600114762,0.9948762108195136,0.0010248018350944613
doc295,0.0015483120013896937,0.0015482439538008108,0.9922583178109184,0.0015485289638328425,0.001548280234555317,0.001548317035503116
doc296,0.001080204421399547,0.43865403377240014,0.5570253029936078,0.0010801609325282163,0.00108018643525573,0.0010801114448086067
doc297,0.3911196039547457,0.606357882175994,0.0006306079678142657,0.0006306348324080023,0.0006306051076764077,0.00063066596136178
doc298,0.0011824856151020722,0.001182390768574876,0.9940882364004676,0.0011823407613772744,0.0011821588424795245,0.0011823876119986198
doc299,0.5781722263245392,0.3231325226700248,0.0011550097598652365,0.0011549287178836667,0.0011548388330539195,0.09523047369463324
doc300,0.0005448148776098968,0.0005447843559090242,0.7075203806233816,0.0005447804570735054,0.2903004782992169,0.0005447613868091504
doc301,0.22992282459624416,0.0011685635322140795,0.6272254488428524,0.13934600600004457,0.0011685304779670948,0.0011686265506778294
doc302,0.30098829573430513,0.33717303277163,0.0023479616053587115,0.0023478091105162613,0.0023479540564288162,0.35479494672176104
