,topics0,topics1,topics2,topics3,topics4,topics5
doc0,0.7069783878299457,0.0006869646159564144,0.2902737363592153,0.0006869685384304696,0.0006869102218424845,0.0006870324346097197
doc1,0.0004912657842048193,0.060887950147687955,0.20749763495384213,0.705226789891243,0.0004912234667603306,0.02540513575626169
doc2,0.002058073807019298,0.0020581140041156746,0.28866981176377876,0.002058008505811669,0.002057697523300019,0.7030982943959746
doc3,0.4091062447671666,0.24264988644977292,0.0006114338560090098,0.34640951391941643,0.0006114997322074477,0.0006114212754275614
doc4,0.0019383485233518418,0.001938578998126412,0.0019386417539484966,0.37792145117732634,0.0019381688692133277,0.6143248106780336
doc5,0.002660019885584063,0.9866997789913952,0.00265993588465958,0.0026604619926153864,0.002659745292146098,0.0026600579535997243
doc6,0.003497414533798083,0.00349711065710784,0.0034975334275400725,0.003497815003751892,0.0034969148465968003,0.9825132115312053
doc7,0.0019014405698909863,0.8780526254308834,0.0019013444492662905,0.0019014490663879248,0.0019016182033870547,0.11434152228018432
doc8,0.0007839350610135453,0.9960804033293276,0.0007840960752101385,0.0007838646350079369,0.0007837909473194873,0.0007839099521213184
doc9,0.0010041949332430782,0.7273118120629336,0.001004260085522921,0.1907986989371888,0.07887680186092487,0.0010042321201866166
doc10,0.0007778681378994487,0.7965210670062763,0.12174803426975697,0.0007778052312182577,0.07939739350275532,0.0007778318520935114
doc11,0.000691666768371132,0.8674682037429976,0.0006916791825731813,0.09025266773212705,0.0006916645924999037,0.04020411798143099
doc12,0.6854452953207596,0.066415969762556,0.0009210656078734187,0.2453757256778711,0.0009209820892187118,0.0009209615417211973
doc13,0.000912764755099046,0.0009125480008461813,0.0009127360235987904,0.0009127541866946651,0.9954366122072315,0.0009125848265298921
doc14,0.000912764755099046,0.0009125480008461813,0.0009127360235987904,0.0009127541866946651,0.9954366122072315,0.0009125848265298921
doc15,0.00043188253590955097,0.4975685040735952,0.10883143161683358,0.380223615371534,0.012512677845826955,0.00043188855630065903
doc16,0.0007431259748935189,0.35786992420990343,0.6294504070371724,0.0007431375621225362,0.01045021756350981,0.0007431876523979697
doc17,0.0020165361314415505,0.002016397745500939,0.002016454418363145,0.002016700028121129,0.0020163879833461668,0.989917523693227
doc18,0.03657910239072474,0.4779921296965763,0.0012410831109980207,0.48170555577673024,0.001240983656379742,0.001241145368591028
doc19,0.001142046183938571,0.7960409904725616,0.1699878472018144,0.03054565309184892,0.0011417257200749692,0.0011417373297614858
doc20,0.0004356123267953325,0.533877778918557,0.26961397420611577,0.195201398036805,0.00043557409120554603,0.00043566242052125466
doc21,0.3978832530901417,0.0013056331831449255,0.001305817370182635,0.0013061417305808083,0.0013056560224087993,0.5968934986035412
doc22,0.0021015388194985207,0.29863214151424883,0.0021012944802018116,0.0021015643534328865,0.0021013671442944187,0.6929620936883235
doc23,0.23032537406894626,0.42451960072350875,0.15321190834836548,0.18821047446746209,0.0018665144620991008,0.0018661279296183773
doc24,0.5079118623615748,0.31812459815856464,0.0004795062572289266,0.1725249692208786,0.00047951409594128606,0.00047954990581170387
doc25,0.0015018299233295063,0.4107602940523122,0.0015019126139819154,0.001501879422543165,0.0015017420764716636,0.5832323419113616
doc26,0.09108059914613474,0.6290088547546152,0.16786842795263546,0.10962025188872819,0.0012109199416553383,0.0012109463162309983
doc27,0.3750074177364076,0.13289430517569875,0.03482017821507526,0.45518571695350885,0.0010461434610494792,0.0010462384582600472
doc28,0.14528707998901305,0.4428495542698004,0.3815605757712121,0.0008294983487290376,0.0008293978691245016,0.028643893752120973
doc29,0.025083665362883173,0.7279258097974661,0.24279967625836266,0.00139709314227519,0.001396839675325433,0.00139691576368717
doc30,0.0005897371689684144,0.0005897743403959127,0.9970513536813784,0.0005897206826712115,0.0005896787254994493,0.0005897354010866243
doc31,0.0005933583487673041,0.9295072183126074,0.0005933003904689501,0.030994824258529688,0.000593244537671008,0.0377180541519557
doc32,0.2702396681089814,0.6193985178878083,0.0039072605527159954,0.003907157094181069,0.003906567141495326,0.09864082921481787
doc33,0.0015975920449065866,0.5478232584086636,0.0015976397671115213,0.44578588156296806,0.0015979479160418294,0.0015976803003083379
doc34,0.00033722469333576896,0.11260523871799648,0.42893379151892264,0.45744930813365037,0.000337225874742342,0.00033721106135257923
doc35,0.13733708909251827,0.5845005808338365,0.11477804860345343,0.0008157905161233609,0.06663367432638657,0.09593481662768193
doc36,0.2158660808681861,0.13581366070487,0.0012888814366091503,0.0012891283127232046,0.08082298210582615,0.5649192665717855
doc37,0.0007216387419834588,0.6624347221620588,0.2777931671550074,0.0007217189498498902,0.02463979763173759,0.033688955359362886
doc38,0.0009654228258121816,0.0009656172340947731,0.000965657655366428,0.03063881037882993,0.0009654702029575347,0.9654990217029391
doc39,0.08785579150496084,0.0007601156497950098,0.27215779528663336,0.09186938934936872,0.0007600395465723289,0.5465968686626699
doc40,0.0010463456993928578,0.0010463348103460885,0.8357811331366495,0.16003368348993635,0.0010462527343476928,0.0010462501293274876
doc41,0.0015727307379501544,0.001572795794805307,0.18642250537437485,0.8072867135984468,0.0015725025174344084,0.0015727519769884123
doc42,0.060235646533760574,0.0026606145076427897,0.002660082650708923,0.7506688080327291,0.002660600260858052,0.18111424801430054
doc43,0.3903027118777242,0.001678354210534086,0.6029842181679609,0.001678245798688483,0.001678179302551627,0.001678290642540702
doc44,0.00046825974600540323,0.6674750501792294,0.0004683099757960028,0.03365217389025038,0.0004682420921010852,0.2974679641166178
doc45,0.6216276300811946,0.0012410510698163358,0.0012411515822142887,0.37340792729530287,0.0012410461700499515,0.001241193801422
doc46,0.0009044372226770194,0.4210542003792002,0.3120963915224366,0.20940485756801624,0.0009042824212713939,0.05563583088639866
doc47,0.6867643462107151,0.0010043551282093843,0.001004284519313918,0.30921835908109535,0.0010042763607727022,0.0010043786998936287
doc48,0.0010354531266489123,0.001035504197001595,0.0010354443878323504,0.7212600288937445,0.0010353642906294083,0.2745982051041433
doc49,0.27670333254900625,0.0017991240722562574,0.0017990513002974317,0.0017989883938290079,0.0017987043425395787,0.7161007993420714
doc50,0.3972733914968939,0.20300579624473925,0.003907026222689953,0.3879993594455388,0.003907157629432005,0.003907268960706097
doc51,0.000984515768043127,0.10743464373686308,0.4649821625132039,0.10238187614170279,0.12987740648053306,0.194339395359654
doc52,0.9778689230989196,0.0044266905737513915,0.00442584296876112,0.0044257514808355705,0.0044268086922637576,0.004425983185468522
doc53,0.03465095835094741,0.0009942607214720497,0.7141119250039135,0.1988173953898832,0.0009942457029959656,0.05043121483078786
doc54,0.0010354566475337939,0.0010354409199153426,0.0010353183477013123,0.0010356471330521533,0.9948228136631722,0.0010353232886253629
doc55,0.0010354566475337939,0.0010354409199153426,0.0010353183477013123,0.0010356471330521533,0.9948228136631722,0.0010353232886253629
doc56,0.05099437144585976,0.27569065609562887,0.2473512504126407,0.260916884498831,0.0006306640907022773,0.16441617345633736
doc57,0.06238783023588221,0.001154989105403007,0.18544586213550018,0.0011549056048929366,0.0011548807073474686,0.7487015322109741
doc58,0.032495172551705136,0.0017671772648230966,0.0017671354321327935,0.35169469214466237,0.0017670462546110592,0.6105087763520656
doc59,0.08757679137002863,0.0016783196781355789,0.07219695823530688,0.001678197540036433,0.0016779889407189147,0.8351917442357736
doc60,0.001377706615166408,0.1602186051519856,0.0013777820856196504,0.3845852818106122,0.0013777694613519899,0.45106285487526415
doc61,0.0013230962032148802,0.1442914213734554,0.40822281989862697,0.0013231275722009053,0.001324205539086125,0.44351532941341565
doc62,0.4109302849747438,0.18610818973251558,0.11064349787019821,0.2911722412612703,0.0005728869065065183,0.0005728992547655495
doc63,0.009437264379560568,0.009437027876201829,0.9528122965958068,0.009435542738143081,0.009440504752131703,0.009437363658156029
doc64,0.6655636619522602,0.13391967856326256,0.0031648668968670382,0.003165027419387194,0.0031652349998842785,0.19102153016833867
doc65,0.06287649445795135,0.00135906653490844,0.6888424402302593,0.21469165012450503,0.0308712875815912,0.001359061070784931
doc66,0.06250288171742457,0.03360943779560558,0.9026996300881582,0.00039606459524782586,0.00039595548840881694,0.00039603031515496524
doc67,0.0022941875656749015,0.0022940569096700594,0.0022939874649418844,0.002293928941536066,0.0022936520643751933,0.9885301870538019
doc68,0.0006641962749820684,0.3869529368538792,0.373864194920037,0.0006641516116961405,0.2371903956969428,0.0006641246424628028
doc69,0.0010462648079076905,0.0010463623007617325,0.5909036407224247,0.0010463814062423383,0.0010467475350044515,0.40491060322765915
doc70,0.001340754116103475,0.12493566429237278,0.4052979147770607,0.4657439157873741,0.0013409081123837727,0.0013408429147051303
doc71,0.0012411501880010777,0.26392125385765286,0.10958726087735114,0.181815574732473,0.0012408579602144454,0.44219390238430745
doc72,0.3643686026651591,0.2934718762376291,0.0010574292308600831,0.3389873878165739,0.0010574879772921391,0.0010572160724856513
doc73,0.5029657899016188,0.30891684418485565,0.0012257439080521036,0.18444008927911335,0.0012256735521646907,0.0012258591741957274
doc74,0.0027328416917279234,0.0027329414729274385,0.002732666765984064,0.8534701363264391,0.13559836516618926,0.0027330485767323204
doc75,0.0005897371689684144,0.0005897743403959127,0.9970513536813784,0.0005897206826712115,0.0005896787254994493,0.0005897354010866243
doc76,0.0009126903301959055,0.6904442588003803,0.000912619099996197,0.0009126977019418901,0.00091262390064662,0.30590511016683897
doc77,0.0009472627861630699,0.8024723664900152,0.16741065429879723,0.0009471615470430787,0.027275360586538504,0.0009471942914429704
doc78,0.003068383511642518,0.9408559890813385,0.003068344003052942,0.04687069722545682,0.0030685086730936144,0.0030680775054156995
doc79,0.0004912907791054099,0.6216766854111305,0.3408964877853774,0.0359530425872407,0.0004912020455501888,0.0004912913915957097
doc80,0.0007431592147382877,0.6277225915838044,0.2701105008958862,0.0007431433834876383,0.000743073572361725,0.09993753134972193
doc81,0.5687321429159744,0.12814144559765167,0.0006686158660021478,0.2862573031718154,0.015531966485009104,0.000668525963547349
doc82,0.0014795088572668543,0.4320375293727764,0.4615081264824847,0.05968839076174872,0.0014797321120294277,0.043806712413693785
doc83,0.0017365729918495617,0.8543869153164666,0.0017367233243620074,0.1386667542792291,0.0017366261509701168,0.0017364079371227062
doc84,0.10200056273439792,0.09771356168174723,0.676885824052931,0.12222044423886917,0.0005898423977778103,0.0005897648942770382
doc85,0.16158060690406462,0.30270294707360085,0.24275174549621864,0.29080443931799793,0.001080075327988118,0.001080185880129885
doc86,0.0028094422621235296,0.16701502795272397,0.6164488228541731,0.1547709242925382,0.056145483140005135,0.0028102994984361006
doc87,0.0011964937941266608,0.0011964279053931332,0.05579605929489898,0.0011965513892389808,0.0011963125561383493,0.9394181550602039
doc88,0.001035518410397228,0.3152163851246473,0.22345308754404739,0.45822403982129645,0.001035487846662703,0.001035481252948844
doc89,0.5321812768370392,0.14608220994594293,0.0008159582606818321,0.319288748883454,0.0008158375501452579,0.0008159685227369048
doc90,0.0004726807822685766,0.42256281813034025,0.00047271738642847314,0.5755464338953545,0.00047264317534026983,0.0004727066302680074
doc91,0.2817088872271628,0.30076456328124285,0.31985048167463465,0.09558348993139155,0.0010462149965063496,0.0010463628890618661
doc92,0.0017070852294387177,0.5938810070053937,0.2515999277181343,0.0017069982573130402,0.0017072219901243448,0.14939775979959585
doc93,0.000904339746547013,0.0009044210494165366,0.6743101171837675,0.0009043635219875425,0.030452562705683504,0.2925241957925978
doc94,0.0011684634137546653,0.001168481258207984,0.0862058639628807,0.001168588809505429,0.001168404770299339,0.9091201977853519
doc95,0.001767185862909316,0.3791652163724818,0.2596084313707002,0.001767343454274466,0.0017674496144114502,0.3559243733252229
doc96,0.05454056882544438,0.0006307296389793778,0.07904968603859995,0.6962572146504425,0.0006306581569462767,0.16889114268958727
doc97,0.0017068641938058722,0.24380774185896711,0.7493649856180756,0.0017067693493418592,0.0017068497163405462,0.001706789263468953
doc98,0.05775014675460088,0.90555459296349,0.0008433559684903496,0.0008433235225912793,0.03416513073625508,0.000843450054572442
doc99,0.002242621659506857,0.5737783554391951,0.21177486882526003,0.00224279288358635,0.002243018921983589,0.20771834227046795
doc100,0.0010144168424535739,0.8695733218566756,0.12636887007880887,0.001014501262279295,0.0010144789251177325,0.0010144110346648728
doc101,0.0009561712704468749,0.0009561641984071339,0.0009561988987245261,0.000956124288063205,0.9952191844927425,0.0009561568516157061
doc102,0.0009561712704468749,0.0009561641984071339,0.0009561988987245261,0.000956124288063205,0.9952191844927425,0.0009561568516157061
doc103,0.30152485944372925,0.62835437745457,0.0009383593829135124,0.0009383020544242256,0.0009381510318945437,0.0673059506324686
doc104,0.05246797982633536,0.5459455876174736,0.14399487971381736,0.14792856895555478,0.0713706314296982,0.03829235245712067
doc105,0.0009562487115872864,0.0009563293103285441,0.000956246275210218,0.275990134281699,0.0009561693114842187,0.7201848721096908
doc106,0.002016519362237954,0.32369458431869186,0.40764118971812097,0.23617678336696435,0.028454141764759695,0.0020167814692253518
doc107,0.22245675980882654,0.0010248732555275457,0.09025469943516991,0.6842140301878917,0.001024727479591086,0.0010249098329932304
doc108,0.4680855610686751,0.16415336169749722,0.2610870452258228,0.0017365916299652226,0.0017362206907983297,0.10320121968724126
doc109,0.15184136283353708,0.1002564201178772,0.6689031396064107,0.000615171334711228,0.04278394254776932,0.03559996355969449
doc110,0.9959862291800209,0.000802755463749033,0.0008027710601854445,0.0008027110628984914,0.0008027334452160319,0.0008027997879301221
doc111,0.19352159362455756,0.00134090933785126,0.3343714369743537,0.22885823820928752,0.0013408265724359394,0.24056699528151398
doc112,0.0013231315958147363,0.5052315060994408,0.38683929087797597,0.0013230787497233506,0.0013230682591169342,0.10395992441792806
doc113,0.0011965615970324233,0.0011965864959099337,0.21252865225260714,0.001196499738028982,0.0011963914166479679,0.7826853084997736
doc114,0.896832224722016,0.0005632618043263012,0.10091488679055931,0.00056324308586124,0.0005631656304143358,0.0005632179668230261
doc115,0.18356266558120385,0.004630505206320491,0.22733912468911677,0.0046306383960007195,0.004631546361729472,0.5752055197656286
doc116,0.0012725158864230431,0.0012725926272105033,0.3674000206646486,0.3967811922884295,0.001272517402691201,0.23200116113059716
doc117,0.15000907179374467,0.1449893588838522,0.6654640803021711,0.0005166165470108645,0.03850419469365719,0.000516677779563782
doc118,0.2451605595245127,0.1617912643390856,0.0021012968707866983,0.002101323039367777,0.002101089993888619,0.5867444662323587
doc119,0.31605998289794335,0.45407373692795416,0.2251478803570224,0.0015726349271136697,0.001573076010526288,0.0015726888794400425
doc120,0.14190409664332967,0.16234677317361634,0.14336748838020535,0.5498998328522982,0.0012408511919951317,0.0012409577585552798
doc121,0.08141299591977476,0.14960841518184692,0.3644043875487594,0.08352730784937358,0.0008962101916615957,0.32015068330858365
doc122,0.04787294805401961,0.6119453764114897,0.0013969737346562162,0.0013970013137774389,0.001396938276378467,0.33599076220967844
doc123,0.19558385921128182,0.2603639501814226,0.17367468482351703,0.36816909342207654,0.0011045127094816251,0.0011038996522205087
doc124,0.0005897371689684144,0.0005897743403959127,0.9970513536813784,0.0005897206826712115,0.0005896787254994493,0.0005897354010866243
doc125,0.3005276691009375,0.0923788208101396,0.001479549878610279,0.0014794952485313747,0.001479468804924427,0.6026549961568569
doc126,0.00047056304669255647,0.9976473934892517,0.00047057048506598246,0.00047056061368962957,0.0004704385210761268,0.0004704738442240671
doc127,0.0027326921605924804,0.002732846660991443,0.0027329712831091757,0.48148998175379226,0.0027332164041557177,0.5075782917373589
doc128,0.5385614626980543,0.16353621154676995,0.07397592648220946,0.0006307257738058594,0.03584832120849643,0.187447352290664
doc129,0.0018322033165016746,0.943005791203577,0.0018321539330747887,0.001831982652080933,0.04966563220632001,0.0018322366884455739
doc130,0.0014797075050790136,0.3284466236814506,0.0014794857183556877,0.001479522009092099,0.038549397690327336,0.6285652633956952
doc131,0.0015978990402212988,0.3940889637764163,0.0015978399515836237,0.0015978451451310455,0.0015977502576405914,0.599519701829007
doc132,0.001004205508082333,0.001004356701191156,0.6900107065095362,0.0010042830788278608,0.0010040813496356707,0.3059723668527266
doc133,0.001832024973202556,0.20571363774294432,0.001832142813372107,0.0018320545015140484,0.0018317667848520756,0.7869583731841149
doc134,0.0004493366767062612,0.000449333232402681,0.3173236541101004,0.13825802812603313,0.00044930580777108293,0.5430703420469866
doc135,0.0013409068842530044,0.10601549378367922,0.0013407523521329894,0.6921701467139416,0.043522677830686037,0.1556100224353072
doc136,0.001104008383867288,0.15908308384398037,0.0011041355013178137,0.4042869310005856,0.0011041208653841087,0.4333177204048649
doc137,0.2338475327479458,0.0014168580062646693,0.6288893734897905,0.0014166706962594423,0.00141682562461028,0.13301273943512923
doc138,0.770980729109555,0.0011418135105925554,0.22445224510556497,0.0011417706627909238,0.0011416253590877596,0.0011418162524090053
doc139,0.002017600778257327,0.002016759849410136,0.002017338401593,0.002016697926374763,0.00201662957117788,0.9899149734731869
doc140,0.0012110102011591436,0.0012110223228381674,0.8078587274071461,0.1872972790708072,0.0012109405446040565,0.0012110204534451783
doc141,0.13067543902466255,0.0814936462826152,0.7864391388395265,0.0004639205384689004,0.00046391797785392137,0.0004639373368728008
doc142,0.0004055980859952811,0.8022831897004635,0.00040565787614758593,0.00040559110250353817,0.00040554930144426696,0.19609441393344576
doc143,0.04206574658768531,0.0024042770353999076,0.18312096194327843,0.0024041853853808124,0.0024045332038280932,0.7676002958444275
doc144,0.0006511570859327652,0.0006512400451491258,0.0006511955269426308,0.3802021246809518,0.022369272142240552,0.595475010518783
doc145,0.0009044451229641913,0.0009042703339731152,0.21536268785894616,0.25889408624303906,0.0009043780234129417,0.5230301324176646
doc146,0.0005829162608794627,0.9023536622907352,0.09531475243438917,0.000582840691025321,0.0005828812493242666,0.0005829470736467308
doc147,0.05809051859963917,0.6793169467468276,0.0004453933876964782,0.0004453328184208537,0.0071733113293590365,0.2545284971180568
doc148,0.001340770732113104,0.048094955824600195,0.7653036073005238,0.0013409664213395475,0.0013406061739519213,0.18257909354747123
doc149,0.5419897721471432,0.3066413312225316,0.1484152666452349,0.0009845957560357188,0.0009844964835604476,0.0009845377454940744
doc150,0.000965448044959154,0.0009653996551714826,0.0009653849096657406,0.0009653928338375409,0.9951730159019622,0.0009653586544040396
doc151,0.000965448044959154,0.0009653996551714826,0.0009653849096657406,0.0009653928338375409,0.9951730159019622,0.0009653586544040396
doc152,0.48168724915302646,0.0020581490950222956,0.2127744784202472,0.002057993861291684,0.0020579975949284587,0.29936413187548394
doc153,0.21841137533481414,0.27097080199020834,0.10339242333588138,0.3423598254767852,0.0005063486785954695,0.06435922518371556
doc154,0.0011039569255205702,0.0011040244917615717,0.5611853301362366,0.4343987246434797,0.0011040170743512115,0.0011039467286503661
doc155,0.0008294251476216447,0.0008294125016432724,0.0008295250751240689,0.4820014306482517,0.0008293806023125909,0.5146808260250467
doc156,0.8496098672226059,0.12884374570110574,0.0004157652925019984,0.020299208201408563,0.000415686491276783,0.0004157270911009792
doc157,0.17444754537100254,0.0031650391938615875,0.003165504571649155,0.40564713777419886,0.003164855571832882,0.41040991751745487
doc158,0.036634244117407434,0.0008805691350844934,0.058836836173073,0.7892747004346349,0.0008806879457666655,0.11349296219403354
doc159,0.0008504920085242025,0.47022358498792305,0.0008505918573221188,0.12971530938034392,0.0008505136625639291,0.3975095081033229
doc160,0.0014370870573083658,0.26054142160131927,0.0014372333952125604,0.27107441815493755,0.0014370669028413569,0.464072772888381
doc161,0.0019017902502856299,0.904952472367737,0.0874410014220601,0.0019015867503576218,0.001901627260425251,0.0019015219491345075
doc162,0.5431997743284807,0.19569050552286035,0.2535322457097045,0.002525913749206611,0.0025258930157658443,0.002525667673982193
doc163,0.1875010390153856,0.13438628639530942,0.2752083030558907,0.003067980016485364,0.0030683794579178503,0.396768012059011
doc164,0.28252960898274904,0.0014581680943174585,0.08640996328688881,0.001458017422386618,0.001457973080943247,0.626686269132715
doc165,0.313323477236076,0.34012922005454777,0.0684528110216803,0.000880503289578049,0.11597386621942189,0.16124012217869613
doc166,0.0016237441417879207,0.0016236601813671729,0.8975823521580167,0.09592294684999485,0.0016236011681927667,0.001623695500640664
doc167,0.002977114361957366,0.5352105795978328,0.0029773327756864717,0.10205832318353089,0.0029767909272374053,0.3537998591537549
doc168,0.05908219312786711,0.40608218075079916,0.001168541923429216,0.10515418786403263,0.001168479018952447,0.4273444173149194
doc169,0.047831537908783785,0.7330448521167637,0.21382238292987063,0.0017670420568338908,0.001767225843417872,0.0017669591443302173
doc170,0.0023477796655260444,0.16128144979335765,0.0023481215840973698,0.8293254230817628,0.0023493904856372243,0.002347835389619111
doc171,0.002976627759954689,0.9851153070006258,0.0029770740612453,0.0029768102615435215,0.0029772709538461177,0.0029769099627845455
doc172,0.0005897371689684144,0.0005897743403959127,0.9970513536813784,0.0005897206826712115,0.0005896787254994493,0.0005897354010866243
doc173,0.3478257122326471,0.0014371594082642724,0.4329713167440892,0.21489129679327623,0.0014374008959136683,0.0014371139258095257
doc174,0.16413594841029233,0.002294490219961801,0.0022943914245188257,0.8266870715295623,0.0022939531839386716,0.0022941452317262008
doc175,0.0007718162243554005,0.3705973111523363,0.5702149218951851,0.056872131857964976,0.00077203432911836,0.0007717845410398206
doc176,0.0012109193994558412,0.7758791689449022,0.0012109236844680812,0.0012108874936395241,0.093780112422124,0.12670798805541028
doc177,0.09866748994830611,0.5214290115936943,0.28648765537335147,0.09238786579769416,0.0005139626393412419,0.0005140146476127319
doc178,0.0014578694413710635,0.9684181399035967,0.001458049188091514,0.0014579327978671316,0.0014579917874548755,0.02575001688161879
doc179,0.040882542669342055,0.48711612321274605,0.32873312413496397,0.0015020206927186073,0.14026410024934763,0.0015020890408816007
doc180,0.6228759755045272,0.0011551096076723507,0.1455142284408512,0.001155016884069502,0.06112494247623148,0.16817472708664835
doc181,0.41503361700743274,0.0027328621409993,0.0027330623113176722,0.002734279912719762,0.1352798650270126,0.441486313600518
doc182,0.0019767109476863955,0.001976678066861447,0.8460026836278713,0.001976856988377969,0.001977866269392076,0.14608920409981094
doc183,0.0022942398249039837,0.12643525918868653,0.10720341083061556,0.0022940448306844885,0.0022946366477402122,0.759478408677369
doc184,0.0019014402546094714,0.0019014643649406813,0.0019015668450931109,0.9141092430558434,0.001901552854383678,0.07828473262512961
doc185,0.99604960071828,0.0007900737712381256,0.0007900864755029954,0.000790029342040974,0.0007900494397148774,0.0007901602532231432
doc186,0.001182442593214798,0.17820733854170495,0.22243191055508169,0.5958137977783623,0.001182178742950404,0.0011823317886859805
doc187,0.0008578276350729107,0.0008578664401847381,0.584978631670478,0.35576788000263865,0.05667998138795014,0.0008578128636754522
doc188,0.5280067301072743,0.0009845797937863224,0.4680552920350525,0.000984516587126058,0.0009843458296119698,0.0009845356471488798
doc189,0.7866281854600977,0.1720825407405054,0.00046825543263936,0.0004682414730559209,0.03988449043355321,0.00046828646014831853
doc190,0.0025915859719176687,0.4274473518355394,0.002591126451955333,0.5621872690936054,0.0025910889847665423,0.0025915776622157803
doc191,0.0008093401173410513,0.0008092495025362409,0.5350819176170166,0.4113547264366212,0.0008091418347567663,0.0511356244917281
doc192,0.13030149773578753,0.16977118892190582,0.5750091140676051,0.0006823501829280865,0.0006824642651345507,0.12355338482663894
doc193,0.0017993201901756847,0.0017990297860499252,0.001798800724240258,0.0017988885186509746,0.0017988522915309037,0.9910051084893522
doc194,0.2817088872271628,0.30076456328124285,0.31985048167463465,0.09558348993139155,0.0010462149965063496,0.0010463628890618661
doc195,0.0021463780107961418,0.3757750905694639,0.4223655347595188,0.002146661433647888,0.1954197021693036,0.0021466330572696263
doc196,0.0009044187850791944,0.0009044189227400977,0.44889821066615165,0.5474838925368841,0.0009046943906840701,0.0009043646984608482
doc197,0.17095525012374543,0.2022313909077939,0.0019016679468929964,0.0019014054452318426,0.0019015907565259856,0.6211086948198098
doc198,0.000965448044959154,0.0009653996551714826,0.0009653849096657406,0.0009653928338375409,0.9951730159019622,0.0009653586544040396
doc199,0.000965448044959154,0.0009653996551714826,0.0009653849096657406,0.0009653928338375409,0.9951730159019622,0.0009653586544040396
doc200,0.8808835579971204,0.11574292177221235,0.000843394206797881,0.0008433668428232738,0.0008434349027380182,0.0008433242783080818
doc201,0.5555499615361439,0.0009749154109575881,0.0009749085371916329,0.44055056477237836,0.0009747751672500652,0.0009748745760784576
doc202,0.6038906906036641,0.001832079770359728,0.16913713961524393,0.22147627815354776,0.0018317360502044155,0.0018320758069800731
doc203,0.002101425085021583,0.10058856019562855,0.0021011597807275425,0.6511738281947236,0.24193358140408391,0.0021014453398149253
doc204,0.0012726529278631674,0.03525363202020281,0.2181249242776926,0.0012726517203415849,0.0012725636612585542,0.7428035753926413
doc205,0.99604960071828,0.0007900737712381256,0.0007900864755029954,0.000790029342040974,0.0007900494397148774,0.0007901602532231432
doc206,0.030529842822117695,0.0008363290817626605,0.9661249194043022,0.0008364097628955671,0.0008361604200001965,0.0008363385089216579
doc207,0.0036242951449836983,0.9818801217158313,0.0036239370364882437,0.0036239601137787853,0.0036233659791745317,0.0036243200097434503
doc208,0.0005448166405991566,0.3907309434305194,0.33734363069410744,0.0005448060343715145,0.036725831824307165,0.23410997137609552
doc209,0.0009845161667646819,0.3032618873658471,0.3467987428642065,0.27558410178149334,0.0009845524956488042,0.07238619932603964
doc210,0.7866281854600977,0.1720825407405054,0.00046825543263936,0.0004682414730559209,0.03988449043355321,0.00046828646014831853
doc211,0.0019017902502856299,0.904952472367737,0.0874410014220601,0.0019015867503576218,0.001901627260425251,0.0019015219491345075
doc212,0.0009472486101894997,0.43086506769489946,0.33151633367100186,0.000947238298723386,0.13844894439414285,0.097275167331043
doc213,0.26733439384039376,0.0006511386467206622,0.22549624505695423,0.0006511982960633564,0.000651361704163988,0.5052156624557038
doc214,0.0008652181394277202,0.1060564162672407,0.6625884639483042,0.1906136481645291,0.03901099103904424,0.0008652624414538476
doc215,0.0010918486169295403,0.9945406946475145,0.0010918707668795538,0.001091956377505178,0.0010917785239430186,0.0010918510672282761
doc216,0.0008577728365947549,0.07191943092800322,0.744029172254537,0.18147816912995265,0.0008577014772442207,0.0008577533736682387
doc217,0.001340738309741205,0.6161091490428662,0.0013407991193500552,0.05144288672462284,0.0013406906377042976,0.32842573616571547
doc218,0.0014166932556090662,0.9929166673475798,0.0014167302855624348,0.0014166175631777976,0.0014166467467461902,0.001416644801324907
doc219,0.0018661618330734835,0.31229286209797547,0.0018661680412610181,0.6802426731563486,0.0018659855461548355,0.0018661493251867717
doc220,0.0005897371689684144,0.0005897743403959127,0.9970513536813784,0.0005897206826712115,0.0005896787254994493,0.0005897354010866243
doc221,0.0015727854547698582,0.9921366096111986,0.001572759522086852,0.0015726754879940822,0.0015724781036445025,0.001572691820306151
doc222,0.0009474344021061541,0.4760660303730838,0.04486582587472144,0.0009472982991549781,0.03916553605298522,0.4380078749979484
doc223,0.040882542669342055,0.48711612321274605,0.32873312413496397,0.0015020206927186073,0.14026410024934763,0.0015020890408816007
doc224,0.0013778277138811012,0.0013778535138655392,0.863343321568716,0.06695068188796949,0.0013775601029991434,0.06557275521256874
doc225,0.0007963473764932159,0.3340708959798186,0.5126040177308498,0.0007963428654982868,0.05228038963468356,0.09945200641265639
doc226,0.001057271641897279,0.14615424848619613,0.0010572762857956972,0.8496165970693795,0.001057237879653236,0.001057368637078182
doc227,0.0004912907791054099,0.6216766854111305,0.3408964877853774,0.0359530425872407,0.0004912020455501888,0.0004912913915957097
doc228,0.4109302849747438,0.18610818973251558,0.11064349787019821,0.2911722412612703,0.0005728869065065183,0.0005728992547655495
doc229,0.0014370870573083658,0.26054142160131927,0.0014372333952125604,0.27107441815493755,0.0014370669028413569,0.464072772888381
doc230,0.0015727476039525113,0.1898350528179445,0.0701060732483205,0.001572618906783005,0.0015724950515751614,0.7353410123714244
doc231,0.0018318698104817443,0.0018322510281195588,0.1670480383719422,0.6132969544048116,0.001831734675758905,0.21415915170888594
doc232,0.5769045158288154,0.13489402429140177,0.0017365826374157968,0.2829917071760583,0.0017366408228437675,0.001736529243464999
doc233,0.24818975430484413,0.001572839391481724,0.0015729535186972006,0.0015727062422708452,0.0015726299724622222,0.7455191165702438
doc234,0.0015482691660352235,0.001548259975046118,0.001548245093751241,0.8502334938061135,0.001548264260469748,0.1435734676985842
doc235,0.0004727034019775243,0.07227681163032396,0.347106332256917,0.00047274191095586444,0.0004727107381693425,0.5791987000616563
doc236,0.45333474654287914,0.0005193526575210809,0.5445879176841449,0.0005193389504794589,0.0005192677129744082,0.0005193764520008747
doc237,0.0017672063431778044,0.1003416033716376,0.0017671728237445212,0.0017671947114577188,0.0017672890647366041,0.8925895336852457
doc238,0.1279859042624246,0.6971512122272131,0.0015483887827080823,0.0015483902437389888,0.17021756755949935,0.0015485369244158482
doc239,0.0009044187850791944,0.0009044189227400977,0.44889821066615165,0.5474838925368841,0.0009046943906840701,0.0009043646984608482
doc240,0.0021011892433002734,0.002101178184566376,0.002101250800433174,0.0021014673772339885,0.0021012685318642058,0.9894936458626019
doc241,0.3456029874230642,0.4029385056168576,0.21264267765137979,0.03562040933943582,0.0015975509854218653,0.0015978689838406046
doc242,0.000965448044959154,0.0009653996551714826,0.0009653849096657406,0.0009653928338375409,0.9951730159019622,0.0009653586544040396
doc243,0.000965448044959154,0.0009653996551714826,0.0009653849096657406,0.0009653928338375409,0.9951730159019622,0.0009653586544040396
doc244,0.0017993201901756847,0.0017990297860499252,0.001798800724240258,0.0017988885186509746,0.0017988522915309037,0.9910051084893522
doc245,0.002463608963932823,0.002463620898826533,0.0024639216329656625,0.0024639101602431405,0.0024633356825818245,0.9876816026614501
doc246,0.8111457414664267,0.0005448001462221778,0.17118762391712225,0.01603221717864142,0.0005448500736913246,0.000544767217896093
doc247,0.001057271641897279,0.14615424848619613,0.0010572762857956972,0.8496165970693795,0.001057237879653236,0.001057368637078182
doc248,0.8707174180206221,0.0012110245781001715,0.05439817796790529,0.0012110047990181892,0.0012108788871364865,0.0712514957472178
doc249,0.0008652181394277202,0.1060564162672407,0.6625884639483042,0.1906136481645291,0.03901099103904424,0.0008652624414538476
doc250,0.0011042411477574223,0.633211163462612,0.3623724461460005,0.001104123959517131,0.0011039767694193247,0.0011040485146935617
doc251,0.0006387157639877823,0.0006387592385560262,0.40935167342340517,0.46274715269196826,0.0006386878171590995,0.12598501106492352
doc252,0.0010248921612839175,0.09748008072229208,0.358245752481979,0.0010248803055745936,0.001024769875670674,0.5411996244531998
doc253,0.002732890641565515,0.0027337421817981537,0.0027335900332584747,0.002733200970452628,0.0027328781069498372,0.9863336980659754
doc254,0.0006077351485081982,0.16879147965246466,0.45275550051179,0.06099633572180182,0.0006077185027118631,0.31624123046272345
doc255,0.11730502157189296,0.3118920254027716,0.17988218743787202,0.3893406460239821,0.0007899749598816342,0.0007901446035997126
doc256,0.001068713992661313,0.4647793178521511,0.3222881681553123,0.20972657692751873,0.0010686346836323805,0.0010685883887240713
doc257,0.0802147127283863,0.29641749665449735,0.18774464856216008,0.0008728660725537602,0.0008727339795762975,0.43387754200282636
doc258,0.13561640994800045,0.7881675765992853,0.000496170475104512,0.0004962389828768659,0.022039620877159823,0.053183983117573004
doc259,0.0013407732552764065,0.137929618653283,0.2238299400101531,0.07969442687254029,0.015363617989485996,0.5418416232192613
doc260,0.0009654514266857069,0.15660610949358966,0.26187158884084294,0.516011868039344,0.0009653838234018337,0.06357959837613594
doc261,0.6615554724241146,0.08355845957226524,0.12634306056546427,0.12640571032621326,0.0010685777192333918,0.0010687193927092387
doc262,0.00031197501454735516,0.42825864425835336,0.2514448203995087,0.3075930554306789,0.00031195589848604006,0.012079548998425753
doc263,0.5142571854734269,0.48106872031784326,0.0011686379114072823,0.0011685565831900079,0.0011683691674112104,0.0011685305467214286
doc264,0.7144713479677348,0.1401156310963242,0.0939247096870012,0.0490065158094016,0.0012407688211177232,0.0012410266184204408
doc265,0.0005897371689684144,0.0005897743403959127,0.9970513536813784,0.0005897206826712115,0.0005896787254994493,0.0005897354010866243
doc266,0.001623663172412703,0.8653972455295417,0.0016237055177962284,0.0016236908015168899,0.12810796351904125,0.0016237314596912965
doc267,0.0008577730141052323,0.8830884314607096,0.1134804659804927,0.0008577842386611188,0.0008577240848449987,0.0008578212211863905
doc268,0.0003669372762646488,0.6768620823106853,0.0003669628490066646,0.0003670000963433447,0.0003668801159592146,0.32167013735174094
doc269,0.0010354102228658727,0.9948230191320441,0.0010354071653538193,0.0010354140940842943,0.0010353493587112626,0.0010354000269406185
doc270,0.0011824450118944796,0.8042518269462605,0.1181770840396524,0.0011824079395000018,0.0011822321064571986,0.07402400395623561
doc271,0.0007963473764932159,0.3340708959798186,0.5126040177308498,0.0007963428654982868,0.05228038963468356,0.09945200641265639
doc272,0.0010248288047950177,0.6377907248325607,0.3581098492833024,0.0010248072669401646,0.001024891259861423,0.0010248985525403678
doc273,0.5142571854734269,0.48106872031784326,0.0011686379114072823,0.0011685565831900079,0.0011683691674112104,0.0011685305467214286
doc274,0.0024041875900471673,0.002404275896728756,0.002404196577758078,0.1412619413957664,0.002404792180442092,0.8491206063592576
doc275,0.19131603427874502,0.317680798695398,0.27007002058398416,0.18331769004585988,0.007009463241304936,0.030605993154707998
doc276,0.17578408713575533,0.254695775669701,0.1631647762715642,0.026173093964173905,0.0005193465282561453,0.3796629204305494
doc277,0.11420607200063998,0.2679799011169661,0.4973866898614664,0.0010144615209600515,0.025964017197366768,0.09344885830260077
doc278,0.0008433739915967033,0.2098470448524024,0.2767935980741959,0.2403594664273229,0.0008433699834737311,0.2713131466710083
doc279,0.001416811874860439,0.4007949758521966,0.5935378202036687,0.0014169662335432795,0.0014166090577571366,0.0014168167779737696
doc280,0.0010918486169295403,0.9945406946475145,0.0010918707668795538,0.001091956377505178,0.0010917785239430186,0.0010918510672282761
doc281,0.0005477166566697863,0.9743949384564713,0.0005480963858489512,0.0005477360800279539,0.023413472495007845,0.00054803992597426
doc282,0.7394721777890774,0.0004841628061116451,0.23202189271604598,0.02705351427680302,0.00048406936982165475,0.00048418304214050095
doc283,0.0002902580368130665,0.0002902885629183652,0.00029028020780078197,0.201217469515367,0.00029024806277135257,0.7976214556143294
doc284,0.002732890641565515,0.0027337421817981537,0.0027335900332584747,0.002733200970452628,0.0027328781069498372,0.9863336980659754
doc285,0.001678235986059442,0.05804644033604359,0.0016783995517887546,0.13129827902909877,0.0016781618730066104,0.8056204832240028
doc286,0.0010463782860685926,0.0953499991340982,0.6814361145353383,0.001046607974685031,0.0010464660065951405,0.22007443406321475
doc287,0.0009044187850791944,0.0009044189227400977,0.44889821066615165,0.5474838925368841,0.0009046943906840701,0.0009043646984608482
doc288,0.4674542048173344,0.0017671996418273618,0.0017671975118938423,0.5254768873422176,0.0017673248117637099,0.0017671858749631149
doc289,0.06985337330365438,0.034118925423366635,0.8741673388870068,0.00041577088980604616,0.0004156972343969087,0.02102889426176925
doc290,0.0013056907170305961,0.821265041120299,0.04687750424237184,0.0013057024530521994,0.12794029964014023,0.0013057618271060422
doc291,0.0022427863375425313,0.7453620589661503,0.002242745291746956,0.0022429536369698868,0.16276064973793034,0.08514880602965987
doc292,0.0015018079449281969,0.9330339917420672,0.0015019915047507243,0.0015020758187756006,0.02422412068096105,0.03823601230851734
doc293,0.13030149773578753,0.16977118892190582,0.5750091140676051,0.0006823501829280865,0.0006824642651345507,0.12355338482663894
doc294,0.0014580807757069703,0.9927097480064873,0.0014580500507391726,0.0014581299184786712,0.00145793445831668,0.0014580567902712086
doc295,0.000965448044959154,0.0009653996551714826,0.0009653849096657406,0.0009653928338375409,0.9951730159019622,0.0009653586544040396
doc296,0.000965448044959154,0.0009653996551714826,0.0009653849096657406,0.0009653928338375409,0.9951730159019622,0.0009653586544040396
doc297,0.146379767789869,0.11371099840505182,0.0017068409634977788,0.001706862248887369,0.0017068957041164688,0.7347886348885775
doc298,0.0006387157639877823,0.0006387592385560262,0.40935167342340517,0.46274715269196826,0.0006386878171590995,0.12598501106492352
doc299,0.17416797365943965,0.0022941703887176955,0.3358050212812804,0.0022941115493231375,0.10997462296358423,0.37546410015765475
doc300,0.002525892109130913,0.17407766236553085,0.0025257531895109147,0.002525816295869124,0.002525310209599608,0.8158195658303585
doc301,0.000696526665820488,0.23995834943541122,0.5267789313077704,0.0006965519656788829,0.0006964501134712587,0.23117319051184784
doc302,0.0021011892433002734,0.002101178184566376,0.002101250800433174,0.0021014673772339885,0.0021012685318642058,0.9894936458626019
doc303,0.002057976198908281,0.20746852630211166,0.7145829499135113,0.00205817781008254,0.07177408207509185,0.0020582877002943193
doc304,0.8631342075003717,0.000843431314945003,0.1334922949021465,0.0008433614337108322,0.0008433516345083492,0.0008433532143175315
