,topics0,topics1,topics2,topics3,topics4,topics5,topics6,topics7,topics8,topics9
doc0,0.0006330306558882116,0.0006329859651166346,0.0006329927484919028,0.0006329891984951404,0.0006330069302333788,0.0006329915856588784,0.0006329830121044786,0.0006329677834922298,0.9943030235032608,0.0006330286172583656
doc1,0.9826887065786929,0.0019232681653489855,0.0019239620996237344,0.0019234566894665525,0.0019236009522582483,0.0019234820820071528,0.0019233200379125221,0.0019233508296804358,0.0019233914314114606,0.0019234611335979268
doc2,0.7312923518327715,0.001205115724555423,0.001205203745077677,0.0012051833338430505,0.06328709469892459,0.0012051194454521666,0.19698487468943288,0.0012050121107662665,0.0012050300344323423,0.0012050143847441388
doc3,0.0006250989111722171,0.0006250903171635911,0.0006250791813974943,0.0006250922153286742,0.0006251060040911731,0.0006250577942673865,0.994374261709309,0.0006250540124402018,0.0006251014678386579,0.000625058386991657
doc4,0.0007354534649496347,0.0007354060960550749,0.0007355263904266382,0.0007354334488145868,0.9933809494498145,0.0007353885410870921,0.0007354061517896637,0.0007355036147037895,0.0007354686045460464,0.0007354642378131198
doc5,0.0004855119686798847,0.00048549476651804603,0.9956301148970497,0.0004855348518369228,0.000485515472900845,0.0004856352089533115,0.0004855857560854928,0.000485524931896504,0.000485483753727818,0.0004855983923513115
doc6,0.0013892882879097193,0.001389399354546495,0.5054599731441337,0.0013891709498951954,0.4834261681336947,0.0013890488168624752,0.001389139582763018,0.001389286410505213,0.0013893103339673192,0.001389214985722441
doc7,0.0009435578290469989,0.0009435244652284616,0.9915079449995484,0.0009435759169074497,0.0009436330657179304,0.0009434964607564713,0.0009435784143168225,0.0009435694005728594,0.0009435864315969702,0.0009435330163075438
doc8,0.189473360800995,0.15957390847677558,0.4166026907870276,0.0013703880567698947,0.13464755854850471,0.0013701509113374863,0.0013701556171667687,0.00137009710405629,0.034019693639345795,0.06020199605802097
doc9,0.0011495123105068087,0.0011495316671675335,0.001149646975545901,0.001149580780308762,0.0011495615718604664,0.0011495482312080263,0.00114964553081393,0.9896538129126122,0.00114956649863942,0.0011495935213369259
doc10,0.0011495123105068087,0.0011495316671675335,0.001149646975545901,0.001149580780308762,0.0011495615718604664,0.0011495482312080263,0.00114964553081393,0.9896538129126122,0.00114956649863942,0.0011495935213369259
doc11,0.45172132901268147,0.00020127538849772404,0.00020126872495229817,0.00020126006113324585,0.4970879680201892,0.0002012613836228918,0.04978185905492076,0.00020124066698779894,0.00020127338788894394,0.00020126429912565054
doc12,0.0005182629571646653,0.3077893621846533,0.000518284578917185,0.0005182690287723894,0.45034923760469137,0.0005182581241234738,0.0005182550652375006,0.000518283618922224,0.23823357685868612,0.000518209978831665
doc13,0.0008131855948523404,0.3808888663874615,0.0008131691058544007,0.2090346751107794,0.000813212156507999,0.0008132023927250456,0.0008132291715511529,0.0008131651789202714,0.000813344228817762,0.4043839506725303
doc14,0.0015877594409874096,0.22298681251858,0.1702395798030935,0.12168272495913997,0.00158773622764584,0.2616851912124063,0.00158775913542311,0.0015874841921597312,0.001587748419071106,0.21546720409149317
doc15,0.29685715548644687,0.000571545603300746,0.5334415536462476,0.12985501574613678,0.0005715925952099075,0.03641675760832231,0.0005717956691763161,0.0005715103641568195,0.000571581817847443,0.0005714914631553651
doc16,0.0010310512478919733,0.0010310966932684594,0.0010311175860104748,0.001031179878023103,0.0010311337362583434,0.9907201155350643,0.0010310626158204176,0.001031132889109163,0.0010310776757420522,0.0010310321428116638
doc17,0.0003922777955846037,0.00039224024948562094,0.07538254442733339,0.0003922777089758913,0.1700478062090564,0.6456681725976142,0.09915300434096554,0.0003921878816710311,0.00039227011115071007,0.007787218678162542
doc18,0.0004808447298142991,0.9956723836625377,0.00048085784657730344,0.0004808358832116862,0.0004808455864725389,0.00048083009848197563,0.00048086523500920716,0.0004808180031042433,0.00048085207518358753,0.0004808668796074162
doc19,0.39161590197735413,0.0007356134471767112,0.2981706071830555,0.26554105163056857,0.000735490121898595,0.000735580409268946,0.000735414094400573,0.040259360704384045,0.0007355350454286004,0.0007354453864642347
doc20,0.0013337095805551265,0.9879970527306695,0.0013337456734369311,0.0013338128460540775,0.0013336869166743325,0.001333562870647571,0.0013335473706966518,0.001333470850367312,0.0013338645059109897,0.0013335466549875621
doc21,0.44464095030003575,0.07207880999414014,0.24407250442523223,0.10147352915821344,0.13462789796910973,0.0006213102304613142,0.0006213108683186385,0.0006212182458842361,0.0006212800264433753,0.0006211887821612896
doc22,0.12430671053630864,0.0005496219939681495,0.348426935070499,0.02090704425331716,0.503061681211842,0.000549650064952474,0.00054966161502861,0.000549535626364443,0.0005495699362187855,0.0005495896915006312
doc23,0.3132654979642168,0.0012197607673818927,0.0012197362882947218,0.32470153573841587,0.27837585784758945,0.07633836528691017,0.0012199131483591928,0.0012196370916666682,0.0012198899867259178,0.0012198058804394987
doc24,0.0695189039026678,0.00043299317573762704,0.058066378315494625,0.0004330318273509518,0.7205548083067699,0.00043301272605141396,0.0004330193268839304,0.00043296006989515545,0.00043300445016442827,0.1492618878989841
doc25,0.0004878882122454973,0.0004879278985837445,0.6580063492604732,0.00048787257423130805,0.00048791357617353095,0.21611108816019794,0.12246718381437768,0.0004879416312298935,0.0004879091150648634,0.0004879257574224069
doc26,0.24435004523936157,0.12663371688810354,0.4813231358227714,0.00042932316658462214,0.14511726976103065,0.0004292742592316442,0.0004292884139373964,0.0004292838912045616,0.0004293477544885314,0.0004293148032859864
doc27,0.1642392145455873,0.001316014833972847,0.3004307423056473,0.001315995289376788,0.21236644418485323,0.0013160371469721447,0.0013161760981179982,0.12431829989370213,0.001316151726002743,0.19206492397576747
doc28,0.0022227562136704305,0.002222697418302308,0.0022232901287803624,0.17224882354975343,0.8099684888511581,0.0022230739074533996,0.0022227245475958776,0.002222725674137505,0.002222848053654155,0.0022225716554942552
doc29,0.00149296300633689,0.0014931001698162624,0.2704636439930114,0.2879232816970529,0.34314974174548646,0.0014931489488252136,0.0014930141018341158,0.001492746613739046,0.0014931138836354002,0.08950524584026225
doc30,0.001064057344733289,0.0010639944576647034,0.0010640763847877862,0.001064042778593197,0.9904231622425552,0.0010643767290134303,0.0010640984927794235,0.0010640160290101392,0.0010640873143464903,0.0010640882265164683
doc31,0.11002484221319983,0.0016671485431192083,0.5236122757925201,0.0016671280266072016,0.2626961187998278,0.09366305902242247,0.0016671774300086293,0.001667996570331134,0.0016670029281964911,0.001667250673767138
doc32,0.0008697660795239144,0.0008698873522804747,0.0008697254476475577,0.0008698488206517165,0.9921720841930602,0.0008697688823175586,0.0008697267362716604,0.0008697570280411397,0.0008696886733197973,0.0008697467868858528
doc33,0.0015387986137756933,0.001538717477608215,0.7092015338824771,0.0015387343483249636,0.0015387859188081047,0.09129398132764509,0.18873302309461185,0.001538819880404443,0.0015388984846669497,0.0015387069716773932
doc34,0.0020838715156610167,0.002083808917751195,0.0020837518795985173,0.0020837847853172743,0.0020836516404139555,0.002083854706347358,0.9812463817882306,0.0020835323072990195,0.0020835878942074997,0.0020837745651734194
doc35,0.11808569984122554,0.0008002259729719128,0.7340032713675344,0.0008001543841680348,0.07021444388477661,0.00080012712502096,0.000800240055960232,0.0008000849400594538,0.04525030481898745,0.028445447609295474
doc36,0.00047182049368193156,0.00047173802693909286,0.9735049142148329,0.0004717767983767705,0.0004718360653450506,0.00047177405865183415,0.0004718386109066761,0.0004719426616107665,0.0004717514559450103,0.022720607613709958
doc37,0.055020970714607466,0.06985400653312161,0.6541531975723883,0.0013160746330358746,0.2130752943558494,0.001316055495221925,0.001316186572080489,0.00131596570187761,0.0013161723135037904,0.0013160761083133414
doc38,0.0007195228267090759,0.0007196016167995854,0.9848008418491476,0.00944245713483293,0.0007197448825485965,0.0007196343255136137,0.0007195159778628885,0.0007195269172241225,0.000719617739288094,0.0007195367300735767
doc39,0.001351575620397534,0.0013514664132177178,0.0013515775317086943,0.9878363496694513,0.0013516249758725087,0.0013514853455847207,0.0013514404349051952,0.0013515084971406288,0.0013515076639076988,0.0013514638478138814
doc40,0.0005716127543666947,0.2781190347872954,0.0005715421322734164,0.5000365945215177,0.0005716332272886216,0.000571639783125419,0.000571607812109428,0.21784326661609785,0.0005715752079639905,0.0005714931579615353
doc41,0.196370974690075,0.0004134068034164895,0.1753154260155488,0.15817350465684124,0.00041334767140615674,0.46766011416462233,0.00041328118078935635,0.0004133454576657083,0.00041331950230040916,0.00041327985733445523
doc42,0.04075692957893027,0.0005076874157147544,0.9551812618638489,0.0005077649906358395,0.0005077879418553857,0.0005077546636940641,0.0005077239417046077,0.0005076684500296333,0.0005077136072225105,0.0005077075463641087
doc43,0.10998231347258171,0.000763503124557496,0.0007635252533695279,0.07063651813312571,0.4182952282423202,0.19167062348133032,0.0007636191878399361,0.0007634463249862307,0.20559774459123797,0.0007634781886508003
doc44,0.9907201500214567,0.0010313154666977747,0.0010310867339060404,0.0010310706934926735,0.0010311307264699078,0.001031014487410064,0.001031071599265659,0.0010310147595044526,0.0010310954873236694,0.0010310500244730969
doc45,0.0037043237462665596,0.0037041167960115617,0.00370406454791225,0.00370399368737168,0.0037038932304771727,0.3639400543815649,0.003704607909058533,0.003703905080004718,0.003704165996218548,0.6064268746251141
doc46,0.15651118900472147,0.000833522531014795,0.8368205986200974,0.000833553736310071,0.0008336096019015636,0.00083359265739937,0.0008334493477685243,0.0008334725224542894,0.000833569236845041,0.0008334427414874825
doc47,0.5699085851129408,0.0016397816997628658,0.0016397726615317494,0.20597073332050708,0.2126421782288459,0.0016399392220977234,0.0016397289987719872,0.0016395885862870501,0.001639786713441262,0.0016399054558135337
doc48,0.00039223988405639743,0.02207360819810685,0.1342049574958488,0.12252675528616785,0.1331262441856674,0.1783256624552481,0.3633899766812246,0.00039222795137696493,0.00039225171874338174,0.045176076143559764
doc49,0.0008066797342822709,0.0008066234225500797,0.06848496281784032,0.443770118971812,0.0008066462195668038,0.0008067105410121389,0.482098094791968,0.0008067069493296335,0.0008066738784240612,0.0008067826732146872
doc50,0.1460016053001419,0.0005129379854909573,0.000512946946217717,0.7201800009273509,0.0005130050213782767,0.13022785166654044,0.0005129026327678583,0.0005128880922269014,0.0005129511418285609,0.0005129102860564746
doc51,0.001961156272270335,0.001961112899266524,0.001961359297576937,0.0019613146175084645,0.001961414450369924,0.14561951884822885,0.1340081338233354,0.001961046263860566,0.28206841919051223,0.42653652433707084
doc52,0.002564600480162237,0.0025645067390166905,0.0025645987857566624,0.002564628268260868,0.16302720310981778,0.11362178510002259,0.6529956310525205,0.002565073620024787,0.05496737591996993,0.002564596924447927
doc53,0.4697227488776947,0.1138505514334347,0.269690918378241,0.1411785785100787,0.000926160527605722,0.0009260165803238727,0.0009263713933176472,0.0009261866885137586,0.0009261863901501681,0.0009262812206397116
doc54,0.0021282608235233423,0.002127894900824631,0.002128236348734482,0.16983540313270878,0.8131390056593334,0.002128497855520928,0.0021282665419483705,0.0021278662897781047,0.00212825239463891,0.0021283160529890523
doc55,0.0010418780875018992,0.001042137906598414,0.001042001896263325,0.23058934054755695,0.0010419503670049182,0.0010420545942974673,0.00104201336086483,0.0010418237274322656,0.0010420670679300525,0.7610747324445498
doc56,0.0025005958622767656,0.002500604831574047,0.0025006407545135785,0.002500311824378469,0.0025002577280296523,0.0025007632804337687,0.9774958322596567,0.0025001641906284666,0.00250040575817285,0.00250042351033584
doc57,0.00046306712327229515,0.0004630475474268617,0.00046307660489437464,0.1148320783313643,0.0004630837352604773,0.6773110092474859,0.20461534457049493,0.000463037359262606,0.000463076973135984,0.0004631785074023837
doc58,0.0010991977289533956,0.0010992836973969867,0.0010992414198468905,0.05737462729724376,0.13434068186814213,0.0010990958150467972,0.0010991167471767218,0.08989952871448563,0.22822714228263885,0.48466208442906883
doc59,0.14361323587666988,0.10100882408089892,0.11942894423363604,0.24910986368530622,0.3239605305002707,0.0007248538409848379,0.0007247813412235961,0.05997938385233535,0.0007247919135878272,0.0007247906750866256
doc60,0.000885137193757597,0.0008851889459944982,0.0008851967485555908,0.0008851773159919751,0.0008851198381768353,0.5164368341365807,0.0008851604570539925,0.0008851775131035386,0.0008851600349544772,0.47648184781583075
doc61,0.0015629174372396668,0.001562958571892941,0.10687887405207068,0.0015628775113730913,0.0015627478476498032,0.0015628462726776783,0.0015627992203717453,0.0015626564158792342,0.6867665358825921,0.19541478678825314
doc62,0.010002175895686059,0.3215872939030293,0.010003006307351887,0.010001301464028526,0.010004287803658503,0.598392453389284,0.010001856090778829,0.010002114615875775,0.010004114027869234,0.010001396502437827
doc63,0.0011500066770736151,0.0011495666392346761,0.9896520685452975,0.0011497676628126144,0.0011497198713398453,0.0011496727708492946,0.0011495973476389764,0.0011498999939884233,0.0011499535348525624,0.0011497469569126163
doc64,0.07758038348154289,0.10526365602882284,0.699245279310588,0.003572210778040862,0.003572195964134763,0.0035717540519116533,0.0035726127768139554,0.09647649454347283,0.0035725492678068166,0.003572863796865472
doc65,0.0012051599524856226,0.0012051774486716539,0.22993818865424717,0.09100489682261513,0.6706207192106928,0.001205194223832611,0.001205075269355507,0.0012051552895589312,0.0012051289833107713,0.0012053041452297379
doc66,0.0018185738014931808,0.00181855302995201,0.6829510117791117,0.0018186539396112056,0.001818655649202885,0.0018185692691152506,0.18107140853686998,0.12324732284570711,0.0018186182873726577,0.0018186328615641398
doc67,0.0007354534649496347,0.0007354060960550749,0.0007355263904266382,0.0007354334488145868,0.9933809494498145,0.0007353885410870921,0.0007354061517896637,0.0007355036147037895,0.0007354686045460464,0.0007354642378131198
doc68,0.0010310139039326155,0.0010309900801978395,0.0010310280053509096,0.0010311171425894672,0.001031065605495168,0.0010310877617063568,0.0010310124458937531,0.9907206351116834,0.0010310159897845468,0.0010310339533659
doc69,0.0010310139039326155,0.0010309900801978395,0.0010310280053509096,0.0010311171425894672,0.001031065605495168,0.0010310877617063568,0.0010310124458937531,0.9907206351116834,0.0010310159897845468,0.0010310339533659
doc70,0.0013891382745008145,0.0013890955399171122,0.0013891187902165959,0.16980773260770093,0.5603374882488937,0.0013891418587422264,0.2601308109316592,0.0013890523023196545,0.0013891240268560474,0.0013892974191936586
doc71,0.0017547725820778672,0.0017546327757190893,0.0017547536723404795,0.0017550919961908011,0.0017547768370940271,0.5247686350292928,0.4611929214713438,0.0017546146968370217,0.00175491573634561,0.0017548852027584906
doc72,0.0019612871389627115,0.001961146814203072,0.001961448380948972,0.001961124938423308,0.0019611119276517646,0.0019612510524697506,0.9823495303501303,0.0019609602471481087,0.0019610180320574952,0.001961121118004459
doc73,0.17843246118146344,0.00046959719753334443,0.48782329984948486,0.059296873548613585,0.2716298086126245,0.0004696542157601208,0.00046956086462077835,0.00046951709292486623,0.000469619417921612,0.0004696080190527028
doc74,0.001471297403835888,0.0014709142296469486,0.48967052559230867,0.0014713273109436,0.0014710753086562233,0.0014723448345782533,0.0014714345812204654,0.0014707945366400645,0.49855942876138065,0.001470857440789226
doc75,0.10345990181183011,0.003031054686239929,0.6140732513623313,0.0030313302796997786,0.0030311031452934225,0.0030319671656734836,0.09376938013250162,0.003031719982221075,0.17050921237617953,0.0030310790580297914
doc76,0.7643899768858012,0.0005291840932029536,0.0005292579064428343,0.19311944125511415,0.0005292637945567467,0.0005292450666673966,0.0005292699685697051,0.038785936131506105,0.0005292205363316624,0.00052920436180722
doc77,0.0040007305431223545,0.004000382797781154,0.9639908408234106,0.004001085374262115,0.00400090519563697,0.004000210894488672,0.004002125267981204,0.004000946108202524,0.004000795067091427,0.004001977928023125
doc78,0.0007464903307730148,0.0007463884986489356,0.0007464198374404656,0.1313801644528055,0.0007464617770921944,0.0007464382565351563,0.0007464205159545915,0.0007463871973969334,0.000746437634314253,0.8626483914990389
doc79,0.00047401341858456346,0.0004740515224976765,0.6452001724167711,0.0004739990292976141,0.00047403779012444446,0.2238081621916126,0.12767341095963833,0.0004740656109402144,0.00047403343152535506,0.00047405362900826767
doc80,0.21818166761966545,0.001587684389514116,0.49819979599904435,0.0015877637779677031,0.27250483490992067,0.001587544763302779,0.0015877335614415831,0.0015876589860462688,0.0015876892426204287,0.0015876267504765728
doc81,0.00044850487880463243,0.9959634390230422,0.00044852248447207983,0.00044849212572004824,0.00044850259065012694,0.0004484864424083983,0.00044853063652843184,0.0004484732132025139,0.00044850817795364175,0.00044854042721785434
doc82,0.0008549610631780752,0.031975660866433754,0.845565969626312,0.0008550060010105641,0.0008549592903720267,0.0008548336501421103,0.07766727753776319,0.03966149358630495,0.0008548855816266992,0.0008549527968564619
doc83,0.002083772186401751,0.0020836657788962038,0.16518739965599985,0.5359872015438082,0.0020838425019111223,0.047460252404487896,0.04769723182281209,0.09712204913815059,0.09821089916272735,0.0020836858048049554
doc84,0.001351575620397534,0.0013514664132177178,0.0013515775317086943,0.9878363496694513,0.0013516249758725087,0.0013514853455847207,0.0013514404349051952,0.0013515084971406288,0.0013515076639076988,0.0013514638478138814
doc85,0.0010992041719767563,0.237481369798915,0.001099266613766302,0.1496690284603645,0.12362924210058134,0.4826253541758045,0.001099296080234534,0.0010989657169688267,0.0010992028008661222,0.0010990700805219296
doc86,0.9932314568569475,0.000752051885002459,0.0007521494849491815,0.0007519725343049833,0.0007521185394284728,0.0007520706461896846,0.0007520834269704157,0.0007519780021049955,0.0007521028877797319,0.0007520157363227497
doc87,0.42744846639336276,0.0006897934100166715,0.0006898501763567549,0.07178037712692055,0.0006898784152433007,0.08898093862765545,0.0006898616773210239,0.0006898492577053324,0.37252047699682433,0.035820507918593876
doc88,0.0013702359212846898,0.001370215761036422,0.4402869217508809,0.1482139826512268,0.4019075308259042,0.0013700766324750027,0.0013703732170043089,0.0013703387297784816,0.0013702569808794862,0.001370067529529727
doc89,0.16516846361158388,0.0011239542464685198,0.0011239341988838554,0.07918213587708159,0.7477818379387822,0.0011243004356261007,0.0011238069062128495,0.001123719474881341,0.0011238852409001857,0.001123962069579433
doc90,0.0047623703472775844,0.2053036634179945,0.6261053239719265,0.004762698283348263,0.00476338649764829,0.0047624906438417085,0.004762337914904126,0.13525227939684503,0.0047630474901200785,0.004762402036094044
doc91,0.0035725241799602512,0.0035720624617314113,0.23917288191014643,0.7322483168032603,0.003572648285543898,0.003572382900211459,0.003572204573967195,0.0035728542054672455,0.003572367986236196,0.0035717566934756447
doc92,0.0011630130404195304,0.04203948797072891,0.8287334362016232,0.001163131468409852,0.04027216079515703,0.0011631158818148659,0.001162932992792924,0.0011632845801827364,0.0011629566088511743,0.08197648046001962
doc93,0.0009347464686128113,0.0009347096158017472,0.9915872870550437,0.0009347557612380813,0.0009348089346871828,0.0009346777953966892,0.0009347664842617309,0.0009347493671823914,0.0009347683206704736,0.0009347301971049508
doc94,0.10452601717070245,0.002857617803299449,0.002858006458408996,0.09729507364468873,0.0028576931733358163,0.07324022341210909,0.08524768562807654,0.0028581020660350554,0.39227251637580635,0.23598706426753763
doc95,0.001351575620397534,0.0013514664132177178,0.0013515775317086943,0.9878363496694513,0.0013516249758725087,0.0013514853455847207,0.0013514404349051952,0.0013515084971406288,0.0013515076639076988,0.0013514638478138814
doc96,0.0005716127543666947,0.2781190347872954,0.0005715421322734164,0.5000365945215177,0.0005716332272886216,0.000571639783125419,0.000571607812109428,0.21784326661609785,0.0005715752079639905,0.0005714931579615353
doc97,0.0032263064091787095,0.003226142439810474,0.0032261023822359137,0.003226063655981308,0.003225969452899977,0.3738302623550186,0.003226596620440345,0.0032259742061280217,0.0032261871687433016,0.6003603953095633
doc98,0.8004591295231092,0.00040492385952729516,0.00040495001324341716,0.04833771806068628,0.05060072767147119,0.0004050136019069918,0.09817264026430032,0.0004049388805914675,0.00040496642618906016,0.00040499169897474126
doc99,0.06619401049860262,0.000752036074514084,0.0007521196438195663,0.4066392889378852,0.0007520596402436079,0.0007520929807003977,0.48154825300480764,0.0007520914374079416,0.000752114593685758,0.04110593318833321
doc100,0.0005684005806901284,0.0005682799810050035,0.0005682687423920939,0.0005682879106223825,0.000568310905606343,0.0005682373586116399,0.9948853725339714,0.00056824838230648,0.000568335427155317,0.0005682581776393249
doc101,0.0006136163836499344,0.0006135752718596243,0.0006135759625150207,0.0006135712031256174,0.0006135874264777723,0.0006136154251660049,0.0006136234961157905,0.0006135499012407013,0.994477664961616,0.0006136199682333087
doc102,0.9919629326418311,0.0008931216070739459,0.0008930081524226553,0.0008929674787773407,0.0008931054673956253,0.0008929283326158207,0.0008929895994867806,0.0008929372916788055,0.0008929964345342914,0.0008930129941837576
doc103,0.0013702281855140816,0.1173511169457548,0.20113363270275716,0.0013703748624342008,0.001370256599272587,0.19601909167965595,0.001370263418173363,0.001370009129977468,0.2252592385502906,0.2533857879261697
doc104,0.0014290207010369616,0.001428828156064976,0.0014289530423859502,0.0014290925921164157,0.0014289571036979068,0.12479627936713704,0.0014288944605210193,0.0014287815819091487,0.4803118558544302,0.3848893371407003
doc105,0.9871392136079186,0.0014290824879226848,0.0014288658512385949,0.001428818937482597,0.0014289722535779732,0.0014289854919938994,0.0014290574744889083,0.001428813994291767,0.0014291503831109732,0.0014290395179742171
doc106,0.0017861523930675853,0.055438313836693995,0.001786329665642816,0.0908906756800005,0.25370773451501927,0.0017861360708394196,0.11659796365626782,0.001786641276340098,0.0017860869338890168,0.4744339659722395
doc107,0.5190491765451181,0.0004609534201923384,0.00046096036876909263,0.02098623143745096,0.13070466484004742,0.030063398465944996,0.0004609679089120576,0.0004609124627289055,0.2968918048457098,0.00046092970512635564
doc108,0.002326413396935917,0.0023262576213860914,0.0023264157164802008,0.002326249540934318,0.3098659694651992,0.0023262743321852387,0.14188605391133344,0.002325829955398146,0.00232649559041185,0.5319640404697356
doc109,0.0015387684333236786,0.0015388817268096864,0.33689854990988366,0.0015390343080810265,0.0015389583605006695,0.18820716283564695,0.0015389966921632798,0.0015387764217365378,0.001538962141020009,0.4641219091708345
doc110,0.43583161993991926,0.0007577467642157304,0.0007577208534501284,0.23307302839481625,0.1516220308654634,0.0007577285867512772,0.000757756470463507,0.1749268331968062,0.0007577153525053713,0.0007578195756088822
doc111,0.5613909445160071,0.0018184079128385564,0.001818572828264894,0.0018184171231782331,0.0018184959936418362,0.0018184910419876158,0.001818478159418445,0.0018184209278848324,0.4240612958332052,0.0018184756635732534
doc112,0.00129915255197916,0.0012989768074049945,0.29278375433357967,0.0012989516638233875,0.0012991580742817842,0.0012989101023470717,0.001299259743424165,0.0012989103421433943,0.00129890724617154,0.6968240191348449
doc113,0.0008476463427893384,0.15738672463005543,0.0008477017271000468,0.07381136915537893,0.0008477674478188328,0.0008476789774434193,0.0008478054345523088,0.000847567779482697,0.26703013491940675,0.4966856035859722
doc114,0.10437127157826842,0.001123870418682664,0.2737285547577011,0.001123916112031585,0.24415570270889683,0.0011238626226353565,0.0011239331351575194,0.12740745562666303,0.24471758480503314,0.0011238482349303972
doc115,0.9910867062180814,0.000990368827303519,0.0009903316786301522,0.0009903664162640054,0.0009904000787893839,0.000990288763141337,0.0009903853865917544,0.0009902449306195458,0.000990518301611524,0.00099038939896767
doc116,0.0008549213416524201,0.0008548439466786193,0.19668896966142227,0.0008548424135063453,0.02097818538371087,0.5778405627888439,0.17550491262831097,0.0008550049158649436,0.0008548992130424205,0.024712857706967118
doc117,0.0008476696916294509,0.000847635152427743,0.6091903810605633,0.0008475960387250681,0.22659941831441957,0.0008477481175066124,0.0008476579400859396,0.0008475537132164327,0.1582766068970745,0.0008477330743512587
doc118,0.001123879644203153,0.0011238270656230556,0.9027786544581712,0.0011237572514966798,0.0011238512186671126,0.08823084658335205,0.001123893674909935,0.001123773836876512,0.0011237596477582002,0.0011237566189421532
doc119,0.0013701312049376468,0.045946446597694056,0.6277967808923246,0.0013703558482105254,0.0013702534249083898,0.001370325055909363,0.07155090055152048,0.02088664259998783,0.22696815836113343,0.0013700054633736226
doc120,0.0009525857680529866,0.0009525271439314015,0.9341758847855728,0.0009526139262625621,0.0009525700908332675,0.05820328305239743,0.000952592451651678,0.000952735980734263,0.0009525752922578737,0.0009526315083056826
doc121,0.00103104160796788,0.0010310220289186114,0.0010311084561345943,0.0010310262555995584,0.0010310684327219113,0.0010310231325117325,0.001031038307599657,0.9907205588831318,0.0010310721605147764,0.0010310407348995039
doc122,0.7289021524378647,0.001587556854890323,0.0015876117936428386,0.0015876175784732768,0.0015875595750230226,0.0015878265378548317,0.2583964011316648,0.0015875901135916641,0.0015878850120532493,0.0015877989649412223
doc123,0.00103104160796788,0.0010310220289186114,0.0010311084561345943,0.0010310262555995584,0.0010310684327219113,0.0010310231325117325,0.001031038307599657,0.9907205588831318,0.0010310721605147764,0.0010310407348995039
doc124,0.1309859317714932,0.00035097730427187043,0.0003509655027207429,0.0003509743426545779,0.808944549254383,0.057612827742267975,0.00035096818613098086,0.00035093464956896227,0.00035094401926604574,0.00035092722724266464
doc125,0.155168053058522,0.0006668249071391263,0.0006669195189168159,0.1694924346473604,0.6706717001124762,0.0006668183415605295,0.0006668980411552713,0.0006667168532563374,0.0006667998288029571,0.0006668346908103226
doc126,0.9909074857537988,0.0010103227489371457,0.0010103523312867994,0.0010102883447925246,0.0010102282713915186,0.0010102562879840203,0.0010102756626862578,0.0010101518602503394,0.0010102433708349245,0.0010103953680376356
doc127,0.0031258233811674056,0.003125319907465111,0.8624044286671334,0.003125513028280654,0.0031255396821211786,0.1125913824676091,0.003125532135035409,0.0031253771163589285,0.003125737521550238,0.0031253460932784845
doc128,0.9909074857537988,0.0010103227489371457,0.0010103523312867994,0.0010102883447925246,0.0010102282713915186,0.0010102562879840203,0.0010102756626862578,0.0010101518602503394,0.0010102433708349245,0.0010103953680376356
doc129,0.0028574791409537214,0.002857918566315877,0.5754932245805632,0.0028582037699410446,0.2436695905308463,0.002857344083707524,0.0028573366866941124,0.16083382485331052,0.002857794951363332,0.002857282836304283
doc130,0.003704667124722099,0.0037041555374868374,0.7828120199734161,0.003704799917178276,0.0037043321185444397,0.0037050332476295075,0.0037047328851702475,0.0037045927736097904,0.003704786452432739,0.18755087996980999
doc131,0.3894824425579915,0.0005103625838781067,0.1121650866054915,0.0005103546685502882,0.0005103512342860443,0.0005103657376842093,0.0005103351753054972,0.0005103251590642005,0.49478002506724666,0.0005103512105020287
doc132,0.0011906750344886307,0.001190676183902885,0.0011908179963832852,0.9892840473485166,0.0011907262072995937,0.0011906218418830077,0.0011905803891459708,0.0011905533336391933,0.0011906612324883428,0.0011906404322525785
doc133,0.3025729610877943,0.0316526407599066,0.6290773105450284,0.00037750176396481397,0.0003774820135572402,0.00037748045322612815,0.0003774368708054088,0.00037741110970407235,0.034432287138886235,0.00037748825712668555
doc134,0.0008477690356641638,0.0008476765260698916,0.0008477620431880665,0.0008475374030278648,0.0008477169954654383,0.0008475991001464356,0.0008477235929549619,0.06402550472152888,0.0008475497534943178,0.92919316082846
doc135,0.9857113919181784,0.0015876385341134353,0.0015876695497994305,0.0015875021128144322,0.001587641287389562,0.001587434687182513,0.0015876460104823997,0.0015874654370552702,0.0015878288822330905,0.0015877815807515809
doc136,0.0010002432869542954,0.0010003595825137462,0.038366710571886675,0.0010001992454775578,0.03073979978341538,0.0010004190876032597,0.19720560768542678,0.0010001057511636318,0.0010002170029403653,0.7276863380026183
doc137,0.0013702570504553141,0.0013700718136587914,0.0013703100282741732,0.8303353781015177,0.0013702876243496583,0.0013700893341597935,0.0013701905800082494,0.0013703512153072227,0.001370443985811072,0.1587026202664581
doc138,0.0009526018045664044,0.0009526245654983893,0.8302978118045855,0.0009527208762454745,0.0009527583305002025,0.03806004749377496,0.000952800184454323,0.12497346248109757,0.0009526179049687463,0.0009525545543085899
doc139,0.09120615177245035,0.0019236475853422893,0.0019236393565490878,0.1943980572139742,0.46251360194708563,0.0019233562731829743,0.0019233600855506178,0.2403409075688659,0.0019236344678213264,0.0019236437291776378
doc140,0.0018874392756989362,0.2619221923626617,0.0018872938500559397,0.40321937127713264,0.08985572254739077,0.0018871303134851494,0.00188730377768736,0.2336790899033266,0.0018872298299935453,0.0018872268625674698
doc141,0.2603044690472223,0.0010104105065726584,0.23770557149185567,0.0010103149982288648,0.368337709354629,0.12759023421994278,0.00101028400314448,0.001010309030317308,0.0010104154473821497,0.001010281900704776
doc142,0.30628711593105734,0.001000167714276732,0.2550944432308934,0.0010001633527012938,0.0010002671280470075,0.001000293738113041,0.001000423082696463,0.0010001167817484896,0.0010001006076585115,0.4316169084328076
doc143,0.09713628366709831,0.27279543923869964,0.191541372517879,0.23920270675001054,0.13050192613273673,0.06528178681306755,0.0008851188502352311,0.000885074109846275,0.0008851863993945669,0.0008851055210321182
doc144,0.0017862068561817338,0.001786216157085335,0.0017860605715332872,0.0017861022029436243,0.0017861820572332482,0.04265983897971865,0.5022365147187928,0.001785867740317935,0.0017864646418585036,0.44260054607433474
doc145,0.00285869468784072,0.0028576677989353453,0.9742774657714273,0.002857923878630582,0.0028575835304505805,0.0028576814464528985,0.0028582582533027796,0.0028574955915847103,0.0028590322552371006,0.002858196786137843
doc146,0.0016670357909033709,0.0016671179617816709,0.32662538186303736,0.4856542353211498,0.1760512773876105,0.0016671459744579244,0.0016669695444717848,0.001666936813150873,0.0016670640866740783,0.0016668352567625621
doc147,0.42076775275473316,0.0008198895505353672,0.0008198673737956822,0.0008198980859876376,0.5726730027055252,0.0008198625150519226,0.0008198294969178169,0.0008200367437724522,0.0008198993443472412,0.0008199614293335263
doc148,0.3039784507038934,0.0010641284493667772,0.39273618329485716,0.0010640607452401863,0.001064103011173017,0.001064032454298505,0.00106414283835852,0.0010639998116655635,0.29583676379801516,0.0010641348931316012
doc149,0.0015875502861869204,0.06906333490918747,0.8191140697861695,0.0015875358178519417,0.0015876555560111554,0.0015877339852243232,0.0015875258889069459,0.024239167215272354,0.0015876761222670093,0.07805775043292247
doc150,0.0015629670471671965,0.001562870891685922,0.5861755618750505,0.001562769832933353,0.0015628253904547067,0.001562803810365844,0.0015630672099941553,0.0015626895013381666,0.40132151340928396,0.001562931031726317
doc151,0.3865969068983554,0.00029591904400614005,0.0002959232317920747,0.00029594133146614227,0.0002959382836481613,0.00029591252145151734,0.0002959275095591531,0.000295903297784065,0.6110356974466766,0.00029593043526076837
doc152,0.5408445503469901,0.00029594047695527564,0.26916690221507766,0.0002959089106292894,0.04766463664456541,0.00029591283567186803,0.000295935123107061,0.058857427807398464,0.0002959480157237388,0.08198683762388123
doc153,0.000806559674737351,0.5655529646052124,0.0008065459038423399,0.0008065088415183788,0.0008065247150724362,0.000806736463046545,0.42799432408810834,0.0008065801319604959,0.0008066270944489055,0.0008066284820526073
doc154,0.5558029437906858,0.055340077394989744,0.0012197594422194953,0.3803183733124819,0.0012199327028279369,0.0012198067810847808,0.001219751590264764,0.001219781389234464,0.0012197558043094295,0.001219817791901459
doc155,0.0013515242030736816,0.0013516549432167084,0.0013516194007568705,0.001351578071884167,0.001351479384692405,0.1959007744185938,0.2604886325194393,0.058920448291136185,0.0013517263102202572,0.47658056245698666
doc156,0.0010876092336163858,0.0010874354576027815,0.0010871926194441306,0.337760189278068,0.0010872424921826874,0.1219306861080644,0.34562756927753735,0.03732636187382805,0.0010871694179224202,0.1519185442417338
doc157,0.0013336931483865896,0.001333563731813851,0.751135195235432,0.0013335157808479557,0.0013336102867561462,0.0013338148403035767,0.07576096274968257,0.0013334944707032682,0.1637685076833339,0.0013336420727401773
doc158,0.000787534810356521,0.0007874790994675517,0.0007875506559807221,0.059779925994177134,0.0007875442849921062,0.000787710903237222,0.0007875468276716845,0.0007876066632456317,0.0007875957077899638,0.9339195050530815
doc159,0.11243627964980488,0.000625327781661074,0.7143353526113329,0.13213584683268692,0.0006251783101481593,0.0006251584672260262,0.0006251749545694615,0.0006251411506755532,0.0006251408208360137,0.037341399421059206
doc160,0.0011113897941131211,0.0011113189950115647,0.0011114519570074462,0.0011113743621700618,0.17937123796869905,0.6413076447978181,0.04455306857439589,0.0011113427202797917,0.0011114182644406682,0.12809975256606423
doc161,0.08606797268938562,0.0007094032511100528,0.08210085589903672,0.0007093798051842498,0.11630228337285974,0.08450237048031266,0.6013771091377091,0.0007093332549929995,0.0007094248660800736,0.02681186724332878
doc162,0.19689476931810485,0.10815426482417835,0.0008266610651899597,0.07729041963725528,0.000826641074857059,0.0008265647163408394,0.0008266605266347871,0.06079098759190403,0.5527362636840348,0.0008267675615000617
doc163,0.7705091589287951,0.0008132239062445746,0.15211453952602638,0.000813217390671498,0.0008132674048457867,0.0008132418101590921,0.0008131917770215941,0.07168375524246912,0.0008131871966419527,0.0008132168171247516
doc164,0.0007693995131862283,0.07592660340714194,0.0007693762207671269,0.6773797288734867,0.0007693956243685757,0.0007695838992954743,0.0007694198602183191,0.0007693137621308514,0.0007694019735820856,0.24130777686582253
doc165,0.07645801093671913,0.03164220911717551,0.5069788090700342,0.0009010244743578955,0.0009011232338890068,0.0009010991129166893,0.08048454514159244,0.0009010752598141853,0.04282073575834242,0.2580113678951585
doc166,0.24863685820432513,0.0027034570555393555,0.5797649188708898,0.002703232488492921,0.1526746025168608,0.002703454520497444,0.002703404219762963,0.0027036940661001752,0.0027031048208025123,0.0027032732367290096
doc167,0.13210941754776717,0.2807618193398693,0.000833520440387466,0.10991057524848774,0.47221683083896987,0.0008334854023998643,0.0008335955778603594,0.000833642258774434,0.0008335354912492684,0.0008335778542345367
doc168,0.001000229097570035,0.0010001849376369983,0.001000293551337709,0.0010002240936862335,0.0010003405637639309,0.21594013888097477,0.24778593207065921,0.0010001431249297902,0.0010002481546507473,0.5292722655247906
doc169,0.0006851028822771495,0.000685170855823997,0.4219474811901149,0.0006850785098990071,0.48918193405474036,0.0006850547470047084,0.08407485209248934,0.0006851554797664915,0.0006850978968406896,0.000685072291043369
doc170,0.49252383884780687,0.0003040041199159607,0.2807699503280925,0.1562479013239209,0.06863410416567935,0.00030404636782038947,0.0003040238886413366,0.0003040714901267246,0.0003040319769254415,0.0003040274910705924
doc171,0.17021920427598605,0.0007043584189314505,0.12824244089461304,0.0007044301477723992,0.5031493983034919,0.0007042909914587505,0.0007044614031745251,0.19416253697803065,0.0007044082145486467,0.0007044703719923901
doc172,0.002000550125923833,0.12758943608622955,0.36752065660079325,0.0020003004352438323,0.002000509947951384,0.0020006803989758197,0.0020005183169712745,0.0020003502610330586,0.06763069127673874,0.42525630655013935
doc173,0.029407718386456366,0.0006174161592844358,0.8450531202739021,0.0006174499983367606,0.0006174283003432075,0.0006174095852065684,0.0394920787654211,0.0006174744900232983,0.08234251629798063,0.000617387743045567
doc174,0.4061498593945289,0.0018184540898362168,0.0018187998036998507,0.06877894009518064,0.0018187374607033697,0.001818632836020018,0.0018185669942356489,0.08827409794903673,0.4258853801689938,0.0018185312077647682
doc175,0.0009346761453721056,0.0009346736162915996,0.0009346846115165774,0.000934671873978204,0.0009346897177885335,0.0009346759893039733,0.0009346677712169421,0.9915879569454991,0.0009346543123606138,0.0009346490166724064
doc176,0.0009346761453721056,0.0009346736162915996,0.0009346846115165774,0.000934671873978204,0.0009346897177885335,0.0009346759893039733,0.0009346677712169421,0.9915879569454991,0.0009346543123606138,0.0009346490166724064
doc177,0.0016954378784930686,0.001695198033030768,0.5247680375582022,0.0016951070866295312,0.0016951831145488884,0.0016951604430628406,0.0016952720806418693,0.001695336615396638,0.18033863333632777,0.2830266338536665
doc178,0.15544869746223755,0.0015386480632301228,0.19358549098901967,0.0015390176219095767,0.0015388462295991838,0.09791538411635999,0.17578870865608842,0.0015386170175775739,0.3695676001150303,0.0015389897289474418
doc179,0.31852732400751216,0.10755874262467763,0.0010312195742104143,0.0010312919676056913,0.054353860243153924,0.0010313216116657228,0.0010312370516077996,0.0010312156119021026,0.5133726950379316,0.0010310922697329777
doc180,0.5379906181269716,0.0015153670064141542,0.0015154357519142365,0.0015153243211655444,0.001515411168493498,0.0015153709920107746,0.001515397168476449,0.0015153283211756872,0.44988636021792194,0.0015153869254560315
doc181,0.0010755850566977223,0.0010754429313857361,0.0010756341513697076,0.9903203297697744,0.0010754871803544705,0.0010753989499154176,0.0010755372604351616,0.0010753991029519374,0.001075571940539147,0.0010756136565763027
doc182,0.3963298634523397,0.0010002526361796893,0.0010002891653303045,0.3013516690965071,0.29531672638005335,0.0010002601064499673,0.0010003145657376932,0.0010002061427647172,0.0010002014458095761,0.001000217008827841
