,topics0,topics1,topics2,topics3
doc0,0.0006785013433599866,0.956904528217056,0.0006785394972407489,0.04173843094234332
doc1,0.00206670285106827,0.8233584264218944,0.0020664647724971384,0.17250840595454037
doc2,0.0011713008818379413,0.9007902073647291,0.09686686991112416,0.0011716218423086712
doc3,0.0006354735135109587,0.9980936422655964,0.0006354066077315648,0.0006354776131611404
doc4,0.000755476821142257,0.2256288730464928,0.04469285796293834,0.7289227921694265
doc5,0.02765767367615785,0.00047315212685602765,0.00047319059151703995,0.9713959836054691
doc6,0.3436977850073619,0.0014413664297055013,0.0014414795223107754,0.6534193690406218
doc7,0.0009059797622491359,0.0009060280158876897,0.01344526261740893,0.9847427296044543
doc8,0.20661254408982282,0.3009599885397202,0.0012598987220083643,0.4911675686484486
doc9,0.0011063646732137826,0.0011063803995966157,0.9966808639981806,0.0011063909290091344
doc10,0.0011063646732137826,0.0011063803995966157,0.9966808639981806,0.0011063909290091344
doc11,0.022092021724202503,0.8756498953796574,0.00021218408344435069,0.1020458988126957
doc12,0.0005904908307591847,0.7529714478492473,0.07597146635722406,0.17046659496276959
doc13,0.18316559768042417,0.8151447973419378,0.0008447328700452833,0.0008448721075927695
doc14,0.2949308904253314,0.49505084144855915,0.0018384995434503238,0.2081797685826591
doc15,0.0550243571109667,0.3204768652807576,0.0005669845206117099,0.6239317930876641
doc16,0.8475502793073799,0.15023680643374332,0.001106391040176336,0.0011065232187003106
doc17,0.6032704778938117,0.3959209504068552,0.00040423601681893723,0.000404335682514155
doc18,0.12121874674797171,0.6899353110979671,0.04603800112812643,0.1428079410259347
doc19,0.08456709341358036,0.597624505561557,0.02762148653134475,0.2901869144935179
doc20,0.0013444787831292475,0.5252628528882108,0.0013442796788231159,0.47204838864983684
doc21,0.2652281674220792,0.5041215250681279,0.0006159459495745022,0.23003436156021845
doc22,0.5180885723628723,0.051861860535243526,0.0005939053642694934,0.4294556617376147
doc23,0.0012288079810644193,0.99631379925798,0.001228606744044267,0.001228786016911372
doc24,0.6689640001138727,0.28060607965498924,0.0004457001301401268,0.049984220100998025
doc25,0.2606275914155466,0.08400102578710658,0.0005225175513487977,0.654848865245998
doc26,0.0004322682063094445,0.3353112183806679,0.00043224863934838314,0.6638242647736742
doc27,0.32925846419363325,0.23936074889700956,0.11341304929738492,0.31796773761197233
doc28,0.0023590655870723075,0.5087464863966356,0.002358980804765808,0.4865354672115263
doc29,0.31033612201252747,0.2942456482527941,0.0014838327761229951,0.39393439695855553
doc30,0.8766943218913263,0.12129304248192113,0.0010062773959171247,0.001006358230835478
doc31,0.0016031969249900556,0.33588341249934567,0.001603938002142341,0.6609094525735218
doc32,0.2816675700759255,0.6951263773278619,0.022339223246472615,0.0008668293497401524
doc33,0.12578453876969325,0.25274381813318514,0.0015063480639584243,0.6199652950331632
doc34,0.6356028334220458,0.3600858182086467,0.0021555382415076457,0.0021558101277998724
doc35,0.0008744165221706294,0.1473319436392208,0.0008742527058293904,0.8509193871327791
doc36,0.0004399104775301132,0.0004398953299519277,0.021441615015157716,0.9776785791773602
doc37,0.09074443544351925,0.2579190725581761,0.0015531641717074641,0.6497833278265973
doc38,0.0007280173582358907,0.0007279343699210056,0.0007279844638874884,0.9978160638079557
doc39,0.6656923550436864,0.3315444725973115,0.001381590827024506,0.0013815815319776644
doc40,0.0005975532734600545,0.9409818343291031,0.05782310409068801,0.0005975083067489209
doc41,0.0004800044843558164,0.649675937096446,0.00047997414013995485,0.3493640842790583
doc42,0.0005575377405031854,0.0005575442620377332,0.0005574690306926327,0.9983274489667664
doc43,0.0007851436699754331,0.9976445587121394,0.0007850909584151943,0.000785206659470012
doc44,0.04884033387308819,0.9489467333820383,0.0011064066980423515,0.0011065260468311592
doc45,0.003789346962393311,0.7510743349714208,0.0037882039770765655,0.24134811408910936
doc46,0.0008307508673251432,0.0008307898672165737,0.0008306529462582598,0.9975078063192
doc47,0.1172920619213388,0.8792228508738352,0.001742438842651089,0.001742648362174929
doc48,0.4345396900197053,0.43683501300564165,0.00040757348579369845,0.12821772348885935
doc49,0.2342081979964945,0.7640878294787826,0.0008519683792883858,0.00085200414543442
doc50,0.21870400043998237,0.7531180859892865,0.0005974788407222673,0.027580434730008898
doc51,0.0019848040459709442,0.5578051261684709,0.0019843327831756507,0.4382257370023825
doc52,0.7071971397841383,0.18869822873359432,0.10162900958878951,0.002475621893477708
doc53,0.04261874822046523,0.6864246347304888,0.0009312925181282728,0.2700253245309177
doc54,0.002304542390045291,0.33364800393663113,0.0023043390673423364,0.6617431146059813
doc55,0.32269305743093013,0.48738668811704255,0.0011575861604974692,0.18876266829152988
doc56,0.49457111913191254,0.5010226361688795,0.0022029670909672044,0.0022032776082407555
doc57,0.5376239266275029,0.46138772019920954,0.0004941394037167013,0.0004942137695708567
doc58,0.0011444584783800397,0.5731072011391597,0.10150075475649056,0.3242475856259697
doc59,0.0007443002763861496,0.7423153881517538,0.0007441616880120346,0.25619614988384803
doc60,0.5605099819870778,0.31704996300002153,0.000898071224646537,0.12154198378825413
doc61,0.0015062610987844312,0.5182159857901325,0.0015061751963703438,0.4787715779147127
doc62,0.009616925477061276,0.009617619215783467,0.009616673404546248,0.971148781902609
doc63,0.03367647113055338,0.0011315073947656504,0.1135507573548297,0.8516412641198512
doc64,0.0035218368867758116,0.0035224533968494314,0.1022722767078858,0.8906834330084888
doc65,0.09070597792872023,0.7012049952655017,0.0012289624678157819,0.2068600643379623
doc66,0.14917334246751257,0.001773653910326003,0.14001197760117062,0.7090410260209907
doc67,0.000755476821142257,0.2256288730464928,0.04469285796293834,0.7289227921694265
doc68,0.000996182113804843,0.0009962083356498022,0.9970114389473825,0.0009961706031627825
doc69,0.000996182113804843,0.0009962083356498022,0.9970114389473825,0.0009961706031627825
doc70,0.6035289541166491,0.3936295227788286,0.0014206319429008794,0.001420891161621401
doc71,0.3084858932693223,0.6876966691000902,0.00190857823303647,0.0019088593975511705
doc72,0.6233381132782589,0.37269254779491817,0.0019844497696002435,0.0019848891572228087
doc73,0.1654893540451217,0.1873841008325407,0.0004845362832033533,0.6466420088391343
doc74,0.001553072500248687,0.35159815360073426,0.0015529871348168973,0.6452957867642001
doc75,0.002748082720294792,0.3476049021773129,0.0027482322909600787,0.6468987828114322
doc76,0.05936738263371466,0.8726405820722197,0.0674436221585711,0.0005484131354944093
doc77,0.004274479761632229,0.004274642595296521,0.004274423359244387,0.9871764542838268
doc78,0.0008979554165278792,0.9973063832615845,0.000897730791962195,0.0008979305299255834
doc79,0.2575573729007772,0.09514023296893993,0.0005040808180233327,0.6467983133122596
doc80,0.39224167108692576,0.26148892154854686,0.0015067121086759236,0.3447626952558515
doc81,0.1177327361144483,0.6914213164312727,0.03723254889645997,0.15361339855781897
doc82,0.0776416042271795,0.10110884293364335,0.05826785932515735,0.7629816935140198
doc83,0.5734839570321087,0.20756370383331477,0.09163313663387661,0.12731920250069995
doc84,0.6656923550436864,0.3315444725973115,0.001381590827024506,0.0013815815319776644
doc85,0.24336720776958068,0.6794571691633676,0.0011849126968061002,0.0759907103702457
doc86,0.000773095083558762,0.8769170494845515,0.0007729978584585224,0.12153685757343115
doc87,0.0006878858771059054,0.9979363507215423,0.0006878082926966802,0.000687955108655018
doc88,0.0013626859408429027,0.12579708605431744,0.0013627242395885502,0.871477503765251
doc89,0.5378589872615237,0.4029120504952403,0.0011063881179083027,0.05812257412532774
doc90,0.004098931179800764,0.004100669189020938,0.0962470283036062,0.8955533713275721
doc91,0.003650647020031334,0.7001917193958065,0.0036511344425230407,0.2925064991416392
doc92,0.0010828486166686278,0.0010825378186713496,0.0010825863449720852,0.9967520272196879
doc93,0.0008978475778014965,0.0008978648367435676,0.013277305116111318,0.9849269824693436
doc94,0.22057078376699246,0.7732546599423593,0.003087020999637055,0.0030875352910110943
doc95,0.6656923550436864,0.3315444725973115,0.001381590827024506,0.0013815815319776644
doc96,0.0005975532734600545,0.9409818343291031,0.05782310409068801,0.0005975083067489209
doc97,0.003185939918016331,0.6282628008928651,0.0031849903884537422,0.3653662688006648
doc98,0.31406952417091516,0.6086095058175908,0.00040102820027812557,0.07691994181121586
doc99,0.19146228815135072,0.8069550828808034,0.0007912955738564891,0.000791333393989344
doc100,0.0005768345348459425,0.9982695299439978,0.000576774545740444,0.0005768609754159203
doc101,0.0006562398572931657,0.951418686773376,0.0006562738571418413,0.04726879951218899
doc102,0.11876998511434352,0.8792954112800611,0.0009672562164573168,0.0009673473891381143
doc103,0.001381626477239103,0.47236832212962,0.0013813336608548762,0.524868717732286
doc104,0.0015295068132546805,0.4636357906728786,0.0015292618898241034,0.5333054406240427
doc105,0.16920011910636235,0.7972948138860766,0.03195194599353006,0.0015531210140310844
doc106,0.34178665588813656,0.65472795298927,0.0017426108448138408,0.0017427802777794132
doc107,0.00046649449449423605,0.9775728008885596,0.00046654020656143824,0.021494164410384743
doc108,0.2853347743554448,0.7103540408216894,0.0021553455459324116,0.002155839276933288
doc109,0.2255038976635945,0.3954818070513784,0.0015530944944000557,0.3774612007906269
doc110,0.0007498467639914108,0.7989405326296721,0.19955976312294782,0.0007498574833886448
doc111,0.002066328046579882,0.9938008371535024,0.002066387589707852,0.0020664472102098737
doc112,0.19724040756252678,0.21747005568137318,0.0014207623920005604,0.5838687743640996
doc113,0.0008593432185166267,0.9047066892997957,0.0008594383222838918,0.09357452915940374
doc114,0.0010376246259829066,0.5934030580418106,0.13372240776631808,0.27183690956588835
doc115,0.001048349139904767,0.9105581640263791,0.0010484086949286513,0.0873450781387874
doc116,0.9116193547882316,0.08661640898318623,0.0008821541286464567,0.0008820820999357354
doc117,0.0008238929290127396,0.0008240360892291578,0.0008238104872962073,0.997528260494462
doc118,0.001082442701189102,0.0010824470002553904,0.0010824008317086942,0.9967527094668468
doc119,0.0013629358916023996,0.3358884285886931,0.018979482481713533,0.6437691530379909
doc120,0.1445909064807444,0.0008898952917179326,0.03854173729283281,0.8159774609347049
doc121,0.0009862978150619952,0.0009863813038999665,0.9970408565296407,0.0009864643513972818
doc122,0.001553149538581036,0.9953405584739116,0.0015531921776737706,0.0015530998098335141
doc123,0.0009862978150619952,0.0009863813038999665,0.9970408565296407,0.0009864643513972818
doc124,0.6792739856276861,0.3020472690167725,0.018325797109651782,0.00035294824588966964
doc125,0.31122635274574273,0.6873176646273597,0.0007279431283534935,0.0007280394985441857
doc126,0.09637071078550734,0.8105346530525566,0.0010824063295050157,0.09201222983243108
doc127,0.0031854481355898484,0.0031851872012451233,0.0031850354084975423,0.9904443292546674
doc128,0.09637071078550734,0.8105346530525566,0.0010824063295050157,0.09201222983243108
doc129,0.2202300970907829,0.00282584888526139,0.24892962398600596,0.5280144300379498
doc130,0.003789047185799778,0.7596602960571962,0.0037889800761041676,0.23276167668089986
doc131,0.0006010713649138953,0.8582549426353983,0.0006011787408242681,0.14054280725886348
doc132,0.0014208261775682058,0.6168132099636326,0.0014205709618090774,0.3803453928969901
doc133,0.0190005264564743,0.2901912132564738,0.000371243237589125,0.6904370170494629
doc134,0.3023915827755718,0.3269919269014099,0.07593590417819235,0.29468058614482606
doc135,0.185282361600066,0.8113498216149833,0.0016838275939469092,0.001683989191003752
doc136,0.2146620636468011,0.5461104312506415,0.0010268137495276681,0.2382006913530298
doc137,0.0017424872143973113,0.9947723629401498,0.00174254970109724,0.001742600144355514
doc138,0.031778627242391735,0.0009060192762092111,0.07457205143088477,0.8927433020505143
doc139,0.002475696645405438,0.6711637422250496,0.002476231790501676,0.32388432933904326
doc140,0.0019844854767187043,0.7952139307230847,0.2008167635435597,0.001984820256636995
doc141,0.07298144558819525,0.6135522414223702,0.001006177100801577,0.31246013588863303
doc142,0.15384639460828564,0.5256326686209167,0.0010268380253559849,0.31949409874544177
doc143,0.1459445525211838,0.5861366927321312,0.0009226348477288717,0.2669961198989562
doc144,0.0017736195989466077,0.8285021003726079,0.0017733252426431407,0.1679509547858023
doc145,0.0025386456800138885,0.00253865569591571,0.0025384256738359198,0.9923842729502346
doc146,0.0017425854412955167,0.5916023328477997,0.001742507153952598,0.4049125745569522
doc147,0.0008307751117138386,0.8803216532738194,0.11801677781482514,0.0008307937996415261
doc148,0.03151427460443933,0.600165738307499,0.0010942559395119543,0.36722573114854973
doc149,0.001577828120912272,0.0015777244239972238,0.0015783581399688158,0.9952660893151217
doc150,0.0013626862002001478,0.2409307303565698,0.001362577557006715,0.7563440058862234
doc151,0.0003362928446375586,0.9989910659748193,0.00033630769707804475,0.00033633348346523195
doc152,0.10048203905599595,0.4827706333432612,0.06707310223526752,0.3496742253654753
doc153,0.0009145282337368199,0.8877539530850025,0.11041727113969803,0.0009142475415626961
doc154,0.12883574384359464,0.8686763030865099,0.0012439497012087118,0.00124400336868691
doc155,0.0014208239787879158,0.9458349315464968,0.051323382153329836,0.0014208623213854013
doc156,0.5676361501558064,0.4301261608772575,0.0011188909699592438,0.0011187979969769163
doc157,0.0013818822394113912,0.19339067518045785,0.0013814273887107185,0.8038460151914201
doc158,0.22229719263911762,0.7759066878699763,0.0008982011279309651,0.0008979183629750421
doc159,0.0006314840499168235,0.20704457512642835,0.0006314513796537629,0.7916924894440011
doc160,0.8471382463215944,0.15057305066639773,0.001144275671164264,0.0011444273408436718
doc161,0.5533987680856843,0.4451964468789092,0.0007023398917868457,0.0007024451436197264
doc162,0.0008742641262787273,0.7852224034412121,0.0008743986052581966,0.213028933827251
doc163,0.0008667466640595659,0.7400412014571716,0.0008666739698343837,0.2582253779089347
doc164,0.030891930646409726,0.9489154701293814,0.0008306798118582131,0.019361919412350742
doc165,0.14687069009257048,0.0009490998459819352,0.0009489469592080092,0.8512312631022396
doc166,0.1392857944398058,0.0026745555727213715,0.0026744135983164433,0.8553652363891565
doc167,0.0008519194221190673,0.9098526819069849,0.0008519444514302111,0.08844345421946592
doc168,0.02369231879032218,0.9741885836775903,0.0010595035005952714,0.0010595940314923192
doc169,0.0006274369527853691,0.3436351205030646,0.04044469736577526,0.6152927451783747
doc170,0.0003131630931791827,0.6124690779628362,0.010694885803569707,0.37652287314041494
doc171,0.0006740039385283031,0.3341762564728335,0.24046462896258197,0.4246851106260562
doc172,0.001629043056557437,0.23040966332769042,0.0016290702963715062,0.7663322233193807
doc173,0.0005835508017106422,0.0005836154014235986,0.02971892002508544,0.9691139137717804
doc174,0.0018730406390552571,0.8282438378065529,0.16801004334015737,0.0018730782142345364
doc175,0.0008978652862198928,0.0008978309260801123,0.9973065135246502,0.0008977902630498256
doc176,0.0008978652862198928,0.0008978309260801123,0.9973065135246502,0.0008977902630498256
doc177,0.001628952755823301,0.23833841742496611,0.0016290542825868916,0.7584035755366237
doc178,0.0017128453440925866,0.791912051165167,0.0017125064549936742,0.20466259703574666
doc179,0.0010709361909896269,0.9449379037200468,0.001070890018589323,0.05292027007037416
doc180,0.0017124835974395378,0.9948624230185105,0.00171251938950259,0.001712573994547436
doc181,0.0012758645848202216,0.6428101358238887,0.0012756343352296447,0.3546383652560615
doc182,0.04464716850761999,0.8321507771271137,0.0011578673097333665,0.12204418705553294
doc183,0.0019848514523114038,0.6560224017249066,0.07168610191713018,0.2703066449056519
doc184,0.001873297778732245,0.2555138566166155,0.1257265413061163,0.616886304298536
doc185,0.1517788273672731,0.750089421830711,0.022605787989401768,0.075525962812614
doc186,0.0015532062452386503,0.6302936483550121,0.0015532458761845142,0.36659989952356464
doc187,0.0008239875222961502,0.07822591902054263,0.0008238202537628142,0.9201262732033983
doc188,0.001629002698233248,0.9591123438178878,0.0016290109996502451,0.037629642484228745
doc189,0.0017736098244422328,0.9946796368088977,0.0017732023567864402,0.001773551009873536
doc190,0.00085195177880126,0.420065695878986,0.0708860018652923,0.5081963504769204
doc191,0.0015062761186806,0.6681063881867364,0.0015064306559881915,0.3288809050385947
doc192,0.6250368516039515,0.10162898805952175,0.0010598228127727493,0.27227433752375396
doc193,0.33939849090137325,0.2619923541191478,0.0011710695449111883,0.3974380854345677
doc194,0.002605024299157559,0.0026051446748703087,0.0026055157500100568,0.9921843152759621
doc195,0.0016838435209454606,0.07539212159346115,0.05768632930583278,0.8652377055797607
doc196,0.5778741854119361,0.4186408939546929,0.0017423829140841842,0.0017425377192867692
doc197,0.26555908322457367,0.23039686820420122,0.025050861767076247,0.4789931868041489
doc198,0.1445909064807444,0.0008898952917179326,0.03854173729283281,0.8159774609347049
doc199,0.0013266096312192493,0.24473114247639072,0.0013266949856797303,0.7526155529067102
doc200,0.002155555345928884,0.002155784390010851,0.0021559321119155703,0.9935327281521447
doc201,0.0018057575068826275,0.0018057006447487673,0.042498574806687575,0.953889967041681
doc202,0.3992478494405313,0.5013382023512353,0.0010595627942339841,0.09835438541399932
doc203,0.0012439842205376533,0.7150302717100748,0.028730811230772722,0.25499493283861485
doc204,0.0014208239787879158,0.9458349315464968,0.051323382153329836,0.0014208623213854013
doc205,0.001048349139904767,0.9105581640263791,0.0010484086949286513,0.0873450781387874
doc206,0.09637071078550734,0.8105346530525566,0.0010824063295050157,0.09201222983243108
doc207,0.0013265901799980491,0.7071427301218536,0.0013266888990889753,0.29020399079905945
doc208,0.00047313682644263387,0.8305933831337081,0.000473110650847065,0.16846036938900216
doc209,0.2118194068634781,0.7864616280879748,0.0008596168588171894,0.0008593481897298721
doc210,0.0022031755234820307,0.9933904436852627,0.00220311051520697,0.0022032702760482934
doc211,0.0012924458250424538,0.6733449130348091,0.060095411346105014,0.2652672297940434
doc212,0.0022033744513930745,0.30577364181408095,0.002203119205461448,0.6898198645290645
doc213,0.43329279715240393,0.4371982982211976,0.0018060573152386828,0.12770284731115972
doc214,0.042102700122302786,0.5424562775364874,0.00021869303544257956,0.41522232930576713
doc215,0.00046004324442311623,0.9986197674995185,0.00046007653937615145,0.00046011271668218413
doc216,0.9943806400789588,0.0018733183983399594,0.0018729305210080185,0.0018731110016932994
doc217,0.003402485440533576,0.9897932224446925,0.0034023452710560125,0.0034019468437177843
doc218,0.0015292733591618147,0.9954121455182038,0.001529317013743073,0.001529264108891318
doc219,0.011841946570207146,0.9297008173092793,0.00031512896001226106,0.05814210716050135
doc220,0.0005365854992995396,0.4902844004556765,0.0005367902492915312,0.5086422237957324
doc221,0.0044660646693997046,0.3716399322859955,0.004464440812080728,0.619429562232524
doc222,0.0009227988775736761,0.6139656574125141,0.16336661937436286,0.2217449243355494
doc223,0.0008978288974540644,0.7395673675283904,0.03793578771393376,0.22159901586022188
doc224,0.0018055453028778727,0.1642928300515325,0.2233683605219293,0.6105332641236603
doc225,0.0011578704808577112,0.0011578147012859393,0.0011575960278321575,0.9965267187900242
doc226,0.0005365687100751546,0.0005365823972137093,0.0005365409685973276,0.9983903079241138
doc227,0.7901995461952872,0.0007729992407590656,0.0007730685236355479,0.2082543860403182
doc228,0.0009311564228786634,0.0009312021915184966,0.9972064186835263,0.0009312227020765812
doc229,0.0009311564228786634,0.0009312021915184966,0.9972064186835263,0.0009312227020765812
doc230,0.09987463174668669,0.20540073106841297,0.002304565053112079,0.6924200721317882
doc231,0.0007670550911690271,0.5806605637144125,0.0007670048859117806,0.4178053763085066
doc232,0.0008377770365905739,0.8851790503490846,0.0008377225671642612,0.11314545004716048
doc233,0.0008377156624722951,0.03030558610841693,0.0008377220530968744,0.9680189761760138
doc234,0.1481891946476734,0.0005575780565286884,0.0005575087790834344,0.8506957185167144
doc235,0.003523009202970812,0.0035229541521921417,0.003521412101271877,0.9894326245435652
doc236,0.0014209017647793868,0.42501973622419476,0.0014210335204930802,0.5721383284905327
doc237,0.2642345728719095,0.0035216470312494134,0.0035217492453246705,0.7287220308515164
doc238,0.7614434468470312,0.08558667503194083,0.0008377242530470791,0.15213215386798093
doc239,0.07284884070266101,0.0015531807265709173,0.18991029839588788,0.7356876801748803
doc240,0.004274153802202285,0.004275033635632234,0.004274142591775379,0.98717666997039
doc241,0.1955090071742275,0.4089619727669529,0.0011850972746882413,0.39434392278413144
doc242,0.0010596034035544666,0.7006831297848918,0.0010595340666793608,0.2971977327448742
doc243,0.5806242686913604,0.41465729688895886,0.002359230969002489,0.002359203450678125
doc244,0.12468851712753351,0.8705934870791653,0.00235885696450995,0.0023591388287911613
doc245,0.8645509063720533,0.11208082467143744,0.022922483763892366,0.0004457851926168987
doc246,0.7135325911603272,0.2854383018595168,0.0005145408825696422,0.0005145660975864557
doc247,0.19536735562269136,0.5601482941737507,0.11239281323053543,0.1320915369730225
doc248,0.0012287790303301363,0.11100535084515437,0.001228664823341721,0.8865372053011739
doc249,0.8152509199663206,0.183807229969077,0.0004709306942440463,0.00047091937035840213
doc250,0.04810656916538932,0.5330508819656951,0.0013093065692268671,0.4175332422996887
doc251,0.055990496461016684,0.6719921295848119,0.0013626147520513436,0.27065475920212007
doc252,0.2542097055635665,0.49256260266967794,0.0009226457447109203,0.25230504602204473
doc253,0.022485246598046266,0.0009060440292639883,0.02837905224783335,0.9482296571248564
doc254,0.002415833816863386,0.1847347725412789,0.17491849475115728,0.6379308988907004
doc255,0.11156058511869844,0.36220373133986167,0.0014623088763613802,0.5247733746650785
doc256,0.19077140143091467,0.18177579897759835,0.0006083362678670383,0.6268444633236199
doc257,0.058597947207844885,0.49806222939103767,0.0010823594522510836,0.44225746394886634
doc258,0.0005836039934371751,0.5982485884140127,0.1327465769097543,0.2684212306827958
doc259,0.14960300591528555,0.3540909831072928,0.00108259780346904,0.4952234131739525
doc260,0.33501478780676097,0.11896563005430352,0.09486299530709993,0.45115658683183557
doc261,0.11481586816870183,0.7580076598260177,0.0017732937035775803,0.1254031783017029
doc262,0.0005365687100751546,0.0005365823972137093,0.0005365409685973276,0.9983903079241138
doc263,0.0018389243764946187,0.656689817958876,0.0018384556184671064,0.33963280204616225
doc264,0.12782300575636327,0.0010271754366095725,0.001026860593450718,0.8701229582135764
doc265,0.0008899020092102143,0.9973305362356248,0.0008897249947000945,0.0008898367604648108
doc266,0.0009142934439944499,0.280751365113865,0.09058099970921112,0.6277533417329294
doc267,0.0005198613977461787,0.19114648007558585,0.0005198914880899023,0.807813767038578
doc268,0.08399247216781967,0.9129946174407557,0.0015065884622919572,0.0015063219291326438
doc269,0.31649164910422917,0.1960124231720663,0.011623659125969833,0.4758722685977346
doc270,0.001292320784341782,0.001292446234084799,0.040501220956227,0.9569140120253465
doc271,0.513499647581549,0.4853790482458123,0.0005606204398347573,0.0005606837328039355
doc272,0.07938566180385112,0.566834481167692,0.00100617218984902,0.3527736848386079
doc273,0.0656037491252493,0.9096971250299251,0.023926090603832925,0.0007730352409926288
doc274,0.002907372985895205,0.9912769145472449,0.0029078679923146443,0.002907844474545116
doc275,0.0016839713070355517,0.14271743717333404,0.0016840870838025427,0.8539145044358278
doc276,0.12456609788696117,0.8424142300504625,0.03206158486891822,0.0009580871936581598
doc277,0.001683936629849274,0.5078380700867354,0.001683773364894904,0.48879421991852046
doc278,0.666184090125855,0.17687054518723863,0.15561868288873057,0.0013266817981757953
doc279,0.0012441314570426202,0.7877519490529862,0.0012441268375767058,0.20975979265239444
doc280,0.0009227988775736761,0.6139656574125141,0.16336661937436286,0.2217449243355494
doc281,0.1413011648754826,0.2785306399825276,0.0002973233885496718,0.5798708717534402
doc282,0.0009311564228786634,0.0009312021915184966,0.9972064186835263,0.0009312227020765812
doc283,0.0009311564228786634,0.0009312021915184966,0.9972064186835263,0.0009312227020765812
doc284,0.9935329987244605,0.0021556903663774263,0.002155762286315388,0.0021555486228465766
doc285,0.0024164366161807337,0.0024163760159922293,0.0024160031733527843,0.9927511841944743
doc286,0.0021555056164354607,0.15675269896143032,0.002155449315338467,0.8389363461067958
doc287,0.14013765437578063,0.7545127755589681,0.06062584440615176,0.04472372565909951
doc288,0.0009674772696836243,0.32334051258284147,0.000967650387833404,0.6747243597596415
doc289,0.0020664985814435838,0.7578482019280772,0.0020667368161358724,0.23801856267434335
doc290,0.0012138791766710209,0.14419612124575407,0.001213731325641387,0.8533762682519335
doc291,0.24097116232034144,0.4879211083860569,0.0011443499002127986,0.269963379393389
doc292,0.6686070132037599,0.3277159743754114,0.0018383434023494965,0.0018386690184791275
doc293,0.0007789760283973316,0.19544804970114957,0.0007790296529620941,0.8029939446174909
doc294,0.3785485754720494,0.6203299995542592,0.0005607135385161532,0.0005607114351753036
doc295,0.0019088347012835357,0.1954339673763652,0.001908756304919901,0.8007484416174314
doc296,0.0743356931011782,0.4339772455990466,0.0026745893549751007,0.48901247194480013
doc297,0.0009059766314569254,0.41461510640969224,0.0009059745370867773,0.583572942421764
doc298,0.0017734295648500907,0.9946797268641169,0.0017732222008888048,0.001773621370144129
doc299,0.001441336360387624,0.6201655695490603,0.11560725769091844,0.2627858363996337
doc300,0.0007729492576173533,0.3915264843765509,0.0007729605927894841,0.6069276057730423
doc301,0.22444210655401878,0.4514632165196881,0.0020664299924850436,0.32202824693380805
doc302,0.0013266618378667042,0.5675395687344792,0.001326475821211814,0.42980729360644243
doc303,0.2743425892037599,0.1936338471131474,0.001742320163720794,0.5302812435193719
doc304,0.0011444634017160555,0.4207935423656228,0.00114440800289274,0.5769175862297685
doc305,0.04993453538976792,0.0016559728340699283,0.2762719276609316,0.6721375641152306
doc306,0.2707264798189109,0.5127831738027069,0.0006235419063341898,0.21586680447204815
doc307,0.0006274640847082916,0.0006275051240961381,0.0006277770964891538,0.9981172536947065
doc308,0.08448325403812366,0.5181171262560027,0.03798808241819588,0.3594115372876778
doc309,0.000804058534467151,0.0008041427283458375,0.0008042288743671982,0.9975875698628198
doc310,0.0005836039934371751,0.5982485884140127,0.1327465769097543,0.2684212306827958
doc311,0.005749322224436688,0.5081490451247739,0.005747766946514376,0.48035386570427513
doc312,0.8152509199663206,0.183807229969077,0.0004709306942440463,0.00047091937035840213
doc313,0.19322107352903095,0.526458744939681,0.0008376628843780249,0.27948251864691004
doc314,0.28557375214470615,0.5582413442131451,0.0015530197238501108,0.15463188391829852
doc315,0.0005366553289594374,0.6851945454489473,0.0005365558190686611,0.31373224340302464
doc316,0.032905146908928914,0.5427396738398754,0.0009673266068959579,0.4233878526442996
doc317,0.43159370752937987,0.1979659735224202,0.0015068103100111863,0.3689335086381887
doc318,0.00046004324442311623,0.9986197674995185,0.00046007653937615145,0.00046011271668218413
doc319,0.0008377770365905739,0.8851790503490846,0.0008377225671642612,0.11314545004716048
doc320,0.3480565410058173,0.45088383274722543,0.0014622777748207246,0.1995973484721365
doc321,0.5555437429785565,0.21856751421482806,0.0032899205738589074,0.2225988222327566
doc322,0.27564615709760654,0.7235943948163986,0.00037971147384972717,0.00037973661214524767
doc323,0.0010484687976030777,0.7300455270914721,0.0010483456853703822,0.2678576584255544
doc324,0.27070550452892705,0.3586636272495379,0.0010484910810421716,0.3695823771404929
doc325,0.20166662669612542,0.7969853235237807,0.0006740177184402573,0.0006740320616536066
doc326,0.16476625914731344,0.2511801083912397,0.010598300163881202,0.5734553322975656
doc327,0.0025389691080847064,0.853735384794721,0.002538342494487231,0.14118730360270712
doc328,0.0014008562387339723,0.511044340391752,0.0014008188067126995,0.4861539845628014
doc329,0.09605697512491235,0.9025079756826078,0.000717474693115886,0.000717574499364162
doc330,0.002066520924649678,0.9937994770840849,0.0020670976628218746,0.0020669043284435046
doc331,0.003087091722557067,0.9174945061664713,0.0763307452762621,0.0030876568347096727
doc332,0.002994997339006124,0.8551573540038652,0.1388526815279766,0.002994967129152179
doc333,0.0023046747780982187,0.7418578441184548,0.0023049826323678054,0.25353249847107906
doc334,0.0007555739131894659,0.5619075720192761,0.0007555450155259637,0.43658130905200837
doc335,0.2037079731602872,0.0036505638795018085,0.003651025416693223,0.7889904375435178
doc336,0.00026432263047702,0.0002643402985298695,0.0002643233939777143,0.9992070136770154
doc337,0.44616768129874884,0.0013266364453372729,0.0013265027682996637,0.5511791794876143
doc338,0.0009490548990112251,0.0009488704543506958,0.9971531384877856,0.0009489361588524257
doc339,0.0009490548990112251,0.0009488704543506958,0.9971531384877856,0.0009489361588524257
doc340,0.0017736895990614308,0.9728496243967059,0.02360320015049625,0.0017734858537363262
doc341,0.0013444900434560999,0.9446662168478077,0.05264489598574046,0.001344397122995588
doc342,0.0017128256843601962,0.8217760504807554,0.001712630025869414,0.17479849380901502
doc343,0.002110231860802468,0.9936691068884153,0.0021104623882451413,0.002110198862537122
doc344,0.7877614637856543,0.20965404064087048,0.0012922609808419382,0.0012922345926334043
doc345,0.0018730097874917872,0.0018730282482239905,0.0018742954042634803,0.9943796665600206
doc346,0.030522755904337697,0.9675612541243842,0.0009579585644775758,0.0009580314068003838
doc347,0.0013094573576469446,0.2296641343964168,0.0013090504754210283,0.7677173577705152
doc348,0.6367692103863468,0.3604675718287499,0.0013816815253873606,0.0013815362595157898
doc349,0.0010596852664941459,0.7824918024522053,0.0010595091306221747,0.21538900315067852
doc350,0.0007976650807343001,0.6713763958068846,0.08501546619151445,0.24281047292086674
doc351,0.1311214564939638,0.11051146786320354,0.0014622820763365355,0.7569047935664961
doc352,0.6049418337783901,0.3926005874490053,0.0012287454949505945,0.0012288332776541108
doc353,0.6503201860514128,0.0016293885699533563,0.0016288016228340758,0.3464216237557996
doc354,0.23953939444114683,0.2661377851372425,0.0011711053110723707,0.49315171511053824
doc355,0.06382792742366906,0.0023590962810560137,0.002358757222755203,0.9314542190725198
doc356,0.0012758109961346767,0.32071900793167224,0.07981703491155136,0.5981881461606418
doc357,0.0021555056164354607,0.15675269896143032,0.002155449315338467,0.8389363461067958
doc358,0.24097116232034144,0.4879211083860569,0.0011443499002127986,0.269963379393389
doc359,0.0013626154299056393,0.613594266008507,0.00136271893779992,0.38368039962378736
doc360,0.0012597600888098331,0.3944885325862304,0.19729621923321364,0.40695548809174614
doc361,0.02325994504004975,0.0014838971938773546,0.0014845582566788344,0.9737715995093941
doc362,0.6733302778534376,0.0005575723353725786,0.04480166568344178,0.281310484127748
doc363,0.6686070132037599,0.3277159743754114,0.0018383434023494965,0.0018386690184791275
doc364,0.39449445531174215,0.3845490191230946,0.0012445379798566385,0.21971198758530663
doc365,0.0009674296354700394,0.5502972318802016,0.060721134757887776,0.3880142037264405
doc366,0.0021555478399860836,0.0021557851605015096,0.002155575065709897,0.9935330919338025
doc367,0.0025386110032089796,0.5865829200285839,0.00253848420769959,0.4083399847605076
doc368,0.3460421726307052,0.6484625599376579,0.002747769935111228,0.0027474974965256685
doc369,0.061140716817492745,0.38731652730365745,0.0015776044689082577,0.5499651514099416
doc370,0.04545812795573244,0.9507958864458518,0.001872864606527591,0.0018731209918881077
doc371,0.9935329987244605,0.0021556903663774263,0.002155762286315388,0.0021555486228465766
doc372,0.7533505805410539,0.0012441071690183195,0.0012440526872579986,0.24416125960266977
doc373,0.00215541929462082,0.2718041862595765,0.0021554330088894725,0.7238849614369133
doc374,0.001484419571425087,0.0014841342984548522,0.0014845670624519137,0.9955468790676681
doc375,0.0003916720941839623,0.9262571715283067,0.00039159874137196924,0.07295955763613751
doc376,0.5781858671962827,0.3540167679272399,0.06671491137727548,0.0010824534992020173
doc377,0.06273907279549658,0.43384723619207477,0.0004559149020326772,0.5029577761103959
doc378,0.7399412018276381,0.25824682929562504,0.0009059304544320954,0.0009060384223048019
doc379,0.0009490399747193123,0.9971528525062874,0.0009490008032580431,0.0009491067157351988
doc380,0.9985738111093649,0.0004753671573580874,0.000475377396560561,0.0004754443367162936
doc381,0.022297694646568285,0.44142554804917644,0.0004303738566273843,0.5358463834476279
doc382,0.9027888150771762,0.09613218259084927,0.0005394635339169291,0.0005395387980575053
doc383,0.3285740517120587,0.4036274791716634,0.03658323673702939,0.23121523237924857
doc384,0.0008978392327539174,0.9973064796188519,0.0008977373532590789,0.0008979437951350863
doc385,0.5190080558523819,0.14159372091878294,0.0010267794290522375,0.33837144379978307
doc386,0.06423459998970908,0.005156819690197623,0.005155017671846846,0.9254535626482465
doc387,0.0011994055568251025,0.6574004075050884,0.13978280947031893,0.20161737746776756
doc388,0.0012442048424394865,0.38284024519260174,0.0012439862167639801,0.6146715637481948
doc389,0.0010377052673414405,0.4811435102368114,0.0010377075820754817,0.5167810769137716
doc390,0.21100469848854542,0.0007175750652525947,0.0007174212704906968,0.7875603051757112
doc391,0.0005638260368382174,0.346730164315457,0.0005637964851045462,0.6521422131626001
doc392,0.0009399250492682608,0.0009400381712500246,0.9971800568236578,0.0009399799558238155
doc393,0.0009399250492682608,0.0009400381712500246,0.9971800568236578,0.0009399799558238155
doc394,0.3447803459594566,0.6522514817318038,0.0014839828982951865,0.0014841894104443956
doc395,0.7075970201822674,0.28924793793268205,0.0015773970105659532,0.001577644874484517
doc396,0.035681128953346984,0.0007074115365434717,0.0007073540079403774,0.9629041055021692
doc397,0.10441689115137942,0.888738348540476,0.0065050040892055995,0.00033975621893908407
doc398,0.9985738111093649,0.0004753671573580874,0.000475377396560561,0.0004754443367162936
doc399,0.9965269613261506,0.001157724160109407,0.0011575753743539264,0.0011577391393861494
doc400,0.0010824423359769803,0.001082674640195376,0.022769344746870628,0.9750655382769571
doc401,0.6399756306083678,0.002304453486742145,0.002304837053422251,0.3554150788514679
doc402,0.0028254513161819605,0.002825660881900889,0.15099905799782345,0.8433498298040937
doc403,0.0028254513161819605,0.002825660881900889,0.15099905799782345,0.8433498298040937
doc404,0.002252909379430799,0.002253012532049607,0.002252823819411675,0.9932412542691078
doc405,0.4086003212660114,0.48897799765966565,0.0007443113674160957,0.10167736970690681
doc406,0.0011576277123073696,0.9965271259829785,0.0011576242757238419,0.0011576220289903159
doc407,0.05833044189151457,0.9381837215220533,0.001743347047332485,0.0017424895390997957
doc408,0.2417921379801187,0.6284848250463306,0.09297362397147917,0.03674941300207147
doc409,0.002304663050713952,0.0023044791775734155,0.002304830471818965,0.9930860272998936
doc410,0.4091260137330959,0.2322871050835417,0.0032906695056834565,0.35529621167767894
doc411,0.0014414152118611694,0.35539550718910085,0.0014409834434943383,0.6417220941555436
doc412,0.4019648398639853,0.4465980488046897,0.0011447101738400352,0.1502924011574849
doc413,0.002907787832500315,0.002907765685796402,0.00290851231823909,0.9912759341634642
doc414,0.2707264798189109,0.5127831738027069,0.0006235419063341898,0.21586680447204815
doc415,0.0019460764333596274,0.3520961961479545,0.0902283680889993,0.5557293593296866
doc416,0.0008978600099642201,0.0008979253629199637,0.0008977776187674639,0.9973064370083484
doc417,0.02325994504004975,0.0014838971938773546,0.0014845582566788344,0.9737715995093941
doc418,0.002475758391541209,0.8504671121207035,0.0024755643211239278,0.14458156516663162
doc419,0.0011443992907108102,0.2694585581805786,0.0011443325457403885,0.7282527099829703
doc420,0.06392113487738699,0.000996257820582191,0.18900474325427669,0.7460778640477541
doc421,0.0009226999543267857,0.8962814202077846,0.03460856914558164,0.06818731069230703
doc422,0.6733302778534376,0.0005575723353725786,0.04480166568344178,0.281310484127748
doc423,0.00031615256868936106,0.13586746371674677,0.006815341009431005,0.8570010427051329
doc424,0.0022527983021497573,0.9932417870858611,0.0022527033636154338,0.002252711248373832
doc425,0.00806549004073168,0.00806625698364625,0.008065009893842394,0.9758032430817797
doc426,0.0007280044623607368,0.3007461922991403,0.0007279061608549393,0.6977978970776442
doc427,0.9027888150771762,0.09613218259084927,0.0005394635339169291,0.0005395387980575053
doc428,0.15695188695679177,0.8404966141149889,0.0012756833528723384,0.0012758155753469923
doc429,0.2523378030674818,0.7457275201045231,0.0009672948910967029,0.000967381936898305
doc430,0.0019457932069539743,0.7720391153238625,0.06145717485508135,0.16455791661410227
doc431,0.773874286010168,0.22047455484113107,0.0028258215773479325,0.002825337571352885
doc432,0.0002955751940981383,0.9659066505792148,0.00029555093509547604,0.03350222329159147
doc433,0.0015064097822562153,0.9361006376866929,0.0015065001205731765,0.0608864524104777
doc434,0.003937823090100608,0.003938409252454155,0.003938057472089913,0.9881857101853554
doc435,0.04237157806752978,0.7212386132267156,0.000687890448057637,0.23570191825769693
doc436,0.20036763944541927,0.35047618722483315,0.0009227763286641623,0.44823339700108333
doc437,0.004902727318659732,0.004903025608150622,0.0049026662359037045,0.985291580837286
doc438,0.001909074021910914,0.7484308777178293,0.24775091462829185,0.0019091336319677875
doc439,0.001506357201819665,0.0015064625554871312,0.11007041383831405,0.8869167664043791
doc440,0.000986303131424123,0.000986474894492836,0.04419055730606187,0.9538366646680211
doc441,0.000639515967894032,0.16814962884827336,0.22785526291641184,0.6033555922674207
doc442,0.0937497237084636,0.0023590641508582223,0.0023589962655714307,0.9015322158751068
doc443,0.0009226094568381101,0.0009226554697135702,0.9972321228227055,0.0009226122507428328
doc444,0.0029945468124123195,0.4331534314643139,0.002995027318210805,0.5608569944050631
doc445,0.0009226094568381101,0.0009226554697135702,0.9972321228227055,0.0009226122507428328
doc446,0.02551318566855483,0.6403734041012311,0.03821294175075749,0.2959004684794566
doc447,0.0006236043691141015,0.6902826218884626,0.0006236460337957794,0.3084701277086275
doc448,0.05204248017576679,0.7015470535698225,0.0006395327244428831,0.24577093352996776
doc449,0.18293387015010434,0.8110761393836595,0.0029943310890659463,0.002995659377170048
doc450,0.0008105643629376434,0.9011221577217653,0.0008104787736774465,0.09725679914161962
