,topics0,topics1,topics2,topics3,topics4,topics5,topics6,topics7,topics8,topics9
doc0,0.0016669547863672155,0.0016672528047763345,0.8692026926424806,0.0016668229542761055,0.0016672407989145772,0.0016671600862120054,0.0016668570820668248,0.04511981636970361,0.001667069095748383,0.07400813337945425
doc1,0.0005103651711618268,0.652935855909777,0.30322596414260417,0.000510325598274532,0.0005102721021306138,0.0005103122060078166,0.04026588540137818,0.0005102808247852899,0.000510369385255345,0.0005103692586252089
doc2,0.386519998345763,0.05770177687029795,0.0008002368695897128,0.054187499615665845,0.0008002143642678563,0.0008001149327633179,0.000800128924242147,0.08467820706267494,0.0008002164560140328,0.4129116065587212
doc3,0.0005435781294914968,0.0005435614841802134,0.0005436011125476544,0.4176805359154432,0.0005435876419111186,0.10724406727245722,0.0005436490738218776,0.0005436061148493952,0.47127021013253145,0.0005436031227663602
doc4,0.07986223686569374,0.0012050480077180443,0.001205120576846461,0.0012051405225767036,0.0012049617054102164,0.38635312443715664,0.0012052983791069013,0.05404528361006763,0.0012051730802127303,0.47250861281521095
doc5,0.0007635138595676823,0.0007636347102781923,0.7453635033599367,0.0007636161381421367,0.0007637540189532744,0.1663816645662356,0.0007635835444038847,0.0007635907803201468,0.02802151402522626,0.055651624996936065
doc6,0.0015154808192717028,0.0015153762115545399,0.41161052561250305,0.0015157861080560143,0.0015153743087670903,0.001515838647658363,0.073488595397165,0.0015154894180054912,0.0015155728151080728,0.5042919606619105
doc7,0.0014712560305248333,0.17812123332415333,0.11838591197973593,0.0014708427328045768,0.21330264811261662,0.28579793729852976,0.0014710456228526358,0.0014711023762443603,0.19703685940510782,0.0014711631174300116
doc8,0.0006580687436740929,0.2858550352781031,0.0006580848891954501,0.000658008451609158,0.0006579826996556918,0.4068370991789495,0.0006580065336248586,0.0006580849153957618,0.3027015802519087,0.0006580490578838724
doc9,0.001298820642716551,0.0012988208399579793,0.0012992157928949392,0.0012989049589946496,0.05814559795263561,0.5888168583242701,0.0012990448082915971,0.3439447504525835,0.0012989400644397749,0.0012990461632152069
doc10,0.0007753405677439806,0.0007753903431671178,0.0007753572520966353,0.0007753421658556628,0.0007753190732527491,0.835401796877031,0.000775374374524249,0.1583954054396539,0.0007753220401037011,0.0007753518665710207
doc11,0.0006099524261250719,0.46177140732812505,0.0006099474420528346,0.0006098740465734644,0.0006099274409849565,0.2646364004849942,0.04722606212704932,0.2227065426700746,0.0006099694732720143,0.0006099165607483805
doc12,0.0007465096678453987,0.05647672738871475,0.7491537350732218,0.0007466207015895589,0.0007464705538385993,0.0007464326933728549,0.0007465242201672868,0.18914385961733832,0.0007464993768577839,0.000746620707053965
doc13,0.0010206789166141849,0.0010205396093455757,0.0010205809677641398,0.0010205901304615429,0.9908139586442305,0.0010206421048286353,0.0010207732353666003,0.001020740588024517,0.0010208788537992327,0.0010206169495651936
doc14,0.0010206789166141849,0.0010205396093455757,0.0010205809677641398,0.0010205901304615429,0.9908139586442305,0.0010206421048286353,0.0010207732353666003,0.001020740588024517,0.0010208788537992327,0.0010206169495651936
doc15,0.7244901371935981,0.1781146827633824,0.0011240057757703566,0.0011238606611230506,0.0011238507156404736,0.08952777087215436,0.00112386841607069,0.0011238983209710368,0.0011239947519630644,0.0011239305293265817
doc16,0.0010002629438705488,0.33811250630708806,0.0010001892794989095,0.15758475867637092,0.0010002408166982554,0.001000194318583727,0.11860339994716364,0.3796979191874352,0.0010002258734273816,0.001000302649863296
doc17,0.12531405278832672,0.0007464253803801484,0.0007464506879163906,0.32379811086896293,0.0007466439966016901,0.07460634032254301,0.04734224836824597,0.0007465015669156443,0.15008287791758043,0.27587034810252703
doc18,0.614380173828465,0.10987533793492504,0.0005183060543944477,0.0005183137603576909,0.008751921055456831,0.15328107543159414,0.0005182565124235564,0.0005183004685545459,0.11112004150472335,0.0005182734491054772
doc19,0.11594649878185193,0.000893046768655915,0.0008931697990268383,0.059995950771215514,0.0008930261926055642,0.0008931552160591478,0.22154273267431718,0.08286627862311906,0.0008931457825333142,0.5151829953906155
doc20,0.004546325572258837,0.004545941628585765,0.00454587906839533,0.0045457542902741606,0.004546356345344719,0.004545684123668819,0.004545648549466641,0.9590868140647144,0.0045455628950262054,0.0045460334622650965
doc21,0.0004630487614943444,0.0004630512518363709,0.12539077285409736,0.4627657982991764,0.00046303365292510294,0.0004631098879378013,0.08998633605082194,0.00046309257488664834,0.00046306554813004154,0.31907869111869397
doc22,0.0007578456746172106,0.0007577698186099805,0.2358322987903708,0.0007576926980533701,0.078433362814801,0.351476754306741,0.0007577256043226197,0.0007577933425542981,0.0007578359530182746,0.3297109209969115
doc23,0.36228266775690365,0.38913690812613116,0.0005209855378524842,0.0005210236818693378,0.009713777929449973,0.07187946781618801,0.0005209544965027694,0.0005209829936091877,0.16438225465820672,0.0005209770032865948
doc24,0.11132321665350046,0.12285937106471691,0.0005348668626572734,0.05598936025427487,0.0005348269091799753,0.6446641590959755,0.0005349378401623471,0.0005349223184241722,0.06248946340141069,0.0005348755996977913
doc25,0.0017247709714966876,0.001724721953448098,0.6469615957388521,0.0017244619037034602,0.0017248083720996926,0.09905195539190352,0.0017245820567945783,0.1560444536914328,0.08759399140030336,0.0017246585199657148
doc26,0.21648463121485934,0.00030403432174910854,0.1680317385897821,0.00030400808520100514,0.030078571093701458,0.1941413811148274,0.0003040092335575447,0.3897435891395202,0.00030403297483359084,0.0003040042319682941
doc27,0.0012052056998319894,0.08365327422980266,0.0012051463924513811,0.001204965739411113,0.0012049395367031686,0.2617942180124597,0.0012050137527753694,0.0012049987177653744,0.6461172187512256,0.0012050191675734383
doc28,0.0012349061087982996,0.09352573778369562,0.08500867246162928,0.001234731845801316,0.0012347233640378483,0.001234930966587956,0.3021368241126906,0.05348131345443761,0.45967335933225517,0.0012348005700664993
doc29,0.13985641217991887,0.10059231376884822,0.0009261874976250475,0.0009260867977059699,0.0009260855149174888,0.27372027948250466,0.0009261620706809339,0.48027409858490266,0.0009261854369918042,0.0009261886659042983
doc30,0.000781469949242698,0.4811391363397913,0.36003875010450836,0.09906864454178621,0.0007814000626145852,0.0007814666109670987,0.0007814826507207951,0.05506471792534904,0.0007814652507484865,0.0007814665642714573
doc31,0.001961467610136206,0.0019611834328591444,0.3043306071912231,0.0019611123401296017,0.0019611225897225642,0.0019612795607657513,0.00196105150484059,0.6799798275308487,0.0019611990402136964,0.001961149199260634
doc32,0.0023261912126650995,0.11657169506030564,0.002326047248075303,0.002325997823738902,0.0023260594520449866,0.3431273479527289,0.0023261553059755295,0.5240184453335477,0.0023257924102260737,0.0023262682006918397
doc33,0.0012050485794230074,0.0012049787368750037,0.0012051427257541714,0.0012053909605388108,0.0012049481909591395,0.0012051909043411008,0.0012055078453526125,0.9891535870536228,0.0012051047003478477,0.0012051003027854995
doc34,0.2950623535542323,0.00909395969608737,0.6321806618350907,0.00909705013104733,0.00909193737182903,0.009092637356324308,0.00909647615118963,0.00909406335892832,0.009094483641922163,0.009096376903348845
doc35,0.0018872803405182792,0.0018874913871778838,0.0018872186368798565,0.001887194451493851,0.001887041164520119,0.0018871697177604706,0.0018870200991915735,0.7892727556387816,0.19562928104781804,0.0018875475158583136
doc36,0.003334550880142531,0.0033341371486742726,0.0033341430474539673,0.003333966178697273,0.003335212626441465,0.003334604661924001,0.003334624541875727,0.6710991356654822,0.0033341463022659116,0.3022254789470428
doc37,0.2557963558376887,0.07574980026240222,0.0020005036403316565,0.0020003528120841655,0.0020003460949887183,0.002000506833255953,0.00200018196138396,0.654450676408815,0.00200057505400913,0.002000701095040406
doc38,0.0007752876441260852,0.0007753648725169394,0.0007753868984784009,0.0007754611401651069,0.35784603977686447,0.0007754578608869853,0.0007753209595333727,0.6359509373251,0.0007753604302064698,0.0007753830921218493
doc39,0.0010991324835673358,0.0010990889167472365,0.001099153428998195,0.0010990993062611036,0.0010990734800981426,0.001099211318988612,0.0010990901272233495,0.31554727562300233,0.0010991729946175641,0.6756597023204961
doc40,0.0006804867798331954,0.0006804504616508733,0.725626709489146,0.0006804658861021759,0.02855485977549819,0.0006805388075458453,0.037079563315488034,0.0006804542321269414,0.204656059258187,0.0006804119944217291
doc41,0.07842377271798973,0.0016133212555529412,0.545817643341598,0.001613036167337216,0.0016131296642508464,0.001613507253712438,0.11979878796967897,0.001613459760931638,0.24628024243418278,0.001613099434765288
doc42,0.0007693064072803327,0.0007692830733650074,0.000769286238751542,0.0007693818194861125,0.0007693246108231605,0.40668596838338733,0.000769343467516366,0.5871593886312291,0.0007693410420673024,0.0007693763260937383
doc43,0.0040017045164601524,0.7850890897906514,0.18290184362513426,0.004002127546717512,0.004000516018543956,0.004000567397579257,0.00400096136705066,0.0040015552001772025,0.004000638446252509,0.004000996091433146
doc44,0.0004367921693866874,0.0004368062295810241,0.30156296503418384,0.00043677669848331014,0.00043677353681047395,0.2259412871542401,0.0004367855004385958,0.4694381788194339,0.00043681772447411437,0.0004368171329681506
doc45,0.001639574038724961,0.0016395487077936084,0.0016396885638375771,0.6772109564291604,0.001639728647345906,0.0016396732579438099,0.0016398026436926312,0.10317590973881793,0.20813522593081069,0.0016398920418724666
doc46,0.0004292789828276751,0.0004292616172419457,0.016119489196687393,0.4466954139541417,0.0004292707483818022,0.0004293065124454519,0.3460907299025657,0.00042927692956348893,0.0004293170575127333,0.18851865509863203
doc47,0.0007938457317374333,0.0007938765146049456,0.0007938950193347007,0.521936153026982,0.010746090690987751,0.13655336691703376,0.0007938713547904398,0.0007938115808753244,0.11427586484602918,0.21251922431762427
doc48,0.002273405757362923,0.002273087344596715,0.002273398411192425,0.3636130382488518,0.00227409450461384,0.11365970695972204,0.22872496862757055,0.002273264168906206,0.0022734518378748503,0.28036158413930873
doc49,0.12419842617091652,0.005000775438913304,0.8357923899668322,0.005001389441709371,0.005000516388789377,0.005001171581078721,0.00500169389410771,0.00500093123310678,0.005001054993975112,0.0050016508905708435
doc50,0.001887334646786646,0.001887345085349204,0.6852537509846076,0.0018871629979591933,0.0018880432247448977,0.13441028601809266,0.001887102224777889,0.0018873132549271385,0.16712431813516257,0.0018873434275922564
doc51,0.0999519013057083,0.6743461972662201,0.0004740455589691918,0.0004740750762541867,0.0004740410870332494,0.00047406232291245803,0.0004740567595246231,0.18876750402298223,0.0004740533233283308,0.03409006327706741
doc52,0.0011907010404906737,0.0011906728761830027,0.0011906963419222529,0.0011907058538991938,0.0011906152660392042,0.0011908139270619138,0.9892835940718909,0.0011907781550661758,0.001190746668207509,0.0011906757992389935
doc53,0.001370243864072382,0.001370209115586221,0.49421099317312517,0.0013701069626429897,0.0013701866141478398,0.22209644430639958,0.0013701861285071398,0.2395687940649525,0.03590280076419214,0.001370035006374057
doc54,0.0025647468997471233,0.002564493587404895,0.35906280758061704,0.002564730709452981,0.0025647601929585898,0.1843081112613646,0.002565220624235802,0.002564584816481164,0.002564806079799949,0.4386757382479378
doc55,0.0016134674526569292,0.21531307672088273,0.0016133079512802085,0.0016136250721522471,0.001613346659416627,0.0016131631273911297,0.001613554000467727,0.23400483212358006,0.0016131486654600796,0.5393884782267123
doc56,0.0034487626204240036,0.0034489653405940447,0.003448894503060481,0.390528451777677,0.00344874643294226,0.0034490531004026325,0.00344942547932779,0.0034490486199576023,0.0034491464074251268,0.5818795057181891
doc57,0.4810674001772244,0.0015156596643544286,0.0015154466907843155,0.0015157607776454575,0.0015153475312067787,0.001515650525551262,0.001515612975637168,0.0015156160792200687,0.0015154245319335432,0.5068080810464428
doc58,0.0013160477726759164,0.0013159913282761427,0.14990836288285175,0.6303000418163937,0.0013161531990116765,0.0013161618240886117,0.0013163296060475416,0.001316138681802914,0.0013161195509578177,0.21057865333789388
doc59,0.0007094073524374907,0.14768501382088334,0.21777723655119116,0.07710599862068056,0.0007094160433303279,0.26592201007228333,0.0007093892916808158,0.0007094407846491637,0.2879627097607223,0.000709377702141637
doc60,0.0012823580558738864,0.0012823973882276792,0.001282339504197509,0.0012824095203803794,0.0012822401594154535,0.8109918025202886,0.0012824211551015325,0.1787495396629202,0.0012822149791850272,0.0012822770544097886
doc61,0.0006623953487402899,0.0006625173850344399,0.0006624740829918328,0.0006624819247712469,0.0006624251266424108,0.8945029102401764,0.00066249626479079,0.10019730601410366,0.0006625144616925854,0.0006624791510564394
doc62,0.5085925953377992,0.24457506663343237,0.001163203805499953,0.001163292058188059,0.0011629559666688945,0.23869034812724285,0.001163189436476179,0.0011630362997389837,0.0011630694220040691,0.0011632429129493753
doc63,0.3081572007350277,0.0013700524888731233,0.06944401554981294,0.0013700977529476261,0.09513851211898079,0.2506328834729373,0.0013701591824934734,0.0013701675834436086,0.0013702814826289321,0.26977662963285454
doc64,0.0009619501390245708,0.0009618509491286525,0.0009616795799699568,0.0009620985226448599,0.9913439336743757,0.0009617018190490785,0.0009616251439560005,0.0009616594037136942,0.000961720358788143,0.0009617804093494389
doc65,0.0009619501390245708,0.0009618509491286525,0.0009616795799699568,0.0009620985226448599,0.9913439336743757,0.0009617018190490785,0.0009616251439560005,0.0009616594037136942,0.000961720358788143,0.0009617804093494389
doc66,0.9907202723474092,0.0010311559665650285,0.0010310629184944982,0.0010310691785173115,0.001031051448863748,0.0010310535080472294,0.0010310295072095462,0.0010311441662382741,0.0010310480720380842,0.0010311128866169045
doc67,0.0006098651529505152,0.6568078744104685,0.0006099228680418517,0.0006098963023031651,0.0006098155054230724,0.12930823582662654,0.0006099171925041584,0.20961473915265189,0.0006098645501480215,0.0006098690388823078
doc68,0.9795409081049483,0.0022733106754486104,0.0022731289531782296,0.0022732026392206593,0.002273303869948898,0.002273334290865014,0.0022733067336566447,0.0022730712149124873,0.0022731616534544777,0.0022732718643665934
doc69,0.0013161579455229053,0.0013162903541991066,0.200010266380364,0.0013161564621944522,0.001315944331358156,0.3799516602790987,0.0013161855680038472,0.2191622147377931,0.0013160547867721193,0.1929790691546936
doc70,0.0019614179460013333,0.001961395129539024,0.3038227752062258,0.0019609809437746415,0.31103849976095116,0.001961304149833971,0.0019612092237083884,0.19451565310341376,0.17885557084916676,0.0019611936873852403
doc71,0.0009712383059783199,0.08197480567295842,0.4076676821202524,0.0009709940200299528,0.0009711010862038024,0.000971257879626271,0.0009711250274151436,0.0009714618411200624,0.5035589455120525,0.0009713885343631808
doc72,0.0009617728825956048,0.0009618167292453585,0.23299574356486874,0.0009619093828624161,0.0009619301631763546,0.25998074205059224,0.5002906248082888,0.0009617987597292774,0.000961860912523812,0.000961800746117376
doc73,0.0017550092791184886,0.7190713930167666,0.0017549643970134038,0.0017549330611929337,0.0017546512884461904,0.0017547706102691502,0.08853063364728798,0.1801136993525613,0.0017548620357593406,0.0017550833115844767
doc74,0.003031306111646496,0.14329151811336316,0.003031064126215768,0.003030654897889655,0.0030304973041113616,0.11680006515948055,0.0030305164269000383,0.7186932497008212,0.003030634332961644,0.0030304938266101215
doc75,0.001219923260983286,0.0012199097841516671,0.29872918483092514,0.0012198025487629664,0.0012199053800062397,0.47999801873074205,0.0012198562408928127,0.21273373273287158,0.0012197251393601426,0.0012199413513040427
doc76,0.0012052376977061193,0.6639852417750752,0.326373643039088,0.0012051303596594804,0.0012050004833420592,0.0012054569894117755,0.0012051370279061687,0.001205129951526657,0.0012050640096283542,0.0012049586666561937
doc77,0.06628876380998107,0.44283994338204286,0.0014927698296251341,0.0014930039401134308,0.0014927881246789335,0.001492900746941061,0.0014928740635012443,0.42839924234135124,0.0014927202637390199,0.053514993498026006
doc78,0.0010419534016920394,0.5784780959871519,0.16144964411303817,0.0010419165353981862,0.0010418213140139792,0.0010419920168323882,0.25277871952877196,0.0010419035001906416,0.0010419904084429535,0.0010419631944678823
doc79,0.0012662554378806898,0.0012661967206443433,0.2635570240217253,0.001266187257859115,0.15897850698023544,0.23686806648379755,0.0012661123561775792,0.33299924529557645,0.0012661518424257898,0.0012662536036776285
doc80,0.4603924352291568,0.0024395877048022903,0.0024397255124672342,0.002439460517747323,0.0024396419816012003,0.1612392619392546,0.002439574247175808,0.08696809347387291,0.0024394543134425985,0.2767627650804791
doc81,0.0010208122337933931,0.16178019000619692,0.0010207261137716989,0.13042203972255237,0.0010207677054653453,0.4413413452774207,0.0010209286122819536,0.0010207153512932642,0.2603317717236318,0.001020703253592665
doc82,0.07729352503233758,0.0020414776590561667,0.002041396252184521,0.10000730132920772,0.0020411137933453298,0.002041255812518882,0.10166203483284093,0.3480068112828689,0.3628238377438441,0.0020412462617959456
doc83,0.2278174499924926,0.001205166786752848,0.0012050825286747586,0.0012053256078663774,0.0012049423932435895,0.3731697663533313,0.001205070702831138,0.32052584775360804,0.07125626679581024,0.0012050810853888921
doc84,0.0030309382026087886,0.9727214591933057,0.0030311140400799052,0.0030310915045528397,0.003030577740561589,0.003030602809237372,0.0030308458204587646,0.003030481976013244,0.003030731309581645,0.0030321574035999813
doc85,0.001333687135542031,0.0013337278738810437,0.15905533121930332,0.001333627703328141,0.0013336900594431245,0.2630887369326469,0.05318768780905358,0.2627595004400864,0.25524032956170406,0.0013336812650113607
doc86,0.001370226415267213,0.0013701874984944284,0.16141830597744183,0.0013702367017138855,0.0013700693840874285,0.6412589171603366,0.001370157695713793,0.18773147406053703,0.0013702838732685325,0.0013701412331391942
doc87,0.0023817934380098633,0.0023818273236324385,0.3254419445961559,0.2048251982020023,0.002381629439930029,0.0023817478550176713,0.0023820824508277334,0.2799684279033205,0.17547368303323152,0.0023816657578720883
doc88,0.003571918419895247,0.0035718711879831645,0.003572406473310866,0.003571812553824806,0.0035715485586926563,0.0035720030357407,0.003572123236159798,0.3805681492386785,0.22244750345700282,0.37198066383871153
doc89,0.05633104543794291,0.001695398971292865,0.0016950923502552144,0.0016950541279655603,0.0016950677748064386,0.4640736293055081,0.0016951345017876135,0.4677293549437853,0.001695097937013952,0.0016951246496421828
doc90,0.0027033869865309493,0.002703330489893889,0.0027032970085031083,0.0027035965662405817,0.0027029587394043772,0.286963461140487,0.06734538387905836,0.6267676351675201,0.0027033286276267623,0.002703621394734739
doc91,0.0010872563591264647,0.0010872488116268056,0.4596195975477384,0.0010871544603728413,0.0010871061751991072,0.10372127589840498,0.0010870963248577684,0.0010872384328544703,0.11863743414507089,0.3114985918447484
doc92,0.19003288090235887,0.16196245285584623,0.1098792889818444,0.002273080635296047,0.002272898577753961,0.002273419871574503,0.002273183892403645,0.27923169689891847,0.0022731513264142673,0.24752794605758952
doc93,0.0007752876441260852,0.0007753648725169394,0.0007753868984784009,0.0007754611401651069,0.35784603977686447,0.0007754578608869853,0.0007753209595333727,0.6359509373251,0.0007753604302064698,0.0007753830921218493
doc94,0.27517863508250234,0.3952532719911013,0.0006251328451836867,0.000625088539696739,0.0006250833714209329,0.0006251160963322863,0.000625113953641895,0.32519228174757886,0.0006251310458731986,0.0006251453266689712
doc95,0.7711739119381809,0.12712670851895552,0.09058500375105272,0.0015878055683548574,0.0015878490140096974,0.0015877310771623262,0.0015876901242061156,0.0015878345465361744,0.0015875653807689387,0.0015879000807727474
doc96,0.0012198249175095464,0.0012197245791967313,0.0012197829820047425,0.001219714907499041,0.0012195952145648383,0.0012197109494590144,0.2875680687563547,0.0012197490609087143,0.7026739477962867,0.001219880836216005
doc97,0.2661068574161128,0.6432338701629378,0.0008549277292524441,0.0008549087901192146,0.0008548620952448314,0.00085497664114853,0.08467475756958268,0.0008549265763075993,0.0008549712953797623,0.0008549417239144738
doc98,0.716653724810834,0.0008406231272555955,0.0008405983585790157,0.000840494027866255,0.0008404488017716502,0.0008406127317843825,0.0008404669654559644,0.0008405108763513544,0.27662203994691986,0.000840480353181974
doc99,0.0014288070722774096,0.001428811361002074,0.0014288869480230753,0.6288868979918134,0.0014289788995425485,0.001428796837131661,0.359682160460135,0.0014288809921640885,0.0014288142370564947,0.0014289652008542136
doc100,0.000826643542125585,0.15789146897639178,0.7264963478186554,0.0008266416800548836,0.0008265308104527424,0.000826675407428982,0.0008267359526094721,0.06218570634512956,0.048466643671149064,0.0008266057960025063
doc101,0.0018525905704288089,0.0018523425795224761,0.15299097753461452,0.5316753966527058,0.0018519924627395379,0.0018521586063772366,0.0018522997250446551,0.001852172706679745,0.0018525302363615293,0.30236753892552576
doc102,0.0007520614816854869,0.0007520415202684399,0.0007520171678431047,0.7333807626639989,0.0007519794833974289,0.0007520576187669497,0.0007520382237025841,0.2606028573469117,0.000752074314757257,0.0007521101786682746
doc103,0.0022733376397866788,0.0022733120128010697,0.13947455320809063,0.28480725637660215,0.002273720679842144,0.18644351472841245,0.0022738863671785364,0.0022733499718172586,0.3756337355233668,0.002273333492102265
doc104,0.0016951860279509174,0.0016951612079246598,0.0016952042345161642,0.5483119225720998,0.0016958917805850427,0.0016951614963920585,0.0016956301557918907,0.0016952942122213357,0.4381251849475942,0.001695363364923953
doc105,0.0010207382117885932,0.04675398339658308,0.0010206512869053862,0.0010206023661225591,0.00102058758799567,0.0010207619402339667,0.0010206145281862406,0.25752759049099505,0.0010207155391222017,0.6885737546520673
doc106,0.0017547210394828277,0.001754659460947657,0.0017546518751665487,0.0017547318979805066,0.001754512370619239,0.0017547831547701054,0.0017546261795145664,0.0017545733502121379,0.0017548482192942787,0.9842078924520121
doc107,0.0019614179460013333,0.001961395129539024,0.3038227752062258,0.0019609809437746415,0.31103849976095116,0.001961304149833971,0.0019612092237083884,0.19451565310341376,0.17885557084916676,0.0019611936873852403
doc108,0.0006173970969407687,0.46617680726626437,0.14474749309107682,0.0006173936482654356,0.0006173664364200972,0.0006173950756367784,0.0006174293861326314,0.0006174006541394816,0.38475385040455995,0.0006174669405636032
doc109,0.0017246724937544826,0.09326165195204286,0.0017246525272263532,0.0017246774557186698,0.0017246048018957898,0.14287722322283025,0.0017245980890187812,0.0017246772918218622,0.0017246382155626495,0.7517886039501284
doc110,0.17738548810928553,0.2212655753271295,0.0015388974572840745,0.0015389408467422474,0.0015386113993457664,0.0015387705105209246,0.001538873604944735,0.1389410613813933,0.0015388518997963637,0.45317492946355753
doc111,0.0027033597402830335,0.002703740191095392,0.0027035752276512353,0.0027034289408838976,0.0027033658466213274,0.002703447230283859,0.18304409051664539,0.16417793100801298,0.16361671604780484,0.4729403452507181
doc112,0.0013337592082474732,0.35281885835896754,0.0013337177835506444,0.0013336880687608366,0.0013336974839947273,0.0013337409661586528,0.05835048476093073,0.0013337749192094408,0.0013337166186795407,0.5794945618315005
doc113,0.002222706109579594,0.04113522813895497,0.0022229759331480596,0.2504217124526229,0.08614789328554777,0.002222583333804478,0.6089588247328916,0.0022225116552982436,0.0022226669778468732,0.0022228973803055203
doc114,0.0016668552855044665,0.0016670435019015513,0.1321733008518981,0.0016672570043083192,0.0016668552888772661,0.0016671488385035127,0.09708535025733535,0.0016671630119670234,0.7590720291667018,0.0016669967930026917
doc115,0.2297689894593139,0.0016950981048244743,0.001695586978966835,0.5265027770281705,0.0016951808662252748,0.001695244264207768,0.0016954618271108827,0.0016953436585574265,0.11732504568677662,0.1162312721258464
doc116,0.0576051396677653,0.0006713603616233184,0.0006713630928162053,0.0006713051549799734,0.0006712330254734786,0.29481219355603283,0.039423427645692795,0.05384002696313824,0.5509626782994984,0.0006712722329794367
doc117,0.0014708183206666476,0.6332799155339457,0.0014710092885740198,0.0014710412760296763,0.001470725276699491,0.0014713023811746106,0.0014711526044634419,0.0014711147134848714,0.1554470808979848,0.20097583970697672
doc118,0.0013517372611039124,0.0013516735244268516,0.7859337167683245,0.0013516011896757283,0.0013515172546334395,0.0013517669179831044,0.001351722105489711,0.2032527929404026,0.0013518178867838058,0.0013516541511762177
doc119,0.19567081859837762,0.1396317779398577,0.4561909459314341,0.0007196694330022,0.0007195120520190507,0.20418886083027932,0.0007195642043514503,0.0007196102180053267,0.0007195883446834525,0.0007196524479896987
doc120,0.0010640170272278857,0.0614562382236186,0.0010641016064375185,0.001064034062974892,0.0010639366218574192,0.8015565188829931,0.0010641076120177914,0.0010640547188232397,0.0010639931072731004,0.12953899813677658
doc121,0.4188726227892696,0.005557152536894315,0.005556818366291203,0.005556487986286609,0.005556086556764999,0.5366717496232475,0.005556984447810417,0.005556961777630367,0.005558416006009438,0.005556719909795564
doc122,0.04918648556243242,0.08397990287803003,0.017910150161206714,0.0004786009432462503,0.00047857307414106074,0.5714708942619491,0.056439032190416294,0.21909912663822603,0.00047862133243498767,0.00047861295791712903
doc123,0.002778856507652076,0.0027782885926859544,0.05223206240043059,0.0027783274907708564,0.0027788388401554587,0.38963488022151466,0.0027784865048918047,0.3147019085717395,0.22675981404992313,0.002778536820235985
doc124,0.0025647586625444237,0.0025645704737481214,0.002564461498059343,0.04545233073279946,0.00256473886535576,0.0025649967249020676,0.0025649040135678385,0.8036912071342985,0.0025646424682826134,0.1329033894264417
doc125,0.0010101943954425685,0.0010101829440981723,0.0010102176052772325,0.001010208147406559,0.9909077582157032,0.0010103875876252718,0.0010102057539780696,0.0010104018222071038,0.0010102878726983924,0.0010101556555632532
doc126,0.0010101943954425685,0.0010101829440981723,0.0010102176052772325,0.001010208147406559,0.9909077582157032,0.0010103875876252718,0.0010102057539780696,0.0010104018222071038,0.0010102878726983924,0.0010101556555632532
doc127,0.0018525423965944467,0.11107259388854425,0.3023389400375144,0.14927720991698062,0.0018520678593846344,0.14182425813933852,0.0018525065698944392,0.001852413253179152,0.001852438743092215,0.2862250291954775
doc128,0.0017860300839227245,0.13985914614863693,0.0017861115108824142,0.001786306944352968,0.0017858755194260902,0.09886674875998094,0.001786426374913037,0.001786176608369861,0.7487708916827264,0.0017862863667885882
doc129,0.0007409612259926225,0.05047840880545427,0.5381966123338312,0.0007409081713188798,0.0007408425002982075,0.0007408976666954423,0.4061386050509039,0.0007408412125625407,0.0007409562203190628,0.0007409668126240116
doc130,0.010002195120152341,0.010003816200247682,0.010001897724245078,0.010002659646089958,0.010001730591408658,0.010001666417106498,0.1111362933156818,0.01000177829504667,0.01000081268557811,0.8088471500044432
doc131,0.0007938410551489371,0.3087344269740838,0.13876014795232977,0.0007939319039881113,0.0007938530012769193,0.13325426149868347,0.23419864520946468,0.04846969777460437,0.0007938357547301743,0.13340735887568986
doc132,0.9945111847657858,0.000609943068855616,0.0006098706562280415,0.00060984133955021,0.000609835070803958,0.0006098574012846578,0.0006098441538550164,0.0006099077138520809,0.0006098563271669893,0.0006098595026175246
doc133,0.0018188110899427644,0.0018186958967931998,0.2570959441244417,0.0018188685551867347,0.29210214227170433,0.3253550591751699,0.0018187572891268044,0.0018186991176173974,0.0018186819390669706,0.11453434054095026
doc134,0.26285315705004353,0.0013893300419388385,0.10890688341408766,0.0013891205131375914,0.0013892277008819445,0.001389207248569653,0.001389140322025174,0.6185155083515015,0.0013891633229464908,0.0013892620348675037
doc135,0.17996768135809216,0.00044259046078230394,0.00044260213771499387,0.019921090987858586,0.0004425714057397855,0.000442599072721733,0.0004425689131028732,0.6773294463224766,0.12012625457202829,0.0004425947694826115
doc136,0.07079556908366727,0.0013892704379986243,0.5553164163540201,0.0013891549846512588,0.0013890252633190743,0.0013892677936143544,0.0013894292228239624,0.0013891666364900942,0.36416345979032566,0.0013892404330896426
doc137,0.00044656776552531077,0.4506878429485457,0.0004465569378166623,0.0004465373057858388,0.0004465038828320988,0.20592272847872445,0.0004465631432287676,0.00044657655303705426,0.23871629884139017,0.10199382414311393
doc138,0.045617929253785855,0.0005990261521565131,0.0005989275341554158,0.0005989745734925521,0.0005988885110796472,0.25634940323099914,0.0005990281176000464,0.6250045592679592,0.0005989785298581402,0.06943428482891359
doc139,0.11374409101925878,0.0023264192253302303,0.0023263031714058596,0.002326034050987915,0.0023262843121587633,0.002326326201706675,0.0023261438753128805,0.0023263891583569654,0.418270841987607,0.4517011669978749
doc140,0.0014496693688186718,0.0014495891419936996,0.4854675990705411,0.2608942807871056,0.001449416393039032,0.0014497670518141984,0.0014497871316272995,0.24349050462700297,0.001449648917395742,0.0014497375106616815
doc141,0.000584969884496798,0.30001580179994786,0.05013939767871989,0.0005849867940342809,0.0005848874347200662,0.0005849333102290122,0.0005850209897093319,0.6457500287037461,0.0005849514894159204,0.0005850219149805232
doc142,0.15831538392072766,0.0008930361659761543,0.0008931747896943475,0.0008931468079093726,0.000893004632114018,0.0008931635999975778,0.18575281012340528,0.0008931353193263424,0.5462657933305727,0.10430735131027652
doc143,0.000990280629898422,0.000990329710820299,0.23740062579715224,0.0009902869404249104,0.1765283384696638,0.3420583653753499,0.0009903344801706201,0.0009903235251979903,0.0009903462482882032,0.23807076882303355
doc144,0.0014710004461753353,0.0014708410000970685,0.4187528368816281,0.0014708915623514282,0.0014709875318467223,0.569479222750166,0.0014713736513786613,0.0014709293205889837,0.0014709589491378394,0.001470957906629861
doc145,0.1348251697244585,0.001493029045039932,0.0014928514493462931,0.0014930406534472667,0.0014928387943331201,0.4058394004604215,0.07204169194317092,0.37833616963558686,0.001492997321104174,0.0014928109730911708
doc146,0.0012824304284390622,0.001282486645601994,0.43304043625411265,0.00128237593815788,0.0012823338266618673,0.5567000109693081,0.0012824859914735895,0.0012825431639682508,0.0012825213728104115,0.001282375409466199
doc147,0.03638813735851818,0.0019234880487261955,0.060536113913760896,0.4172839228825828,0.06775096267435685,0.4084226717769107,0.0019237428877830168,0.0019236032668632774,0.0019237062549445642,0.0019236509355535674
doc148,0.00128213320773251,0.0012822077320280509,0.001282192269993357,0.0012823831590681152,0.0012821898221631407,0.9114668248567215,0.001282328780640405,0.078275190300114,0.0012822762681630306,0.0012822736033758324
doc149,0.2628560384999179,0.3577095877816069,0.0014708402182495464,0.0014708094732085793,0.001470708393533581,0.0014708144473720944,0.0014707787237292385,0.3691385893512012,0.001470958236464311,0.001470874874716672
doc150,0.09670201925172515,0.0010991918821270984,0.0010990339179496658,0.0010991412057143163,0.05158807523967679,0.45442653822272094,0.0010990353471878184,0.39068859898090635,0.001099189412065023,0.0010991765399266976
doc151,0.001298858468109028,0.0012989352782947462,0.001298971775739798,0.0012990600609739376,0.0012988258491117397,0.19632796615876982,0.001299090968733673,0.7614337874329651,0.0012989705295180485,0.033145533477783956
doc152,0.0006804648719825686,0.0006804550426674428,0.60862409252565,0.000680522469125195,0.0006805838405529732,0.0006805783793565716,0.09257983555998456,0.0006805452773782104,0.294032427926849,0.0006804941064535426
doc153,0.003031306111646496,0.14329151811336316,0.003031064126215768,0.003030654897889655,0.0030304973041113616,0.11680006515948055,0.0030305164269000383,0.7186932497008212,0.003030634332961644,0.0030304938266101215
doc154,0.0010872563591264647,0.0010872488116268056,0.4596195975477384,0.0010871544603728413,0.0010871061751991072,0.10372127589840498,0.0010870963248577684,0.0010872384328544703,0.11863743414507089,0.3114985918447484
doc155,0.03424677647499975,0.0005556972713806102,0.26188993785473014,0.0005556624734213263,0.0005556215495029133,0.49174124011921716,0.000555685604670358,0.09992845044469591,0.10941520830624477,0.0005557199011370332
doc156,0.0007752876441260852,0.0007753648725169394,0.0007753868984784009,0.0007754611401651069,0.35784603977686447,0.0007754578608869853,0.0007753209595333727,0.6359509373251,0.0007753604302064698,0.0007753830921218493
doc157,0.545564945054495,0.44618545296964573,0.0010312100877340777,0.001031148012239799,0.0010312095787679103,0.0010312083349044317,0.0010311159168317292,0.0010312072383872814,0.0010312302389856142,0.0010312725680085581
doc158,0.39893486901324143,0.5644431070776612,0.0012051752667593663,0.028186156324272776,0.0012049815402162645,0.0012050962253609648,0.0012051619370567264,0.0012050456171517968,0.0012051903739950613,0.0012052166242845158
doc159,0.0010530034348800307,0.13430312815790263,0.20007100063817995,0.001052850039166051,0.0010530481444611872,0.15332156904152527,0.21562214052580025,0.0010528832637498064,0.29141758400371753,0.0010527927506172577
doc160,0.0017547210394828277,0.001754659460947657,0.0017546518751665487,0.0017547318979805066,0.001754512370619239,0.0017547831547701054,0.0017546261795145664,0.0017545733502121379,0.0017548482192942787,0.9842078924520121
doc161,0.0012052376977061193,0.6639852417750752,0.326373643039088,0.0012051303596594804,0.0012050004833420592,0.0012054569894117755,0.0012051370279061687,0.001205129951526657,0.0012050640096283542,0.0012049586666561937
doc162,0.0010529596342258164,0.2928764573039837,0.001052947017843227,0.05965236829529497,0.0010527639934445505,0.0010528518471831405,0.08251819950904703,0.0010528169420012511,0.558635809710606,0.0010528257463703827
doc163,0.3305206505496331,0.0013701317947633488,0.2010560579958332,0.0013701544731972016,0.0013700160555364315,0.00137018532197087,0.0013700463459731544,0.0013701321814573045,0.45883233537500745,0.00137028990662791
doc164,0.0008001568860486518,0.0008001626466383928,0.000800279246692228,0.5905873442169401,0.0008000866359725627,0.0008002892592565173,0.2813343675306256,0.0008002167621379612,0.0008001592368254141,0.12247693757886252
doc165,0.027465562198228443,0.1273031178635275,0.5357178746584267,0.0009093347858195314,0.0009092218938153418,0.1940236262654121,0.11094314610194674,0.000909353096913194,0.0009093857476290587,0.0009093773882813318
doc166,0.0014928191301161544,0.001492764498311657,0.0014928646406282507,0.11246624977287092,0.0014928263866026445,0.0014929376091220282,0.16374146976109422,0.0014928237055729491,0.0014930834391363608,0.7133421610565448
doc167,0.0023813583365823315,0.002381343653979935,0.0023814602730679,0.5314843854727005,0.0023812478250094657,0.0023814626872885984,0.0023813415557146205,0.00238139656411422,0.0023814831125251934,0.44946452051901725
doc168,0.0009617114532761737,0.0009618696461918939,0.991344026847357,0.0009619112653733172,0.0009616539837240897,0.000961674296538981,0.000961711608756897,0.0009617024085157638,0.0009617101644915454,0.0009620283257743838
doc169,0.0022228896705554823,0.0022227878451830086,0.002222780744982012,0.002222737172530621,0.1688357202903527,0.002222669246427691,0.0022228715257954345,0.5765189082445539,0.0022225620468942415,0.23908607321272482
doc170,0.0004256633564322839,0.0004256644250848868,0.0004256781325164176,0.0004256225720275103,0.00042557356466552853,0.0004256642643052012,0.0004256312934059131,0.0004256792640744479,0.9961691679744038,0.00042565515308397707
doc171,0.004546600434855816,0.0045460653433514325,0.004546614657740737,0.004547175756282899,0.12687707204481635,0.004547681314268221,0.8367489905452056,0.004546999024578926,0.004546107458930409,0.004546693419969731
doc172,0.42835697894922453,0.17463384615441752,0.001818616604731638,0.001818755040486661,0.0018185290062860944,0.001818334572485303,0.0018186735864649112,0.1353859952576751,0.0018184446502220561,0.250711826178006
doc173,0.002084011413977553,0.0020842297185697965,0.8073073679464308,0.0020839713769219524,0.002083655097720114,0.0020837977780459576,0.05605874640033095,0.0020840142262489557,0.002083742600787214,0.1220464634409669
doc174,0.001163011537727435,0.00116307054931364,0.08655041002874128,0.13064810515679365,0.0011631338447399002,0.001163125682599834,0.0011630920938532705,0.08288419246684525,0.0011630527701206234,0.6929388058692653
doc175,0.22312529083588536,0.0012502504307829922,0.22983198755026255,0.0012503028710732847,0.0012502709180373039,0.17602135032962504,0.0012504187163488133,0.0012505075125141764,0.36351910247540065,0.0012505183600697936
doc176,0.11259700158941043,0.00030968573710011426,0.058695696136605524,0.00030967996764055155,0.0003096918524347345,0.00030969334955008386,0.0003096914292671556,0.48564577401010256,0.3062905775991286,0.03522250832876028
doc177,0.001162864972739934,0.001162913412956046,0.0011632715221506374,0.0011629890458579584,0.0011631383014719938,0.6733954633428227,0.0011629646846822441,0.3173002795476117,0.0011630041546433663,0.0011631110150633337
doc178,0.001389217306395262,0.25463470130894367,0.08247478407625024,0.0013890811450453008,0.00138934461513198,0.6531660422870623,0.0013891450455315668,0.0013893012286775334,0.001389067656357906,0.0013893153306043118
doc179,0.001449411267482666,0.0014495341989863469,0.11163521200698755,0.0014495339708819267,0.0014499586412202892,0.799671042344818,0.0014495430423872714,0.0014497152848678744,0.0014495887725879337,0.0785464604697802
doc180,0.8978323346200981,0.06577781393009703,0.0006098516624971716,0.0006101586642448897,0.0006098275506939031,0.0006098856145768241,0.0006098635504155058,0.0006099058282744887,0.03212036065296707,0.000609997926135045
doc181,0.0014710124664495238,0.11053930229950729,0.8776925518027431,0.0014708232037586911,0.0014713430351265336,0.0014708324209676612,0.001471138716197848,0.001471048809267832,0.0014709519332675829,0.0014709953127141125
doc182,0.002778549152985954,0.10826041756167191,0.002778335915697363,0.0027785996825867073,0.0027782791210417316,0.002778668309610756,0.002778438396472775,0.49627000074992933,0.20510277966044774,0.17369593144955575
doc183,0.0010102415366045872,0.001010214939624869,0.0010102609900850385,0.0010101745926662442,0.9909077953556302,0.0010102869042119557,0.001010244890855816,0.0010103414598858068,0.0010102168966752772,0.0010102224337602515
