,topics0,topics1,topics2,topics3,topics4,topics5,topics6,topics7
doc0,0.0004699919001553792,0.00047004645009198734,0.0004699749770541709,0.0004700110908251466,0.0004700066460383856,0.00047001131357048083,0.0004699605745964379,0.9967099970476682
doc1,0.001645186761553971,0.0016451290525275233,0.001644849663815187,0.0016450025914733419,0.001645220388776901,0.0016448763507329392,0.9884846906361254,0.0016450445549947776
doc2,0.5217038605594375,0.003049689738693695,0.13945616077619274,0.0030493892832449236,0.0030498645018099233,0.00304954712645747,0.06592234747800464,0.2607191405361591
doc3,0.04052200063555461,0.4692075029768166,0.0016184556252984103,0.0016184803776927259,0.0016187313655806257,0.0016186032866340298,0.0016183401631491303,0.48217788556927393
doc4,0.0003292762339238788,0.9976951653146512,0.0003292148592751642,0.0003292662612787089,0.0003292666098651863,0.0003292669560325495,0.00032922725568310313,0.00032931650929025614
doc5,0.0005502377804536754,0.28808727450095933,0.0005502619429418646,0.5922758393663565,0.000550238819343778,0.0005502272100859267,0.0005501732951153858,0.11688574708474361
doc6,0.004388388938894884,0.004387333454606314,0.004386316802465883,0.717389980816829,0.0043865223772686975,0.004386641319373582,0.004387037574704624,0.25628777871585695
doc7,0.0008490839380792501,0.0008490843438545119,0.0008491249994066228,0.0008490750884586343,0.5039196832908743,0.2368804858465042,0.00084906110512698,0.2549544013876955
doc8,0.0008211065927170322,0.0008212603797615874,0.000821234202264804,0.0008212192805843579,0.6519254415781603,0.0008212281309727519,0.0008211729121751642,0.34314733692336413
doc9,0.001761154965310791,0.0017612488341753418,0.2072125316033488,0.2933570090457154,0.2642889475981577,0.10837592800116236,0.0017609449908896715,0.1214822349612401
doc10,0.001165836793973923,0.001165848471381612,0.0011656472786455137,0.7647744995633845,0.22823050115212584,0.0011661581246672405,0.0011657044843039598,0.0011658041315174375
doc11,0.0005214786266328538,0.008023515528541662,0.0005214368962013321,0.9888476344448661,0.0005214831796693327,0.0005215114843393259,0.0005214487261399011,0.0005214911136093738
doc12,0.0007647539560627352,0.0007646241920523151,0.0007647562401246966,0.0007648916103274511,0.0007647181059496029,0.0007646854294254288,0.994646786728293,0.0007647837377647429
doc13,0.0008945249170087724,0.0008945325635745479,0.99373824823304,0.0008945393126996116,0.0008945426225010799,0.0008945406163315362,0.0008945161376484581,0.0008945555971958832
doc14,0.0008945249170087724,0.0008945325635745479,0.99373824823304,0.0008945393126996116,0.0008945426225010799,0.0008945406163315362,0.0008945161376484581,0.0008945555971958832
doc15,0.00228403998861493,0.24170296037189007,0.0022833648794952856,0.09591929100294003,0.6509585685605205,0.002284145320151401,0.002283937873025692,0.0022836920033619916
doc16,0.000842073536464342,0.298382091777023,0.0008419133651617435,0.27608330300106904,0.0008420257716865706,0.10710156210380124,0.0008419841466919665,0.3150650462981021
doc17,0.0008144867524767373,0.6283071354010789,0.0008145730169980077,0.000814673967851731,0.16478332430073647,0.0008145012152051218,0.000814559175006942,0.20283674617064612
doc18,0.0008946994278618128,0.0008946672217856992,0.0008947132764201189,0.5474103843991269,0.33558217087707437,0.11253400197217348,0.000894585063763876,0.0008947777617937578
doc19,0.06521669806997635,0.0005689818312870631,0.0005689196090786863,0.45280493914655984,0.0005690034958474714,0.4791335460502473,0.0005689436817159088,0.0005689681152873371
doc20,0.08476775257224671,0.0033563217749693064,0.00335602588114463,0.4680986434079816,0.43035093381155404,0.003357071208149582,0.003356430605092434,0.003356820738861835
doc21,0.001269266769898101,0.0798947230491412,0.0012693692296725711,0.23023194494477642,0.2541641761033907,0.43063174602529614,0.0012692734531166224,0.0012695004247082553
doc22,0.004386805396286628,0.004386435118827301,0.004386432983809373,0.18793739429963408,0.6135715491716185,0.004386565905314916,0.1765582880631091,0.004386529061400181
doc23,0.0007707845046243125,0.11472049684193261,0.0007706142803679444,0.0007706974056233387,0.0007706783436555918,0.0007705339410723456,0.8266544988089857,0.05477169587373832
doc24,0.0014974811853837005,0.001497402057020528,0.10569613122233683,0.0014974979776745426,0.0014975205232231074,0.0014974354008881457,0.8853192265094338,0.0014973051240392567
doc25,0.004202163725221096,0.0042027875258739324,0.004202412654597833,0.4807537152294276,0.4940316286153947,0.004202370826953556,0.004202270620341267,0.00420265080219008
doc26,0.10935492316921047,0.0012379642794183162,0.0012378663049026695,0.4973915638210477,0.0012379032832629511,0.001237810462993119,0.0012380200044970389,0.38706394867466776
doc27,0.0010779639765016386,0.0010779557548304146,0.0010777829366001208,0.2383333413912789,0.18271431151709008,0.0010779480370301704,0.3395570572415062,0.23508363914516248
doc28,0.5346581187645342,0.32042642920569364,0.002578185973279347,0.1320246469519859,0.002578201221414979,0.0025778358770928234,0.002578240326997517,0.0025783416790016067
doc29,0.002451379078125744,0.5247629965533274,0.0024513748258489284,0.09517008047086002,0.002451312167499356,0.002451427069131937,0.1532503583684968,0.21701107146670987
doc30,0.7592114719515903,0.13032784315200777,0.03206407416088601,0.0004745421910746976,0.07649854379867657,0.0004745381478436554,0.00047449260465104047,0.0004744939932699518
doc31,0.42346008676109637,0.00048601434252765473,0.0004859772802096084,0.0004860308158490959,0.5067935744007799,0.00048604406464667314,0.06731620356345157,0.00048606877143914155
doc32,0.001152363224891582,0.11966631072873445,0.10746960572217917,0.0011524048486270038,0.32395117459014394,0.44430345790689413,0.0011523340531452205,0.001152348925384621
doc33,0.1856333048750387,0.001139343448250384,0.0011390811197992165,0.5410374468188083,0.001139312083535713,0.2257426095645388,0.04302964545902642,0.001139256631002479
doc34,0.00044103021921184206,0.00044102664709117466,0.00044098352036209243,0.0004410041953023257,0.0004410885894935318,0.0004409878978487572,0.9969128525434015,0.00044102638728880553
doc35,0.001337298259389135,0.34231723437370803,0.001337230162104923,0.35411899452282636,0.1118348169596626,0.0013375059139538149,0.0013372586780203573,0.18637966113033477
doc36,0.0013740129106861775,0.40837977924577834,0.0013738268581264235,0.09023311957971601,0.0013740982482258952,0.1567588347617465,0.001374201155330456,0.33913212724039005
doc37,0.27776607833553707,0.2993460349529233,0.0009543512412941116,0.25110919161516576,0.0009544663085152202,0.16796096424600718,0.0009543970752812662,0.0009545162252760277
doc38,0.0008637212309663417,0.05044299408405518,0.03607176686636904,0.6941830618459411,0.11270836956946303,0.10400256426981605,0.0008638160367835724,0.0008637060966055367
doc39,0.0024516025258257295,0.23729555335004754,0.2673115353268669,0.4831348269859866,0.0024517431737351267,0.002451307263895927,0.0024515714773829488,0.002451859896259204
doc40,0.14355343857948025,0.0015435706236337455,0.0015435762395796292,0.17541616655866404,0.4792786182038722,0.19557738763249705,0.0015435159164287591,0.0015437262458443523
doc41,0.0006182555335967403,0.2931400555300354,0.0006181119645805699,0.36829268676238813,0.0006182350418671085,0.3354762915688649,0.0006181993046117992,0.000618164294055247
doc42,0.16360037859372492,0.0011523973098544703,0.0011521683145103608,0.14021766058920263,0.001152484300398804,0.42657897550700885,0.0011523643188306835,0.2649935710664693
doc43,0.0005501235159697156,0.0005501773716562001,0.0005501547050991298,0.0005501556989397703,0.0005501664848435745,0.9961489103804885,0.0005501456634921789,0.0005501661795107724
doc44,0.19679894392333439,0.33886741268305015,0.0010895478114570675,0.45888606560197087,0.0010895414044391812,0.0010895136666700617,0.0010894737721543295,0.001089501136923858
doc45,0.3189150772178417,0.0023930455397668158,0.11628397904794352,0.552836581910722,0.0023927560662543768,0.002392901306476024,0.0023927307417564722,0.002392928169239148
doc46,0.182862429428516,0.0018254123505709121,0.0018250961058591316,0.17791447142223066,0.13761349029078335,0.0018254434351878963,0.0018252726551424739,0.49430838431170954
doc47,0.0005214786266328538,0.008023515528541662,0.0005214368962013321,0.9888476344448661,0.0005214831796693327,0.0005215114843393259,0.0005214487261399011,0.0005214911136093738
doc48,0.09689965271097836,0.8925346417808598,0.0017607355212915362,0.001761129638489589,0.0017608687049372573,0.0017610784763408061,0.001760950866928385,0.00176094230017432
doc49,0.05105438854406565,0.001077783065111595,0.0010777716217016521,0.6807905757183084,0.04806461247501636,0.18896510801480684,0.0010778860762584977,0.027891874484731054
doc50,0.2118052688979662,0.3193342118090626,0.0009276993034420975,0.0009278271771017256,0.000927941885505072,0.0009278644348919773,0.0009278014265680217,0.4642213850654624
doc51,0.0007827763310811437,0.0007827056465419431,0.06428653537649812,0.0007827567999174613,0.8849158372142298,0.0468840290593304,0.000782652412956887,0.0007827071594442228
doc52,0.03831848064141086,0.0005031846935250264,0.0005031607992077157,0.7000737550160571,0.25909198585053794,0.0005031613814670073,0.0005031153629644679,0.0005031562548299532
doc53,0.0014127449021046,0.0014128844291349909,0.0014129586069857203,0.001412731315184228,0.001412965101107144,0.07858094883742626,0.0014127041260049318,0.912942062682052
doc54,0.4208307502138321,0.000261299005886756,0.0002613089793240422,0.311426185860201,0.266436529200821,0.000261309338524928,0.0002613014635232454,0.0002613159378869194
doc55,0.001102036843728368,0.001101628910778365,0.0011017756865575384,0.9922880034078373,0.0011017674440756866,0.0011015669265953365,0.001101557988299258,0.0011016627921280617
doc56,0.0005412989838931219,0.0005412444825099671,0.0005411694868800787,0.000541255271412118,0.6134381517586096,0.0005412803489703619,0.04739944012423537,0.3364561595434894
doc57,0.07167199858224253,0.2025006461624002,0.0009453253742387757,0.0009455058845457963,0.0009454893078790549,0.41984259286230285,0.0009454902848650084,0.3022029515415258
doc58,0.08468048005205285,0.7712546656928371,0.0008564312191540248,0.0008563869440875776,0.0008564282756467911,0.0008563744902963347,0.0008563849441505543,0.13978284838177474
doc59,0.0030496374342547264,0.9786522809364481,0.003049677374319872,0.0030498374612140523,0.003049678430603958,0.0030499701377331764,0.0030493037207110656,0.0030496145047150796
doc60,0.0013739339915902872,0.001373905049617301,0.0013739352249111185,0.9903823744536329,0.0013739109446336685,0.0013738777509834713,0.001373941321214501,0.00137412126341669
doc61,0.023621296047377623,0.9171603256560521,0.0009639343033598425,0.00096365296453014,0.0009637226438259841,0.045022097080352035,0.0009634958206064152,0.010341475483895902
doc62,0.0017926135290156208,0.0017927371752891482,0.0017923129720873573,0.1922765901900806,0.34559333453296837,0.0017928032283542818,0.0017923323730724592,0.45316727599913226
doc63,0.0012229366806263745,0.23061911443175345,0.0012228793842134964,0.001222815934749838,0.001222764074413657,0.7620436451585474,0.0012230213130358983,0.0012228230226598437
doc64,0.24349579489692239,0.03658989920067402,0.001269465265882915,0.0012694479463606024,0.11462408789373434,0.0012693694857609625,0.0012693052754713552,0.6002126300351934
doc65,0.0008490839380792501,0.0008490843438545119,0.0008491249994066228,0.0008490750884586343,0.5039196832908743,0.2368804858465042,0.00084906110512698,0.2549544013876955
doc66,0.00028841406134618873,0.000288436424331186,0.0002884008695737538,0.41925921546972117,0.5495483168098927,0.0002884181935622791,0.00028841759575917334,0.02975038057581359
doc67,0.0008945249170087724,0.0008945325635745479,0.99373824823304,0.0008945393126996116,0.0008945426225010799,0.0008945406163315362,0.0008945161376484581,0.0008945555971958832
doc68,0.0008945249170087724,0.0008945325635745479,0.99373824823304,0.0008945393126996116,0.0008945426225010799,0.0008945406163315362,0.0008945161376484581,0.0008945555971958832
doc69,0.16652220633750678,0.001931070574120007,0.0019308441564951015,0.001930752332391634,0.0019309021235674709,0.0019307224528245376,0.8218925805226734,0.0019309215004210205
doc70,0.09866773348850096,0.0019308342850220238,0.0019307827272575819,0.8897469567395891,0.0019308562396984238,0.0019309069876537886,0.0019309611246133035,0.001930968407664685
doc71,0.002008256495182118,0.3253412038843225,0.002008232449610634,0.5383551385162011,0.0020085566768691275,0.1262617834452417,0.0020084280388969118,0.0020084004936759743
doc72,0.45911145451472185,0.000863833269580155,0.000863817867462261,0.1424698604896761,0.3089033191928189,0.0008638441687230572,0.0008638024091855995,0.08606006808783202
doc73,0.4010257477004595,0.000814601603746608,0.007862436056221627,0.10923935102573244,0.253808299198286,0.22562044568427142,0.0008145299148837137,0.0008145888163987453
doc74,0.0022326519217233574,0.3440804432771729,0.0022326701289855084,0.25285033617445984,0.002232956678777504,0.3322749186370146,0.061863133914258836,0.0022328892676073218
doc75,0.001179584008793163,0.21498556300824906,0.001179348200620423,0.777936930375755,0.0011796771263797756,0.001179686160633914,0.0011795512361981915,0.0011796598833706165
doc76,0.001113924196287805,0.8321137014462633,0.001113711325252034,0.1612033114456342,0.001113838474123548,0.001113779236089963,0.001113804902132871,0.0011139289742161914
doc77,0.0017304541178005414,0.001730624320650287,0.0017303956415019117,0.0017304628443940676,0.0017305009888642618,0.001730414959609857,0.7604075525369839,0.22920959459019521
doc78,0.0007765685856893574,0.33491014476953834,0.0007765314971626882,0.6604302863050442,0.0007766463830451974,0.0007765918646270734,0.0007765638181318307,0.0007766667767612987
doc79,0.5071874508239362,0.3960453803987548,0.0005563197928586002,0.000556327747612529,0.07179407000875179,0.022747847711292003,0.0005562732295971801,0.0005563302871967732
doc80,0.001730723741977027,0.18416268658589327,0.0017303899421579302,0.8054538020830954,0.0017303912618171515,0.0017307499842015204,0.0017305000493116058,0.001730756351546225
doc81,0.12102997916181996,0.002646505748094738,0.002646482539950459,0.002646274560509483,0.41556417107330174,0.00264617116301567,0.23379947490326136,0.21902094085004672
doc82,0.0009193232929605383,0.4196166978224268,0.0009192676778655773,0.20380285997541342,0.2779001082197002,0.09500308564704756,0.0009193417909030177,0.0009193155736828034
doc83,0.10920246965517677,0.24777148629598744,0.0017608118570679083,0.001761028710105236,0.17527121362128628,0.0017610773337306284,0.0017609361461545135,0.4607109763804912
doc84,0.0013025530559069277,0.8614925719551505,0.1306926241929997,0.0013026849298198174,0.0013024497587371786,0.0013023133019056722,0.0013024017286862582,0.0013024010767938934
doc85,0.0007258927919113295,0.17274310192990416,0.0007258011418818071,0.5518788591860856,0.13676979413295992,0.0007258542794077963,0.0007258540100668132,0.13570484252778264
doc86,0.31965647942478664,0.27402847078510023,0.0019688305149857628,0.16692372454581123,0.23151528461402043,0.0019689425239973243,0.0019690504630027125,0.001969217128295677
doc87,0.42125875945371194,0.11374478980365244,0.0013552095837418337,0.19579317339205188,0.26378213075562834,0.0013553257796376109,0.00135525451412114,0.0013553567174548458
doc88,0.13872727010800423,0.4001236664076058,0.0019686665329483326,0.3815529756770972,0.0019688627964858756,0.07172046965213238,0.001968926734925098,0.001969162090801205
doc89,0.09673631844401025,0.12849278650579662,0.0011935204451883434,0.29595561649314406,0.47404084092066107,0.001193664672985741,0.0011935550354227082,0.0011936974827910917
doc90,0.07881762147654568,0.0015677673012515732,0.2515626483181495,0.3447885525896001,0.0015678630818555135,0.31856001942794626,0.0015678040278766499,0.0015677237767748003
doc91,0.0006419628116272229,0.2222043114872156,0.0006419044200596462,0.0006420331429572182,0.7739436912359161,0.0006420559623791402,0.0006420131375220577,0.0006420278023230885
doc92,0.0006813913019662437,0.0006813861539290267,0.0006814356976594197,0.9203404711869969,0.0006813904438783759,0.0755712139719196,0.0006813350472788003,0.0006813761963715943
doc93,0.0006632782604832646,0.5356752723850365,0.04204241863417921,0.24743184303650242,0.000663361692487041,0.05839723627567618,0.0006633895005188842,0.11446320021511647
doc94,0.0007827100909408355,0.0007826286571729105,0.0007826564770869518,0.7614555771554512,0.12403009245436604,0.11060101425774425,0.0007826021644435008,0.000782718742794308
doc95,0.0005501235159697156,0.0005501773716562001,0.0005501547050991298,0.0005501556989397703,0.0005501664848435745,0.9961489103804885,0.0005501456634921789,0.0005501661795107724
doc96,0.005322604124064305,0.17710511879912239,0.005319687407196611,0.45300426963395835,0.005320379844954823,0.005320174741917936,0.005320029515910282,0.3432877359328753
doc97,0.00044103021921184206,0.00044102664709117466,0.00044098352036209243,0.0004410041953023257,0.0004410885894935318,0.0004409878978487572,0.9969128525434015,0.00044102638728880553
doc98,0.0008420244108168563,0.0008419511223944975,0.0008418651662428173,0.0008420071323182578,0.329702944140891,0.35557615955382577,0.13308114582016775,0.17827190265334297
doc99,0.1463327267413468,0.48172861775612347,0.0014751355606720672,0.0014753405345674753,0.36456238967451915,0.0014751996263393042,0.0014751557486128825,0.0014754343578187842
doc100,0.0005134389067707737,0.0005135291798591752,0.0005134441803492727,0.0005134867788481143,0.23394077091870955,0.5704505723054407,0.0005134381176511256,0.19304131961237142
doc101,0.0009109577318794933,0.45385278355038133,0.0009109319646593852,0.19855960811651271,0.08911463923736837,0.14757487463856936,0.0009109712114833534,0.10816523354914591
doc102,0.6405154443201027,0.001475235120383465,0.0014753362263909208,0.350632095996198,0.0014757327907482887,0.0014753641108985732,0.0014753130430023161,0.0014754783922757886
doc103,0.0004699919001553792,0.00047004645009198734,0.0004699749770541709,0.0004700110908251466,0.0004700066460383856,0.00047001131357048083,0.0004699605745964379,0.9967099970476682
doc104,0.0008144867524767373,0.6283071354010789,0.0008145730169980077,0.000814673967851731,0.16478332430073647,0.0008145012152051218,0.000814559175006942,0.20283674617064612
doc105,0.4673123221926781,0.3506884559924116,0.0014537168713322872,0.1747302237605754,0.001453851190299654,0.0014538242845201753,0.0014537904662326876,0.0014538152419500293
doc106,0.3268515849385793,0.0033564862693434175,0.003356244097284412,0.1597726242052891,0.0033566931776499555,0.15070549555922028,0.34924434807357063,0.0033565236790629423
doc107,0.18210112483596352,0.0003777681129298933,0.0003777066586029729,0.00037777410872546677,0.018276893389764064,0.26396632231401884,0.0003777287848906864,0.5341446817951045
doc108,0.23486882384051272,0.6357507838362552,0.0008562660477123439,0.0008564376513627678,0.0008564583593724116,0.0008564194202118369,0.0008563029724852617,0.1250985078720875
doc109,0.2518042583414646,0.20235964318697683,0.0010124093764158437,0.14203448982943115,0.3997519583931676,0.001012451991998858,0.0010123466272456004,0.0010124422532995538
doc110,0.2955413408917152,0.0007154796428552446,0.0007154598251512627,0.0007154923420130649,0.0007155190310931036,0.19487773784061527,0.0007155139764031728,0.5060034564501538
doc111,0.0003416237464393629,0.00034164488154413716,0.00034173134745832574,0.25189828461441177,0.7460518346582402,0.00034164755433582815,0.00034160381550075547,0.00034162938206946437
doc112,0.1470412017184153,0.8374922536951138,0.0025774864122787037,0.0025778359162159877,0.0025777797370744922,0.0025781903646794582,0.0025774803537074943,0.0025777718025147846
doc113,0.1601396230973051,0.5261691738773997,0.001543338989364115,0.06821435718550801,0.001543614581456284,0.23930262997256388,0.0015435821907877644,0.0015436801056152168
doc114,0.00072063785422165,0.7872566921288678,0.0007205611811888872,0.0007206184593402583,0.0007206789538921367,0.11677447620233085,0.0007208722259340418,0.09236546299422442
doc115,0.001968700507923652,0.0019691381391109845,0.001969171281492601,0.0019691697756975875,0.0019689609495227786,0.0019689357321203247,0.0019687612487210827,0.986217162365411
doc116,0.0028744921480942467,0.3238137808194248,0.002873940141728372,0.08308819326002925,0.5787270014817242,0.0028741489619622815,0.00287383926169157,0.0028746039253452053
doc117,0.0027938971884712235,0.00279434111073274,0.07300383122487679,0.00279391170140213,0.6354340828783127,0.0027939593514071026,0.0027940696663240664,0.27759190687847324
doc118,0.0020498014336729166,0.002049896309520304,0.0020495780311431005,0.0020496115040542955,0.8328959299837414,0.0020493469371393523,0.0020497356227400848,0.15480610017798857
doc119,0.0007053514395055957,0.11674487781212521,0.0007053382032864815,0.1081462612824062,0.5304840882080345,0.0007054787459113696,0.0007053878283086504,0.241803216480422
doc120,0.003472895971740779,0.0034727201851185076,0.003472964426554421,0.0034734794512890736,0.003473157511598961,0.38806573552334855,0.5910960931727041,0.0034729537576456237
doc121,0.00023995479717769952,0.00023997195598349425,0.0002399668955687477,0.9983202299755768,0.00023998005534011375,0.00023995697208291513,0.00023996724394328197,0.00023997210432700255
doc122,0.0013372355542883303,0.0013371450519738522,0.001337109830696364,0.44943952430726936,0.001337307523830085,0.0013372886810818908,0.37727423862506576,0.16660015042579437
doc123,0.000910934102464542,0.0009108150901644852,0.9936238968358936,0.000910871836909598,0.0009108546976129225,0.0009108719859475415,0.0009108958311318908,0.0009108596198753285
doc124,0.000910934102464542,0.0009108150901644852,0.9936238968358936,0.000910871836909598,0.0009108546976129225,0.0009108719859475415,0.0009108958311318908,0.0009108596198753285
doc125,0.3450789494361024,0.001761021933073661,0.032505347119000834,0.0017609056517729883,0.001761044814619387,0.0753002504887564,0.0017608852038495776,0.5400715953528248
doc126,0.0013371895925996262,0.0013373523033420453,0.001337197992306891,0.0013372462043782913,0.0013372107979801077,0.12728572344475597,0.0013370868428602433,0.8646909928217767
doc127,0.0017608983841550798,0.6960626493926042,0.0017607837596049782,0.16423318996331432,0.0017609372553451614,0.001760938612176041,0.0017609269308552834,0.1308996757019449
doc128,0.18314140484463035,0.0020497208067499573,0.002049894061099435,0.0020501634660872845,0.0020500011054737765,0.10315542984291369,0.002049445483556935,0.7034539403894886
doc129,0.48399403434500027,0.001319561531958303,0.0013194714629543463,0.0013194882515359205,0.23210926493008693,0.0013196308356012028,0.27729893176195713,0.0013196168809058086
doc130,0.001700860509758759,0.0017009217101349515,0.0017013284056138641,0.9880928776351845,0.0017010235659104104,0.0017010381925523167,0.0017010152896306619,0.0017009346912145373
doc131,0.000945325767844857,0.7551539748291105,0.0009453118142731221,0.0009453801975034303,0.14682468848031188,0.0009453339041271604,0.000945300564149698,0.09329468444267935
doc132,0.001222759155588892,0.1956918456717388,0.0012226334479842488,0.7969711222155843,0.0012227480340007727,0.0012229409094142599,0.0012230593584711435,0.0012228912072175498
doc133,0.2555627764930674,0.001208156645342784,0.0012080206090535272,0.0012080262473039003,0.001208032693954263,0.0012081825490357207,0.6235840163093872,0.11481278845285527
doc134,0.17919313508039367,0.10189302129322077,0.0010662476127477989,0.18553417837325384,0.0010664474930287544,0.12593981402902238,0.0010663462013246526,0.4042408099170081
doc135,0.0008079869240897791,0.599735502041945,0.08802556944730638,0.22687731598134994,0.0008079651284637828,0.0008079535382868641,0.000807919856673749,0.08212978708188429
doc136,0.2364866068051065,0.0015678426283096721,0.0015676972019181305,0.6726114006773367,0.08306292644683602,0.0015679053787820989,0.001567762703795053,0.0015678581579158495
doc137,0.7053813511889632,0.0012080055755181445,0.0012078732595551909,0.0012080294885376455,0.2873706556231781,0.0012080108309368122,0.0012080455870287655,0.001208028446282201
doc138,0.11437429276754318,0.001497800651392882,0.0014971508210458516,0.2593866560355827,0.0014974648247644546,0.001497632798609649,0.6187518401597332,0.0014971619413280985
doc139,0.11267386790657001,0.14685818672080259,0.0011262632322473485,0.21297815408927956,0.0901154990054014,0.2982619117601205,0.001126359942526995,0.13685975734305145
doc140,0.0022837400307788953,0.0022834849806114862,0.0022832850762500305,0.7118103787200353,0.2744873506921188,0.0022837773545836904,0.002284579932477102,0.002283403213144765
doc141,0.001285600062515543,0.4111626986641759,0.06730572170147699,0.5151037157101684,0.0012855507122575564,0.0012855032907453114,0.0012856020918970482,0.001285607766763257
doc142,0.002008256495182118,0.3253412038843225,0.002008232449610634,0.5383551385162011,0.0020085566768691275,0.1262617834452417,0.0020084280388969118,0.0020084004936759743
doc143,0.001113924196287805,0.8321137014462633,0.001113711325252034,0.1612033114456342,0.001113838474123548,0.001113779236089963,0.001113804902132871,0.0011139289742161914
doc144,0.0013196405696555907,0.42670485073488235,0.001319522158624359,0.5653776068570813,0.0013194801189146878,0.0013196135440538468,0.0013195685259959928,0.0013197174907918906
doc145,0.0011138955821903827,0.0011139518643426042,0.23289423140018053,0.0011138595966382852,0.7319409132436375,0.029595511071460964,0.0011137838560957788,0.0011138533854538812
doc146,0.001475097264716641,0.0014751068777989636,0.0014754141135435127,0.9673433167158418,0.0014751974570500303,0.001475193199947906,0.02380553146174483,0.0014751429093562626
doc147,0.0004931387109288679,0.0004931670419496241,0.0004931704301903797,0.0004931789644604196,0.000493168289565233,0.9965478684009068,0.0004931440179642288,0.0004931641440344323
doc148,0.0017304541178005414,0.001730624320650287,0.0017303956415019117,0.0017304628443940676,0.0017305009888642618,0.001730414959609857,0.7604075525369839,0.22920959459019521
doc149,0.3574243962681151,0.4319642299365443,0.0012696455838028002,0.09174493318658748,0.0012694096082516498,0.001269334587716468,0.001269272832489707,0.11378877799649235
doc150,0.0009365576625100516,0.0009365952453587675,0.0009365601991077514,0.0009365982911668752,0.43729075556837255,0.17369068272716717,0.0009365592816847693,0.38433569102463205
doc151,0.0020923388626485026,0.08514684787738366,0.002092389135634236,0.8354057961995016,0.0020927443985272213,0.06898491913918667,0.0020924286735708245,0.0020925357135474017
doc152,0.34995596228222675,0.002392930058247281,0.002392771116572517,0.6356865053806069,0.002393132157561716,0.002393012884752895,0.0023927971724009085,0.0023928889476309305
doc153,0.9772657075351134,0.003247876577228546,0.0032474755021453202,0.003247079469002687,0.003247469241900642,0.0032491220944404877,0.003247376153237666,0.00324789342693123
doc154,0.13471490472983788,0.3527370483151241,0.0015676831080978803,0.5047091091736482,0.0015678351262311736,0.0015678484409451393,0.0015676940432174833,0.0015678770628982468
doc155,0.23227560583714338,0.0020926996756561746,0.002092265910763448,0.14775105674907255,0.002092700315242556,0.0020923843688935347,0.0020928960241843836,0.6095103911190438
doc156,0.16652220633750678,0.001931070574120007,0.0019308441564951015,0.001930752332391634,0.0019309021235674709,0.0019307224528245376,0.8218925805226734,0.0019309215004210205
doc157,0.07419320359857019,0.07827476383039195,0.0012379224580593331,0.20079129339451682,0.0012379822534340271,0.09992855336441149,0.543098347055102,0.0012379340455142102
doc158,0.002232449219428678,0.05736385938190833,0.0022323577247526077,0.9292410565222968,0.0022325321752062243,0.002232447896850239,0.002232371471677035,0.00223292560788015
doc159,0.0013023445707335394,0.0013024554945747654,0.0013024855848448598,0.8827263235158791,0.0013024643692559593,0.0013024577754273,0.001302608664443356,0.10945886002484104
doc160,0.25914618367080067,0.0003721257061317205,0.000372058858073167,0.0003721109060899508,0.00037213699247176863,0.6546189991438844,0.00037207442155313047,0.08437431030099503
doc161,0.3000200992365056,0.0012228170926280608,0.0012228734189995334,0.0012227747082883503,0.19661382729340715,0.001222891389784076,0.425013496500554,0.07346122035983338
doc162,0.00046349384883573303,0.18221902584469857,0.00046348003592223784,0.00046352751291008206,0.8149999045493721,0.0004635679438544821,0.0004634587767427594,0.0004635414876640357
doc163,0.5691278953627178,0.0008947810545481301,0.0008945991138298427,0.0008946912773566781,0.0008947255447502504,0.31720966461463185,0.000894710656986332,0.10918893237517922
doc164,0.08033963771760215,0.0009454891054221235,0.000945364922252613,0.0009454708995510153,0.0009454634574756024,0.0009453669398132785,0.0009453742313538528,0.9139878327265295
doc165,0.0004352517659466067,0.00043522457766263193,0.0004352163402844677,0.00043526965082312907,0.0004352583782795814,0.0004352360384635118,0.9969533234350293,0.00043521981351078606
doc166,0.33951252589506925,0.6374757644650483,0.0003940900703262629,0.0003941065435218702,0.021041269556905433,0.00039408982430159934,0.0003940701557394654,0.000394083489087805
doc167,0.9962317871424262,0.0005383489675634864,0.0005382772862541999,0.0005383394807939825,0.0005383063297459925,0.0005383186287284763,0.0005383096496793193,0.0005383125148083059
doc168,0.40407642616892925,0.15281824529725468,0.0019315863158127873,0.3621104939332931,0.0019310045312157687,0.0019310366227997858,0.0019309429645404516,0.07327026416615422
doc169,0.14737503914256614,0.5818863060049193,0.0009108200884821704,0.06814209470628324,0.0009109586119675392,0.0009108878803985288,0.0009108913932697123,0.19895300217211348
doc170,0.30080645978112264,0.12832601644595118,0.0009921429026143222,0.2851159591122806,0.2817821466339397,0.0009924672877098578,0.0009924064385322554,0.000992401397849398
doc171,0.005052544364960131,0.00505181119544456,0.0050508561977056655,0.6156761663324528,0.35401101117915146,0.00505210940882025,0.005053101923177883,0.005052399398287291
doc172,0.0010332699110174783,0.0010332233183828299,0.07454406118321795,0.0010332630553829022,0.3712214093506788,0.0010333188730590405,0.0010332513411058532,0.5490682029671551
doc173,0.2010307443753246,0.1487513102324583,0.0012378097436557005,0.6440281809919705,0.0012378096431049587,0.00123812409165823,0.001238006132331428,0.0012380147894963359
doc174,0.23429480917212103,0.0009730064347168272,0.0009729521491509404,0.047729865781944256,0.6822491188851385,0.03183412301987021,0.0009730600402365369,0.0009730645168217477
doc175,0.06235121848271652,0.0007207096093558851,0.0007205399476215091,0.22178382854363052,0.7122618028975415,0.0007206255607712596,0.0007206620406771559,0.0007206129176857919
doc176,0.05698573402496935,0.16728868843582237,0.0005532090968884112,0.7017172628229756,0.0005532495043389476,0.000553294784272348,0.0005532075167340048,0.07179535381399904
doc177,0.0008944971321233472,0.0008946072544076,0.9937381429038711,0.000894531248557096,0.0008945284538098934,0.0008946148926459013,0.0008945033559989063,0.0008945747585862283
doc178,0.0008944971321233472,0.0008946072544076,0.9937381429038711,0.000894531248557096,0.0008945284538098934,0.0008946148926459013,0.0008945033559989063,0.0008945747585862283
doc179,0.10328349286146792,0.8875956489022777,0.0015200207203022093,0.001520238811739915,0.0015202162103678499,0.0015202075937430532,0.0015200219990629251,0.001520152901038388
doc180,0.3214069758365728,0.08562000079535928,0.0015674612973562503,0.0015676844268010164,0.0015679015476388809,0.5851341202886274,0.001567806096870648,0.0015680497107737994
doc181,0.0006505143537885504,0.0006503745508196437,0.0006502789801179371,0.34214482631135634,0.6539529307257133,0.0006503530337839261,0.000650353630966908,0.0006503684134533371
doc182,0.0003613502670593902,0.9974703679354566,0.00036144230926663104,0.00036134235771988665,0.00036136224097277255,0.00036137105699191464,0.00036133607278305684,0.0003614277597496979
doc183,0.0004352517659466067,0.00043522457766263193,0.0004352163402844677,0.00043526965082312907,0.0004352583782795814,0.0004352360384635118,0.9969533234350293,0.00043521981351078606
doc184,0.0011391339754793601,0.001139111660622868,0.0011390504291300958,0.0011392145689213201,0.0011391407426104782,0.0011393111097453116,0.9920259268557876,0.0011391106577027597
doc185,0.0011015773905304763,0.019702557262356563,0.025697511055503813,0.9490918660606001,0.0011016905957185105,0.0011016993044568868,0.0011016160996374714,0.0011014822311962498
doc186,0.4493584360046707,0.0021371083566256296,0.002137192504136123,0.2732495615886969,0.0021373939452312917,0.0021375319088731783,0.2667056782638963,0.0021370974278699262
doc187,0.0027181067708375115,0.0027180998277282925,0.17509246900727654,0.7166686959465836,0.09464860064007881,0.0027177918762510732,0.0027180720403850375,0.00271816389085917
doc188,0.0027181067708375115,0.0027180998277282925,0.17509246900727654,0.7166686959465836,0.09464860064007881,0.0027177918762510732,0.0027180720403850375,0.00271816389085917
doc189,0.0017608401362590718,0.001761297545844917,0.0017608138405447906,0.9876733921939125,0.0017609315617127838,0.0017607690853150444,0.0017608749482670224,0.0017610806881438721
doc190,0.2960364849116203,0.25307549592520034,0.0007154743599800179,0.0007155332471770285,0.0007155039277527102,0.44731049856380495,0.0007154672343809835,0.0007155418300834686
doc191,0.0010226178681661852,0.0010227793623621946,0.0010226470340246251,0.0010226397551631773,0.001022853658404473,0.0010228181775653595,0.001022740604940575,0.9928409035393733
doc192,0.0016725637229176177,0.0016725620857176427,0.0016723457821825269,0.0016724659630710937,0.00167270133011223,0.15386386999300722,0.031261738470846415,0.8065117526521453
doc193,0.000992350285864051,0.505910750917836,0.09092000474158689,0.0009923717708640045,0.26053880989258604,0.0009925489300653637,0.0009923599761845444,0.13866080348501325
doc194,0.0022328753131139216,0.002232403427063042,0.002232572070834923,0.9843714972310371,0.0022329711977865417,0.0022328501740076557,0.0022324925459168933,0.0022323380402399944
doc195,0.12991285620644602,0.003356695210383911,0.003356585753024042,0.3285500525410452,0.0033564199560458777,0.10557353618907678,0.42253707627002524,0.0033567778739527925
doc196,0.1576520207165321,0.0014754361448901605,0.0014750004934696254,0.18557102684034504,0.363157412380655,0.19933006825220861,0.0014752379501530332,0.08986379722174652
doc197,0.18347076766075654,0.001152307491548011,0.0011523068415195822,0.053238911694521746,0.2750886627678861,0.4835922423467521,0.0011523177025608915,0.0011524834944549329
doc198,0.00287441844339341,0.002874310565582459,0.002874181886438051,0.720605791633992,0.262149067169666,0.0028742307921182848,0.0028738588695846347,0.00287414063922504
doc199,0.0006419628116272229,0.2222043114872156,0.0006419044200596462,0.0006420331429572182,0.7739436912359161,0.0006420559623791402,0.0006420131375220577,0.0006420278023230885
doc200,0.04510042075205623,0.002092793162627685,0.19857545267927884,0.3484301487103219,0.0020928683804600197,0.12351195424479981,0.0020926666347794503,0.27810369543567603
doc201,0.000919360230781694,0.0009193362792684772,0.000919219630525611,0.7110579540527863,0.2834260937724854,0.0009194338811212766,0.0009192544726444523,0.0009193476803867844
doc202,0.001475097264716641,0.0014751068777989636,0.0014754141135435127,0.9673433167158418,0.0014751974570500303,0.001475193199947906,0.02380553146174483,0.0014751429093562626
doc203,0.06434219717122847,0.8128028595780327,0.002451314665341647,0.11059751387082267,0.002451735366550123,0.002451366114335591,0.0024513451847343088,0.0024516680489543724
doc204,0.001165807670979673,0.001165853385077519,0.0011657238426315312,0.47063818814421743,0.19574768150439098,0.0011658463056020934,0.0011656529763739137,0.3277852461707268
doc205,0.09479953736038173,0.001002263033842092,0.18965025225710705,0.5712329158997623,0.14030831709228736,0.0010022182408537645,0.0010022747275529223,0.001002221388212609
doc206,0.0008420237478936699,0.0008419928154127757,0.0008424843062743545,0.0008419844058867915,0.0008419986869123211,0.2050626374738871,0.0008419048056695378,0.7898849737580635
doc207,0.0004931387109288679,0.0004931670419496241,0.0004931704301903797,0.0004931789644604196,0.000493168289565233,0.9965478684009068,0.0004931440179642288,0.0004931641440344323
doc208,0.017231700074450695,0.0003157518757264977,0.00031576504698030487,0.8942472813492301,0.00031573948651169784,0.037693682941369495,0.0003157155411232991,0.04956436368460805
doc209,0.396670249937605,0.00213731626363607,0.002137196698186662,0.0021373581233494906,0.002137211543179508,0.002137296938967648,0.13343157372179887,0.4592117967732767
doc210,0.007814163354902478,0.09979426458835593,0.00781395267196992,0.8533211808124257,0.007813328668038829,0.007814660971525314,0.007814252537034353,0.007814196395747519
doc211,0.0006860163318301931,0.0006860823839914339,0.0006859713396317758,0.8030800634171945,0.0006859909782336875,0.07463832945214689,0.0006860510955198991,0.11885149500145151
doc212,0.9962317871424262,0.0005383489675634864,0.0005382772862541999,0.0005383394807939825,0.0005383063297459925,0.0005383186287284763,0.0005383096496793193,0.0005383125148083059
doc213,0.0012378317329715856,0.975292714925801,0.0012377613830764007,0.0012379536204325974,0.0012379516611956598,0.01728003369582827,0.0012377604793156261,0.001237992501378819
doc214,0.16619216074230875,0.18560362194960348,0.0010021385541686336,0.0010022518289945187,0.0010022857997406588,0.0010023319516386708,0.272798080226295,0.37139712894725047
doc215,0.0020082554887537263,0.7770479118632359,0.06541803381980853,0.0020085815038275744,0.0020084698683468264,0.002008599770640634,0.002008187906495419,0.1474919597788914
doc216,0.2664551613554069,0.0032476302274244096,0.0032477629150855646,0.0032473939596660063,0.0032475553007203714,0.20440073520773455,0.5129063583612321,0.00324740267273015
doc217,0.0002943811966839056,0.8598930892199897,0.00029433986290902675,0.0002943744196035099,0.08909051810720507,0.04954455005796856,0.0002943623401602548,0.00029438479547984965
doc218,0.0015435493412941843,0.0015437044233371877,0.0015435771810933978,0.0015436214558078598,0.33941985009627074,0.0015437331379938206,0.0015434756395690135,0.6513184887246338
doc219,0.0037324954517965786,0.08435690232418964,0.00373256394712382,0.6528199982442854,0.10368949964492868,0.14420440161802867,0.0037318062373967514,0.0037323325322505246
doc220,0.1392795973979002,0.856546670956992,0.0006956070111689237,0.0006956348484131682,0.0006956171996244183,0.0006956316122402261,0.0006956204281050801,0.0006956205455562354
doc221,0.36420188432494766,0.22092224474126718,0.0008947758374707449,0.1564174821299043,0.07119916068018582,0.0644079501639464,0.0008947791855100794,0.12106172293676783
doc222,0.0048083700936487565,0.00480912805070067,0.0048082220910809804,0.4598728997599484,0.3318628463734843,0.18422158479323175,0.004808621696669033,0.004808327141236158
doc223,0.1009925533879029,0.0019690397608014215,0.14999676698909922,0.001968979994026381,0.22097402334153485,0.23147175373070122,0.0019691607253696955,0.29065772207056434
doc224,0.0014974435722881869,0.001497766464287305,0.130096160110666,0.7677621353622122,0.0014973619251120486,0.09465423921673193,0.0014973907167662394,0.0014975026319360078
doc225,0.0009921722138642225,0.1415092569965475,0.09199541800748517,0.7615341059964664,0.0009922789420085845,0.0009922583364756262,0.0009922187655888788,0.000992290741563496
doc226,0.0006338711734478968,0.04374385928213982,0.20801597720888157,0.4110384011969218,0.28323891672584683,0.0006338749755477709,0.0006339113831593261,0.05206118805405485
doc227,0.002092602602576483,0.2051513102579727,0.002092351022654105,0.6047266744030336,0.09226149285582182,0.08949080139641827,0.0020923445890983707,0.002092422872424652
doc228,0.0008788170639427643,0.000878860321282577,0.9938480843412458,0.0008788134218611892,0.0008788466497771443,0.0008788318952316564,0.0008789146567056346,0.0008788316499532397
