,topics0,topics1,topics2,topics3,topics4,topics5
doc0,0.0007015242859380379,0.7864134882140921,0.0007014633613916689,0.2107807486642734,0.0007014044557086852,0.0007013710185962889
doc1,0.0004913045018263699,0.0004912747520092985,0.5912103362639223,0.25258999574678026,0.15472585754016346,0.0004912311952984152
doc2,0.4412287988653743,0.3388030375823905,0.21426358793402528,0.0019016943389838985,0.001901537212927971,0.0019013440662979503
doc3,0.08695579564525274,0.0005933231599576326,0.000593313548093142,0.6978630349835421,0.21340125758642176,0.0005932750767326573
doc4,0.16019167835568104,0.001977135657255441,0.7136295738582897,0.12024800603579157,0.001977129513883323,0.0019764765790989194
doc5,0.0024041592607035,0.0024042788637978346,0.0024040774324259164,0.002404236463641571,0.9879792389401464,0.0024040090392848036
doc6,0.7617118184528864,0.003624781457019335,0.0036246112142980865,0.22379143268855373,0.0036238562911967325,0.003623499896045749
doc7,0.0019016692337857032,0.3210584821081515,0.0019017231451409877,0.001901456833188159,0.6713346603500315,0.001902008329702153
doc8,0.0007838852164772449,0.040465194197322245,0.0007839022628869928,0.0007838207881808591,0.956399403996865,0.0007837935382676905
doc9,0.16007944594545806,0.0009748388172454702,0.0009748609098420707,0.0009749243697534367,0.7775317922336568,0.059464137724044144
doc10,0.3013173067000174,0.0007322775249495332,0.0007322231291492981,0.0007322139790634585,0.6140681946527492,0.0824177840140711
doc11,0.0006917509520709758,0.01811863770690822,0.05086865070496212,0.043075800330866165,0.8865532591863791,0.0006919011188133183
doc12,0.062021627710805625,0.0008883235551929824,0.0008882973074872749,0.8324646249914095,0.10284860778351909,0.0008885186515855954
doc13,0.0009382791183822073,0.0009382667712127784,0.0009382399400480097,0.0009383043418889469,0.0009381687239256711,0.9953087411045424
doc14,0.0009382791183822073,0.0009382667712127784,0.0009382399400480097,0.0009383043418889469,0.0009381687239256711,0.9953087411045424
doc15,0.08547080623384296,0.06598222525376758,0.03129758167205199,0.22335057379840467,0.5816053646122626,0.012293448429670173
doc16,0.6108455907105306,0.0006823288557605007,0.07080439143814034,0.0006823320894292783,0.3076461231723855,0.009339233733753713
doc17,0.6348126177566766,0.3569549371196506,0.002058257623882419,0.0020581190116978135,0.0020581575037859467,0.0020579109843065642
doc18,0.09920686627125132,0.0012567586722996079,0.07486778883676963,0.3265085729915933,0.4969032834147783,0.0012567298133077706
doc19,0.00121106328865381,0.001211040384381792,0.0012109728716921428,0.2872215250053312,0.7079345072880893,0.001210891161851861
doc20,0.03846747691699527,0.00042817446828552936,0.2460331504968515,0.15091584423146756,0.5637272317771047,0.0004281221092953201
doc21,0.33057908298337824,0.38909141998304153,0.27641224952290266,0.001305931016279378,0.0013056344478580668,0.0013056820465400748
doc22,0.15764523372637507,0.6251284026440952,0.0018661260310598776,0.0018661081778769287,0.21162777581788195,0.0018663536027110153
doc23,0.1686492253760527,0.001901888434585264,0.0019017573277019945,0.38043695005536504,0.4452084949467495,0.0019016838595453847
doc24,0.00047951499448201844,0.5116661880229191,0.00047947900308286577,0.33724137482154887,0.14965390791148026,0.0004795352464869065
doc25,0.0015019709300152177,0.46438103610277215,0.12207911611940273,0.04243302432641802,0.3681032120609459,0.0015016404604460563
doc26,0.001154991245513164,0.16815292446888225,0.0011550728507471269,0.18992111203886788,0.6384608650153561,0.0011550343806334777
doc27,0.000974839616744514,0.0009748849386955358,0.07725115186354674,0.7928858532048262,0.12693842132747263,0.0009748490487143771
doc28,0.18193356387505905,0.1551136682790977,0.1545249841070122,0.0008226215648675819,0.5067825489489465,0.0008226132250170298
doc29,0.001359007717167516,0.11405545452904867,0.11492668201121231,0.2210402680676698,0.5472595467626554,0.0013590409122462672
doc30,0.000586256811593069,0.0005862960906770796,0.0005862905655114157,0.9970686586954639,0.0005862781277901313,0.0005862197089642963
doc31,0.0005600162393977348,0.08400358006872698,0.0777794603394051,0.0005600672046405729,0.8365368561576468,0.0005600199901827638
doc32,0.09628258114893805,0.27304819625165916,0.0036244686749904143,0.08700883697122626,0.5364124227708925,0.0036234941822936694
doc33,0.0015725444054150931,0.00157249665483479,0.0015725777232168403,0.0015729670226960063,0.9921366874521115,0.0015727267417257943
doc34,0.1651551283915692,0.00034419485586117466,0.06774480393637344,0.5949448755397466,0.17146678729108317,0.0003442099853662376
doc35,0.0008579297818080936,0.4587332731382658,0.0008579288029242757,0.0008578110095363374,0.46764839736134955,0.07104465990611591
doc36,0.001359003165017103,0.7592755513913301,0.055194696570987765,0.0013589752998118265,0.10165358166864341,0.0811581919042099
doc37,0.0005600658620201893,0.0005600571909149098,0.47599920456848827,0.0005599733468274816,0.47966428029907354,0.04265641873267549
doc38,0.8048253019064828,0.0009749497640982894,0.09164081335267783,0.0009748873755371293,0.10060919540564882,0.000974852195555191
doc39,0.13257617223029694,0.20605213632663624,0.5749491151145169,0.0007114273861480899,0.0849997085024813,0.0007114404399206598
doc40,0.31427596917955325,0.0010686995960254787,0.38416133153909116,0.2983566072597929,0.0010686780645844693,0.0010687143609527552
doc41,0.4982302883609396,0.001501779602847113,0.22929349841343652,0.19276912960185766,0.07670367241949047,0.001501631601428879
doc42,0.14592768974554907,0.002525848003054647,0.20245988382553537,0.42719575899882517,0.21936469682910134,0.002526122597934344
doc43,0.3930109654363415,0.420666712410682,0.0017367029285284656,0.18111247383277657,0.0017366331331110086,0.0017365122585605653
doc44,0.1685728717570172,0.06265096588395813,0.039813150111183054,0.0004493489327890149,0.7280643419614323,0.000449321353620215
doc45,0.2894049391966682,0.0014580894090649229,0.08316404226621636,0.6230563507645733,0.0014582533264368464,0.0014583250370403854
doc46,0.0008092375123470097,0.08322709812726635,0.5688089529000574,0.0008093253461698964,0.34553616928589814,0.0008092168282610322
doc47,0.4400767497110336,0.001168577677298863,0.001168500842384846,0.47427352737467454,0.08214405595822968,0.0011685884363784244
doc48,0.591732773644144,0.0010573129693224183,0.0010573633274951967,0.4040379145874463,0.001057346508926201,0.0010572889626657242
doc49,0.49590826367174906,0.49689585997628316,0.0017990423803595677,0.0017990899333528694,0.0017990760601562905,0.0017986679780989227
doc50,0.004065751078268902,0.38315876479365374,0.2587347354303649,0.0040662414884236045,0.3459087363584655,0.004065770850823336
doc51,0.6808186217243931,0.0009655015585914478,0.08273992936927696,0.0009655786461444893,0.08071481749565254,0.15379555120594146
doc52,0.004630904515790491,0.8153223818323397,0.004630643685796718,0.00463057727210243,0.004631187866407822,0.16615430482756274
doc53,0.8434942307416078,0.12741957314474914,0.0011550451112213955,0.0011550632142259874,0.025620900302753834,0.0011551874854420665
doc54,0.0010799886461694838,0.0010800363649897016,0.0010800773278645233,0.0010801460824886122,0.001080114286026626,0.994599637292461
doc55,0.0010799886461694838,0.0010800363649897016,0.0010800773278645233,0.0010801460824886122,0.001080114286026626,0.994599637292461
doc56,0.2808047861648683,0.000593289989553692,0.21341777973043055,0.21234145548895944,0.2922494414075935,0.0005932472185947204
doc57,0.40507127902870793,0.19525711432968654,0.3961661602386076,0.0011684530718414803,0.0011685968826797197,0.0011683964484767012
doc58,0.35943360194368346,0.0015977651396858594,0.5589444467449792,0.0768286712689601,0.001597883184727254,0.0015976317179641506
doc59,0.0862827370805991,0.5671705622858015,0.26315089768593747,0.08003948999136148,0.0016783517743945461,0.0016779611819058497
doc60,0.0014370522819012218,0.0014371241686198357,0.6215245954246927,0.23968136413273047,0.13448273112905404,0.0014371328630016667
doc61,0.8497174591167922,0.0013230807954739306,0.0013230630726709174,0.0013230783067196574,0.14499019357572143,0.0013231251326218376
doc62,0.06177321765149529,0.0005538475031061754,0.0005538602984230765,0.7208339170254344,0.2157313169726122,0.0005538405489288085
doc63,0.010420422508512401,0.01041979522974934,0.36511360572024815,0.5180389521475292,0.010420559434139966,0.0855866649598212
doc64,0.003268500777859292,0.9836568863919241,0.0032684863955277314,0.003268314487388269,0.0032693575567496413,0.0032684543905509545
doc65,0.5319000509648885,0.04218404358884384,0.2757290397974352,0.14750538825578638,0.0013407930180398184,0.0013406843750065323
doc66,0.48088369080274546,0.10878203827252059,0.4091368505109633,0.00039915229032523835,0.00039915137259225977,0.00039911675085309187
doc67,0.27949896301695526,0.4458599761744782,0.2675975980652316,0.002347806643068819,0.0023480154394494106,0.002347640660816692
doc68,0.27197035065559927,0.08095569692305049,0.0006686299230498169,0.0006686457080218545,0.4176428100676542,0.22809386672262424
doc69,0.7033225368906598,0.0009749746153871237,0.18190004153311992,0.11185248571774857,0.000974943921412621,0.0009750173216720025
doc70,0.07565783546186136,0.0013777174109632438,0.5365640891228056,0.10429108036696352,0.2807314626392142,0.001377814998191994
doc71,0.1649956936490433,0.0012258722256820022,0.4681739678804816,0.07789918596739749,0.28647963801069876,0.0012256422666969422
doc72,0.0010461956358523573,0.0010462698276714956,0.0010463033861531632,0.7229399330317953,0.27287504083655145,0.001046257281976181
doc73,0.04280557147249368,0.0011685858671429089,0.0011685591337292935,0.5715529036190918,0.38213600175048956,0.0011683781570526104
doc74,0.42402898566772856,0.0028100458620429094,0.002810074217098524,0.43942465717590434,0.0028101265484334875,0.1281161105287922
doc75,0.000586256811593069,0.0005862960906770796,0.0005862905655114157,0.9970686586954639,0.0005862781277901313,0.0005862197089642963
doc76,0.0009211368208808307,0.4737245883138712,0.0009210446738170414,0.0009211672970600617,0.5225910220217141,0.0009210408726568378
doc77,0.08029044211943304,0.0009126501139050063,0.0009126149503212639,0.0009126496568700319,0.9160589653636216,0.0009126777958490491
doc78,0.2332439861396287,0.0027327579739665634,0.002732800764058602,0.0027339996215869754,0.7558233468015315,0.002733108699227656
doc79,0.37695824394242944,0.010036973887038605,0.00043949666107488715,0.05063708617205394,0.561488790963071,0.00043940837433212565
doc80,0.0007376558829713877,0.3905588375082619,0.20210223002315258,0.000737592100446168,0.4051260795693194,0.0007376049158485264
doc81,0.0006469127056678504,0.0006469538299475619,0.0006469026384169295,0.8741738981378905,0.10364577073101305,0.020239561957064087
doc82,0.3616680839778883,0.001479581751772378,0.4346062645239816,0.0014797546146544864,0.1992866825810786,0.001479632550624465
doc83,0.0015980551388743351,0.0015978201062368477,0.0015977893278208968,0.060296556599046855,0.9333117879199145,0.001597990908106557
doc84,0.15254893274115444,0.10000760720934779,0.4904189455113019,0.18791319087096126,0.06850708047585083,0.0006042431913838019
doc85,0.14327289579268623,0.14978921295375683,0.0010920219363251677,0.3001454564284479,0.4046085451706009,0.001091867718182924
doc86,0.3774870198135837,0.0028908399740275406,0.06877114538121737,0.23166105315641916,0.2541915414993844,0.06499840017536791
doc87,0.49684135153202563,0.4986432316534468,0.0011289143242326995,0.001128886932928138,0.001128846631716794,0.0011287689256496887
doc88,0.35722502418267793,0.0010573552939992365,0.0010573846770915386,0.3132456734416894,0.3263572014078297,0.0010573609967123052
doc89,0.3652515636285599,0.0009845501801813285,0.0009845205873921326,0.5829134213143062,0.04888133126732681,0.0009846130222335692
doc90,0.16346850222855672,0.0004661146895800607,0.0004661389494576157,0.37517852437576665,0.4599546603451056,0.0004660594115331834
doc91,0.08655075757118448,0.7721335538732906,0.0008805457987056999,0.0008804946501270129,0.13867418287862232,0.0008804652280698515
doc92,0.24637050318813447,0.12749390009020617,0.11984443702987387,0.0015978595726368393,0.5030953850606111,0.001597915058537451
doc93,0.3298569548483347,0.0008652462467950014,0.6331115899465222,0.0008651774851034294,0.0008652641571296856,0.03443576731611485
doc94,0.42831514593471776,0.0010573145277088115,0.5674556742040162,0.0010573322572472253,0.0010572968770039047,0.0010572361993060728
doc95,0.46789462718441366,0.002016580960019908,0.002016814132463784,0.002016556932957025,0.5240387943951608,0.002016626394984932
doc96,0.048551573215812265,0.0006189964627113107,0.33443454972361353,0.3713278183323172,0.24444811252083495,0.0006189497447106704
doc97,0.5376163047966861,0.001623892986588796,0.0016238609026627442,0.09853412398660596,0.3589781465682928,0.001623670759163712
doc98,0.0008027782401762681,0.10356273106012005,0.0008028059330597218,0.0008028193665927528,0.8644372769872404,0.02959158841281079
doc99,0.36361770093822,0.2631716982986033,0.0022942554709000887,0.0022942742610629263,0.36632758120385617,0.002294489827357494
doc100,0.1026725464773094,0.0010145321886784633,0.0010144596627703695,0.037830210895797876,0.777878198089106,0.07959005268633787
doc101,0.0009561512029614976,0.0009561569649877159,0.0009561049804600757,0.0009561342206793316,0.0009562074005514791,0.99521924523036
doc102,0.0009561512029614976,0.0009561569649877159,0.0009561049804600757,0.0009561342206793316,0.0009562074005514791,0.99521924523036
doc103,0.0009296516242721602,0.4682308948043887,0.08987042392849709,0.0009295296098837439,0.4391100558076179,0.0009294442253405287
doc104,0.3159794787789222,0.24572960614235337,0.03783985269616831,0.055456423948629256,0.27329439284961654,0.07170024558431033
doc105,0.43665928327747433,0.0008728469917263908,0.5026351380682346,0.0008728056475600946,0.05808718304496462,0.0008727429700399279
doc106,0.29191728860281846,0.0023478049544206014,0.24035035199277346,0.002348165159645701,0.4606882338034884,0.0023481554868534267
doc107,0.7436591938276368,0.0010919967344414456,0.09076440134237525,0.10589567125669694,0.05749691439461682,0.0010918224442328542
doc108,0.0016784441004453455,0.6967658901430815,0.12175328934076063,0.001678273503061115,0.1764461266078496,0.0016779763048017122
doc109,0.6271746034067783,0.10100485658696179,0.08283839614076006,0.0006598148098505333,0.18766242781294476,0.000659901242704503
doc110,0.000809223283349465,0.9959540408461767,0.0008092123343284705,0.0008091796065005484,0.0008092061670659669,0.0008091377625789581
doc111,0.10190583241330761,0.5057930086254092,0.3885780941912578,0.001241139897835036,0.0012410152868239373,0.0012409095853663254
doc112,0.2070845854755736,0.32749294426817716,0.23405364406246956,0.001128967615094298,0.22911082478124914,0.0011290337974361896
doc113,0.6168878611787734,0.2307637086123585,0.09790102248241463,0.052082784418958666,0.001182454921085972,0.0011821683864090893
doc114,0.0005696533142916628,0.6739961835162445,0.0005696611388635743,0.32372523583083923,0.0005696406479665081,0.0005696255517947431
doc115,0.5527176855231616,0.4316532004063329,0.003907283635085506,0.003907047311634238,0.003907707338648331,0.00390707578513755
doc116,0.23106333060302,0.001225840154519782,0.4763350147395462,0.28892431152616493,0.0012257640901959205,0.001225738886553091
doc117,0.0785110105870378,0.2578892738441264,0.3982712630557112,0.12890559690245876,0.11099601864979163,0.025426836960874263
doc118,0.0020583030805977165,0.9087215977198981,0.002058185505561749,0.08304552603668046,0.0020584519378159753,0.002057935719446028
doc119,0.06815219570495702,0.5754517846180176,0.0016782588019181829,0.0016780670557015747,0.30789250292154985,0.04514719089785572
doc120,0.23725095283878508,0.0012257568442054158,0.0012257701396358564,0.594340858999988,0.16473099265300334,0.0012256685243822623
doc121,0.0008883278768257095,0.19837795444607992,0.6553015377448529,0.0008883888679388014,0.1436555342289508,0.0008882568353517409
doc122,0.001377673143661812,0.30079416728229835,0.001377723942850839,0.0013776815931220918,0.6936946975801896,0.0013780564578772566
doc123,0.09748074336942321,0.1245638429158609,0.0418591342174781,0.40565728244913846,0.31778311531637804,0.012655881731721242
doc124,0.000586256811593069,0.0005862960906770796,0.0005862905655114157,0.9970686586954639,0.0005862781277901313,0.0005862197089642963
doc125,0.0015484030949204132,0.8343382199114187,0.0015483316617088759,0.0015482717348069622,0.15946857434799086,0.0015481992491542722
doc126,0.0004575631298189449,0.00045755205457021034,0.0004575772179046299,0.0004575654124822931,0.99771222861095,0.00045751357427387574
doc127,0.6858055044842323,0.0025258435245587587,0.18933630939129495,0.002525959728998858,0.11728054605515359,0.0025258368157614506
doc128,0.13942392994929925,0.6886945055404203,0.0006777146466581562,0.08283591307617805,0.044862811798935684,0.04350512498850847
doc129,0.0017988905066623187,0.31111871263101687,0.001798816239890025,0.0017989062203934046,0.6368068434300698,0.04667783097196752
doc130,0.0015249250983766823,0.9502219817411001,0.001524704049434823,0.0015245954603901992,0.0015249099678863642,0.04367888368281203
doc131,0.07935819303157073,0.0015248603696273527,0.223515476661448,0.0015247208220551883,0.6925520012607189,0.0015247478545798217
doc132,0.5588986078582809,0.0011824217153973923,0.27001259621317647,0.1675418003426638,0.0011824289467627198,0.0011821449237185751
doc133,0.45961154820250305,0.24165182771137822,0.0017671766616852889,0.0017670772336630552,0.29343542589680377,0.0017669442939666363
doc134,0.00045968051053900513,0.00045969248285360144,0.9308575726644511,0.06730370465101498,0.00045968595179369663,0.0004596637393477269
doc135,0.344995943430658,0.17460857496146603,0.07725159864172104,0.2876704179137766,0.1140765643944724,0.0013969006579060627
doc136,0.4233081022980615,0.0010355720460363475,0.37077533531294715,0.20281002382023075,0.0010355511529795843,0.0010354153697446657
doc137,0.7558229556652429,0.20719516538526794,0.0329050928788308,0.001358887774346985,0.0013589719261413648,0.001358926370169922
doc138,0.0011550564540827356,0.8390159813147614,0.1563641019985099,0.0011550400318257204,0.0011549859373167892,0.001154834263503355
doc139,0.5381602390935741,0.4543759499643482,0.0018660356264395767,0.001865887398270621,0.0018658966589465498,0.0018659912584208236
doc140,0.7021035053138315,0.0011289893235376424,0.29338060172617375,0.001129081353497504,0.0011289912430064598,0.001128831039953037
doc141,0.34005314913457,0.0691180359070972,0.5895712011576139,0.00041920161198436137,0.00041923748849907765,0.00041917470023541205
doc142,0.0003853422152595608,0.09604249713931436,0.09799203693807165,0.00038528061268489435,0.8048096019722647,0.0003852411224047166
doc143,0.4600609826527834,0.06801176285347758,0.29826142915597825,0.0023481357355038764,0.0023479022172192463,0.16896978738503768
doc144,0.3555728007271479,0.0006597695030602389,0.45363916970308354,0.026860081689045526,0.16260833034171732,0.0006598480359453165
doc145,0.0009043731012899648,0.11315967100862813,0.8612236447622783,0.02290362932609547,0.0009042585460223927,0.0009044232556857537
doc146,0.0005898077802514738,0.19506217638224044,0.06585648909230377,0.0005897376200251471,0.7373120054785286,0.0005897836466505034
doc147,0.00044336036238106776,0.25549160675356003,0.045166475312802476,0.007342931262886082,0.6835017254106851,0.008053900897685214
doc148,0.3451134607532031,0.001437163169485588,0.38868216781957954,0.1496138962540291,0.11371644969136373,0.001436862312339002
doc149,0.0009296184957774,0.8863909179421063,0.0009295749421525376,0.0009295350587223101,0.10989070956641618,0.0009296439948252932
doc150,0.0009941038881749035,0.0009941312722688929,0.0009941082421148553,0.000994116094055722,0.0009941304874263128,0.9950294100159592
doc151,0.0009941038881749035,0.0009941312722688929,0.0009941082421148553,0.000994116094055722,0.0009941304874263128,0.9950294100159592
doc152,0.23968221480165977,0.5782410502182223,0.17602677744502818,0.002016732542600603,0.0020166267849270527,0.0020165982075623493
doc153,0.24243274173073115,0.00048416602022834543,0.0004841910417744566,0.46582611763082393,0.28199829303507895,0.008774490541363183
doc154,0.26786914649115423,0.0011040261962504533,0.27465866711930287,0.4541598937724391,0.0011041046030936226,0.0011041618177595985
doc155,0.7963009602939874,0.0007777896380816897,0.08700762973315182,0.11435809916258362,0.0007778245864381181,0.0007776965857573927
doc156,0.05219102670197307,0.7836721343084856,0.0004072646546880329,0.16291502190589002,0.0004073245286780926,0.0004072279002852495
doc157,0.6295890037615164,0.13047415605383123,0.23044104518618197,0.003165299862759739,0.003165394705388185,0.0031651004303225633
doc158,0.2904519045908336,0.07194846940859441,0.0008728586264163754,0.24967894338911076,0.37319525860087777,0.01385256538416706
doc159,0.000850570281521533,0.14330635136538317,0.20046690913836535,0.0008505847170350556,0.6536750002176779,0.000850584280016941
doc160,0.5453111270445212,0.0014579919089476897,0.0014579710381337773,0.1583514366784547,0.29196346516600363,0.0014580081639388013
doc161,0.0018319145072236232,0.13923936873585888,0.0018321526713080678,0.0018319945611574024,0.8534325367906018,0.0018320327338501217
doc162,0.2771545109718203,0.29853673937808534,0.002463641061080205,0.21930074209064207,0.2000805185238208,0.002463847974551234
doc163,0.4553115191044227,0.22834377613216192,0.003068307948934447,0.003068390390390153,0.3071395657605093,0.003068440663581576
doc164,0.41387589507387057,0.5399052696601219,0.0014795832117402475,0.04178003699343383,0.0014796561247884296,0.0014795589360449132
doc165,0.12285703959621214,0.6336976150083753,0.0008883449672852129,0.0008883719838274415,0.14398504057269113,0.09768358787160886
doc166,0.7024125597666926,0.0017672891724606734,0.0017673442410990573,0.2905187274783725,0.0017670797015790591,0.0017669996397961126
doc167,0.07721472688754187,0.002976894347029661,0.3348217776939938,0.0029766493564051004,0.579033133260743,0.002976818454286409
doc168,0.0011685613751273424,0.1402637099241558,0.3318029403115047,0.0011685993685739032,0.5244276779984993,0.0011685110221388352
doc169,0.0015979684425735286,0.46521662461679164,0.001597874749796247,0.0015977215679545602,0.5283920628061936,0.0015977478166904833
doc170,0.0024052020334566124,0.002404730871073405,0.0024045422264040335,0.6200110062957493,0.3327794255825453,0.03999509299077132
doc171,0.0028908035419709954,0.002890932620633215,0.002890672078750087,0.0028911378041792013,0.9855444605249865,0.0028919934294801427
doc172,0.000586256811593069,0.0005862960906770796,0.0005862905655114157,0.9970686586954639,0.0005862781277901313,0.0005862197089642963
doc173,0.6909025579525118,0.0011419265881543069,0.0011418197253870916,0.3045299772910933,0.0011418578476195273,0.0011418605952339211
doc174,0.5643931021984777,0.0023479340177580536,0.0023478470018484326,0.42621496929045727,0.0023481908447071202,0.0023479566467514545
doc175,0.5879092155370838,0.000765907638235859,0.07866381499127087,0.031220092111478283,0.30067501423761855,0.0007659554843127659
doc176,0.0634113426244086,0.001196620020017775,0.0011964297530527312,0.0011965526476284036,0.8912102275774851,0.04178882737740727
doc177,0.4625185519931341,0.0004749692726033901,0.00047494932042201516,0.1015809253750945,0.4344756925908012,0.0004749114479446729
doc178,0.06366096426590365,0.0013588636716350773,0.001359081375181148,0.0013588378968670493,0.9309033058894526,0.0013589469009605375
doc179,0.585575114118887,0.1545493279953214,0.06229829887879235,0.0014797303161842561,0.1946178369806617,0.0014796917101533216
doc180,0.0010920054357153718,0.8392679106624915,0.156363879040072,0.0010920705975370696,0.001091996943988387,0.0010921373201956779
doc181,0.49252064766398385,0.4676153415155211,0.0022942347633999674,0.0022938803665554747,0.03298184695636538,0.0022940487341743055
doc182,0.9897096477583963,0.0020580020072912234,0.0020581261205308054,0.0020578824428859233,0.0020579036386441795,0.0020584380322513957
doc183,0.1794651363620091,0.8115637427892032,0.002242845363962803,0.0022424345209432523,0.002242922836885656,0.0022429181269959476
doc184,0.8343548300091569,0.001901435774956781,0.0019018626743059425,0.15803867630210422,0.0019015565909621722,0.0019016386485139836
doc185,0.0007900454733513273,0.9960499288589942,0.0007900320784651532,0.0007900026188770367,0.0007900286973464051,0.0007899622729658244
doc186,0.0011823943253196966,0.0011824272609572697,0.1914483481181642,0.5384661400880418,0.26653850448089783,0.0011821857266191133
doc187,0.210388195926954,0.0008294234127055145,0.6061906410166241,0.11383238806921141,0.0008293860546897886,0.06792996551981517
doc188,0.307208348887375,0.47650291660933536,0.10236158444777385,0.11191867112706892,0.0010043366094086576,0.001004142319038186
doc189,0.0004638847871327324,0.9976804062662554,0.0004638870946646906,0.0004638919516511512,0.00046397505305150355,0.0004639548472443078
doc190,0.0025915492513186155,0.18848649186843422,0.0025912389209496534,0.026183732720759766,0.7775560680930206,0.0025909191455171106
doc191,0.39564385265241403,0.0008093203086657148,0.18449524888864832,0.41743312774498975,0.0008092736550399808,0.0008091767502422628
doc192,0.24905465460755558,0.04338882335514805,0.5216063756111611,0.06937409797064,0.10426847062527704,0.01230757783021825
doc193,0.0018048396558485167,0.8403804368812261,0.15260511408867589,0.0017364759304908926,0.0017366265074344079,0.0017365069363239776
doc194,0.08655075757118448,0.7721335538732906,0.0008805457987056999,0.0008804946501270129,0.13867418287862232,0.0008804652280698515
doc195,0.36401796684994514,0.002146465650698305,0.2301895687451579,0.002146547809251257,0.26645961788244893,0.13503983306249853
doc196,0.8158981828131953,0.0008882864115988522,0.000888339248171074,0.18054848766566056,0.0008883439748357014,0.0008883598865386073
doc197,0.001976895981141436,0.49308760384673195,0.12278805107510943,0.00197666082968432,0.37819374839126996,0.0019770398760630167
doc198,0.0009941038881749035,0.0009941312722688929,0.0009941082421148553,0.000994116094055722,0.0009941304874263128,0.9950294100159592
doc199,0.0009941038881749035,0.0009941312722688929,0.0009941082421148553,0.000994116094055722,0.0009941304874263128,0.9950294100159592
doc200,0.0009125775895015662,0.9954364875160735,0.0009125747785437788,0.0009128531165139265,0.0009127558654386307,0.0009127511339285665
doc201,0.0010249857462001695,0.4153417481094527,0.0010248932695512147,0.5805588171391204,0.0010248676070392449,0.0010246881286361655
doc202,0.3498500187913837,0.28962769798607085,0.00186647503986926,0.3549235466386442,0.0018662939677391403,0.0018659675762928677
doc203,0.21890819344710258,0.002193482965590322,0.0021932487013461947,0.0021933683663862514,0.5282045186500054,0.2463071878695692
doc204,0.3542681378617187,0.10357219556421911,0.3004115569726802,0.09643759047494474,0.1440046083146288,0.0013059108118084676
doc205,0.0007900454733513273,0.9960499288589942,0.0007900320784651532,0.0007900026188770367,0.0007900286973464051,0.0007899622729658244
doc206,0.11710753782832334,0.03277085690558429,0.4437728596964306,0.40461833273624304,0.0008652922665295245,0.0008651205668892358
doc207,0.003497085531666024,0.37382359695932277,0.0034973255343687913,0.0034970118666172484,0.6121882334220514,0.0034967466859737225
doc208,0.7096005057299436,0.0023571689119226504,0.06269706144803334,0.0005193447752721226,0.20578162195719585,0.01904429717763235
doc209,0.052081663745377364,0.0009943407482305834,0.45720378588635463,0.25810618120959156,0.23061979267880878,0.0009942357316370116
doc210,0.0004638847871327324,0.9976804062662554,0.0004638870946646906,0.0004638919516511512,0.00046397505305150355,0.0004639548472443078
doc211,0.0018319145072236232,0.13923936873585888,0.0018321526713080678,0.0018319945611574024,0.8534325367906018,0.0018320327338501217
doc212,0.0008805197407414469,0.5723827787301315,0.0008805843213844507,0.0008804628155654418,0.30110477205727043,0.12387088233490676
doc213,0.5060088468126398,0.4214399068275069,0.07061042067172765,0.0006469091036159729,0.0006469219745035856,0.0006469946100058878
doc214,0.0008434273159239451,0.0008433241823471505,0.9544286874646133,0.0008433342347538228,0.0008434100798024649,0.042197816722559386
doc215,0.0009747731587703554,0.0009748126010316663,0.0009747818871580782,0.0009748013636477871,0.995126101944136,0.0009747290452560489
doc216,0.0008434850498012856,0.0008433427712572227,0.5978274392265304,0.2586323429549286,0.14101015015847904,0.0008432398390034719
doc217,0.0012891528198983894,0.11774950241460715,0.2461894414166484,0.001289113671332794,0.6321939296267831,0.0012888600507301796
doc218,0.0013406964413065353,0.0013408059053625896,0.001340674266246172,0.0013406369103880775,0.9932964891940802,0.0013406972826164394
doc219,0.3544754240026308,0.0019015706585143283,0.00190168075354285,0.3289918337782439,0.3108279748074348,0.0019015159996333228
doc220,0.000586256811593069,0.0005862960906770796,0.0005862905655114157,0.9970686586954639,0.0005862781277901313,0.0005862197089642963
doc221,0.0016237856524064995,0.037922437651208375,0.0016236293336343408,0.0016237848680798566,0.9555828411140533,0.0016235213806174626
doc222,0.2863076829230251,0.0009563490662310288,0.17485892873035494,0.0009562136778669607,0.4446823706762746,0.09223845492624733
doc223,0.585575114118887,0.1545493279953214,0.06229829887879235,0.0014797303161842561,0.1946178369806617,0.0014796917101533216
doc224,0.001340966112971882,0.0013409285985729311,0.7505269833942281,0.0013409246635405856,0.24410959706065116,0.0013406001700353326
doc225,0.0006869726314711326,0.0006869904453075231,0.6908439309540315,0.0006869334209715519,0.26320268509876843,0.0438924874494496
doc226,0.0011041298306271414,0.001104010807528772,0.0011040434703215424,0.35092339505478576,0.6446604156929875,0.0011040051437492709
doc227,0.37695824394242944,0.010036973887038605,0.00043949666107488715,0.05063708617205394,0.561488790963071,0.00043940837433212565
doc228,0.06177321765149529,0.0005538475031061754,0.0005538602984230765,0.7208339170254344,0.2157313169726122,0.0005538405489288085
doc229,0.5453111270445212,0.0014579919089476897,0.0014579710381337773,0.1583514366784547,0.29196346516600363,0.0014580081639388013
doc230,0.7580301377677363,0.001502003758154193,0.0015018865239530468,0.0015018657803784155,0.2359624111572984,0.0015016950124796802
doc231,0.0017674531693789093,0.0017673228373800433,0.7366804315280207,0.2562502871539239,0.0017674727649352974,0.0017670325463611015
doc232,0.6203388949124552,0.0020165481044237946,0.002016576687462112,0.3715942310982535,0.00201683026729986,0.0020169189301054587
doc233,0.26561831132150865,0.6055603154656589,0.1237867980480827,0.001678232251858788,0.0016782791321756257,0.0016780637807153013
doc234,0.7784523707107432,0.0016236965528172132,0.0016240914057178179,0.18352718884909408,0.03314845358350764,0.001624198898119873
doc235,0.81359664411566,0.00047953160802053155,0.046251587060845444,0.000479549083545827,0.13871322828980678,0.0004794598421214092
doc236,0.4947380142378971,0.4477402271990046,0.05607640022953656,0.00048179877659126555,0.00048180644326991815,0.0004817531137006132
doc237,0.612350934301037,0.3809356706462737,0.0016783382584300392,0.0016780461804055279,0.0016784942812867448,0.0016785163325669583
doc238,0.0015019937554203698,0.23554083353462188,0.0015018970327793694,0.0015018100902343913,0.54900412169052,0.2109493438964239
doc239,0.8158981828131953,0.0008882864115988522,0.000888339248171074,0.18054848766566056,0.0008883439748357014,0.0008883598865386073
doc240,0.6596966799608639,0.23709626199716283,0.09690353263531411,0.0021010639926352975,0.0021013024206105583,0.0021011589934132654
doc241,0.0014797588150483982,0.6494853640723435,0.0838105633772025,0.0014796606129448928,0.26226523428086557,0.0014794188415950293
doc242,0.0009941038881749035,0.0009941312722688929,0.0009941082421148553,0.000994116094055722,0.0009941304874263128,0.9950294100159592
doc243,0.0009941038881749035,0.0009941312722688929,0.0009941082421148553,0.000994116094055722,0.0009941304874263128,0.9950294100159592
doc244,0.0018048396558485167,0.8403804368812261,0.15260511408867589,0.0017364759304908926,0.0017366265074344079,0.0017365069363239776
doc245,0.5291043089967493,0.4615028722187975,0.002348267409366123,0.0023484109642332995,0.0023482763467402652,0.0023478640641136548
doc246,0.0810111505696408,0.6555676545025101,0.10824711643285097,0.1540348355136075,0.0005695848787486197,0.0005696581026419188
doc247,0.0011041298306271414,0.001104010807528772,0.0011040434703215424,0.35092339505478576,0.6446604156929875,0.0011040051437492709
doc248,0.001272563295341115,0.899086092773541,0.09582369507718205,0.0012725622494427656,0.0012725748416368098,0.0012725117628563426
doc249,0.0008434273159239451,0.0008433241823471505,0.9544286874646133,0.0008433342347538228,0.0008434100798024649,0.042197816722559386
doc250,0.2058975529707892,0.0011042913537473876,0.22440551861841665,0.0011040586911289026,0.5663845319816638,0.0011040463842540342
doc251,0.9970512505407988,0.000589752818628205,0.0005897751516748261,0.0005897071583666189,0.0005898167422005163,0.0005896975883309929
doc252,0.0010800757538369607,0.2894380814138203,0.7062413956093724,0.0010801018671182528,0.0010802838910356984,0.0010800614648163397
doc253,0.301700321346434,0.6870607094898871,0.002809739408275743,0.0028097795024492837,0.0028099126417535144,0.0028095376112004266
doc254,0.06637063754692728,0.000618998036867831,0.7471288469656957,0.000618978954829802,0.18464354162088317,0.0006189968747963003
doc255,0.0007778443137065222,0.0007777617401679574,0.3492601179087411,0.2593332708480689,0.3890733068649969,0.0007776983243188434
doc256,0.0010249286594036613,0.0010249511156754556,0.3679987957533351,0.0010249007371462455,0.6279014855292147,0.0010249382052249286
doc257,0.5051645858384732,0.17700063850358005,0.0008728554008212407,0.024075075597578835,0.29201410082180757,0.000872743837739216
doc258,0.0004937075073923299,0.24523608769570748,0.0004937194781077466,0.0004937017890584773,0.7402063654703657,0.013076418059368159
doc259,0.25396381173843513,0.4127232820504291,0.25033304953020463,0.0011418445544936677,0.08069595547077218,0.0011420566556653248
doc260,0.18069363153612203,0.0010247738345582629,0.44374198575985535,0.11106927386697493,0.26244558966247317,0.0010247453400163186
doc261,0.001035435122146394,0.6642686767882192,0.001035449455801439,0.3315895549609702,0.0010354785872240234,0.001035405085638563
doc262,0.00031296921514035,0.00031297388609092484,0.21271653944563362,0.21388772014916113,0.5724568578122027,0.00031293949177140467
doc263,0.0012109647773853331,0.36482603720967305,0.0012109316837595268,0.2962581726227674,0.33528307156065185,0.0012108221457628912
doc264,0.001377770971219003,0.001377774803927556,0.12895749910410967,0.7219999206916546,0.14490952810493754,0.0013775063241516
doc265,0.000586256811593069,0.0005862960906770796,0.0005862905655114157,0.9970686586954639,0.0005862781277901313,0.0005862197089642963
doc266,0.0016510224085245831,0.001650660286715927,0.0016505922138279239,0.0016503825401997605,0.8888980920529019,0.10449925049782978
doc267,0.16358802889752733,0.0008159100630914325,0.0008160348302941455,0.0008159044645466175,0.8331483552302303,0.0008157665143101703
doc268,0.00037381087291667045,0.22802370836564037,0.20913162835424864,0.0003738051271425043,0.5617233168198378,0.00037373046021386096
doc269,0.000994243343748252,0.00099426627397876,0.000994202682922125,0.0009941537269646695,0.9950289825920133,0.0009941513803728632
doc270,0.0011823881822917485,0.19093676197657625,0.08157313052397804,0.0011824393577004046,0.7239430352358327,0.001182244723620856
doc271,0.0006869726314711326,0.0006869904453075231,0.6908439309540315,0.0006869334209715519,0.26320268509876843,0.0438924874494496
doc272,0.49048489383611077,0.0008158776780325391,0.0008158471183401176,0.0008158082077922491,0.5062517584377634,0.0008158147219610236
doc273,0.0012109647773853331,0.36482603720967305,0.0012109316837595268,0.2962581726227674,0.33528307156065185,0.0012108221457628912
doc274,0.6838878640587455,0.0023483313984441223,0.2398902155988844,0.002347723225534106,0.0023479978413481033,0.06917786787704387
doc275,0.16316897938459116,0.12800559561421604,0.0005829128605586783,0.3996959589100781,0.2967790497724305,0.011767503458125593
doc276,0.03736073557898738,0.4686697063705789,0.32101671344152405,0.0005448494436494718,0.17186324888365623,0.0005447462816038888
doc277,0.14767036736082526,0.30541772591424904,0.25918091982292246,0.0009749719491730288,0.285780903191438,0.0009751117613921351
doc278,0.324275079029458,0.0008363653044663322,0.29412865449050124,0.07018250011945847,0.30974107882200325,0.0008363222341126264
doc279,0.0013231327955477265,0.001323157048157381,0.4642558102301315,0.12401902072369653,0.40775598884572023,0.0013228903567467012
doc280,0.0009747731587703554,0.0009748126010316663,0.0009747818871580782,0.0009748013636477871,0.995126101944136,0.0009747290452560489
doc281,0.0005087227936369614,0.0005087382536518366,0.018219612033693974,0.0005087366006365137,0.9606061633669493,0.019648026951431443
doc282,0.0005140263612743347,0.7505702391131909,0.15698061639551505,0.09090718957630753,0.0005140005385631053,0.0005139280151491015
doc283,0.15430265043910696,0.0002877528099697303,0.8445463223133018,0.00028775341614177194,0.0002877774023872553,0.0002877436190923537
doc284,0.301700321346434,0.6870607094898871,0.002809739408275743,0.0028097795024492837,0.0028099126417535144,0.0028095376112004266
doc285,0.0017071184120574614,0.3657388938106697,0.5022078602600986,0.0017068790407904241,0.1269323827658448,0.0017068657105390492
doc286,0.8191399878596154,0.0009471776177206008,0.17707119875194657,0.0009472280275831678,0.0009472415205251376,0.0009471662226089319
doc287,0.8158981828131953,0.0008882864115988522,0.000888339248171074,0.18054848766566056,0.0008883439748357014,0.0008883598865386073
doc288,0.5588818220626055,0.001976714551644617,0.001976729050442021,0.43321099481184755,0.0019767147803659386,0.00197702474309445
doc289,0.38019067642890864,0.12157866536219471,0.28784678544548115,0.14468877821586226,0.06528450137920577,0.0004105931683474237
doc290,0.00121092834101626,0.001210945316443742,0.001211019443557769,0.0012108740373333998,0.8679977333709473,0.12715849949070154
doc291,0.0021466100878311687,0.0021464206096809303,0.002146547282446321,0.0021463727679298782,0.922517152587595,0.06889689666451673
doc292,0.00150193903111919,0.0015019142953428186,0.0015018490111477396,0.10969087434998258,0.8843014232686133,0.0015020000437945562
doc293,0.24905465460755558,0.04338882335514805,0.5216063756111611,0.06937409797064,0.10426847062527704,0.01230757783021825
doc294,0.0015483566987366864,0.001548324813970537,0.0015482771791918446,0.0015482921084457395,0.992258575480424,0.0015481737192313385
doc295,0.0009941038881749035,0.0009941312722688929,0.0009941082421148553,0.000994116094055722,0.0009941304874263128,0.9950294100159592
doc296,0.0009941038881749035,0.0009941312722688929,0.0009941082421148553,0.000994116094055722,0.0009941304874263128,0.9950294100159592
doc297,0.2170732062624151,0.776213370733053,0.0016786079861838745,0.0016782718930576897,0.0016783060470545671,0.001678237078235786
doc298,0.9970512505407988,0.000589752818628205,0.0005897751516748261,0.0005897071583666189,0.0005898167422005163,0.0005896975883309929
doc299,0.33939068302874265,0.4321325212660096,0.00229412390320176,0.11070270997666394,0.0022941744767522062,0.11318578734862988
doc300,0.219450460566324,0.3947602316669467,0.0028097742600914012,0.002809517623630631,0.3773609869010789,0.0028090289819284403
doc301,0.0006077542542369654,0.06802004376617511,0.3301926311304511,0.0006077364690876305,0.599964231139024,0.0006076032410251918
doc302,0.6596966799608639,0.23709626199716283,0.09690353263531411,0.0021010639926352975,0.0021013024206105583,0.0021011589934132654
doc303,0.17065671163788984,0.002058193642183369,0.38972533774690227,0.002058251299954834,0.3703111284436476,0.0651903772294221
doc304,0.3811766763716925,0.6145026947619883,0.0010802191201035284,0.00108018978745051,0.001080183175622911,0.001080036783142207
