,topics0,topics1,topics2,topics3
doc0,0.9950314248914984,0.0016561400179559045,0.001656275608126533,0.0016561594824192009
doc1,0.4000207733930267,0.59892862746465,0.000525296511470098,0.0005253026308531173
doc2,0.0008040364774961604,0.997587873229068,0.0008040312468650345,0.0008040590465708573
doc3,0.5589852297967002,0.0005669910976621032,0.0005670359049967014,0.4398807432006411
doc4,0.215849732836919,0.04906088951037072,0.0013091007484114317,0.7337802769042988
doc5,0.9131568410995169,0.000738729450541588,0.0007388655812292373,0.08536556386871229
doc6,0.8458520989352711,0.0014208503139605559,0.0014208657182735293,0.15130618503249482
doc7,0.48419819474352205,0.13705728584393345,0.14663598262175412,0.23210853679079035
doc8,0.483511413808844,0.18227053984997402,0.0006395011665408416,0.33357854517464114
doc9,0.0013268184556464529,0.001326402231453131,0.0013266393303852763,0.9960201399825153
doc10,0.19370353913808905,0.0007789364656218396,0.000778911284547707,0.8047386131117414
doc11,0.18676169903159717,0.42598286794245444,0.0005904795554585598,0.3866649534704899
doc12,0.758730494216203,0.11248028197643238,0.000717589805520987,0.12807163400184354
doc13,0.0010165105766491906,0.0010164952845023974,0.9969505216603126,0.0010164724785357716
doc14,0.0010165105766491906,0.0010164952845023974,0.9969505216603126,0.0010164724785357716
doc15,0.36312974866162206,0.573036426510157,0.0011852269855016765,0.06264859784271921
doc16,0.0010063080505017617,0.3338950928068726,0.0010063425952369176,0.6640922565473887
doc17,0.5170644365241084,0.0008173036008108885,0.028297735746647977,0.45382052412843277
doc18,0.29501332449550044,0.5279648242307339,0.0005042081147687446,0.1765176431589969
doc19,0.31198489989951156,0.07494782042323053,0.000967415326529354,0.6120998643507286
doc20,0.005155335745096416,0.005156245358716675,0.005157947990584144,0.9845304709056028
doc21,0.3664435147667196,0.00043796880512054234,0.28551989255905363,0.3475986238691062
doc22,0.6431116444536197,0.0007612295657883075,0.059530242650675275,0.29659688332991674
doc23,0.14641245768276215,0.7776384922350785,0.012510412622758373,0.06343863745940088
doc24,0.1618235625243008,0.203412394231779,0.0005544274146100305,0.63420961582931
doc25,0.619174556359753,0.29735106726076443,0.001742704754057621,0.08173167162542498
doc26,0.24040128713988723,0.1164932858389716,0.02723968919352383,0.6158657378276173
doc27,0.7859206610911793,0.04755405070220512,0.0012439248987448136,0.16528136330787072
doc28,0.7875419073414696,0.0011852832755253175,0.0011850360974746184,0.2100877732855305
doc29,0.12265617877485609,0.1734290214632848,0.0009059278710502376,0.7030088718908089
doc30,0.4645362543886444,0.32557793226967424,0.0007497926522745688,0.2091360206894069
doc31,0.2640187201529109,0.002416352876785583,0.0024159614774431,0.7311489654928605
doc32,0.0023591432879280123,0.002359202194195524,0.002359249173658099,0.9929224053442184
doc33,0.0012922784032215224,0.001292146324534233,0.001292596692015263,0.9961229785802289
doc34,0.4747817801608547,0.505981300743635,0.00961902398071329,0.009617895114796991
doc35,0.0024162935106150523,0.29026592540788054,0.0024160438119851333,0.7049017372695193
doc36,0.003522141247021137,0.30155750184077074,0.0035223043373408145,0.6913980525748673
doc37,0.13175936134434568,0.33687449045080164,0.0020665774614774305,0.5292995707433754
doc38,0.0007913200328609567,0.0007912689813923679,0.2944502090645735,0.7039672019211732
doc39,0.0011065120785046078,0.3091382418984538,0.0011064659646156587,0.688648780058426
doc40,0.9978926713410577,0.0007024647555555114,0.0007024531266324648,0.0007024107767539834
doc41,0.9951127628424624,0.0016292314676415315,0.0016288867940943417,0.0016291188958015845
doc42,0.0008104721902523986,0.0008104439077791326,0.0008104879358000117,0.9975685959661685
doc43,0.2353087998679909,0.7564927343098433,0.004099376486532094,0.004099089335633711
doc44,0.4082566649984179,0.0004285929396299861,0.00042854969176687465,0.5908861923701852
doc45,0.445824303502461,0.0018053732203667777,0.0795100696992313,0.47286025357794087
doc46,0.16318257245662796,0.00040432589468465034,0.00040432292394936703,0.836008778724738
doc47,0.6326031136662653,0.0008307668907871589,0.0008307650873141778,0.36573535435563337
doc48,0.41429664339278766,0.0026049470729342782,0.00260537565397174,0.5804930338803064
doc49,0.9859782295223556,0.004674339667428247,0.004673410095174752,0.004674020715041345
doc50,0.9943804588236017,0.0018731480512306307,0.0018731744053644592,0.0018732187198031518
doc51,0.07777686658433658,0.7324846454144873,0.00043224281003496825,0.18930624519114111
doc52,0.23285782862448806,0.0011065718574236468,0.0011064782791156706,0.7649291212389726
doc53,0.6882260584967479,0.0012757966808756066,0.0012756937255508525,0.3092224510968256
doc54,0.9921848882683005,0.0026050030539845276,0.00260479474545429,0.0026053139322607098
doc55,0.001684004547087106,0.6453635196900871,0.09522578803493528,0.2577266877278906
doc56,0.21853786779670087,0.003402534041170794,0.17046168311582968,0.6075979150462986
doc57,0.0016029502587030801,0.7347312286266489,0.07642880734384211,0.1872370137708059
doc58,0.0013092666136692464,0.0013093636462586072,0.34093688616086043,0.6564444835792116
doc59,0.6949873014162912,0.000615970195426865,0.0006159473194646154,0.30378078106881734
doc60,0.0012924081550974716,0.0012921830390047163,0.0012921691602393545,0.9961232396456584
doc61,0.21773183413401861,0.000697477363599265,0.0006975025911434867,0.7808731859112386
doc62,0.2142946908149253,0.5989080266961383,0.001199247877462378,0.18559803461147414
doc63,0.47616533610770323,0.25451294621278486,0.1511196520092508,0.11820206567026109
doc64,0.000948897060697527,0.0009491583715889552,0.9971530579180506,0.0009488866496628275
doc65,0.000948897060697527,0.0009491583715889552,0.9971530579180506,0.0009488866496628275
doc66,0.0009961365950648825,0.99701150898249,0.0009961517270034414,0.0009962026954416553
doc67,0.2572992175617958,0.3374154988919126,0.0006120639785249934,0.4046732195677667
doc68,0.18513102503339252,0.8099171099932797,0.0024759817660238645,0.002475883207303795
doc69,0.2340508269035509,0.0012760116745088486,0.001275926097216474,0.7633972353247238
doc70,0.7309862225891935,0.002110393568216538,0.002110172904645357,0.26479321093794456
doc71,0.6903514258190666,0.30778593280407035,0.0009312594355270641,0.0009313819413359981
doc72,0.7945754743941864,0.000958119400169253,0.0009582508586184057,0.203508155347026
doc73,0.08160468139834048,0.7455163915378203,0.0017736289486101054,0.1711052981152291
doc74,0.003087043588980132,0.15007658213973477,0.003086549688847527,0.8437498245824375
doc75,0.3127138577801481,0.0012289064894533616,0.001228905805551707,0.6848283299248469
doc76,0.43167692197513313,0.5659245617209826,0.001199268647481308,0.0011992476564030223
doc77,0.0015775889333165464,0.42589701385932943,0.0015776449344976767,0.5709477522728562
doc78,0.7197065208442507,0.21134582082900902,0.0011318563209427059,0.06781580200579765
doc79,0.4069407529180613,0.0011994126675478531,0.16695943706227367,0.4249003973521173
doc80,0.002476060974395704,0.5191046750029307,0.002475950769171126,0.4759433132535023
doc81,0.41685012350443323,0.17136862552052998,0.0010485744348600545,0.41073267654017676
doc82,0.537585569376759,0.0019465045912926168,0.001945890089855592,0.4585220359420928
doc83,0.0012599365039072717,0.23447042080462543,0.0012596245169000544,0.7630100181745672
doc84,0.0028259438863004645,0.991523574579443,0.002825274561103104,0.002825206973153534
doc85,0.49214152873486894,0.0013091815752349063,0.001309043742512715,0.5052402459473835
doc86,0.13244762971395319,0.0014413640232252539,0.0014411050278392505,0.8646699012349823
doc87,0.4848891979661523,0.002359328763955187,0.00235941041922741,0.5103920628506651
doc88,0.8467000674298725,0.004465431150591418,0.004464560265253902,0.14436994115428214
doc89,0.001712550662537657,0.11142605220304665,0.0017124809630214882,0.8851489161713941
doc90,0.0028255092606486436,0.0028253585880673067,0.002825037651770611,0.9915240944995135
doc91,0.8562779923950867,0.0011852207246276195,0.0011849989569367426,0.141351787923349
doc92,0.23242574852176204,0.4137008116519968,0.0022028231283235567,0.35167061669791755
doc93,0.0007913200328609567,0.0007912689813923679,0.2944502090645735,0.7039672019211732
doc94,0.0006354771209668075,0.8138296395003238,0.0006354128977179143,0.18489947048099145
doc95,0.4704937154934086,0.5264473636078781,0.0015294286974890043,0.001529492201224062
doc96,0.671143849597178,0.0012287842460390337,0.0012285734083217477,0.32639879274846123
doc97,0.0007976937398092991,0.9114487743229853,0.0007976867101646389,0.08695584522704078
doc98,0.40826824721755617,0.5900132315443554,0.0008591938149524203,0.0008593274231361843
doc99,0.18441938372229724,0.001362689002086454,0.337951837300527,0.4762660899750893
doc100,0.9147879427084886,0.08359091229567672,0.0008104673359315299,0.0008106776599031983
doc101,0.6969705529001793,0.0020248866265977186,0.002024916914356045,0.2989796435588669
doc102,0.0007387299590817501,0.0007387868793850433,0.000738711007672051,0.9977837721538613
doc103,0.6996548166539241,0.0021557696005947637,0.2960335225019794,0.0021558912435016785
doc104,0.7293361629755342,0.0016029149399614583,0.2674577899223156,0.001603132162188858
doc105,0.1993254974560245,0.16615427331104785,0.17526632890174906,0.4592539003311787
doc106,0.7631730498275617,0.0017427357938057842,0.23334153453845585,0.0017426798401766303
doc107,0.7309862225891935,0.002110393568216538,0.002110172904645357,0.26479321093794456
doc108,0.6135540862382219,0.3852065929479726,0.0006196344040757293,0.000619686409729787
doc109,0.307630391704376,0.11363677089629826,0.2559545679209888,0.32277826947833693
doc110,0.0016292040330525227,0.7457050912810376,0.0016288963057501475,0.25103680838015985
doc111,0.37614058879040213,0.19477416044724383,0.13530220807686824,0.2937830426854858
doc112,0.23771248348800283,0.48215515943204407,0.15154213882631395,0.12859021825363903
doc113,0.17037416203105593,0.0019092258625375193,0.1495884584800087,0.6781281536263978
doc114,0.8655038927805204,0.0016558312282260723,0.0016558812437803098,0.13118439474747318
doc115,0.644130315142822,0.001984806555758259,0.001984762686147923,0.35190011561527174
doc116,0.5094885856940997,0.0006607133572765709,0.0006605864035182146,0.48919011454510547
doc117,0.37770475502542106,0.5094634539256251,0.001441261299445982,0.1113905297495079
doc118,0.8562983959950341,0.0012138551792442603,0.0012139080400768501,0.14127384078564492
doc119,0.5844279741462007,0.4141769375807444,0.0006974859327738389,0.0006976023402811694
doc120,0.42586744074548305,0.001048458947678513,0.0010483699801076406,0.5720357303267307
doc121,0.24266141081645998,0.32959456007576593,0.006098245545521785,0.4216457835622523
doc122,0.10269240149364726,0.11191580137443687,0.0004941703503380585,0.7848976267815778
doc123,0.5203922030641392,0.0030873595387662946,0.003087637132209831,0.4734328002648846
doc124,0.002674483746683552,0.0026745238863032585,0.0026747592561491094,0.991976233110864
doc125,0.0009961934476544474,0.000996074426177472,0.9970114746213713,0.0009962575047967276
doc126,0.0009961934476544474,0.000996074426177472,0.9970114746213713,0.0009962575047967276
doc127,0.4682687833177242,0.262465850932223,0.001873083218447122,0.26739228253160563
doc128,0.7380743867372688,0.001946383075330428,0.0019457329198240584,0.2580334972675768
doc129,0.9978625522747574,0.0007125089946642905,0.0007124016056313791,0.0007125371249468574
doc130,0.009625141931887638,0.9711378404624295,0.009617984709624931,0.009619032896057814
doc131,0.6211179442957583,0.13830462124355997,0.052128259834235566,0.18844917462644611
doc132,0.0005939156456539331,0.9982182344748934,0.0005938956758620037,0.000593954203590463
doc133,0.21353649132706698,0.0014008404711295336,0.2850234258259789,0.5000392423758244
doc134,0.0013816531017057099,0.37942607827942165,0.0013813889840431587,0.6178108796348294
doc135,0.20412868531629,0.13608429795729657,0.0004437508792457162,0.6593432658471677
doc136,0.9059190171704375,0.0914627293150741,0.0013090418909824655,0.0013092116235057846
doc137,0.36926408192459814,0.41340430965458197,0.0004143256524183675,0.21691728276840166
doc138,0.0005702694403298881,0.0005703159171311016,0.0005702476606481026,0.998289166981891
doc139,0.6133898166920098,0.18168191507881493,0.0026053086181697404,0.2023229596110056
doc140,0.6848739039704331,0.0014208675943590252,0.001420795362033409,0.3122844330731745
doc141,0.06376975027142655,0.2399211955337632,0.0005801545497445915,0.6957288996450657
doc142,0.5739353263429307,0.10732986547179206,0.0009228239885599819,0.3178119841967174
doc143,0.666019053952116,0.0008977929552427493,0.24911594913405485,0.08396720395858631
doc144,0.7728979303967066,0.0014623224069500902,0.0014622570790803415,0.22417749011726307
doc145,0.0014623698732001184,0.16907218912417,0.0014623059867049388,0.8280031350159249
doc146,0.5381075967229946,0.0012922687906093812,0.0012921899245053217,0.45930794456189067
doc147,0.10012413597573488,0.0021100283366079046,0.15072868322614627,0.7470371524615109
doc148,0.0012922658353145735,0.0012921123866138173,0.0012922092515956134,0.996123412526476
doc149,0.0015531619139100344,0.7237180036113814,0.0015529864896044025,0.2731758479851043
doc150,0.0011443845036792862,0.07793993391326033,0.06201983457756452,0.8588958470054959
doc151,0.0013264304354294206,0.001326418864079913,0.0013263959562530596,0.9960207547442376
doc152,0.8787958154722737,0.04396736430123518,0.0006607842308703206,0.0765760359956209
doc153,0.003087043588980132,0.15007658213973477,0.003086549688847527,0.8437498245824375
doc154,0.8562779923950867,0.0011852207246276195,0.0011849989569367426,0.141351787923349
doc155,0.5095993684748782,0.0005483946169825886,0.0005483090686340713,0.48930392783950505
doc156,0.0007913200328609567,0.0007912689813923679,0.2944502090645735,0.7039672019211732
doc157,0.308260005379883,0.6897273264268915,0.0010063249624279386,0.0010063432307975215
doc158,0.1659506983625072,0.8007659299326267,0.001059538557079974,0.03222383314778623
doc159,0.622917449829839,0.10595360503027033,0.0010164877576889122,0.27011245738220185
doc160,0.7631730498275617,0.0017427357938057842,0.23334153453845585,0.0017426798401766303
doc161,0.43167692197513313,0.5659245617209826,0.001199268647481308,0.0011992476564030223
doc162,0.8531983121422987,0.1446367628106156,0.001082397114805417,0.001082527932280364
doc163,0.5496239587914775,0.4474937306658461,0.0014410942941659234,0.0014412162485105654
doc164,0.28450310560986086,0.0007670928800850043,0.000767170647413754,0.7139626308626403
doc165,0.9973770117184471,0.000874329433514633,0.0008742655104031357,0.0008743933376351352
doc166,0.3750150889488407,0.0016558901706009309,0.0016560247157907655,0.6216729961647676
doc167,0.2757808721838069,0.16025261489811923,0.4675162008871677,0.09645031203090607
doc168,0.9124901675893945,0.08559367093370689,0.0009580970712732896,0.0009580644056253464
doc169,0.0021103078339183715,0.002110415506134455,0.19283995676010418,0.8029393198998429
doc170,0.7312359904055606,0.21408701615451056,0.00044567523970620755,0.054231318200222575
doc171,0.004465860404797741,0.004465706044208731,0.004466474842176549,0.986601958708817
doc172,0.0016558345750952545,0.9015784360984965,0.0016561314213389545,0.09510959790506929
doc173,0.41502200536224937,0.2534132467875185,0.055163413268657084,0.2764013345815751
doc174,0.303505352493399,0.0995904352721671,0.0648853784159919,0.5320188338184421
doc175,0.6933450872437642,0.14461912848478306,0.0012139199477368642,0.1608218643237158
doc176,0.3616147566713458,0.11523342951732511,0.00030002336756822196,0.5228517904437608
doc177,0.0011064619923251415,0.0011062748197890198,0.0011064160946515857,0.9966808470932343
doc178,0.11170520375850164,0.21549324905811876,0.07754429284582458,0.595257254337555
doc179,0.14994739749332475,0.0014411071816464944,0.0014413876497661449,0.8471701076752626
doc180,0.0005835595082228592,0.998249384082059,0.0005835037034369532,0.000583552706281107
doc181,0.6911788658919293,0.3059382773289342,0.001441587272669565,0.0014412695064668305
doc182,0.0028257836038537735,0.23981922617912027,0.002825361412673322,0.7545296288043527
doc183,0.0009672262626290952,0.0009672314955762038,0.9970982607570501,0.0009672814847446763
doc184,0.0009672262626290952,0.0009672314955762038,0.9970982607570501,0.0009672814847446763
doc185,0.9970696379137421,0.000976883054612705,0.0009767355139263026,0.0009767435177189187
doc186,0.4454196856575756,0.0030871522161088766,0.5484056297175166,0.003087532408799025
doc187,0.20616628718896376,0.736762160245854,0.0012287459951565056,0.05584280657002564
doc188,0.4000207733930267,0.59892862746465,0.000525296511470098,0.0005253026308531173
doc189,0.9124901675893945,0.08559367093370689,0.0009580970712732896,0.0009580644056253464
doc190,0.32840054347992825,0.0022030032936571973,0.002203343819634957,0.6671931094067797
doc191,0.41802731032456986,0.3752970383657213,0.12833791246493645,0.07833773884477248
doc192,0.7574043864002058,0.2375176943721253,0.0025392581693245214,0.002538661058344344
doc193,0.2799521126413267,0.6227129569709889,0.09580541153011099,0.001529518857573492
doc194,0.0024158550797489797,0.6001627630363202,0.0024162430129916115,0.39500513887093924
doc195,0.6933450872437642,0.14461912848478306,0.0012139199477368642,0.1608218643237158
doc196,0.2928074461202944,0.0010063718736632345,0.0010061979816920576,0.7051799840243502
doc197,0.7637518337408061,0.11109925266200207,0.12320267755878142,0.0019462360384104407
doc198,0.19159629344431972,0.15297125731521255,0.08471557397962068,0.570716875260847
doc199,0.18986048058361915,0.46460063618432534,0.0009141918189117856,0.3446246914131436
doc200,0.5031549748475715,0.23400284010999164,0.0007790421344491223,0.26206314290798766
doc201,0.28164479013988775,0.1658817156702191,0.001070879558378612,0.5514026146315145
doc202,0.5419484073601487,0.27338418632995864,0.0004092636673691513,0.18425814264252344
doc203,0.00097679988695939,0.3902805235186726,0.0009767092367877056,0.6077659673575803
doc204,0.0017427305310097983,0.2477713187985017,0.0017424036366878452,0.7487435470338007
doc205,0.0013265423119797318,0.0013268463150459503,0.0013264253948881565,0.9960201859780862
doc206,0.001400947663414037,0.336012079041299,0.0014007547042431106,0.6611862185910439
doc207,0.16457588413796967,0.2361018761111091,0.001628845183528818,0.5976933945673925
doc208,0.013517093466671246,0.013514045933951507,0.4216710732358646,0.5512977873635126
doc209,0.744809161114305,0.00220319121029795,0.0022033762062725957,0.25078427146912463
doc210,0.18337789452530376,0.37199094016760187,0.0021105257266455513,0.44252063958044885
doc211,0.03253207655420293,0.7881666061943089,0.0006235232634022236,0.17867779398808578
doc212,0.4739053777543615,0.0013627991315792792,0.41691024716870073,0.10782157594535846
doc213,0.0015063963651018816,0.8435256097782475,0.0015063747638943221,0.15346161909275627
doc214,0.7464517033069454,0.0019461709213034726,0.13506796507156776,0.11653416070018334
doc215,0.5766200869529272,0.04554366141582872,0.001309121492543131,0.3765271301387009
doc216,0.3503493590090882,0.45676113326898105,0.06461132562403976,0.12827818209789102
doc217,0.002304884983173427,0.0023048886713172632,0.0023048585476711037,0.9930853677978383
doc218,0.49061761906403145,0.16538538847110096,0.0007976467777368743,0.34319934568713073
doc219,0.3610685628851712,0.5922612791131165,0.04578019532989792,0.0008899626718142291
doc220,0.0016561093542001276,0.5854323259169923,0.0016560304606829917,0.4112555342681245
doc221,0.16457517978658007,0.21057375354772032,0.3787690284520689,0.24608203821363073
doc222,0.11062905219491165,0.4083171297186395,0.002203205247960714,0.47885061283848823
doc223,0.5393342150499737,0.0010166088513376072,0.0010163719016440405,0.45863280419704455
doc224,0.5376102358433009,0.37259670243181825,0.012018373950648432,0.07777468777423233
doc225,0.0778052537402786,0.034997630742274057,0.00030178190544627654,0.886895333612001
doc226,0.3917272504634329,0.0012288413312153074,0.02582042421677347,0.5812234839885784
doc227,0.003938078372501291,0.5188605688047759,0.003938196128346169,0.4732631566943766
doc228,0.0007387299590817501,0.0007387868793850433,0.000738711007672051,0.9977837721538613
doc229,0.34470150203085514,0.0017426838246941616,0.0017426846791164783,0.6518131294653342
doc230,0.21075861884460462,0.0008376894728377322,0.18184507984454232,0.6065586118380153
doc231,0.4841779620060153,0.0823955767262252,0.0010166373559097998,0.4324098239118497
doc232,0.5362965470101,0.0003947404706512324,0.031190348221244148,0.4321183642980046
doc233,0.0011064619923251415,0.0011062748197890198,0.0011064160946515857,0.9966808470932343
doc234,0.0009672262626290952,0.0009672314955762038,0.9970982607570501,0.0009672814847446763
doc235,0.5324779056436572,0.2847684497837756,0.0004477007809919435,0.1823059437915754
doc236,0.0009672262626290952,0.0009672314955762038,0.9970982607570501,0.0009672814847446763
doc237,0.0005118971794942334,0.17957596385983418,0.0005118720585068157,0.8194002669021647
doc238,0.8389594599708364,0.00036058086030149426,0.0003605375488910652,0.16031942161997093
doc239,0.000619788872142106,0.0006197288331576768,0.0006196386053402956,0.9981408436893598
doc240,0.0006395880811453223,0.0006395148811692359,0.0006395124999853234,0.9980813845377001
doc241,0.2268481753506653,0.08818898599804494,0.0011063550181076767,0.683856483633182
doc242,0.0016290902365409111,0.39638540064012556,0.0016290942220714018,0.6003564149012621
doc243,0.0009489703272767913,0.0009491691103277273,0.0009489240729476592,0.9971529364894478
doc244,0.46683724708610497,0.2671118742957701,0.0039382384550345866,0.2621126401630905
doc245,0.037259326264429585,0.4590327703893521,0.00045793137930630654,0.503249971966912
doc246,0.10278468628693396,0.892994811642101,0.0021102285970033365,0.0021102734739617147
doc247,0.24703773431843984,0.3404326644179946,0.0016287736988865199,0.41090082756467905
doc248,0.034571444020531396,0.11684729039684068,0.0008979495726119483,0.8476833160100159
doc249,0.25934533904989354,0.000866787278615501,0.17868135475357516,0.5611065189179157
doc250,0.21015605744888638,0.0004457146870706863,0.017300861330296066,0.7720973665337469
doc251,0.00028628317365930967,0.00028631256544777133,0.0295420819766695,0.9698853222842234
doc252,0.987175600807089,0.004275365981037936,0.0042739799166799965,0.004275053295193005
doc253,0.8027099562691526,0.09482531594334691,0.0008897829836566291,0.1015749448038437
doc254,0.0007729839523675997,0.9976810758514819,0.0007729034199092405,0.0007730367762414043
doc255,0.0010062812415127316,0.0010062763783149288,0.0010063773999437022,0.9969810649802286
doc256,0.3061632741452891,0.0011313931650762314,0.14052429092388835,0.5521810417657464
doc257,0.20418728139900205,0.7950729511943212,0.0003698678081071237,0.00036989959856957084
doc258,0.0007977523104854821,0.0007975794521486136,0.000797597579429238,0.9976070706579366
doc259,0.002538643085455414,0.33967354226451557,0.002538908940334585,0.6552489057096945
doc260,0.0008447366296286469,0.000844728297283841,0.0008448378655203454,0.9974656972075672
doc261,0.013517093466671246,0.013514045933951507,0.4216710732358646,0.5512977873635126
doc262,0.0013265423119797318,0.0013268463150459503,0.0013264253948881565,0.9960201859780862
doc263,0.010639770327197118,0.010639684602715761,0.4088899224115261,0.569830622658561
doc264,0.17988895897085141,0.7867271934866686,0.03185428924768631,0.0015295582947935284
doc265,0.3326067378731979,0.03742183128274012,0.2724780250014418,0.3574934058426201
doc266,0.001984745661531912,0.001984903131633259,0.11288399665583304,0.8831463545510019
doc267,0.11908102576001714,0.8423208161449506,0.0006437191642927968,0.03795443893073945
doc268,0.00021174092399786694,0.13928202714828097,0.00021173611334182594,0.8602944958143792
doc269,0.001441346133967776,0.595215278209567,0.001441251321276713,0.4019021243351885
doc270,0.4249299579379602,0.4670689341149856,0.10612775057934556,0.0018733573677085006
doc271,0.5800597610580861,0.41735556690999354,0.001292391974192419,0.0012922800577278041
doc272,0.034571444020531396,0.11684729039684068,0.0008979495726119483,0.8476833160100159
doc273,0.002304884983173427,0.0023048886713172632,0.0023048585476711037,0.9930853677978383
doc274,0.3694405695829255,0.0010375817764138706,0.06644071735602901,0.5630811312846317
doc275,0.20328039170254147,0.0009227459580249699,0.2234003247266809,0.5723965376127527
doc276,0.9974440416315238,0.000851961226715841,0.0008520949866982881,0.0008519021550620995
doc277,0.9984951531468659,0.0005016514210851654,0.0005015602893707244,0.0005016351426784253
doc278,0.4847187638860372,0.0005544019485392185,0.000554396630815787,0.5141724375346077
doc279,0.2009967866810786,0.7868061373738329,0.006098126923704864,0.006098949021383773
doc280,0.14257697897856708,0.15146206092823744,0.0011314186785217999,0.7048295414146737
doc281,0.9987620447946135,0.00041265498449113123,0.0004126276163914821,0.00041267260450387306
doc282,0.90624568340478,0.001244150560733305,0.09126592489601164,0.0012442411384750106
doc283,0.7227953411142186,0.0005802163096645673,0.0005802452362620141,0.2760441973398548
doc284,0.0019461304834382201,0.08021936324810856,0.0019461297566639682,0.9158883765117893
doc285,0.0011446221979424427,0.001144606209876564,0.0011445433384864468,0.9965662282536946
doc286,0.5041520147963875,0.4787548763640416,0.01653863911492936,0.0005544697246416013
doc287,0.0017735407430474518,0.28829908664955506,0.0017735564321125666,0.708153816175285
doc288,0.691466819457241,0.26507143948659545,0.0013813458435726123,0.042080395212591035
doc289,0.0012140646303592352,0.0012139546416384682,0.0012138228362561976,0.9963581578917461
doc290,0.0012138494635332007,0.0012138271874693421,0.0012138937428795278,0.9963584296061179
doc291,0.21133465449009312,0.2491496758214169,0.04131022058992259,0.4982054490985673
doc292,0.0037888600681330376,0.22449191163503351,0.0037890653346785695,0.7679301629621549
doc293,0.0010061681909444003,0.0010061643396285101,0.9969814698581058,0.0010061976113212533
doc294,0.0010061681909444003,0.0010061643396285101,0.9969814698581058,0.0010061976113212533
doc295,0.9953405513654359,0.0015530464664369875,0.0015530983958038315,0.0015533037723233212
doc296,0.7214312957314494,0.2764038209912761,0.0010824469663206194,0.001082436310953903
doc297,0.0005974483926471225,0.9982075959151443,0.0005974591553600344,0.0005974965368485538
doc298,0.9963135845648852,0.0012288914318768253,0.0012286669492523165,0.0012288570539856134
doc299,0.001144580802831109,0.6475847563258721,0.0011442815190833397,0.35012638135221336
doc300,0.9982793755886025,0.0005735197682458662,0.0005736076720983582,0.0005734969710533095
doc301,0.7777945233011133,0.0011444687391070677,0.0011444509364689933,0.21991655702331062
doc302,0.0021556757356598804,0.5747237707260885,0.0021559316801006458,0.42096462185815103
doc303,0.704739676322419,0.29075489941953425,0.0022525182177630665,0.0022529060402836235
doc304,0.3715902468582269,0.6256843013881933,0.001362566503607401,0.0013628852499722034
doc305,0.5215965914604351,0.28462296781572216,0.001362914667761295,0.1924175260560814
doc306,0.37161360798083487,0.23658990916158779,0.002674055594215177,0.3891224272633621
doc307,0.000712470569752132,0.11376579428235851,0.13021153920383208,0.7553101959440573
doc308,0.4600322546457703,0.1403443484081109,0.0018388241548002481,0.39778457279131846
doc309,0.15141507000960525,0.0011711738362966775,0.0011712717004142502,0.8462424844536838
doc310,0.65431583991071,0.3438558641585314,0.0009141274123246078,0.0009141685184339806
doc311,0.10659770869399343,0.15715334131260747,0.0019085595706985327,0.7343403904227006
doc312,0.12683916549829852,0.0016292169655676826,0.0016289674804470826,0.8699026500556867
doc313,0.3383151886174146,0.0011065817653904712,0.001106355591096763,0.6594718740260982
doc314,0.002066614224834376,0.4218840141710806,0.027852801101982797,0.5481965705021022
doc315,0.005156168718149829,0.27316095328720574,0.005155571591119995,0.7165273064035244
doc316,0.0014208890163500117,0.23007372767390943,0.03859089349889232,0.7299144898108483
doc317,0.6093621758184449,0.2691983383631732,0.11896362133478924,0.0024758644835926945
doc318,0.0029074823860653133,0.002907253522529597,0.0029084248239707143,0.9912768392674343
doc319,0.9950314134059134,0.001655980998039461,0.0016564385785735967,0.0016561670174735298
doc320,0.9982793755886025,0.0005735197682458662,0.0005736076720983582,0.0005734969710533095
doc321,0.750227173407333,0.24850189406427134,0.000635426715679127,0.0006355058127164587
doc322,0.0016290572016172055,0.23681861275983004,0.0016289487559086196,0.7599233812826443
doc323,0.20803042761579182,0.35848514567541007,0.20066929360341557,0.23281513310538263
doc324,0.06984628457657524,0.0010824547846460693,0.0010824032973582142,0.9279888573414204
doc325,0.36973779462452494,0.25054010327904574,0.0008520350636368744,0.37887006703279236
doc326,0.0018057319312605228,0.26099002113335235,0.0018052681960569888,0.7353989787393301
doc327,0.8749652065719248,0.0013264399859203183,0.0013264756243248424,0.12238187781783
doc328,0.22795304033282407,0.0014207662022161446,0.024597902423228866,0.7460282910417309
doc329,0.23249201190730848,0.45044592189855953,0.0008306992037191386,0.31623136699041277
doc330,0.36148732948721557,0.5357894950429225,0.0006478826793691633,0.1020752927904926
doc331,0.8886202019084156,0.10876109934423737,0.0013092521794192842,0.0013094465679277928
doc332,0.996643510800876,0.0011189291190103832,0.0011187859330831658,0.0011187741470303223
doc333,0.9984799117529222,0.0005067275902032097,0.0005066621589188997,0.0005066984979556772
doc334,0.8133796358516738,0.0010062489244395169,0.18460775181125863,0.0010063634126278836
doc335,0.6671441369259434,0.16257654085701684,0.001441571310391975,0.16883775090664768
doc336,0.525837325200231,0.3014617175353309,0.0003979030256086935,0.17230305423882938
doc337,0.002475941602214149,0.3995637885336771,0.0024763160794993378,0.5954839537846094
doc338,0.0028253364683227277,0.8887370723083818,0.0028251200802162073,0.10561247114307917
doc339,0.0015063762926625737,0.3813537209179321,0.001506199339381366,0.6156337034500239
doc340,0.8123544135966829,0.0028254584178218117,0.0028261903210886085,0.18199393766440666
doc341,0.9964015477980951,0.0011993628707044374,0.001199741730964361,0.0011993476002361435
doc342,0.9894325566027028,0.0035223563516780356,0.0035230148811670474,0.003522072164452029
doc343,0.29141008085198605,0.001506350941721072,0.07920268797733192,0.6278808802289609
doc344,0.6706187658087873,0.0004822692303983808,0.00048228855050130653,0.3284166764103131
doc345,0.0012923133564784184,0.001292253132503303,0.0012923926765775872,0.9961230408344407
doc346,0.020911551972624835,0.6760122896027428,0.0005483589083763922,0.3025277995162558
doc347,0.3332984478594365,0.0018738322362341759,0.0018730363773556832,0.6629546835269737
doc348,0.030940808148368564,0.3600181709201792,0.0004621644850977181,0.6085788564463546
doc349,0.0010708439087817134,0.001070893903986753,0.9967874705761159,0.0010707916111156758
doc350,0.0010708439087817134,0.001070893903986753,0.9967874705761159,0.0010707916111156758
doc351,0.15833468879975027,0.001838775390784973,0.0018388657218907265,0.837987670087574
doc352,0.9956759695360747,0.0014412713114321306,0.0014414165429719342,0.001441342609521133
doc353,0.8617678494134733,0.13635208169072466,0.0009399670200359427,0.0009401018757661689
doc354,0.037586252433273674,0.7613128574762849,0.0013444681978395218,0.19975642189260193
doc355,0.9139453663449105,0.0007443020002720074,0.000744243931863799,0.08456608772295358
doc356,0.9974220784766198,0.0008592819891736867,0.0008594182036915903,0.000859221330514825
doc357,0.48414559971350213,0.438372564940491,0.000914171236470942,0.07656766410953597
doc358,0.1346041892762233,0.6133260097815328,0.0008667335545606624,0.2512030673876831
doc359,0.09422377649072831,0.39323405987909715,0.002358778976905071,0.5101833846532694
doc360,0.004674243735267995,0.9859789222407365,0.004673261789774381,0.004673572234221291
doc361,0.004673912391297694,0.2703363097244497,0.004674315040740332,0.7203154628435123
doc362,0.3040430534793069,0.5452292278829173,0.003650031000736759,0.14707768763703916
doc363,0.3818969593744981,0.2545806796610857,0.0013092956306754412,0.3622130653337408
doc364,0.7112630599773139,0.09109189861847208,0.0014622493673127196,0.1961827920369012
doc365,0.5172182657686222,0.0013267149998573272,0.08395391506998837,0.39750110416153217
doc366,0.9970405302087563,0.0009863876193274116,0.0009864253521669143,0.0009866568197494199
doc367,0.12204757610023545,0.5218853607607408,0.0012439648002575258,0.3548230983387662
doc368,0.7555219701609986,0.1364084829526929,0.10658551659382148,0.0014840302924870648
doc369,0.0016559924409312468,0.0016564539457192262,0.0016560491754624472,0.9950315044378871
doc370,0.20469208867154298,0.002024570928562148,0.0020250965348487973,0.7912582438650461
doc371,0.8676639210741217,0.0013815032564065207,0.001381501495145037,0.12957307417432673
doc372,0.131427125031178,0.0029076221204824815,0.0029075940435261743,0.8627576588048133
doc373,0.0017126547794195104,0.8567382299904145,0.001712467012252692,0.1398366482179131
doc374,0.006494540235990381,0.006494172337095319,0.006494095441128781,0.9805171919857856
doc375,0.002024849415191724,0.002024940982152321,0.09262681711287767,0.9033233924897782
doc376,0.40161420044252577,0.0020667147389971025,0.0020665460697200807,0.594252538748757
doc377,0.0024761797738858155,0.20908389932417204,0.0024761226269301574,0.785963798275012
doc378,0.9950314134059134,0.001655980998039461,0.0016564385785735967,0.0016561670174735298
doc379,0.14153355881521265,0.7616516498694842,0.0018055823798501576,0.09500920893545305
doc380,0.9982793755886025,0.0005735197682458662,0.0005736076720983582,0.0005734969710533095
doc381,0.9817038959371367,0.006099487308873899,0.006097833815988989,0.006098782938000394
doc382,0.32751672032292095,0.0016029964934038755,0.29940284863881667,0.3714774345448585
doc383,0.6768950583979273,0.3200456804432495,0.0015296590812006903,0.0015296020776224867
doc384,0.750227173407333,0.24850189406427134,0.000635426715679127,0.0006355058127164587
doc385,0.31249146083739054,0.004099743772342308,0.0040987749053805625,0.6793100204848866
doc386,0.24766835781573202,0.6447144826251373,0.0011317117064355469,0.10648544785269516
doc387,0.00152933471835531,0.9954121037737604,0.0015292902687639525,0.001529271239120399
doc388,0.8315231287659318,0.0020668289212860216,0.0020663037815093536,0.16434373853127296
doc389,0.32751672032292095,0.0016029964934038755,0.29940284863881667,0.3714774345448585
doc390,0.8533478120109506,0.10156197550594284,0.0444817870697487,0.0006084254133580239
doc391,0.9953405513654359,0.0015530464664369875,0.0015530983958038315,0.0015533037723233212
doc392,0.21668576372588413,0.6070046078567616,0.0004109275995388484,0.17589870081781545
doc393,0.0022035773888939964,0.0022035163052471734,0.2269464883519198,0.7686464179539391
doc394,0.9972316716705405,0.0009227125915219019,0.0009227967987962239,0.0009228189391413598
doc395,0.38276921338593384,0.3555410444236026,0.0008447950874764049,0.26084494710298717
doc396,0.8039366854408792,0.029440249114745833,0.02390198961159564,0.14272107583277946
doc397,0.4073461751032483,0.19108666782674186,0.002359155974724053,0.3992080010952858
doc398,0.000506786694786437,0.9984797319367877,0.0005067147203973567,0.0005067666480284865
doc399,0.5092542737001305,0.0014007650415473769,0.0014009994990397713,0.4879439617592824
doc400,0.00446551809112385,0.9866042257699734,0.004465168929321336,0.00446508720958138
doc401,0.682298366870731,0.3126245355123795,0.0025383180647532942,0.0025387795521363715
doc402,0.9983986238829892,0.0005337629912643816,0.000533797391491096,0.0005338157342553575
doc403,0.35126755113975966,0.0864566372481117,0.1397595009702601,0.42251631064186845
doc404,0.0023049458383859016,0.5060785443189257,0.0023046168372672566,0.48931189300542116
doc405,0.5138120730582557,0.0016030431045215643,0.22792086188762062,0.25666402194960214
doc406,0.07299575225715271,0.38767244756928215,0.008324986263817806,0.5310068139097472
doc407,0.31820485346539196,0.18723006975135262,0.0028253326640584222,0.491739744119197
doc408,0.0011186963862827638,0.0011186627210268913,0.9966438735592382,0.0011187673334520532
doc409,0.0011186963862827638,0.0011186627210268913,0.9966438735592382,0.0011187673334520532
doc410,0.9168658905758407,0.0013628911011378253,0.0804085142796369,0.0013627040433844616
doc411,0.3541975368771405,0.23253945275735233,0.0017428429044507462,0.41152016746105635
doc412,0.7194053070433059,0.13700829034810563,0.0005199148693015577,0.143066487739287
doc413,0.9951126382959878,0.0016289495204934038,0.0016289915405938078,0.0016294206429249367
doc414,0.0017734933686335828,0.1058494374413344,0.03125240701857453,0.8611246621714574
doc415,0.9585161141749697,0.001059584473701001,0.0010595447075131732,0.039364756643816175
doc416,0.923071250459366,0.0005454120503585545,0.0005453698295010872,0.0758379676607743
doc417,0.7247532670027597,0.0014009502009442554,0.27244483856222085,0.0014009442340752517
doc418,0.989047257409915,0.0036513665920937834,0.003650315345029534,0.003651060652961743
doc419,0.21528667743816385,0.0017736534711745142,0.0017736695818342425,0.7811659995088274
doc420,0.994379966608462,0.0018735183217956477,0.0018731866984676765,0.0018733283712746502
doc421,0.16388443225416896,0.44745845299152676,0.040786112436053845,0.3478710023182505
doc422,0.0037891698749815917,0.29064472804326597,0.0037891602037442296,0.7017769418780081
doc423,0.4845088557430992,0.3270084550894709,0.0012924297923956071,0.18719025937503436
doc424,0.20576893341535488,0.30994853682849527,0.05546128523750665,0.4288212445186433
doc425,0.001742498047505165,0.1818285195541331,0.0017427852886433373,0.8146861971097185
doc426,0.0012598520968893705,0.133957498779583,0.0012596714067697817,0.8635229777167579
doc427,0.3178160399268412,0.2139411204917259,0.0016558397114836072,0.4665869998699494
doc428,0.6863713834335556,0.31093976258247447,0.0013444127989392846,0.001344441185030652
doc429,0.32952745084890944,0.12531585967198405,0.0012439185923670698,0.5439127708867395
doc430,0.9964443374773543,0.0011852168097844827,0.001185239380685184,0.0011852063321760261
doc431,0.5681657139800695,0.001946239655985153,0.13303974794431303,0.29684829841963234
doc432,0.1930829436168963,0.4259601700145458,0.00029731327721641687,0.38065957309134146
doc433,0.07156720235764896,0.3685560519999733,0.11309887694070044,0.44677786870167735
doc434,0.0035224735332636636,0.0035222621212150167,0.003521668236750515,0.9894335961087708
doc435,0.09422377649072831,0.39323405987909715,0.002358778976905071,0.5101833846532694
doc436,0.001185131406113948,0.05913335733740273,0.0011850564165176176,0.9384964548399657
doc437,0.9950314134059134,0.001655980998039461,0.0016564385785735967,0.0016561670174735298
doc438,0.9982793755886025,0.0005735197682458662,0.0005736076720983582,0.0005734969710533095
doc439,0.3796450132743198,0.38826499898931965,0.001381559790068549,0.230708427946292
doc440,0.604319892432042,0.0006084131923501634,0.0006083580506829209,0.3944633363249249
doc441,0.00152933471835531,0.9954121037737604,0.0015292902687639525,0.001529271239120399
doc442,0.0015063762926625737,0.3813537209179321,0.001506199339381366,0.6156337034500239
doc443,0.9974655335941959,0.0008448481119528789,0.0008447104973198537,0.0008449077965314248
doc444,0.020911551972624835,0.6760122896027428,0.0005483589083763922,0.3025277995162558
doc445,0.3473197392465365,0.6292770506745313,0.023052705924703452,0.0003505041542287458
doc446,0.9954802800074437,0.0015063368951729373,0.0015067879954260275,0.001506595101957309
doc447,0.14410351773600225,0.0005454110985433701,0.0005454098671117704,0.8548056612983427
doc448,0.49496630662096974,0.0014009900530613732,0.0014009925221649762,0.5022317108038039
