,topics0,topics1,topics2,topics3,topics4,topics5,topics6,topics7,topics8,topics9,topics10,topics11
doc0,0.0017485643679865364,0.0017484281517397178,0.0017485708434273942,0.9807645575835797,0.001748597231381926,0.0017488647661544822,0.0017491288226582618,0.001748644388482553,0.0017489355353167886,0.0017488062571421894,0.0017485254956870467,0.001748376556443284
doc1,0.0007186015952176035,0.07951236837918794,0.0007185365838483928,0.0007185380096201225,0.0007185548464054022,0.0007185177470982397,0.00071856657895291,0.2625224960567582,0.0007186517097758373,0.0007185889283798421,0.0007185604918157207,0.6514980190729399
doc2,0.037864408071117725,0.00037861747005549836,0.0003786436945873519,0.38298673773341074,0.1636088150239798,0.0003786282614208344,0.07977337854134688,0.0003786190408051679,0.07066139822860983,0.26283355657035806,0.0003785965736917249,0.00037860079061638485
doc3,0.00032243709333234404,0.3972457334244164,0.0003224393004699348,0.30093465250685697,0.051848653030063495,0.09699400220897686,0.025145550244871806,0.1258967024995709,0.0003224668354131687,0.0003224678312622945,0.00032244447323403715,0.00032245055153186315
doc4,0.0007343388754031811,0.0007343869871302333,0.0007344073648367721,0.0007344355764846083,0.6700635134247064,0.0007343745312717595,0.14925547779973203,0.0007343459730966154,0.14756469196726124,0.0007344311559466256,0.027241227544464834,0.0007343687996656583
doc5,0.0006659367778690944,0.0006660103025359466,0.0006658883398197092,0.0006659814108924863,0.1519888242268207,0.0006659860984239899,0.16865919575218796,0.0006659625407676269,0.3798598579712628,0.09700123551990629,0.0006658906796340247,0.19782923037987932
doc6,0.001147145524212409,0.3908190134660084,0.0011470225790160245,0.202683471695704,0.0011471262083378373,0.0011470125918819074,0.16054517377707658,0.18859237067455592,0.049330266291007854,0.001147035804269422,0.0011472530979996028,0.0011471082899301517
doc7,0.0015824129320936775,0.0015825582926389506,0.0015825715822656303,0.7651435746767774,0.0015826216947453784,0.10194659985728237,0.0015828216773009244,0.0015825846272153614,0.0015825416956749606,0.1186665738064279,0.0015824666963308056,0.0015826724612465492
doc8,0.0008462318170890403,0.0008462617257774038,0.0008461791222556367,0.8076650969190343,0.0008462620390741647,0.000846240512680681,0.0008463303036545241,0.0008462194492126303,0.03422012980123486,0.1504986992756287,0.0008461808417663817,0.000846168192591736
doc9,0.010870270869727736,0.010870134090433336,0.8804257435659907,0.01087247069441714,0.010870701694929078,0.010869752938483057,0.010870529578497845,0.01086999061374228,0.010870040528556744,0.010869990499832156,0.010870809705249772,0.01086956522014005
doc10,0.006173083830071974,0.006173303655419653,0.0061732408853953655,0.932093091702678,0.0061732658705183855,0.006173094866968689,0.006174613731077074,0.006173707843753829,0.006173023823370315,0.006173028437197183,0.00617330297251,0.006173242381039629
doc11,0.013889485368271,0.013889840845620734,0.013894709591114765,0.344594590931081,0.013890481220910486,0.013889438614200757,0.013890291067009269,0.013892893642273266,0.013889927864051885,0.01388988814707983,0.5164986266004389,0.013889826107948013
doc12,0.003205991967706102,0.1948713247785507,0.0032056342721702223,0.003205771637878715,0.0032061820170310343,0.003205381586116474,0.003205967903175295,0.48331250949790566,0.2929639228230063,0.00320577746948221,0.00320564595350573,0.0032058900934714774
doc13,0.007576361344661245,0.9166536277211009,0.007576820465302398,0.0075788294746330625,0.0075768921681616044,0.0075762549692832545,0.0075762312697833,0.00757629679315456,0.007576872333205909,0.00757607765578404,0.007579566194882984,0.007576169610046512
doc14,0.0005401261436879423,0.025014644113637116,0.11804330478065808,0.0907232055167955,0.13492487809395046,0.0005400674065475671,0.5712485616661843,0.000540072917688034,0.027386221828468837,0.029958751703773788,0.0005400666747601823,0.0005400991538481981
doc15,0.0010846950283630939,0.0010847705753133908,0.0010855970778071889,0.0010847830669968412,0.0010849817700637474,0.0010849902854409908,0.0010848581553723178,0.9880660545064226,0.00108482097780404,0.0010847554102135161,0.0010847568148185406,0.0010849363313836515
doc16,0.0003729284135898287,0.0003729655184258983,0.00037297837826283056,0.14985900415674713,0.1976630578159301,0.000372958495716636,0.3922857698872197,0.25720855032297824,0.00037295044742565435,0.0003729296775972243,0.0003729470973394345,0.00037295978876747843
doc17,0.0009076126356473497,0.0009077189256726426,0.0009075999395920383,0.3226012313254329,0.11899370135004883,0.06977216727395717,0.3636498612307144,0.0009077302342689217,0.0009077261373789261,0.0009075510400074139,0.0009075974575446435,0.11862950244973479
doc18,0.0017184946094015838,0.0017189104709015096,0.0017186014389036321,0.0017188184945870176,0.001718705521893417,0.3259871988560374,0.29355370936073527,0.25477887728845805,0.11193089765414396,0.001718616205235232,0.0017184091374195536,0.001718760962283356
doc19,0.0012167929353250713,0.0012168842976897985,0.04315992321258956,0.10210595294483273,0.1878542254646041,0.0012170016518850853,0.4525172264837293,0.0012169833225468966,0.001216866840273894,0.139075488745409,0.06798595085580192,0.0012167032453125263
doc20,0.0005981763666487898,0.0005982201934258244,0.0005981974531289521,0.04168471434894814,0.000598263220037109,0.04783254532355414,0.04687977488923075,0.13141596436232766,0.6213624464780896,0.10723530231699571,0.000598211373745979,0.0005981836738672995
doc21,0.0013664342477900846,0.0013665665323052997,0.0013662508118996663,0.7472331573088051,0.001366506699416812,0.0013666574239533423,0.07695896348799362,0.001366574499479342,0.0013663787817271389,0.0013666410952189647,0.0013665223677862242,0.1635093467436243
doc22,0.04874565166836816,0.0012022193697765037,0.001202120324328754,0.7356288234369809,0.13853158995509335,0.001202306168653132,0.0012022093317210587,0.0012020706843106814,0.0012022694350417844,0.06747641440051824,0.0012020842511259228,0.0012022409740815663
doc23,0.0012789771949758104,0.09519037050447868,0.001279125098639986,0.0012791781934392216,0.0012791286237511142,0.0012790184608742346,0.0012791842890613806,0.4035132784238242,0.48978462856065513,0.0012789561541394318,0.001278953024262647,0.001279201471898342
doc24,0.0010849724042078165,0.09864483695609022,0.001084803128948118,0.0010848931527064818,0.0010848474161436433,0.0010851226616516525,0.4992141063204665,0.27190939004396464,0.0010849671871201014,0.0010848622870816692,0.0010847212959429113,0.12155247714567644
doc25,0.00129549182892097,0.0012955533765069318,0.0012955736384063943,0.9459806199141908,0.0012957599171792942,0.04106338105684723,0.0012956072135143777,0.0012955193865116224,0.001295665283156452,0.0012955390069572705,0.001295548788658483,0.0012957405891503028
doc26,0.0005741063235347498,0.9936847047066534,0.000574103251634335,0.0005741250020856616,0.0005741215875167409,0.0005741311805359377,0.0005741260541591076,0.0005741072007287531,0.0005741397344725344,0.000574131701469796,0.0005740897004878285,0.0005741135567212166
doc27,0.002369978366717672,0.0750063926571966,0.0023705621958053295,0.00237060521621484,0.20891012008322374,0.00236986005179484,0.610770902934424,0.002370238813991876,0.08635060481227143,0.002369901489626179,0.0023706858014350012,0.002370147577298457
doc28,0.0018804489062483054,0.05099032339876662,0.00188002115912602,0.0018801239293299334,0.0018803159856894867,0.0018801296977447885,0.6822469119216655,0.0018802381263173511,0.00188016970038278,0.24984097498004504,0.001879895539999352,0.0018804466546845822
doc29,0.0009786045237374858,0.0009786980995012333,0.0009786726223062034,0.000978774148171735,0.40274731660140856,0.0009787151576000825,0.37146154717161695,0.0009786508398100427,0.05812413196815825,0.0009787124978848005,0.0009788561427761537,0.1598373202270284
doc30,0.0008533007161001374,0.0008533129006336816,0.0008533104271913664,0.0008533328804950654,0.0008533272862474283,0.9906135278801466,0.0008533093251038548,0.0008532959968404971,0.0008533101558443005,0.0008533187402359248,0.0008533236122140464,0.0008533300789469335
doc31,0.0006018245209067959,0.0006018960436956465,0.8077007217148376,0.000601868817665436,0.10822283115847826,0.0006018151743703399,0.0006018767014563713,0.0006018613724505788,0.07865974735641318,0.0006018942162797205,0.0006017957878749051,0.0006018671355712594
doc32,0.0006841324945719265,0.0006842331086193606,0.0006841705118391743,0.000684197562511625,0.0006842031747303888,0.0006841348154034762,0.7013989325673133,0.19836465451468918,0.0006841560653785713,0.0006841181188986915,0.0006840555977245578,0.09407901146831954
doc33,0.0005123910956454252,0.0005123993418061654,0.0005123464066097364,0.09149923361520342,0.16630136109989965,0.0005123934990392178,0.6191052889176031,0.0005123752297958588,0.0005123983745991091,0.10956810714594264,0.009939322744558008,0.0005123825292979633
doc34,0.000786304784735426,0.151539562616471,0.7199674262795102,0.00078641594873608,0.0007863704444415947,0.0007863780627703071,0.0997683770366536,0.0007864083683574745,0.0007863759206646518,0.0007863652663663291,0.02243363128722153,0.0007863839840718938
doc35,0.0006888939902242209,0.18906679889459588,0.14725787842974133,0.0006888837790467368,0.0006888958850386171,0.10015873452576654,0.1858474484359587,0.197813745716845,0.11986680760219603,0.0006888924361119576,0.016593245722015173,0.04063977458245973
doc36,0.0673528504631638,0.0011738776573979681,0.0011742075869397334,0.0011740209575161493,0.26197507968630634,0.3529487851451173,0.10627033839544421,0.20323470163042637,0.0011741324028832127,0.0011740755150415844,0.001174050057455506,0.0011738805023078533
doc37,0.0007084671733208857,0.0007085021761590639,0.000708344284784529,0.06712749832497127,0.0007083787615071937,0.0007084569777456832,0.0007085155872902456,0.8383089419989631,0.0007084961807716001,0.08818751192494642,0.0007083795269389175,0.000708507082601066
doc38,0.00043075715548399757,0.0004307608954002169,0.0004307687855236939,0.39967151276667845,0.20398764515056228,0.00043078082394740804,0.21098268945791104,0.000430808168564441,0.0004308109632519174,0.072463541481353,0.00043070531560822773,0.10987921903571532
doc39,0.0017183629882586973,0.001718669615460616,0.8155744672514933,0.0017185625959178752,0.001718561484583717,0.0017183710171363082,0.1672400995715501,0.001718574570140082,0.0017184058096911749,0.0017185421585762515,0.0017185553939385806,0.001718827543253313
doc40,0.0010730222093982033,0.0010730838414104568,0.0010736779319184034,0.0010730772272736211,0.0010731134353852314,0.0010731028552908646,0.0010730623170991153,0.0010731700816298494,0.001073107464395082,0.0010730981406886927,0.9881954451637743,0.001073039331736182
doc41,0.0010730222093982033,0.0010730838414104568,0.0010736779319184034,0.0010730772272736211,0.0010731134353852314,0.0010731028552908646,0.0010730623170991153,0.0010731700816298494,0.001073107464395082,0.0010730981406886927,0.9881954451637743,0.001073039331736182
doc42,0.0012955370972212727,0.0012956796589839498,0.0012957083243458976,0.11934376319933432,0.12143775474721975,0.058607743946839784,0.09744382135300302,0.0012957184140636282,0.3534790037469214,0.2419142496988391,0.001295548006715643,0.0012954718065122837
doc43,0.2723689961989777,0.0006362951783436875,0.0006362440002169577,0.0006362781428038311,0.0006363234913613617,0.0006362640870979568,0.15676900772642527,0.0006362288817031032,0.1383204344049415,0.42745144161652604,0.0006362295014190896,0.0006362567701835633
doc44,0.0009887123414396716,0.0009883743508644531,0.989127168787703,0.0009883778595718034,0.0009883963400981086,0.0009884212974229788,0.0009884269622487131,0.0009885403919310117,0.0009884326777203816,0.0009882935139515993,0.0009882683500131318,0.0009885871270351304
doc45,0.001582538880098678,0.07799422504219648,0.0015825032528612485,0.0015831932721460185,0.14608430543880577,0.0015826793237356893,0.0015827660294398557,0.7101014300295291,0.0015827444923973608,0.053158611935738266,0.0015824551408597876,0.0015825471621917912
doc46,0.0010185056619112446,0.0010186876651840638,0.001018579518904583,0.27288402546839724,0.0010185896711924426,0.08073555637698375,0.6372131159313075,0.0010186764721608296,0.0010186313507733456,0.001018697218182556,0.0010184498069138988,0.001018484858088706
doc47,0.0009785167500487176,0.0009786343808694698,0.0009785333662511678,0.0009786083851909169,0.0009787404621316202,0.000978626357543089,0.0009787150195527863,0.0009785088237341938,0.0009785564830485961,0.0009785698583537567,0.9892352455195292,0.0009787445937464708
doc48,0.0009785167500487176,0.0009786343808694698,0.0009785333662511678,0.0009786083851909169,0.0009787404621316202,0.000978626357543089,0.0009787150195527863,0.0009785088237341938,0.0009785564830485961,0.0009785698583537567,0.9892352455195292,0.0009787445937464708
doc49,0.001202150749890272,0.025093378149087256,0.0012021873563144428,0.0012022433459345535,0.0012022160783169995,0.0012020378410252763,0.0012021766219046705,0.17828312673614574,0.0012023002260995747,0.0012021897357887396,0.0012021661073069183,0.7858038270521855
doc50,0.0008758474444279174,0.000875908237503428,0.000875836883842508,0.0008758843250482612,0.0008759171395597384,0.0008759848998618948,0.0580070329059957,0.0008758797782944642,0.17603046357571495,0.7580794110478288,0.0008760275879489827,0.0008758061739734774
doc51,0.0007034019252156428,0.0007034099467120014,0.0007033324482352251,0.3317461430015622,0.0007034417956226266,0.059766956014620565,0.00070339364970429,0.0007033797279628237,0.0007033847170590892,0.6021565011690884,0.0007032734373573272,0.000703382166859934
doc52,0.0006282372025174777,0.0006283098852487278,0.0006282832617662554,0.0006283039708247129,0.0006282922728514888,0.0006282551995717259,0.0006282887812362089,0.0006282523308558934,0.0006282202521824534,0.0006282417027624474,0.0006282543463412569,0.9930890607938414
doc53,0.001050735024210448,0.0010506020163833624,0.001050714793816475,0.5628545242190844,0.001050625137446071,0.0010508015505461558,0.0010507325490845092,0.3861546110622212,0.0010507675224828014,0.0010508543437091462,0.0010508420891276304,0.04153418969188775
doc54,0.16306320808012448,0.001061950831065417,0.0010618560532038215,0.001061825365482512,0.0010619589530377564,0.0010617603484774332,0.0010621565461023063,0.0010617549888823732,0.10676332944047706,0.7206166357300766,0.0010617789895220981,0.0010617846735482433
doc55,0.0011213585812458828,0.0011213895880954705,0.001121294366015693,0.05107654974657569,0.0011213549994549248,0.11748440030744624,0.0011215817078618383,0.1469440547776816,0.48363922074890625,0.19300621782925348,0.0011211956501967178,0.0011213816972662654
doc56,0.0017795004786624053,0.001779791380275315,0.032057892462430675,0.27108957710650605,0.0768378740624516,0.0017799708840789432,0.6057766335317343,0.0017798321703524685,0.0017799905783502175,0.0017795679714155488,0.0017797771952086704,0.0017795921785338355
doc57,0.0014452297150215183,0.0014454350062766692,0.0014454486240802382,0.04413072692360826,0.00144534634467006,0.12197050651011954,0.709111385778394,0.035488588487594994,0.0014455779320476881,0.07918104900241779,0.0014454282410868292,0.00144527743468247
doc58,0.0017484813238610745,0.0017486008939937437,0.0017487864377790216,0.0017486922086486487,0.4563029754225775,0.0017485841823139093,0.5262102448658738,0.0017487662845450064,0.0017487925498547827,0.0017489491845738073,0.0017485642678812857,0.0017485623780974637
doc59,0.010870270869727736,0.010870134090433336,0.8804257435659907,0.01087247069441714,0.010870701694929078,0.010869752938483057,0.010870529578497845,0.01086999061374228,0.010870040528556744,0.010869990499832156,0.010870809705249772,0.01086956522014005
doc60,0.006173083830071974,0.006173303655419653,0.0061732408853953655,0.932093091702678,0.0061732658705183855,0.006173094866968689,0.006174613731077074,0.006173707843753829,0.006173023823370315,0.006173028437197183,0.00617330297251,0.006173242381039629
doc61,0.013889485368271,0.013889840845620734,0.013894709591114765,0.344594590931081,0.013890481220910486,0.013889438614200757,0.013890291067009269,0.013892893642273266,0.013889927864051885,0.01388988814707983,0.5164986266004389,0.013889826107948013
doc62,0.007576361344661245,0.9166536277211009,0.007576820465302398,0.0075788294746330625,0.0075768921681616044,0.0075762549692832545,0.0075762312697833,0.00757629679315456,0.007576872333205909,0.00757607765578404,0.007579566194882984,0.007576169610046512
doc63,0.000745336890165966,0.06567263332957003,0.0007452996037438257,0.1492791629591865,0.6725827415922012,0.042675346826386455,0.06457278007657326,0.0007454182905255586,0.0007453706149857085,0.0007454181975889602,0.0007452285004961307,0.0007452631185768019
doc64,0.002619219202569934,0.0026188140226660176,0.0026188799126974013,0.00261883381096692,0.0026187860587916904,0.0026194423940441333,0.4350593117201881,0.4740568178489553,0.0026187643267580564,0.002618709621370248,0.002618442327631111,0.06731397875336115
doc65,0.0005021212382993602,0.0005021451232715834,0.0005021014442519059,0.0005021824213080847,0.0005021597668892023,0.0005021295196369628,0.10156810866778397,0.0005021374868790241,0.0730024368176708,0.0005021345237027955,0.0005020856242289358,0.8209102573660774
doc66,0.0018455767606048857,0.0018453620936468114,0.0018453883022343481,0.0018454012210630403,0.7245738885992061,0.001845417072807445,0.0018454637684573998,0.0018453276712915895,0.0018453916453911653,0.25697212318552454,0.0018451530540572853,0.0018455066257153992
doc67,0.4131844611947717,0.0008391318210663114,0.0008390295077634672,0.0008391517510641437,0.0008391067181144112,0.0008391837141887851,0.0008391202483726555,0.0008391598469282075,0.0976551337994253,0.4311491186945133,0.05129827841558323,0.0008391242882086206
doc68,0.08775462218690984,0.0006614816646028042,0.0006615025565524773,0.8678576663839291,0.0006615657678634261,0.0006616741490470361,0.0006614989970216551,0.0006614605586023322,0.0006614871452179993,0.0006615261729228813,0.03843403726816682,0.0006614771491638099
doc69,0.0011214858729469085,0.0011214737653384068,0.0011212996111203174,0.7824801811480411,0.0011214097062116845,0.0011213711549585667,0.0011214004859649014,0.0011212874270453185,0.20630586413262458,0.0011214360854048468,0.0011212726599282294,0.0011215179504153044
doc70,0.3511074994964168,0.0014453023084782465,0.09058271213388139,0.16419490068293416,0.001445468656505694,0.0014455944723477242,0.2845415738340201,0.001445466459891885,0.001445360058706545,0.09945526414263717,0.0014453043188453118,0.0014455534353348767
doc71,0.0009982036003083976,0.0009983415986985103,0.0009982490920567842,0.5112545895756623,0.10110263641914119,0.0009982940037792571,0.1895028835550266,0.0009982323349066872,0.08308675946141122,0.00099819475765796,0.000998106347773549,0.10806550925357762
doc72,0.0008536460411430343,0.0008535247824290652,0.0008534025356644514,0.11516596410642155,0.0008534820555026698,0.26749843029686343,0.1826294873068678,0.0008535104440381739,0.2252235500281189,0.20350781996442324,0.0008534932589186098,0.0008536891796091951
doc73,0.0005741063235347498,0.9936847047066534,0.000574103251634335,0.0005741250020856616,0.0005741215875167409,0.0005741311805359377,0.0005741260541591076,0.0005741072007287531,0.0005741397344725344,0.000574131701469796,0.0005740897004878285,0.0005741135567212166
doc74,0.0026887139000366083,0.0026885538077231117,0.0026888305281578114,0.14990299026836076,0.24134234559996165,0.002688741377574398,0.5097416337353979,0.00268882815745518,0.0026887103985266227,0.07750339537757858,0.002688565831977468,0.0026886910172499658
doc75,0.0016617118878234668,0.05187316339441185,0.0016616243765710907,0.0016614804720189273,0.4576478128789094,0.0016613373757210861,0.4302444543484772,0.0016613293412760975,0.0016614118893542335,0.04694297445674836,0.0016612816340839812,0.0016614179446043681
doc76,0.0009787271352677995,0.000978713040408653,0.04873165002031198,0.0009788083248610656,0.0009789066379169574,0.0009786919420124744,0.061365135054090074,0.0009786572365864145,0.000978742356611772,0.8810946068357597,0.0009786532022729247,0.0009787082139001396
doc77,0.0012957663350918246,0.0012956627501940921,0.0012956535294513865,0.3166634828214109,0.023289520354791343,0.0012955987829764172,0.625795854282172,0.0012956419286390298,0.0012955219647325027,0.0012955300555152886,0.0012955396992809687,0.023886227495744476
doc78,0.0032057916225716582,0.0032059758519413415,0.19411561559805066,0.0032061387200572203,0.003206066142743989,0.0032056931434962643,0.38063637145888507,0.0032062419799950303,0.003206591363451063,0.0032059888580403396,0.0032059679190467893,0.39639355734172055
doc79,0.0012317098564711645,0.0012318174836993257,0.00123206094831472,0.0012318681159182827,0.4134369581090456,0.001231933516167693,0.5742444954194694,0.0012317964529283993,0.0012318208000821934,0.0012319608511105623,0.0012316813074638167,0.001231897139328579
doc80,0.0007398750979522398,0.0007397988801558379,0.0007398997499247993,0.0007399065059517393,0.28221353704435476,0.0007399226286283848,0.7103875442310086,0.0007398021409066254,0.000739927872445254,0.0007399460875870228,0.0007397765492274615,0.0007400632118574486
doc81,0.0008533007161001374,0.0008533129006336816,0.0008533104271913664,0.0008533328804950654,0.0008533272862474283,0.9906135278801466,0.0008533093251038548,0.0008532959968404971,0.0008533101558443005,0.0008533187402359248,0.0008533236122140464,0.0008533300789469335
doc82,0.002369923467162122,0.0023700149365325496,0.0023699799198937375,0.002369946253706309,0.0023700781271277405,0.0023700785646467923,0.26762809478088023,0.0023703071812455445,0.3889603068621159,0.3220813123665363,0.002370020389267378,0.0023699371508853926
doc83,0.0015107094602738805,0.0015108510395253675,0.0015108540501700826,0.7374649461225626,0.0015109008527023785,0.09293979969709092,0.0015111144035686358,0.0015109177224530326,0.001510893964535416,0.15599731570950182,0.0015107463436853875,0.0015109506339303534
doc84,0.001812610254538954,0.0018120017709490248,0.0018118064558454517,0.0018121590784414008,0.9800677237880928,0.0018119772096530256,0.0018119238081819532,0.0018119897326397208,0.0018117067655097007,0.0018121427596803868,0.0018120334834595556,0.001811924893008063
doc85,0.0009786509095696834,0.0009785990516220054,0.06409350038204605,0.04243023124577379,0.0009787668636168706,0.0009787878261743965,0.0009786504816323162,0.0009786618028299954,0.0009788440691829382,0.8846678905736116,0.0009787218268990671,0.0009786949670412555
doc86,0.0032059639211334885,0.003205390249527634,0.003205947088413043,0.0032056142612425405,0.23302073465657433,0.0032055472437784263,0.5901945093486601,0.0032062928452437993,0.0032062705897066544,0.003206156478683711,0.14793195672012144,0.0032056165969149815
doc87,0.001992360673034261,0.0019925931050542725,0.0019925932145569004,0.0019926894780338163,0.0019927004009940067,0.001992798682013062,0.0019926136411816575,0.8917846640407825,0.0019924184885382755,0.0019923129399469965,0.08828971414171238,0.001992541194151938
doc88,0.001028950357734817,0.0010290638756522911,0.0010289526393823139,0.0010291099578684172,0.001029011520259158,0.08828582742498077,0.726275501251729,0.0010291218354607434,0.0682033084681454,0.10900324999418673,0.0010289519520290352,0.001028950722571202
doc89,0.000670449782200938,0.0006703965619780732,0.0006704372106207947,0.0006704305561292418,0.13437134274568074,0.0006703671191419918,0.35558379068512386,0.000670351591012381,0.1371957253102326,0.36748583666606505,0.000670349967185357,0.0006705218046290102
doc90,0.0008608518443824841,0.0008609289930979205,0.0008609096027964737,0.0742637701294834,0.5268041879338174,0.0008608250424601653,0.0008608607751918365,0.2309523505130911,0.0008608816923357631,0.0008609226967806147,0.0008607284744152415,0.16109278230214735
doc91,0.0008914624039002484,0.1316572438178158,0.04061093416200114,0.3819055179392402,0.0008914773847474865,0.0008915644901659025,0.0008915448342340163,0.43869402110922645,0.0008915410117250153,0.0008915454677420878,0.0008914025778176939,0.0008917448013839804
doc92,0.0014664450306419107,0.0014666157711389753,0.0014665618022608954,0.06131751660747156,0.0014666816387388763,0.06576738960885598,0.25990251926736974,0.6012799047426484,0.0014665900861756368,0.0014666538836142922,0.0014667281076576491,0.0014663934534262955
doc93,0.0011877691309618028,0.0011878677637533852,0.027056412473010997,0.0011877969550071815,0.001187820974188364,0.0011878137678890193,0.7101116085316801,0.2521412120372902,0.0011881318950101641,0.0011880068841832916,0.0011877593325510746,0.0011878002544745488
doc94,0.0010083227620633784,0.0010082604088796677,0.001008329150746163,0.001008300574114764,0.19761973991433318,0.0010082768099253729,0.0010082575644441178,0.792297106033575,0.0010083410652304446,0.0010082845666380398,0.001008345722668638,0.0010084354273809791
doc95,0.0005520056396277263,0.15832522424488818,0.0005520189104590325,0.37836282654444847,0.000552014264249238,0.11379629526451093,0.0005519681095858713,0.0005520571705822586,0.3450995613712532,0.0005519613337779911,0.00055202826301639,0.0005520388836005879
doc96,0.7038841673391023,0.0006571786518987998,0.000657217566042135,0.0006571891122617832,0.14671239345419465,0.0006572298669566094,0.04845155856718687,0.0006572096105144045,0.09569421439051815,0.0006572191403231024,0.0006572023971403178,0.0006572199038607576
doc97,0.0015342064800287745,0.0015339587682635695,0.0015341243282711542,0.001534354682254931,0.0015340982104384315,0.0015340212421833916,0.21216261832740765,0.0015341681276997484,0.0015340815484661916,0.11222106089684722,0.001533893658089835,0.6618094137300491
doc98,0.001404758127243781,0.0014048356091287588,0.0014048802101562252,0.001404961155781992,0.0014050452721456024,0.0014046565548611863,0.348993350139805,0.001404740702638434,0.4140992458037792,0.2242641492352035,0.0014046723188429204,0.001404704870413466
doc99,0.0013662946178309994,0.0013663455754367422,0.001366295192171401,0.0013665801355498663,0.001366363022751895,0.0013663949288195655,0.0013663070775735086,0.001366457024961215,0.0013665615896092413,0.9849691329730484,0.0013668741226035611,0.0013663937396435194
doc100,0.0018121523329991149,0.0018121247368068662,0.2556858161413062,0.001811807800428027,0.0018118788301639296,0.001811909417386122,0.0018121098556909637,0.11861277245861529,0.0018121662780716205,0.0018118976033072707,0.0018119332354157571,0.6093934313098088
doc101,0.0017795298061490505,0.0017796262143187631,0.0017797614476112156,0.0017797096783237832,0.0017797128331407989,0.0017796341919656168,0.3004464858646908,0.001779960021777949,0.27772771041261707,0.4058085042940364,0.0017797353834841769,0.0017796298518843044
doc102,0.0009506877130605912,0.0009506795961071469,0.0009507377914861433,0.000950676741032334,0.0009507319596390034,0.0009506299798031299,0.0009506883647453928,0.0009506670256942355,0.0009506790514906567,0.0009506773666101902,0.9895423068061503,0.0009508376041809761
doc103,0.0009506877130605912,0.0009506795961071469,0.0009507377914861433,0.000950676741032334,0.0009507319596390034,0.0009506299798031299,0.0009506883647453928,0.0009506670256942355,0.0009506790514906567,0.0009506773666101902,0.9895423068061503,0.0009508376041809761
doc104,0.002762869949114239,0.002763145468123816,0.0027627286985826773,0.0027630796227129054,0.0027627009674431493,0.002762909010825029,0.0027630024143631433,0.08762960618992706,0.002763101170726097,0.09111641261769643,0.0027631381792446795,0.7963873057112408
doc105,0.0007682825191952187,0.0007682395900117574,0.08090660176722267,0.3934589222872232,0.0007682472043698224,0.25932870640665473,0.07249320505612544,0.0007682029667204433,0.0007683262204343542,0.18843480612187968,0.0007681466658570369,0.0007683131943058048
doc106,0.0010847370101481056,0.001084908872540914,0.0010849601877493808,0.0010852253127635288,0.0010848119437363655,0.0010848643569957874,0.9062095589251911,0.08294157252813594,0.001084973580665825,0.0010849085997776291,0.001084723903853079,0.0010847547784422732
doc107,0.0016614373229308498,0.0016613768965657633,0.0016614276524092606,0.40809167332768415,0.0016616121271795293,0.46343130551259293,0.0016615405584319458,0.0016615233395671932,0.11352345549852687,0.0016616312899424691,0.0016613935721345615,0.0016616229020344048
doc108,0.0012022233503822958,0.040193901063705864,0.0012022712752514971,0.15982437088102136,0.0012022489457720476,0.0012021262861210342,0.0012023458995306922,0.6848227613824293,0.0012022563327752011,0.1055410183945612,0.0012021103669663958,0.001202365821483068
doc109,0.0015578940526955218,0.0015580643185531342,0.001557813422640977,0.0015579401863240752,0.001557878347553714,0.0015579914956589923,0.8158055195498342,0.0015581081661081872,0.1686147798635404,0.0015581271253482778,0.0015579717288415988,0.0015579117429009336
doc110,0.0014454490284061133,0.0014452857582255745,0.9841001466758669,0.00144534503841971,0.0014454246682651013,0.0014456212074437562,0.0014454754446510836,0.0014456655274004105,0.001445309314949769,0.0014455545589565468,0.0014453167434378652,0.0014454060339772685
doc111,0.0002807943979032331,0.0002808066373265091,0.0002807900109199419,0.10316469616780259,0.0002808511505676942,0.01468097897620223,0.87962699187996,0.0002808500708435545,0.00028081545541106315,0.00028081676834434293,0.0002807935760502128,0.00028081490866866527
doc112,0.001173891151124628,0.0011738800193896108,0.0011740504675365876,0.17130971925272587,0.26115419400241574,0.0011740628060068578,0.4563805916722722,0.08313450396547149,0.0011740587907585315,0.0011739665163225876,0.019803211329709944,0.0011738700262658394
doc113,0.009804667790237495,0.009804419645616933,0.892148369195475,0.00980601230846613,0.009805282568271066,0.009804078701571255,0.00980512836727016,0.009804251580270337,0.009804411726704147,0.009804260596861264,0.009804942412504672,0.009804175106751658
doc114,0.006173083830071974,0.006173303655419653,0.0061732408853953655,0.932093091702678,0.0061732658705183855,0.006173094866968689,0.006174613731077074,0.006173707843753829,0.006173023823370315,0.006173028437197183,0.00617330297251,0.006173242381039629
doc115,0.013889485368271,0.013889840845620734,0.013894709591114765,0.344594590931081,0.013890481220910486,0.013889438614200757,0.013890291067009269,0.013892893642273266,0.013889927864051885,0.01388988814707983,0.5164986266004389,0.013889826107948013
doc116,0.007576361344661245,0.9166536277211009,0.007576820465302398,0.0075788294746330625,0.0075768921681616044,0.0075762549692832545,0.0075762312697833,0.00757629679315456,0.007576872333205909,0.00757607765578404,0.007579566194882984,0.007576169610046512
doc117,0.00617423589553281,0.00617509138748337,0.006173454682090326,0.006174656154340293,0.9320853089812299,0.006174314628489636,0.006173760047591002,0.006173916068720276,0.00617447983226067,0.006173495589283762,0.006174143922155794,0.006173142810822303
doc118,0.0021647384250969032,0.0021651189596505883,0.002164993103554325,0.0021647339356558174,0.0021651571114287447,0.0021647219990734877,0.2034876809314835,0.642400661540884,0.0021651980494869724,0.13462729441203536,0.0021649280012162797,0.002164773530434238
doc119,0.0016079182061084563,0.0016079783590604564,0.038472116402083055,0.001608032817824088,0.12862943028239612,0.0016081633545616915,0.4982418343156512,0.0016081147855493071,0.0016081399459988602,0.12747199413551627,0.0016079383869983955,0.19592833900825213
doc120,0.0023150919637967655,0.0023154462858192876,0.002315285484765619,0.08379047275246865,0.8150579192097384,0.0023152840537414327,0.002315212677565415,0.0023153403620886277,0.08031262484735537,0.0023155923862395486,0.002316253912899878,0.0023154760635211275
doc121,0.001488419211943499,0.0014884083124564972,0.001488290951860646,0.4150728549397685,0.28205676651207556,0.28947427537971293,0.0014883319009876463,0.0014885052813411808,0.0014887087001306972,0.0014886978657558006,0.0014884389814180394,0.0014883019625490843
doc122,0.0006572574033494649,0.0006572079530718189,0.0006572476051997576,0.16165252412509207,0.4419038368791408,0.000657149336131712,0.3162200850052875,0.0006573162094182379,0.0006573106025038242,0.0006572588033848301,0.0006571940587143816,0.07496561201870561
doc123,0.0007033812346014933,0.0007034184027086233,0.0007033653268920308,0.23622550344276733,0.07881982873355779,0.0007035359471426368,0.0007034387250840559,0.0007033374100940048,0.000703340336803808,0.0007033395692490799,0.0007033550087014059,0.6786241558623977
doc124,0.23921739052077656,0.07441337536407698,0.001634316246202586,0.0016345516083815716,0.0016343881218157416,0.10901537247412939,0.44666619444499367,0.0016343490499498594,0.0016345685660267405,0.0016342970592835727,0.11924691029737418,0.0016342862469891453
doc125,0.0017799467562822377,0.001779677519001423,0.0017797633216981876,0.0017799375215192118,0.18032408740259304,0.0017797741371774005,0.11641144785176859,0.00177989821207877,0.0017798795608518676,0.6872460759459993,0.0017798635581708251,0.0017796482128591014
doc126,0.33988670170375074,0.0015343927415314047,0.05047858412760951,0.2605987407003807,0.001534278157743859,0.09457276256030524,0.24372341339921333,0.0015342601704160426,0.0015341763852124175,0.0015344536933792133,0.001534042723511565,0.001534193636945763
doc127,0.0016345961221807554,0.0016344824356768113,0.001634099560935236,0.09470217782435646,0.19060508285128921,0.0016341141293791052,0.6999832730924488,0.0016345957630091521,0.0016343670671607816,0.0016342836307606898,0.0016341345291339502,0.0016347929936689585
doc128,0.001160280450129124,0.0011604601607919634,0.0011602452816550004,0.0011605242216351725,0.001160446279908084,0.0011603574760434368,0.4533964523619763,0.16181791806226148,0.001160255140978052,0.0011603921172382615,0.0011602188408506148,0.3743424496065325
doc129,0.0007925596249657453,0.0007926090099556014,0.0007925406369718652,0.0007926194512745439,0.0007925851568979822,0.050425495004373114,0.886301992341257,0.0007925920818516014,0.0007926433246937273,0.05613926296230498,0.0007925738855939925,0.0007925265198599022
doc130,0.0011471788027387101,0.1856701047199198,0.0011473181354417655,0.0011471046316733748,0.2426783680338165,0.08667328004006425,0.0011471843610420163,0.06238406367050782,0.41456410352730916,0.0011471288982163664,0.001146947237040258,0.001147217942229951
doc131,0.0005741063235347498,0.9936847047066534,0.000574103251634335,0.0005741250020856616,0.0005741215875167409,0.0005741311805359377,0.0005741260541591076,0.0005741072007287531,0.0005741397344725344,0.000574131701469796,0.0005740897004878285,0.0005741135567212166
doc132,0.0017795476756711046,0.0017795450116073858,0.0017794741248326016,0.0017796905836806412,0.0017796525066742425,0.0017802520077650548,0.001779642890931254,0.0017795458096050531,0.0017795768877445844,0.9804241840304284,0.0017794002759498747,0.0017794881951096629
doc133,0.0012319422200767565,0.0012318127900948564,0.001231713720146055,0.7976207209133945,0.0012318876201136988,0.0012316645635400073,0.0012319534946038013,0.0012318622027356495,0.09082579597630523,0.08050204692869577,0.0012317129681470819,0.02119688660214642
doc134,0.00284146786648909,0.002841780744360833,0.002841708443817052,0.13674098299689885,0.3741974263262076,0.002841932536306848,0.18073638542677745,0.2855918095560977,0.002841431759683784,0.002841705782436373,0.002841592702784517,0.0028417758581396812
doc135,0.0007989403722352056,0.0007988743905610199,0.0007989401162079604,0.05986426459340304,0.16312228016887068,0.000798940103276898,0.2588477760444571,0.0007989084606193787,0.17423296090757986,0.1940395389103672,0.059729799950601736,0.08616877598181996
doc136,0.0007398751571358338,0.0007397988939452654,0.0007399004948388926,0.0007399046430195561,0.28198669893942424,0.0007399261816006873,0.7106144115671421,0.0007397974874726276,0.0007399019006237766,0.0007399446242104094,0.0007397765713353821,0.0007400635392512965
doc137,0.0008533007161001374,0.0008533129006336816,0.0008533104271913664,0.0008533328804950654,0.0008533272862474283,0.9906135278801466,0.0008533093251038548,0.0008532959968404971,0.0008533101558443005,0.0008533187402359248,0.0008533236122140464,0.0008533300789469335
doc138,0.0019923888348896152,0.0019924650265841365,0.05986366759333036,0.30462040808848795,0.001992587872287324,0.1660040907598593,0.0019925657205410296,0.001992707540962698,0.21741269049393466,0.23815157126455008,0.0019924331107187268,0.0019924236938542433
doc139,0.001202150749890272,0.025093378149087256,0.0012021873563144428,0.0012022433459345535,0.0012022160783169995,0.0012020378410252763,0.0012021766219046705,0.17828312673614574,0.0012023002260995747,0.0012021897357887396,0.0012021661073069183,0.7858038270521855
doc140,0.0009329811087281805,0.10043118595258406,0.04877135868727242,0.0009329754516719817,0.0009330677640815147,0.0009331812843358556,0.6711631115483823,0.0009330892814025276,0.0009331224878379581,0.17216982414460408,0.0009329949477340635,0.0009331073413651374
doc141,0.001511011494282196,0.0015108674907894244,0.0015107920615725127,0.1306825725717673,0.0015111009503787393,0.0015110824197866752,0.0015107316373293813,0.09881130676681128,0.00151092096221387,0.00151102721841569,0.021028118286513426,0.7373904681401394
doc142,0.001050735024210448,0.0010506020163833624,0.001050714793816475,0.5628545242190844,0.001050625137446071,0.0010508015505461558,0.0010507325490845092,0.3861546110622212,0.0010507675224828014,0.0010508543437091462,0.0010508420891276304,0.04153418969188775
doc143,0.0020334364343985493,0.002033229970132963,0.0020331596235572675,0.7613935487771573,0.0020332429551640054,0.0020334312290620988,0.0020330043112002506,0.21827422590146994,0.002033165525417964,0.0020332611024398853,0.0020329105394145163,0.002033383630585257
doc144,0.0012789853883279842,0.0012789928526362561,0.0012791635146013082,0.06601921664455332,0.0012791684136778132,0.0012790445026796186,0.0012790525610888528,0.32645365522045267,0.2433856825457129,0.3539090941211871,0.0012789633163457824,0.0012789809187364247
doc145,0.3065284215432497,0.0006054733954695491,0.0006054323614646072,0.0006054606480349346,0.0006055010897526978,0.0006054789698451971,0.1326864282283635,0.0006054189439144334,0.16113632179526188,0.3948052085937457,0.0006054142383657913,0.0006054401925320942
doc146,0.07050122872252038,0.0009883913045323116,0.029325071838334257,0.0009884135861910515,0.000988414832387009,0.0009886390155385792,0.43672113546226593,0.0009883228385035654,0.0009883707480357249,0.4555454473655858,0.0009882777911502246,0.0009882864949550313
doc147,0.04370477233229012,0.0006204756990613462,0.9500904602244777,0.0006204582960160631,0.0006204626051400418,0.0006204676478418356,0.0006204619617777127,0.0006206782799127279,0.0006204603108405671,0.0006204470871265202,0.0006203987630796515,0.0006204567924358633
doc148,0.0003482273644682147,0.0003482560063778998,0.00034825793502528353,0.0003482897421615004,0.0003482528250108401,0.00034828013253250376,0.7848775606162346,0.10170627170166617,0.0003482729468081213,0.09864646647768793,0.0003482290633258936,0.0119836351887009
doc149,0.000825293858482612,0.000825281589104544,0.0008253706527249472,0.19293924705389387,0.0008252746314455345,0.0008252919238400921,0.03231527589327208,0.0008253640399757356,0.0008252902678726985,0.7673176981337245,0.0008253693781733314,0.0008252425774901039
doc150,0.002618581928579296,0.0026182860475212873,0.002618009238455141,0.305372320778288,0.0026184556893954856,0.002618284277197267,0.5518949156399638,0.11916722428253472,0.0026188447943965507,0.002618534725910219,0.0026180844667441344,0.0026184581310138796
doc151,0.0008184628202353573,0.0008185098842921932,0.000818562739763554,0.23693999130393784,0.0008184744051801794,0.10003032043854106,0.0008184995595327766,0.1718199185627555,0.48466160626349986,0.0008185878661795594,0.0008185820694375061,0.0008184840866446611
doc152,0.0016894369357773455,0.0016897837105711462,0.001689529105928711,0.0016896536900530186,0.0016899223430970965,0.0016895948911838194,0.001689682731826102,0.866905018903782,0.0016897621673248263,0.11619826760727604,0.0016893968581182253,0.0016899510550617309
