,topics0,topics1,topics2,topics3,topics4,topics5,topics6,topics7,topics8,topics9
doc0,0.0004695803893883828,0.03596279613078901,0.0004695186305985317,0.0004695676596438114,0.000469646481313883,0.00046961585606686165,0.0004695662413328041,0.9602805187446607,0.0004696242147250385,0.0004695656514808753
doc1,0.0016395842339195367,0.0016397269323959313,0.0016394414587850648,0.0016396116166081435,0.001639784579316616,0.0016394842691225728,0.9852432330799129,0.0016397689980734832,0.0016397339426371398,0.0016396308892285543
doc2,0.17207609279049957,0.0030312865270061516,0.1380405668354799,0.0030307301224310936,0.003030938467687012,0.0030317051522106304,0.04504418953945388,0.003031478141254543,0.5298427408927652,0.0998402715312121
doc3,0.9854809866995059,0.0016133067052707462,0.001613085188628964,0.00161333534935254,0.0016131552618666913,0.0016132921832461575,0.001613050903710246,0.0016133326729840891,0.0016132884081223185,0.00161316662731239
doc4,0.0003290384636994669,0.8039536391876557,0.0003289984316456162,0.00032906516571858894,0.00032907530081875696,0.00032906781658662335,0.0003290037940495952,0.19341405337292294,0.0003290420103296882,0.0003290164565731174
doc5,0.09559959545662566,0.2743944622793202,0.0005496909949542842,0.4044613468968975,0.0005496112284836365,0.0005496070119223713,0.0005495569389918548,0.0005496260374780278,0.22224691219538278,0.0005495909599433828
doc6,0.0043494411941869355,0.004349059479093923,0.004348350150294859,0.5881831740211475,0.0043486787249239775,0.004348672134274974,0.0043484686272484965,0.23592858913857329,0.0043488548212086775,0.14544671170904752
doc7,0.0008477006119297355,0.0008476423221763973,0.0008477040406067818,0.0008477732252450421,0.6485327670762515,0.20525239007659238,0.027038295730226466,0.1140903685586582,0.0008476888336956591,0.0008476695246177481
doc8,0.2888032839556416,0.0008198853243313476,0.0008198579774680077,0.0008199003082263791,0.4653282551391087,0.07500552063589325,0.000819846150753367,0.16594383930136114,0.0008198356768233604,0.0008197755303929815
doc9,0.0017548985489763236,0.0017551002269564193,0.2208191977993145,0.26673232612680475,0.24691355314789976,0.1267824968871326,0.0017547976711110682,0.12997769930536457,0.0017550450843657375,0.0017548852020741858
doc10,0.0011630979301947323,0.0011632238255463473,0.001162950989588418,0.6132453717069852,0.35517059014840413,0.02344249277023012,0.0011630020508800027,0.0011631477543313801,0.0011630885294977038,0.0011630342943419268
doc11,0.0005209178726293264,0.0005209147828636412,0.0005208825391707824,0.9953117664862047,0.000520930354846092,0.0005209097241041855,0.000520899895007112,0.000520928536718147,0.0005209442744138247,0.0005209055340422255
doc12,0.05139057024493825,0.0007634382228517152,0.0007635675768125706,0.0007636319668996348,0.0007635624473849472,0.0007636136167461416,0.942500988947357,0.0007634888096167122,0.0007634942670609033,0.000763643900331791
doc13,0.0008929032675759321,0.0008929376510308871,0.9919635867343,0.0008929416268357473,0.00089294881770987,0.0008929349645284439,0.0008929209135283042,0.0008929647556330876,0.0008929565136516782,0.0008929047552061119
doc14,0.0008929032675759321,0.0008929376510308871,0.9919635867343,0.0008929416268357473,0.00089294881770987,0.0008929349645284439,0.0008929209135283042,0.0008929647556330876,0.0008929565136516782,0.0008929047552061119
doc15,0.0022730870103131275,0.0022733712113134357,0.002272984717589626,0.002273453356181665,0.7620922958554218,0.1598355619288539,0.0621590949508243,0.002273233087954329,0.0022732730253178317,0.0022736448562299992
doc16,0.0008406092460040072,0.22715671567194953,0.0008404641088763969,0.1648633137899247,0.0008406060626931774,0.18008373808711226,0.0008405287831100533,0.09012133248189708,0.33357217551455237,0.0008405162538804272
doc17,0.2778407379160193,0.5638563733425372,0.0008131836201849319,0.0008132621568118544,0.1526104766165542,0.0008131667505090726,0.0008132240799949401,0.0008132150493798587,0.0008132267679066325,0.0008131337001020786
doc18,0.15329171243310488,0.0008930698873344828,0.0008930791180587251,0.6151260838820624,0.0008931468626051154,0.13322866479874138,0.0008929918775440049,0.0008931244429562414,0.09299503560026758,0.0008930910973254199
doc19,0.0005682825767068351,0.0005683196441119695,0.0005682630114315677,0.4889620268795902,0.000568352022700203,0.1994736498457062,0.0005682841295809755,0.0005683024126422823,0.3075862367973362,0.0005682826801934569
doc20,0.003333640512066424,0.003333974831291208,0.0033336989876859755,0.0033344351850448095,0.5241199658346781,0.003334313504105752,0.0033339055604847414,0.0033340985360102767,0.44920745131361495,0.0033345157350176697
doc21,0.0012660540972777093,0.09007148726005981,0.001266106976641965,0.20360763489496383,0.16478473096064752,0.41475872083089194,0.0012660745125203886,0.0613330555897722,0.06038011554856681,0.0012660193286578368
doc22,0.004348117449029511,0.0043482944210046755,0.004348311056437209,0.38031803375308976,0.004349516481423225,0.004348339433748245,0.18086391982387492,0.004348186076733633,0.40837876088355446,0.004348520621104558
doc23,0.0007694170460658732,0.11025716888570965,0.000769421430403852,0.0007694567034129843,0.000769488700253736,0.000769342743005694,0.7975645228056819,0.0007694531890801323,0.08679232942275958,0.0007693990736265223
doc24,0.001492930033601732,0.0014928590382143816,0.041562900203685596,0.0014929577192920984,0.0014929802475148219,0.0014929485594932415,0.9464938589389366,0.0014927387297239542,0.001492944233243534,0.0014928822962940729
doc25,0.004167831692365396,0.004167569180938026,0.004167428949448187,0.25474256004355395,0.711918672126882,0.004166985860028477,0.004167234142537968,0.004167255148586112,0.004167440957072893,0.004167021898586962
doc26,0.0012349093315649157,0.0012349384036607655,0.0012347918352515477,0.4640595651481285,0.001234997199624706,0.0012347989133514898,0.0012349550894323721,0.1181507616159695,0.0012349750728878153,0.4091453073901285
doc27,0.0010755757136512935,0.15414140232365015,0.0010754936538316172,0.05270032757689239,0.29044321619713726,0.0010755351439694783,0.3244196536896438,0.0010756564003838933,0.0010755966525657266,0.1729175426482744
doc28,0.0025647047197247053,0.29213561976967634,0.0025649803992620294,0.12891735214545283,0.00256490315312991,0.0025644601263069347,0.09978126034000703,0.0025646900422070114,0.0025649457263147366,0.46377708357791836
doc29,0.0024397247150399048,0.5065561952248494,0.0024393873229425845,0.09066671872988073,0.002439434772566203,0.0024394945934379116,0.16307420919113944,0.2250658172017432,0.0024395289458610486,0.002439489302539495
doc30,0.0004740186230610652,0.11882441717423015,0.00047409207167557196,0.0004740397219199096,0.05585424802409364,0.00047405130911477703,0.00047402722276163224,0.00047400207299973105,0.0004740708058898901,0.8220030329742537
doc31,0.00048554384690191314,0.0004855627616341,0.0004855166698625519,0.00048559351939113013,0.08345064267824437,0.0004855282795305717,0.15524423767448323,0.0004856054329347141,0.7579061579337557,0.0004856112032616639
doc32,0.00114967163932774,0.001149852853115767,0.11643877176368211,0.001149834148764698,0.2385143245235524,0.41216385255956656,0.0011497327808851732,0.0011498053995139714,0.22598447818853376,0.0011496761430578421
doc33,0.001136504546164442,0.0011366702748113568,0.0011364745244293233,0.34135138169109597,0.0011365606905158509,0.041473455132723214,0.0011368677971631519,0.0011365158584428431,0.6092190676532148,0.0011365018314391565
doc34,0.0004406254230499864,0.0004406410588776678,0.00044059434831000924,0.00044061480572469663,0.0004406567682399171,0.0004406006749576787,0.9662326962848882,0.0004406780697907049,0.030242232175313927,0.0004406603908472688
doc35,0.09478301549658043,0.34408862368867277,0.001333571230671301,0.23812737225942035,0.1537171664348381,0.001333645215932221,0.001333643447929553,0.0013336984921094729,0.0013337027567990726,0.16261556097704666
doc36,0.12330725986732578,0.36585199153214987,0.001370055394850567,0.08965935855684552,0.0013703451864511126,0.10462916797441305,0.0013701238485175173,0.094414930073471,0.21665666502769032,0.0013701025382852159
doc37,0.0009525843327337855,0.30035499133289045,0.0009525341280137433,0.227534224917598,0.0009525905569684727,0.0009528316547285741,0.0009525724628728656,0.0009525782740639657,0.4654425196294348,0.0009525727106952772
doc38,0.0008622115666676673,0.0822990396907456,0.000862502799939186,0.6019924635247391,0.0008623490792822225,0.09739366711668015,0.2131409930899866,0.0008622520851368044,0.000862307756727123,0.0008622132900955694
doc39,0.0024398697373711337,0.1441804727761954,0.29448896194192764,0.45618429488518075,0.002439690631955987,0.0024392481377527747,0.002439664187233191,0.0024399443305793355,0.09050840879165506,0.002439444580148728
doc40,0.001539007360082529,0.0015387959067631534,0.0015388891265542004,0.22586637324359665,0.2764640754942004,0.10890355503872214,0.001538763719809236,0.0015388697768228424,0.3795328550299164,0.00153881530353248
doc41,0.0006173914807078439,0.22883674621434116,0.0006173450875280639,0.38813031792236496,0.0006174811866760612,0.18485593279108148,0.0006174248646052355,0.0006174164777541983,0.15789492055415738,0.03719502342078361
doc42,0.23346366491975004,0.0011496915608139576,0.001149513615488612,0.09151558469786508,0.03367071500814361,0.2761530972005344,0.0011499730114511917,0.001149683804336006,0.3594483828565384,0.0011496933250787528
doc43,0.0005495694363556147,0.0005495654510951101,0.0005495301424305736,0.0005495503361329026,0.0005495567190148636,0.9950540620592002,0.0005495371210417172,0.0005495570690883746,0.0005495576019979084,0.0005495140636425854
doc44,0.16289477320493306,0.001087289433931022,0.0010872871340096922,0.4383660790163619,0.001087214675566792,0.0010872465814757164,0.0010871129707198772,0.03436462370423876,0.0010871420349707862,0.35785123124379237
doc45,0.002381807002798725,0.0023817715467856237,0.11788474188579628,0.6266741409719984,0.002381482202295817,0.002381456094075218,0.002381433077341058,0.0023816621061791637,0.23876993648085001,0.0023815686318797253
doc46,0.0018189347142765996,0.0018187170158680812,0.0018184129907787326,0.158651589520401,0.268088286418212,0.0018186763103589145,0.0018186826379791266,0.20378263128314988,0.08191496245268418,0.2784691066562915
doc47,0.0005209178726293264,0.0005209147828636412,0.0005208825391707824,0.9953117664862047,0.000520930354846092,0.0005209097241041855,0.000520899895007112,0.000520928536718147,0.0005209442744138247,0.0005209055340422255
doc48,0.0017547098161616375,0.8971290228409049,0.0017545411921796967,0.0017549957398305105,0.0017546922452574747,0.0017549170591608214,0.0017547223187974717,0.0017545786959375176,0.0017548480504134827,0.08883297204135644
doc49,0.0010754247888238705,0.0010754529876777937,0.0010754625862382653,0.6654922653774659,0.0010755695929116655,0.10559080000536862,0.00107552045249785,0.00107548911174104,0.1882561029187687,0.034207912178506265
doc50,0.7936365902094717,0.0009261550635417476,0.0009259735188883382,0.0009260898040367581,0.0009261792925732388,0.0009260472017289988,0.0009260978879832679,0.0009260964748520646,0.19895458643803204,0.000926184108891942
doc51,0.0007814100663727305,0.0007814383827573376,0.05944108416225515,0.000781422747664437,0.8830977050830273,0.05199118907646784,0.0007813844868992907,0.0007814420416135201,0.0007815723676021308,0.0007813515853403172
doc52,0.02142982021933859,0.0005026849341246048,0.0005026051204433826,0.6267001874796378,0.28692377795335317,0.0005026673431352515,0.0005026144398861585,0.0005026760550905536,0.0005026431685824013,0.06193032328640803
doc53,0.7273036977143523,0.0014089209031471202,0.0014092802159735027,0.001408734006188557,0.07241433845499048,0.001409056208594138,0.001408673103912908,0.1295953401141537,0.06223317627705154,0.0014087830016358755
doc54,0.06434703913370697,0.00026116139931445877,0.01750111712348928,0.4174242720099722,0.00026118032666892186,0.00026116760235925083,0.01884710138053131,0.0002611635120015408,0.39902318204581944,0.08181261546613675
doc55,0.0010992058008278168,0.001099255981498184,0.001099374032919632,0.8860430633509027,0.10516300920321899,0.0010991728976747703,0.0010991312934653043,0.001099389702961682,0.0010992520991182342,0.0010991456374128297
doc56,0.0005406721936520995,0.0005406663759577809,0.0005405862369189434,0.0005406634671401622,0.07100979659424353,0.0005406626606488451,0.1035667065422138,0.18661214208046656,0.2651312163168017,0.37097688753195657
doc57,0.21696452554613094,0.21636093234825862,0.0009435174277002657,0.0009436802847423581,0.11395396089384269,0.35631074158753295,0.0009436010430093109,0.0009436584479783868,0.09169181042617387,0.0009435719946305031
doc58,0.0008548834413553091,0.7493861603981156,0.000854962422601141,0.0008549140329701324,0.0008549039153413544,0.0008548918395936075,0.0008548983562981214,0.0831083983726002,0.08439647924553917,0.07797950797558557
doc59,0.00303094726645231,0.9727195199832592,0.0030310699502417485,0.00303125036062643,0.0030315819925314353,0.003031180179077364,0.003030717358774232,0.003031567405421247,0.003031148876855256,0.003031016626760599
doc60,0.0013705270777206418,0.0013701798164026328,0.0013702129680862884,0.9876678626005742,0.0013702079172700254,0.001370146366654318,0.001370179977178303,0.00137035185267452,0.0013701744219987942,0.0013701570014402417
doc61,0.40280698945790966,0.39486486931640774,0.0009617112906913233,0.0009617775063050166,0.0009618228684998189,0.0009619071661626004,0.0009616487927666121,0.1110933484065088,0.0009616984185226734,0.08546422677622567
doc62,0.15146878577277742,0.0017862718391901036,0.0017859499115102117,0.09455895327662678,0.24716225514810064,0.0017862375871698197,0.0017859182000224663,0.43851122277488563,0.059368445175281205,0.0017859603144355961
doc63,0.0012198679920822936,0.231931738771674,0.001219873736119075,0.0012197879302386378,0.0012199435554153771,0.7583091181598223,0.0012199099994988332,0.0012198622999487923,0.0012200190028715996,0.0012198785523290987
doc64,0.0012661613750345499,0.0012661393165976152,0.0012662063457872337,0.0012661765965955821,0.001266184443990194,0.0012662648691702872,0.0012660824267820515,0.001266224354324435,0.0012662502800214646,0.9886043099916966
doc65,0.0008477006119297355,0.0008476423221763973,0.0008477040406067818,0.0008477732252450421,0.6485327670762515,0.20525239007659238,0.027038295730226466,0.1140903685586582,0.0008476888336956591,0.0008476695246177481
doc66,0.04581843342195322,0.0002882646593797377,0.00028823408497078627,0.3275107767208898,0.6246529778840744,0.00028825875453332526,0.00028826796552940365,0.0002882725672509223,0.00028826998964208943,0.00028824395177632034
doc67,0.0008929032675759321,0.0008929376510308871,0.9919635867343,0.0008929416268357473,0.00089294881770987,0.0008929349645284439,0.0008929209135283042,0.0008929647556330876,0.0008929565136516782,0.0008929047552061119
doc68,0.0008929032675759321,0.0008929376510308871,0.9919635867343,0.0008929416268357473,0.00089294881770987,0.0008929349645284439,0.0008929209135283042,0.0008929647556330876,0.0008929565136516782,0.0008929047552061119
doc69,0.0019236686461603797,0.001923532761907237,0.0019233976448428329,0.0019233590487519972,0.0019233575915205963,0.0019232737342034893,0.7802607491431929,0.0019238559741306296,0.204351153745069,0.0019236517102209534
doc70,0.0019235760670084292,0.0019235134227213282,0.0019233694987690363,0.8953944428299961,0.001923549041358959,0.001923955036498534,0.001923520906027084,0.0019235762091994266,0.001923706566880254,0.08921679042154096
doc71,0.002000219784291931,0.30819523145890854,0.0020001964709403398,0.5406072721210395,0.0020005522359903094,0.13719500703717394,0.0020004559114494926,0.002000503661779101,0.002000319417079028,0.0020002419013478356
doc72,0.0008622127780655481,0.13988140081457823,0.0008623541737486526,0.0008623281742200459,0.22423052395709295,0.000862308105859874,0.041266916497419204,0.0008623114324462853,0.4549010127746411,0.13540863129192815
doc73,0.000813228826673282,0.0008132037846833895,0.000813650320550506,0.16427319315800973,0.0008132707543721438,0.05793362194937022,0.000813166866793593,0.000813181034457845,0.7721003233161383,0.0008131599889510308
doc74,0.0022229815249955797,0.25889976806495163,0.0022227902581604506,0.33122617836351975,0.002222808470957327,0.002222818714859773,0.0022236996348464905,0.002222924616255178,0.3943134842482935,0.0022225461031603238
doc75,0.0011769004490145482,0.21205134813530063,0.001176586487730632,0.7785341747358142,0.0011769068399223278,0.0011767998966487083,0.0011767492643712295,0.0011769223102879908,0.0011769172114210451,0.0011766946694886182
doc76,0.0011112994592123663,0.36555921847325673,0.0011111891752832706,0.13805874717650304,0.0011113755623443008,0.0011113848181333694,0.0011113571094599295,0.24491078351701223,0.0011114072928587473,0.24480323741593588
doc77,0.24957070424384545,0.0017245558783611622,0.0017243188920348588,0.0017244123719987244,0.0017245476143804071,0.0017243169096509171,0.7366338340622314,0.0017243914877061836,0.0017244863472128662,0.0017244321925780639
doc78,0.000775317906660899,0.3620351329762589,0.0007753260831711205,0.6317617797632178,0.000775455381103483,0.0007753935366449481,0.000775351766134843,0.0007754733769192351,0.0007754221752423903,0.0007753470346461836
doc79,0.0005556745981490259,0.34818492128861733,0.0005556911127181128,0.0005557324272166633,0.0005556880508567839,0.0005556805852296333,0.0005556516165467902,0.0005557361644292478,0.5772234920351599,0.0707017321210766
doc80,0.0017249046405814004,0.21740336942897315,0.001724390830612851,0.6467795504640128,0.0017244919809324033,0.12374496162956715,0.0017245207264727329,0.001724616698907315,0.0017246258276423785,0.0017245677722977464
doc81,0.002632303524875318,0.17192808462161227,0.0026325484863905864,0.0026321491997069704,0.31235820287083116,0.0026320556640687235,0.25411357657212985,0.0026321011537776533,0.24580643840673083,0.0026325394998764793
doc82,0.0009176125847381588,0.40722952544596613,0.0009176031698224362,0.4030557684199742,0.0009177488921144819,0.0009176997994651868,0.0009176823012556188,0.0009175907084283753,0.18329110580968147,0.0009176628685538908
doc83,0.451528947191287,0.12606839647964116,0.001754587554487001,0.0017548958250581774,0.001754870747051965,0.0017548606021976594,0.0017547181268292723,0.22875433301036477,0.18311972470469523,0.001754665758387789
doc84,0.0012989700166396033,0.8586938336268936,0.13091385936953423,0.001299211243411704,0.0012991234323900419,0.0012989449485462817,0.0012989738714597827,0.0012990445066571293,0.001299025537095835,0.0012990134473718357
doc85,0.0007248544056440423,0.2703455463463514,0.0007247493674222496,0.3903822951132609,0.12158017526199356,0.0007247941670101242,0.0007247877718957725,0.08489825531654129,0.12916969077219465,0.0007248514776859833
doc86,0.001961350519451743,0.23472208706893252,0.001961086917397204,0.14952844880149035,0.1305385931594385,0.001961155755221754,0.0019612971489660646,0.0019612026512640193,0.34314695026764414,0.13225782771019365
doc87,0.001351624807379307,0.245535855191334,0.0013515210328674085,0.19560443787853052,0.1497775147776505,0.0013516410452709539,0.0013515880007253377,0.00135172844964794,0.15265976459556516,0.24966432422102874
doc88,0.0019613109102674955,0.3250337832720396,0.001961036810018588,0.4124151537332964,0.0019610672168381975,0.09471321093286918,0.0019611727385083298,0.00196128461531039,0.001961524509024985,0.1560704552618268
doc89,0.0011906481216785979,0.13992416572658573,0.001190719836062714,0.5030846467542209,0.0011908765201118325,0.0011908500325071196,0.0011908730385921664,0.24840849156707265,0.10143783846028473,0.0011908899428834851
doc90,0.001562786479468308,0.0015628656963730212,0.2504317511825538,0.32287760973305385,0.0015629259129120263,0.3265758796172438,0.00156303121167532,0.001562824486680593,0.09073750347884336,0.0015628222011958956
doc91,0.0006411988620714652,0.14877044563626118,0.0006411093558799288,0.0006412103950637141,0.0006412237789251938,0.0006411329575553553,0.000641234007690583,0.0006411871086806192,0.8461001707364217,0.0006410871614502023
doc92,0.0006803938776834093,0.0006804836463062445,0.0006804887645859858,0.993875799058996,0.0006805009964354948,0.0006805124355792464,0.0006804027595973117,0.0006804760855990009,0.0006805358590277947,0.0006804065161896949
doc93,0.21224052871951876,0.4094117135049729,0.039931928706278784,0.23131099550337825,0.0006624798966196734,0.03979372353005835,0.06466137316470709,0.0006624206865290694,0.0006624068868627419,0.0006624294010742753
doc94,0.0007814803105740966,0.0007814265125754111,0.018641763701961075,0.8395965534355554,0.0007815251398004582,0.04104600639473137,0.0007814068256679363,0.0007814263756310853,0.09602699164272237,0.0007814196607807678
doc95,0.0005495694363556147,0.0005495654510951101,0.0005495301424305736,0.0005495503361329026,0.0005495567190148636,0.9950540620592002,0.0005495371210417172,0.0005495570690883746,0.0005495576019979084,0.0005495140636425854
doc96,0.3001554239537409,0.005264897764907193,0.005263727420292169,0.4338705364082424,0.005264473542233294,0.005263995586275603,0.005263823920248878,0.22912343131114074,0.005264705635266568,0.00526498445765211
doc97,0.0004406254230499864,0.0004406410588776678,0.00044059434831000924,0.00044061480572469663,0.0004406567682399171,0.0004406006749576787,0.9662326962848882,0.0004406780697907049,0.030242232175313927,0.0004406603908472688
doc98,0.0008406145978194127,0.0008404988624459252,0.0008404159945672121,0.000840565625690092,0.563190327045009,0.3552844945370645,0.03609425326574838,0.0008405209037994398,0.040387820194234834,0.0008404889736211673
doc99,0.0014709457552213967,0.3546266410487358,0.0014707727775813003,0.0014709974788994905,0.38332868581082996,0.001470869287948005,0.0014708001369114158,0.07798683265253148,0.0014708798453009328,0.1752325752060401
doc100,0.22411463585369798,0.0005129401561512762,0.0005128879637986734,0.000512955038577212,0.23473006972386845,0.3490211740568361,0.0005128903181286311,0.0005129818546439389,0.18905658154735308,0.0005128834869447157
doc101,0.1631842417741942,0.37742806703484333,0.0009092537281635843,0.17413700401600737,0.16527030231300097,0.11543379199039422,0.0009093229375363791,0.0009093427149466076,0.0009093987005546445,0.0009092747903586872
doc102,0.0014709603065109229,0.0014709198685531554,0.0014715430999132388,0.37219096661576884,0.0014709971101422765,0.001470918866347279,0.0014709423819088939,0.0014708918968650458,0.3396953684541092,0.27781649139988124
doc103,0.0004695803893883828,0.03596279613078901,0.0004695186305985317,0.0004695676596438114,0.000469646481313883,0.00046961585606686165,0.0004695662413328041,0.9602805187446607,0.0004696242147250385,0.0004695656514808753
doc104,0.2778407379160193,0.5638563733425372,0.0008131836201849319,0.0008132621568118544,0.1526104766165542,0.0008131667505090726,0.0008132240799949401,0.0008132150493798587,0.0008132267679066325,0.0008131337001020786
doc105,0.0014495640809142473,0.4566164221845208,0.0014495176230859424,0.2647820502834389,0.0014496410125526694,0.0014495254167323998,0.0014496511796456694,0.0014495695650406516,0.0014497636077064706,0.26845429504636237
doc106,0.0033342053198769325,0.0033343323719969343,0.003333823849543435,0.0033345071886076807,0.24381009978326482,0.19670123865320804,0.5031189673504297,0.0033342820387593365,0.03636412527338509,0.00333441817092811
doc107,0.00037742664646119863,0.0003774682032406576,0.0003774354898952785,0.00037741199867244316,0.00037743765097485106,0.00037749050989729324,0.0003774355487476068,0.0003774736996124421,0.9966029807326704,0.0003774395198277119
doc108,0.000854871368305965,0.5560155170997986,0.000854793368222885,0.0008549872330398411,0.19430332638077488,0.0008549395359617407,0.0008548217920863033,0.0008548360751743495,0.17137453137583994,0.07317737577079561
doc109,0.0010104057562068192,0.22822723047343235,0.0010103776555241682,0.16436398375344227,0.19907464003450176,0.0010103176873063246,0.0010103002444621081,0.001010311397139357,0.40227210167866384,0.0010103313193210066
doc110,0.0007144278697279213,0.0007144644226864804,0.0007145483519164466,0.0007144465307324404,0.0007144321409807758,0.04865697731316366,0.000714516306668534,0.0007144163484676756,0.945627285689066,0.0007144850265900902
doc111,0.0003413802491102109,0.000341401226695173,0.00034146253490115804,0.24729305159004863,0.6962623280025599,0.0003414123158789939,0.0003413959009563455,0.044342144315841596,0.010054053888331168,0.0003413699756767499
doc112,0.0025653226695426983,0.8802476801140183,0.0025642362740721895,0.002564794524646762,0.002564852076850322,0.002564662710093134,0.002564307190952389,0.002564378500895615,0.0992346994063318,0.0025650665325967943
doc113,0.0015391583377319625,0.5279926155910596,0.0015385769129485608,0.08612592705697396,0.0015389726629841617,0.0015389839159075935,0.001538789443590714,0.001538952384629054,0.37510926917478765,0.0015387545193866936
doc114,0.0007196847549027688,0.7976680038485197,0.0007195133826522197,0.0007195745758470623,0.0007196604835905234,0.11114544664160449,0.0007197430212031588,0.0007195792726731462,0.000719658002125506,0.08614913601688133
doc115,0.4815745475858434,0.05627649565532917,0.001961056781268146,0.0019611908148215343,0.001961461557295519,0.0019611371820768054,0.001960994763306655,0.44842080310054744,0.0019613776474078086,0.001960934912103452
doc116,0.002858221186210721,0.2321970245249083,0.00285765288146792,0.1087105697764058,0.4441470142230209,0.002857763825264765,0.0028573769685355825,0.19779838650361117,0.002857887075115011,0.0028581030354599187
doc117,0.598114671600672,0.0027785948212246023,0.07275635449149667,0.002778260530945901,0.30967838890957783,0.002778806504128851,0.002779181241629135,0.002778574081101887,0.0027784892093198196,0.002778678609903325
doc118,0.00204152790179616,0.00204172067386534,0.00204139382723439,0.002041237927529708,0.5213953285355611,0.0020410378283046786,0.0020419785997875567,0.0020415467691451703,0.4622726165096537,0.002041611427122272
doc119,0.0007043903781514471,0.11612365693845017,0.0007043581186023159,0.14129167491710815,0.31903175324604605,0.020236803287217348,0.0007044517006250082,0.29717443700416696,0.10332413398594717,0.0007043404236852963
doc120,0.0034490953420490095,0.00344887954887189,0.0034488574586329073,0.003449549710944461,0.0034495832380474225,0.3440121781611369,0.6283954043551634,0.0034485065719301994,0.0034492375646983015,0.0034487080485255646
doc121,0.00023985273848789622,0.00023986691549615193,0.00023985198158435247,0.9978413157706342,0.00023986888773927287,0.00023984179972271096,0.00023984902201852157,0.00023985742516173194,0.0002398511229679802,0.0002398443361873504
doc122,0.0013335979748166755,0.0013336080483325424,0.0013335165997166204,0.421943192965787,0.001333722062644269,0.0013336917067259062,0.44202617133830363,0.12669483700761078,0.001333755958760626,0.0013339063373019578
doc123,0.0009091798259573907,0.0009091549041748715,0.9918170944889642,0.0009092164670420055,0.0009091909018361544,0.0009092306696069292,0.0009092417735918397,0.0009091900418610584,0.0009092131335779721,0.000909287793387589
doc124,0.0009091798259573907,0.0009091549041748715,0.9918170944889642,0.0009092164670420055,0.0009091909018361544,0.0009092306696069292,0.0009092417735918397,0.0009091900418610584,0.0009092131335779721,0.000909287793387589
doc125,0.0017549174777174877,0.0017549055084524002,0.04250844656658317,0.0017546711362356883,0.0017547197636845477,0.0017547335520064706,0.001754698780418001,0.2700047151593469,0.6752033296394797,0.0017548624160755564
doc126,0.001333809348249768,0.29801829365129084,0.0013336713127246897,0.001333672637033907,0.0013337208850618839,0.1609367125080334,0.0013336036660995772,0.5317091092213997,0.0013337691386394834,0.001333637631466934
doc127,0.28024331215343334,0.7057181775259513,0.0017546156739886264,0.001754971670046476,0.0017547924535371066,0.0017548142847930326,0.001754896186074309,0.0017549741892519822,0.0017548186497994825,0.0017546272131242584
doc128,0.25706444567084274,0.0020413340377101186,0.0020411820871276735,0.0020413732849281323,0.0020414409731778563,0.1376084149042735,0.002041110429436639,0.4562405156494831,0.13683874335580964,0.002041439607210668
doc129,0.0013161637745515748,0.0013160525417898299,0.001315981020673285,0.0013160307589905036,0.0013161051017402544,0.0013159665775412217,0.34654633562868575,0.0013160384981814484,0.5818022590687274,0.062439067029118736
doc130,0.001695089337941903,0.001695209191314933,0.0016955147647008749,0.9847427425785771,0.001695240223013229,0.0016954378816100466,0.001695280123735164,0.001695185760677957,0.0016952052847832276,0.0016950948536456256
doc131,0.991508139976206,0.000943649199668938,0.0009434855595329996,0.0009435555503791842,0.000943608076247006,0.0009434764136038841,0.0009434663209543699,0.0009435742987776318,0.0009435194587412727,0.0009435251458884258
doc132,0.001220020997389969,0.2742730289543679,0.0012196363097553495,0.5860403091192368,0.0012197927531115396,0.13114764224533304,0.0012201887449208285,0.0012198572138210474,0.0012197901330683056,0.0012197335289952612
doc133,0.001205102631536245,0.08870107266588045,0.0012051018204961039,0.0012050766945897215,0.001205064288342509,0.07248229986310323,0.6516541743665843,0.0012051641123387996,0.0012051362809075694,0.17993180727622118
doc134,0.49131318228179016,0.0010641280641579302,0.0010639444775204215,0.18804897081816574,0.001064124276612548,0.10698115458420197,0.0010640372786783793,0.00106415600539231,0.2072721997864954,0.0010641024269852778
doc135,0.0008066478943872255,0.49057368979031796,0.07529303747789536,0.16308872400896646,0.0008066312736706296,0.0008066166986312294,0.0008066165934020553,0.26620478440576373,0.0008066303958849599,0.0008066214610804287
doc136,0.001562687788183558,0.0015630432108317215,0.0015628282743935919,0.7037211386011997,0.0015628925361847882,0.0015630323532450827,0.0015629122441333356,0.0015629121056776973,0.2837756851104198,0.001562867775730791
doc137,0.0012051419365563568,0.0012051695937998176,0.0012049843347176972,0.0012052089072540379,0.001205191320802919,0.0012051996386809346,0.0012052039370838096,0.08669849885497875,0.9036601925808264,0.0012052088952992151
doc138,0.0014929577792136069,0.001493074160286919,0.0014926844301494228,0.22411678837361887,0.0014930617894841052,0.0014931061566258344,0.606968337604614,0.0014927422978573976,0.0014928897040124307,0.1584643577041375
doc139,0.001123868278514125,0.10600872357220956,0.0011237436149749507,0.20790760171558575,0.001123946485505322,0.2629667666572325,0.001123825245666543,0.1430673881387322,0.2744302756056391,0.0011238606859397956
doc140,0.0022730746955416346,0.0022731778271011206,0.002272913088675229,0.9157977619033384,0.0022733632394357295,0.002273344263376831,0.002273541748863838,0.0022728713759765915,0.00227316101509204,0.06601679084259879
doc141,0.0012822733000690315,0.4993169837238396,0.06978821510829468,0.42191879869547916,0.0012822628745500332,0.0012821918968634095,0.0012823914071024784,0.0012823070843642594,0.001282306026161905,0.0012822698832752803
doc142,0.002000219784291931,0.30819523145890854,0.0020001964709403398,0.5406072721210395,0.0020005522359903094,0.13719500703717394,0.0020004559114494926,0.002000503661779101,0.002000319417079028,0.0020002419013478356
doc143,0.0011112994592123663,0.36555921847325673,0.0011111891752832706,0.13805874717650304,0.0011113755623443008,0.0011113848181333694,0.0011113571094599295,0.24491078351701223,0.0011114072928587473,0.24480323741593588
doc144,0.0013160111852049783,0.6259868334752278,0.0013159988725206754,0.36348435170465687,0.0013160362891966669,0.0013162857056153133,0.001316083457544119,0.0013161635623506111,0.0013161091511159333,0.0013161265965671342
doc145,0.0011114903853124327,0.001111506603176855,0.23467020008908632,0.001111448977484187,0.6907710590407017,0.0667785302566572,0.0011113920692062333,0.0011114566408027466,0.0011114813520609161,0.0011114345855115016
doc146,0.001470755026099712,0.0014707603614284468,0.0014710380620888927,0.9867616357609599,0.0014708504544518142,0.001470836553737942,0.001471767242359093,0.0014708012766721588,0.0014707775987012513,0.001470777663500717
doc147,0.0004926626983232114,0.0004926747567846726,0.0004926714561829357,0.0004926852507987257,0.0004926806568946541,0.9955659812518542,0.0004926501038919752,0.0004926797257241529,0.0004926659499792399,0.0004926481495661059
doc148,0.24957070424384545,0.0017245558783611622,0.0017243188920348588,0.0017244123719987244,0.0017245476143804071,0.0017243169096509171,0.7366338340622314,0.0017243914877061836,0.0017244863472128662,0.0017244321925780639
doc149,0.0012662003868458645,0.3734577389950729,0.03511451400640398,0.0752930513504269,0.0012661882213587125,0.0012660942023781875,0.0012660576430861103,0.06222271854372941,0.18868720917653523,0.2601602274741626
doc150,0.0009348719010946355,0.0009348567308864074,0.0009348158739861408,0.0009348630550645732,0.37786531483340235,0.178264407010886,0.0009348243295173589,0.2947338107165979,0.14352740524620528,0.000934830302359346
doc151,0.0020837286117439038,0.08231350748014644,0.0020836804057746895,0.7737699487942173,0.12933009383628688,0.0020840118972842788,0.00208369662597408,0.0020838987444678596,0.002083846128956986,0.002083587475147644
doc152,0.0023811677963372028,0.002381800075500793,0.0023812624454096366,0.5040829952820861,0.0023816903778443744,0.0023814203083010123,0.002381383232544382,0.002381605548627283,0.0023818429948093624,0.47686483193853973
doc153,0.003226665589959097,0.003226836515345378,0.0032270086628867676,0.0032261595219178923,0.0032265038572788303,0.0032267070640412997,0.0032265315065340343,0.003226677355015729,0.9709595747610998,0.0032273351659210863
doc154,0.0015628014913132433,0.31856047709649665,0.00156281567873755,0.26543800468189854,0.0015628372919033937,0.001562793488662739,0.0015627242760014857,0.0015628797585815356,0.40506199653099983,0.0015626697054049628
doc155,0.002083884561674031,0.0020839090410963036,0.002083683264195661,0.1663247631776834,0.0020839065184425627,0.0020840804958690154,0.0020839512927329044,0.2566134436557786,0.002084161139630172,0.5624742168528973
doc156,0.0019236686461603797,0.001923532761907237,0.0019233976448428329,0.0019233590487519972,0.0019233575915205963,0.0019232737342034893,0.7802607491431929,0.0019238559741306296,0.204351153745069,0.0019236517102209534
doc157,0.24543328958683525,0.0012349647840069731,0.0012348376444130448,0.1542486408795359,0.053758550222158676,0.0012349819196086525,0.5391500370332846,0.0012348345674483186,0.001235006953657566,0.0012348564090510156
doc158,0.0022232593261852125,0.00222329544142374,0.0022224541599306278,0.9799947018358268,0.0022229069304798344,0.0022227503536259297,0.0022224802090795455,0.002223099550694407,0.0022224303157440304,0.0022226218770098247
doc159,0.0012990510157799677,0.0012992528241658394,0.0012990952056957546,0.881448918525994,0.001299256985152497,0.0012991393569913095,0.0012992700961463079,0.10815769565424349,0.0012993477046046393,0.0012989726312259131
doc160,0.00037185362325986847,0.0003718482680913245,0.00037178168048097805,0.00037184857897257104,0.0003718603422485833,0.0003718686235141206,0.00037178718416057627,0.00037182062799723085,0.9966534982825769,0.00037183278869775934
doc161,0.0012198852450480524,0.001219820430509299,0.0012198993816874175,0.0012198957949759528,0.078938482680236,0.001219859390854665,0.6017307940920079,0.0012198742664871962,0.21431684974567994,0.09769463897251363
doc162,0.0004630956839495471,0.07007467964366323,0.0004630431385495764,0.0004631031178781357,0.9262207489626036,0.00046308888230644205,0.00046302474969448144,0.000463088588267938,0.0004630767384700067,0.000463050494617124
doc163,0.0008931755478071856,0.0008930588071504223,0.0008930506773501659,0.0008931208360260755,0.000893082245372219,0.07146209882716281,0.0008930497379928994,0.0008930506463001333,0.5493067061327379,0.3729796065421002
doc164,0.0009436505912153954,0.0009435950527672348,0.000943543335329012,0.0009436307254181071,0.000943692469915133,0.0009436007947877768,0.0009436591754137476,0.7826672207091717,0.20978375916205483,0.0009436479839270304
doc165,0.00043482379905672485,0.00043486270750677837,0.0004348392614214042,0.0004349079146985808,0.00043488568121091616,0.0004348625696994213,0.8794858679055424,0.0004348540148972507,0.11703524171546104,0.0004348544305054962
doc166,0.00039376487183533814,0.6023623547839587,0.00039375774955397217,0.00039378526445825663,0.00039378327410883414,0.00039375493540578724,0.00039374806344718796,0.00039375092935383337,0.3944875236911959,0.00039377643668218247
doc167,0.0005377319077362792,0.0005377386651506089,0.0005376970174331634,0.0005377670084198302,0.0005377361384445799,0.0005377060980269859,0.0005377192925065399,0.0005377255034549065,0.0005377612057652702,0.9951604171630619
doc168,0.0019236331903466205,0.18199670585464692,0.05268642367699209,0.25099570482627104,0.001923462450778672,0.0019239410934529715,0.0019234677185478327,0.0019235083307090257,0.20934417229983535,0.2953589805584194
doc169,0.15021255407617315,0.507934311054309,0.0009091608703383112,0.06736167584465151,0.0009092885181404581,0.000909234081678786,0.0009092599407501691,0.14884104245754892,0.0009093418555111458,0.12110413130089849
doc170,0.0009902976503100632,0.1069009824756458,0.0009901720378898806,0.1909678496706043,0.2257450797757768,0.05979919165721515,0.0009903591305628374,0.0009903859216823015,0.12140736941905782,0.2912183122612551
doc171,0.005001362560612127,0.005001030997492497,0.0050003911576099415,0.2971754634249413,0.55651160731195,0.005001056714182018,0.11130633628521314,0.00500032598916161,0.00500114802227318,0.0050012775365641405
doc172,0.0010311665773620263,0.001031119094925241,0.06486884162222636,0.0010312636594512815,0.4303723726807933,0.04978665153863565,0.07346307228092674,0.3763531004814932,0.0010312348928210565,0.001031177171365162
doc173,0.07023835864408287,0.10918188306727972,0.0012347140158377346,0.5118884812411447,0.001234783247107264,0.11499613977118658,0.0012349223499233102,0.0012348667687625847,0.0012348999855798426,0.18752095090909532
doc174,0.10375320534887979,0.0009711234115735747,0.0009710141986039385,0.0009711924063833561,0.6772493407402749,0.06254047736611017,0.08385981069233094,0.0677414649325714,0.0009711780461809505,0.0009711928570910421
doc175,0.0007196197117323395,0.0007196990980845001,0.0007194993901025978,0.18180590666324642,0.6118047976137463,0.0007195987788537273,0.0007196530698321338,0.000719656147164123,0.20135198230352452,0.0007195872237132678
doc176,0.0005526314684956887,0.25291776262759846,0.0005525986542112555,0.5987448274795265,0.000552628915181715,0.0005526391585637826,0.0005526041626432825,0.000552646971667023,0.0945775986439474,0.05044406191816468
doc177,0.0008929215186594473,0.000893017005837922,0.9785429046956741,0.0008929272829103292,0.0008929258800679496,0.0008930182271415885,0.0008929068164718092,0.014313531695813543,0.0008929413547063555,0.0008929055227169655
doc178,0.0008929215186594473,0.000893017005837922,0.9785429046956741,0.0008929272829103292,0.0008929258800679496,0.0008930182271415885,0.0008929068164718092,0.014313531695813543,0.0008929413547063555,0.0008929055227169655
doc179,0.0015155315688055427,0.7420237826433552,0.001515401471380139,0.0015155907725113598,0.001515561883500247,0.0015155368132426768,0.0015154091714864608,0.0015154645722697691,0.0015155594522261325,0.2458521616512223
doc180,0.0015628509051255177,0.11453046558793557,0.0015625884839391671,0.0015627482346778905,0.0015629074791213028,0.2306386062884516,0.0015628948547435249,0.00156278209229125,0.6438914166005245,0.0015627394731897613
doc181,0.0006494420870069631,0.0006495205881405339,0.0006494483861529857,0.2366885871041673,0.6170561432604368,0.0006495030623397952,0.0006494981413336233,0.000649561652327593,0.14170877076188482,0.0006495249562095309
doc182,0.08116567877961203,0.8464224045673849,0.00036117094743305287,0.0003610784979735878,0.0003610961836526167,0.0003611163737054992,0.00036107259319409366,0.03278868492669626,0.00036108213063123465,0.03745661499971683
