,topics0,topics1,topics2,topics3
doc0,0.005822917448305173,0.6270697299331096,0.36640491029422434,0.000702442324360938
doc1,0.0004917852036441695,0.0004917991437517854,0.9123687731054269,0.08664764254717718
doc2,0.0019090104291485184,0.2853926353585578,0.7107895946108723,0.0019087596014213351
doc3,0.07892711696673997,0.07258982936005284,0.32590206578675035,0.5225809878864568
doc4,0.0019845569528973033,0.0019847438509627024,0.99404617746462,0.001984521731519962
doc5,0.0024159227905640366,0.6494666033413936,0.0024158843980867923,0.3457015894699555
doc6,0.00365061061426871,0.0036510014333575465,0.9890474565451357,0.0036509314072380437
doc7,0.0019087701418430843,0.9942734937488708,0.0019088596644925204,0.0019088764447936233
doc8,0.052445882725332155,0.9459839315620958,0.0007851077127036362,0.0007850779998684551
doc9,0.2653704527814444,0.5782714949462722,0.0009769694223402995,0.15538108284994306
doc10,0.7520705582252315,0.24646281372069154,0.0007332778421619005,0.0007333502119151097
doc11,0.0006926664423131356,0.7910019357854575,0.07468290608263536,0.13362249168959384
doc12,0.0008899885818686804,0.0008899763806698098,0.2136102858778216,0.7846097491596399
doc13,0.0009401185882331092,0.0009400429990295062,0.0009400347902727503,0.9971798036224646
doc14,0.0009401185882331092,0.0009400429990295062,0.0009400347902727503,0.9971798036224646
doc15,0.29624569010973417,0.38001057259668086,0.259396322381114,0.06434741491247097
doc16,0.8338030291671021,0.12762231249079176,0.0006832999646824332,0.03789135837742371
doc17,0.0020665387400064005,0.3945121405525649,0.6013548690074538,0.002066451699974808
doc18,0.0012599030355749487,0.45860181559892105,0.30315735694820245,0.23698092441730165
doc19,0.001213987586292034,0.6976309368058943,0.0012139049256550266,0.2999411706821586
doc20,0.16267843572317586,0.4623843216413014,0.3745086525696639,0.0004285900658588805
doc21,0.0013092571991838295,0.3512215612154947,0.6461600796184489,0.001309101966872575
doc22,0.0018731564553665606,0.8017686974418107,0.19448512258120867,0.0018730235216141877
doc23,0.34462728895681155,0.4024039873580834,0.25105963492709077,0.0019090887580143522
doc24,0.0004800001214766213,0.5870308799900489,0.00047997374116043426,0.41200914614731404
doc25,0.001506407987420818,0.9954807152154551,0.0015065633961314313,0.0015063134009926274
doc26,0.11235888881544775,0.6343032335986296,0.0011577345186183654,0.2521801430673044
doc27,0.000976865953705986,0.0653509738447734,0.3034982653529508,0.6301738948485698
doc28,0.7065984929424525,0.29175342906771146,0.0008240568628937597,0.0008240211269422016
doc29,0.33088374376113305,0.6121121590034038,0.0013628409078434089,0.055641256327619765
doc30,0.0005870388244870169,0.0005870138210780634,0.0005870008495715011,0.9982389465048634
doc31,0.04004896342808502,0.7836317851319923,0.0005607394202502927,0.17575851201967246
doc32,0.2925902080005735,0.700108901842153,0.003650519672648812,0.0036503704846245514
doc33,0.001577592267600704,0.34108761785352976,0.057243123195458274,0.6000916666834113
doc34,0.42960204790275497,0.0003444592020149559,0.5697090308835886,0.00034446201164142347
doc35,0.16792228355323469,0.7389662431646514,0.0008592795142859505,0.09225219376782803
doc36,0.0013626232314499348,0.9959116098327493,0.001362830128280183,0.0013629368075205853
doc37,0.4597280633281792,0.3294880629977953,0.2102232000452553,0.0005606736287700634
doc38,0.15230195865565424,0.23288874842690255,0.6138323905923728,0.0009769023250703606
doc39,0.0007124782882361282,0.2496918431472073,0.7488832131257388,0.000712465438817706
doc40,0.7519044319615107,0.0010710763218894207,0.2459534751322841,0.0010710165843157873
doc41,0.22642601106187024,0.0015063709281083794,0.7207212670730069,0.05134635093701451
doc42,0.1336194682751878,0.002538784315140708,0.3703399576437147,0.4935017897659568
doc43,0.792126343674881,0.20438844342874643,0.0017426578390635967,0.001742555057309007
doc44,0.1116139787165985,0.7236975578643301,0.1642387032460414,0.0004497601730298724
doc45,0.13260097798969156,0.0014623733866344852,0.38849130949261124,0.47744533913106263
doc46,0.0008106607005831533,0.34043249040738427,0.6579462564435632,0.0008105924484694553
doc47,0.1979002910423341,0.001171342096731891,0.368931736698544,0.4319966301623899
doc48,0.0010595077264398277,0.001059562574679106,0.9257365668622687,0.07214436283661237
doc49,0.13148404902801442,0.6642112541334724,0.20249909424791668,0.0018056025905965607
doc50,0.004099056524180724,0.6489525602696673,0.12464990448250607,0.22229847872364603
doc51,0.9588334457140085,0.0009673759189751112,0.000967420704036999,0.03923175766297949
doc52,0.004674170578835566,0.6698682849509165,0.004674141409808086,0.32078340306043984
doc53,0.7644570320805086,0.0011576905404344618,0.23322764253425635,0.0011576348448006704
doc54,0.0010823782224606592,0.0010824216594766056,0.00108246081006922,0.9967527393079936
doc55,0.0010823782224606592,0.0010824216594766056,0.00108246081006922,0.9967527393079936
doc56,0.03831935008008533,0.2980155776724175,0.5069957060939818,0.15666936615351545
doc57,0.35543678904478254,0.3489548581063686,0.2944372103937537,0.0011711424550950797
doc58,0.0016028330762905096,0.001602896039460408,0.9951914505923106,0.0016028202919385443
doc59,0.0016838868945282615,0.5823154205227093,0.3846622629252608,0.03133842965750165
doc60,0.0014412158039232002,0.21192209963083536,0.7851952729480214,0.0014414116172199573
doc61,0.59389262266465,0.09632084199835636,0.308459916126291,0.0013266192107025876
doc62,0.03043949410067159,0.0005545090488882755,0.2769346660527975,0.6920713307976425
doc63,0.010641025257424998,0.010642036669955154,0.4481072935700787,0.5306096445025412
doc64,0.0032901133029405827,0.9901301323940468,0.0032899674739872453,0.003289786829025342
doc65,0.6017148546804093,0.001344455109678107,0.39559620717427196,0.0013444830356406797
doc66,0.5888402980464796,0.026217984092586008,0.38454229047003213,0.0003994273909022413
doc67,0.0023590966729295487,0.4943521439388982,0.5009299892843945,0.002358770103777737
doc68,0.5611052401196016,0.12216775579331299,0.0006694639957608831,0.31605754009132464
doc69,0.4920770517361177,0.0009769127006033678,0.5059691647966346,0.0009768707666443827
doc70,0.0880503431003057,0.17497304355554372,0.735594839378906,0.0013817739652446108
doc71,0.0012288627905867526,0.34298238999016467,0.6278478740442784,0.027940873174970283
doc72,0.0010485320443134932,0.09338930756443947,0.15444988172272966,0.7511122786685174
doc73,0.05123808787754528,0.24165100270668177,0.060971476901117504,0.6461394325146556
doc74,0.002825554667995362,0.0028256900449966722,0.5984333239069928,0.39591543138001517
doc75,0.0005870388244870169,0.0005870138210780634,0.0005870008495715011,0.9982389465048634
doc76,0.000922769356781976,0.8628498275063223,0.07240667125789584,0.06382073187899996
doc77,0.3759984411460531,0.622172937100854,0.0009142680594037549,0.0009143536936892762
doc78,0.9112127410892266,0.08329136438666392,0.0027479391890312924,0.0027479553350781925
doc79,0.7448157695295522,0.25430453321678925,0.000439851513633699,0.0004398457400248332
doc80,0.0007387352221363158,0.8164599060688177,0.1820626576020922,0.0007387011069537887
doc81,0.0006478129339849726,0.05921541799321044,0.000647832959491942,0.9394889361133127
doc82,0.4088342290772214,0.15788285713691866,0.43179878412151224,0.001484129664347636
doc83,0.0016030706977500967,0.6085622847910638,0.001602924133366333,0.3882317203778198
doc84,0.4322276460032393,0.11211201622708981,0.4550555781182077,0.0006047596514630975
doc85,0.35351684725918936,0.31728509544572353,0.32810369515247206,0.001094362142615063
doc86,0.7442942839967913,0.002908148559426218,0.0029081466449554687,0.2498894207988271
doc87,0.001131492187833022,0.5066724475938007,0.49106468012543825,0.0011313800929279574
doc88,0.24562422122038552,0.19796182299790982,0.37653761221878024,0.17987634356292442
doc89,0.18564519784308586,0.0009865218761403833,0.372011901701112,0.44135637857966176
doc90,0.00046653944142613845,0.391369673892294,0.6076972319011971,0.0004665547650828813
doc91,0.7683069940332204,0.2299289049436551,0.0008820886305881507,0.000882012392536377
doc92,0.5493561376772037,0.4474376893051362,0.0016030187473380579,0.001603154270321992
doc93,0.46426975189155034,0.0008668403619076278,0.5339963841491103,0.0008670235974317411
doc94,0.0010595562580613914,0.0010595769873421347,0.9968213482028245,0.0010595185517719714
doc95,0.7070691739644656,0.2888810988359355,0.002024941880907107,0.002024785318691941
doc96,0.0006197469927408601,0.0006197845568540352,0.7222120181605041,0.276548450289901
doc97,0.9159981559061893,0.0807433454078368,0.0016294456836485828,0.0016290530023252234
doc98,0.23981370900431387,0.6437477213314752,0.00080405733752821,0.1156345123266828
doc99,0.24362987499978703,0.7517606176646582,0.002304759151198622,0.0023047481843562743
doc100,0.2711556353077083,0.593989673155801,0.001016502729651602,0.13383818880683898
doc101,0.000958108761098426,0.0009580010779053238,0.0009579522098262169,0.9971259379511701
doc102,0.000958108761098426,0.0009580010779053238,0.0009579522098262169,0.9971259379511701
doc103,0.18505299617147083,0.8130844104548381,0.0009313639433136586,0.000931229430377376
doc104,0.15552354868946333,0.5902256558465621,0.18442466483294437,0.06982613063103027
doc105,0.0008743204610883325,0.14456966255609174,0.853681729092693,0.000874287890126815
doc106,0.3950446175678339,0.002359298019618133,0.4841831982829181,0.11841288612962998
doc107,0.41537633139996466,0.001094421586956617,0.5824348403779054,0.0010944066351732003
doc108,0.0016839775276485823,0.8642788770649894,0.13235337253191212,0.0016837728754498787
doc109,0.8594864565983132,0.0807703887482007,0.05908250291410638,0.0006606517393796774
doc110,0.0008105233465822863,0.9975684517490354,0.0008105539706181465,0.000810470933764095
doc111,0.16634268629728444,0.4694837254515787,0.36292949621714077,0.0012440920339960406
doc112,0.2867319198129887,0.5821771766608498,0.1299593780374872,0.001131525488674518
doc113,0.001185211847066162,0.29749381161830657,0.6500379211204638,0.051283055414163524
doc114,0.2018451410690804,0.4871124306057275,0.0005702990001127296,0.3104721293250793
doc115,0.4095152502291995,0.5826082633199703,0.003938565265166242,0.0039379211856639135
doc116,0.0012288123409417361,0.001228867326225837,0.8713187392589788,0.12622358107385356
doc117,0.4707513426191725,0.3626859132653717,0.16602318558943147,0.0005395585260243864
doc118,0.0020667283405222973,0.8758805423416325,0.11998609526400629,0.0020666340538389853
doc119,0.35414442098221677,0.6424875618992831,0.001683899005409392,0.0016841181130907226
doc120,0.2249158721455194,0.0012288404420235327,0.45394868911251224,0.31990659829994494
doc121,0.206133464171435,0.3715885754168785,0.42138805100065263,0.0008899094110339452
doc122,0.0013820136560048573,0.9113212525939898,0.0013817957792947183,0.08591493797071069
doc123,0.5477352729958422,0.1429074452062758,0.0010825448318696046,0.3082747369660124
doc124,0.0005870388244870169,0.0005870138210780634,0.0005870008495715011,0.9982389465048634
doc125,0.0015531520684723395,0.9953406711325049,0.0015531320665350449,0.0015530447324878308
doc126,0.05928100048863363,0.8646351470239994,0.00045799295381962143,0.0756258595335476
doc127,0.002538610349175857,0.0025386489351259802,0.9923840224802138,0.002538718235484334
doc128,0.2121692171965103,0.7236020487960373,0.0006786335114760085,0.06355010049597627
doc129,0.0018054037597093418,0.9945834710850796,0.0018053534243439126,0.001805771730867189
doc130,0.0015294428332502884,0.9954115114884489,0.001529535842481431,0.0015295098358194723
doc131,0.0015293953288871578,0.7237708802124231,0.27317033063815116,0.0015293938205385145
doc132,0.1325792214521977,0.28696907381619013,0.5792664983803762,0.0011852063512359785
doc133,0.22087514187341942,0.5800091666948152,0.19734236550182152,0.0017733259299438134
doc134,0.0004601316437041624,0.00046013556655974907,0.9838809025346079,0.01519883025512819
doc135,0.00140090605870182,0.2894734207051147,0.7077247845860427,0.0014008886501407816
doc136,0.0010376904748752229,0.1805960031843067,0.8173285977267523,0.0010377086140656202
doc137,0.905707583181649,0.09156720473013143,0.0013626876719926944,0.00136252441622686
doc138,0.17788179604651447,0.7103663364075706,0.11059424499080371,0.001157622555111163
doc139,0.0018729831321550447,0.49367169148060336,0.5025824216276187,0.0018729037596228676
doc140,0.7934984300062327,0.0011314893690703666,0.20423856099551885,0.0011315196291781329
doc141,0.974560700706048,0.0004195771171761637,0.024600193830209536,0.0004195283465661787
doc142,0.018272038755616594,0.9017145089868626,0.07962787111553694,0.0003855811419839285
doc143,0.738420180795939,0.0023592934548691833,0.25686125957374173,0.002359266175450191
doc144,0.0006606685183339003,0.0006606927851168948,0.9383567754145812,0.06032186328196803
doc145,0.0009059842956790933,0.0009059776021234756,0.997282005045728,0.0009060330564695476
doc146,0.23501687845807467,0.7638021897215168,0.0005904796403856445,0.0005904521800228241
doc147,0.00044375834865730733,0.9560818040981258,0.00044379877120639,0.04303063878201052
doc148,0.20890216601259184,0.14397228315897698,0.6456841252539017,0.0014414255745295436
doc149,0.1885803372055881,0.8095569950606216,0.0009313279127981152,0.0009313398209921329
doc150,0.0009961775687517996,0.0009961591753893857,0.0009961083172404567,0.9970115549386184
doc151,0.0009961775687517996,0.0009961591753893857,0.0009961083172404567,0.9970115549386184
doc152,0.3341696257238469,0.5484512777301878,0.11535420494310519,0.002024891602860021
doc153,0.06651922038373356,0.1811897976788031,0.6397247863799854,0.1125661955574779
doc154,0.25436060559335055,0.0011064540745679473,0.7434264137544999,0.0011065265775815618
doc155,0.12601555445549875,0.0007790019229931806,0.8549384577492474,0.018266985872260635
doc156,0.220967757960665,0.5740414441403687,0.00040759936789904356,0.20458319853106718
doc157,0.00318558500487789,0.18554780384527048,0.8080813958487428,0.0031852153011087342
doc158,0.0008744523038275129,0.191959032939026,0.4719641623461663,0.3352023524109801
doc159,0.0008520280159934867,0.643002250922065,0.35529359860821236,0.0008521224537291695
doc160,0.32877766442922146,0.3557781991446777,0.31398169241490353,0.0014624440111971485
doc161,0.18560016017287798,0.69129681152317,0.00183873430026562,0.12126429400368645
doc162,0.9925725403976614,0.0024758666716516967,0.002475748281064161,0.0024758446496225156
doc163,0.9907383084243457,0.0030874587310297896,0.0030870761364995797,0.0030871567081250037
doc164,0.0014842694356861058,0.7644853230817272,0.16689538516926075,0.06713502231332605
doc165,0.1426156163270928,0.70788475197481,0.0008900251984062155,0.14860960649969077
doc166,0.6873222371084712,0.0017734014646481678,0.309130968993079,0.0017733924338015877
doc167,0.002994776526301368,0.577802416019638,0.41620817957014544,0.0029946278839151083
doc168,0.0011712829300513858,0.6175715402610293,0.3800858280300043,0.0011713487789149386
doc169,0.14357785708805634,0.8532164736615994,0.0016028638039182039,0.0016028054464260662
doc170,0.0024161204344176944,0.0024163965383339142,0.9119842187422976,0.08318326428495082
doc171,0.0029078663124725837,0.6172350278070391,0.0029077171847392428,0.37694938869574907
doc172,0.0005870388244870169,0.0005870138210780634,0.0005870008495715011,0.9982389465048634
doc173,0.8541609941295951,0.0011443916480129348,0.0011445073427959764,0.14355010687959582
doc174,0.8391863496807066,0.002359059071529329,0.002358917008587521,0.15609567423917664
doc175,0.816844092175258,0.10612339935875705,0.0762654618730419,0.0007670465929430136
doc176,0.3364950356671601,0.6140594117232389,0.0011993259946594986,0.04824622661494138
doc177,0.8683092815994096,0.07367180120746744,0.00047544087221402,0.05754347632090886
doc178,0.3916235520145229,0.5431198858014032,0.001362720328761423,0.06389384185531254
doc179,0.4580710533641469,0.538960610841089,0.0014842068248742222,0.001484128969889813
doc180,0.00109446559827887,0.6969548589320774,0.19224270159954926,0.10970797387009447
doc181,0.3694118053789635,0.5808571046007294,0.0023049231499955945,0.04742616687031166
doc182,0.5393842313751834,0.0020665107364767977,0.4564827184172474,0.0020665394710923666
doc183,0.1532831217930928,0.842211293490058,0.002252915389068615,0.0022526693277807298
doc184,0.0019088328402078261,0.001908735437785592,0.994273620258518,0.0019088114634886182
doc185,0.0007912974135119567,0.9976261555013543,0.0007913132035108751,0.000791233881622867
doc186,0.0011851706312786506,0.18134228378054743,0.6950353610227015,0.12243718456547245
doc187,0.4296961989516454,0.0008307617058946517,0.5453788822717661,0.024094157070693734
doc188,0.5622232077640853,0.4357641549356212,0.0010063414359172125,0.0010062958643763612
doc189,0.000464335969377154,0.9986069729268241,0.00046432840445166716,0.00046436269934705966
doc190,0.002604594524024068,0.7992135246179808,0.0026050849263707493,0.19557679593162444
doc191,0.19436050212383515,0.0008105854308247644,0.5627049606919148,0.24212395175342527
doc192,0.37154587303935055,0.0006786382284707539,0.5333520525237475,0.09442343620843137
doc193,0.0017426230457739395,0.8973890790738773,0.09912576631581506,0.0017425315645337395
doc194,0.7683069940332204,0.2299289049436551,0.0008820886305881507,0.000882012392536377
doc195,0.6821265753794337,0.0021558237608109996,0.24740786026408484,0.06830974059567055
doc196,0.8688361868824046,0.0008898440975773454,0.129384117770984,0.0008898512490339956
doc197,0.0019848139771745364,0.9940457303737842,0.0019847311096827178,0.0019847245393586252
doc198,0.0009961775687517996,0.0009961591753893857,0.0009961083172404567,0.9970115549386184
doc199,0.0009961775687517996,0.0009961591753893857,0.0009961083172404567,0.9970115549386184
doc200,0.000914314814532665,0.9972569720110638,0.0009143296375173635,0.0009143835368862687
doc201,0.001026995995151183,0.23632090140373796,0.49358649490796996,0.26906560769314086
doc202,0.04374006390002196,0.260285426610416,0.474513067123923,0.22146144236563908
doc203,0.002203331418351127,0.3773080320221794,0.0022032675280754116,0.6182853690313942
doc204,0.0013092844892830236,0.3248922716053287,0.5909156808887841,0.08288276301660434
doc205,0.0007912974135119567,0.9976261555013543,0.0007913132035108751,0.000791233881622867
doc206,0.7688626489373681,0.0008667613515443924,0.2120931539520601,0.018177435759027374
doc207,0.0035216094539914154,0.9894350120547646,0.003521811855493619,0.0035215666357504435
doc208,0.6403062253169116,0.27502495998650894,0.08414892664673486,0.0005198880498444517
doc209,0.341574432604495,0.16566395415453747,0.49176533913544657,0.0009962741055210078
doc210,0.000464335969377154,0.9986069729268241,0.00046432840445166716,0.00046436269934705966
doc211,0.18560016017287798,0.69129681152317,0.00183873430026562,0.12126429400368645
doc212,0.0008820321568134193,0.8969715651960596,0.0008821127539845742,0.10126428989314257
doc213,0.19072399905365947,0.3098822411133406,0.49874595944807704,0.0006478003849228281
doc214,0.08148938070642812,0.000844789462551022,0.916820953417985,0.0008448764130358937
doc215,0.0009767988494501036,0.8798678771338877,0.0009767508955359475,0.11817857312112628
doc216,0.3744810566017207,0.0008448464885229432,0.6238292919050916,0.0008448050046647994
doc217,0.0012922959227068317,0.7595147268286458,0.23790067885975524,0.001292298388892074
doc218,0.1217288120083106,0.7979878691010763,0.0013442864996767504,0.07893903239093637
doc219,0.2469338050205954,0.13913909833085067,0.6120182269332688,0.001908869715285077
doc220,0.0005870388244870169,0.0005870138210780634,0.0005870008495715011,0.9982389465048634
doc221,0.23976935136921418,0.7569725621641067,0.0016290341413985267,0.001629052325280605
doc222,0.2973255986866622,0.5736719169269222,0.1280443449218167,0.0009581394645989001
doc223,0.4580710533641469,0.538960610841089,0.0014842068248742222,0.001484128969889813
doc224,0.06371558792521992,0.18217148305540573,0.7527685562581664,0.00134437276120787
doc225,0.30049615898833804,0.15445652375280755,0.5443593449926778,0.000687972266176508
doc226,0.0011064260361864742,0.07991998366052702,0.6498320591782651,0.26914153112502137
doc227,0.7448157695295522,0.25430453321678925,0.000439851513633699,0.0004398457400248332
doc228,0.03043949410067159,0.0005545090488882755,0.2769346660527975,0.6920713307976425
doc229,0.32877766442922146,0.3557781991446777,0.31398169241490353,0.0014624440111971485
doc230,0.47674712920638,0.5202400489215048,0.0015065055183092289,0.0015063163538058697
doc231,0.0017735868269944147,0.00177361649775695,0.9946793702194107,0.0017734264558379293
doc232,0.38686797362599334,0.0020248065968438535,0.25723904828008887,0.35386817149707395
doc233,0.0016841205446616265,0.6333871603380227,0.363244872042131,0.00168384707518469
doc234,0.0016288835078373833,0.03860783640922232,0.9581339293266471,0.0016293507562931697
doc235,0.4912727782778291,0.056747330581550876,0.4514999358581161,0.00047995528250379283
doc236,0.7991363542041939,0.15456251266502724,0.04581890068361383,0.0004822324471649063
doc237,0.0016839913415285666,0.7727664409062872,0.2238657014026027,0.0016838663495814933
doc238,0.0015064905800954316,0.6812156761829694,0.0015064152890646666,0.31577141794787045
doc239,0.8688361868824046,0.0008898440975773454,0.129384117770984,0.0008898512490339956
doc240,0.0021100559598497015,0.28836534980003586,0.707414614489458,0.0021099797506564312
doc241,0.16858435811476352,0.8284475700231425,0.0014841829503118337,0.0014838889117820614
doc242,0.0009961775687517996,0.0009961591753893857,0.0009961083172404567,0.9970115549386184
doc243,0.0009961775687517996,0.0009961591753893857,0.0009961083172404567,0.9970115549386184
doc244,0.0017426230457739395,0.8973890790738773,0.09912576631581506,0.0017425315645337395
doc245,0.0023589931486025155,0.5298263241017487,0.4654556701037623,0.0023590126458864205
doc246,0.2760314882141826,0.46072914814931937,0.2626690953835069,0.0005702682529910595
doc247,0.0011064260361864742,0.07991998366052702,0.6498320591782651,0.26914153112502137
doc248,0.001275921446208912,0.8939382835784354,0.10350998695206617,0.0012758080232894563
doc249,0.08148938070642812,0.000844789462551022,0.916820953417985,0.0008448764130358937
doc250,0.4881442773046953,0.44764035388474166,0.06310880795408129,0.0011065608564817682
doc251,0.03768571915363648,0.000590501029064941,0.9611333585008274,0.0005904213164711624
doc252,0.0010824897310556113,0.3963665775828562,0.6014685051580855,0.001082427528002837
doc253,0.0028261780019052003,0.9915218919218359,0.002826378908067787,0.002825551168191087
doc254,0.20219745300808986,0.12647164183115628,0.6707111629064123,0.0006197422543415421
doc255,0.1826792996597779,0.14742650051390224,0.47690599257075283,0.19298820725556703
doc256,0.5830537058339883,0.0010270131698929773,0.14287493530029455,0.27304434569582425
doc257,0.4302171399953283,0.3565221312735752,0.21238640106097267,0.0008743276701239533
doc258,0.0004942176521375452,0.961351562273142,0.037659995764926124,0.0004942243097942536
doc259,0.0011445887578777033,0.565417340733802,0.43229364777822815,0.001144422730092098
doc260,0.3697805916476644,0.06354030735444113,0.5656520341083923,0.0010270668895022003
doc261,0.0010376504655581192,0.6904790409895922,0.05888703663809894,0.24959627190675057
doc262,0.00031317959073571736,0.40816881241999514,0.3792850733861378,0.21223293460313122
doc263,0.2958178489851235,0.587707438616601,0.001213915345184759,0.11526079705309067
doc264,0.0013817927880926276,0.08124608465458115,0.35510090096117286,0.5622712215961533
doc265,0.0005870388244870169,0.0005870138210780634,0.0005870008495715011,0.9982389465048634
doc266,0.2938401600320341,0.7028476544795161,0.0016559989487011984,0.0016561865397484484
doc267,0.39644595419623746,0.6019196216573348,0.0008172322503298745,0.0008171918960978254
doc268,0.00037405074558064346,0.8632829197048625,0.1359689780324532,0.0003740515171036658
doc269,0.14575411569488061,0.8522534772998084,0.000996193055070178,0.000996213950240861
doc270,0.0011852290141087171,0.9310864838614106,0.06654310461707885,0.0011851825074018385
doc271,0.30049615898833804,0.15445652375280755,0.5443593449926778,0.000687972266176508
doc272,0.8993388119311624,0.09902684809396807,0.0008172067796311423,0.0008171331952383736
doc273,0.2958178489851235,0.587707438616601,0.001213915345184759,0.11526079705309067
doc274,0.0023588236918869613,0.1535917345450432,0.8416903237942845,0.0023591179687852976
doc275,0.26477990707015214,0.3447183496816897,0.1461122649313853,0.2443894783167729
doc276,0.11368039252990723,0.5833323967272728,0.30244178598191584,0.0005454247609041882
doc277,0.2589059314581543,0.5377166507409572,0.2024005208804681,0.0009768969204203984
doc278,0.2798996871767735,0.26614910284726023,0.4531134395822727,0.0008377703936935132
doc279,0.2708931933318185,0.3226911726624031,0.4050890370127968,0.0013265969929814401
doc280,0.0009767988494501036,0.8798678771338877,0.0009767508955359475,0.11817857312112628
doc281,0.0005092648408650833,0.9447049709552259,0.0005092716213955644,0.054276492582513554
doc282,0.059198671844071946,0.6616437748568192,0.27864304847861826,0.0005145048204905587
doc283,0.00028792660437206014,0.00028795004153487047,0.9991362067058256,0.0002879166482674447
doc284,0.0028261780019052003,0.9915218919218359,0.002826378908067787,0.002825551168191087
doc285,0.0017127843188656107,0.43439616791385444,0.5621783542772434,0.0017126934900366327
doc286,0.9971531984650607,0.0009489476339692727,0.000948940565390933,0.0009489133355791762
doc287,0.8688361868824046,0.0008898440975773454,0.129384117770984,0.0008898512490339956
doc288,0.0019846901023214667,0.0019845852332355794,0.6479299660849767,0.34810075857946626
doc289,0.752892684918015,0.0004109807296209747,0.24628538771863295,0.00041094663373111856
doc290,0.0012140514128862131,0.6997209673506783,0.0012138282612145107,0.29785115297522097
doc291,0.6614002412837824,0.23067692296496847,0.0489296069855627,0.058993228765686495
doc292,0.0015063713198827577,0.7643171913172683,0.001506510774401522,0.23266992658844732
doc293,0.37154587303935055,0.0006786382284707539,0.5333520525237475,0.09442343620843137
doc294,0.0015532668938158098,0.8314031530277133,0.001553229088324827,0.16549035099014606
doc295,0.0009961775687517996,0.0009961591753893857,0.0009961083172404567,0.9970115549386184
doc296,0.0009961775687517996,0.0009961591753893857,0.0009961083172404567,0.9970115549386184
doc297,0.0016839456917412787,0.7011286794633228,0.2955033330307813,0.0016840418141547146
doc298,0.03768571915363648,0.000590501029064941,0.9611333585008274,0.0005904213164711624
doc299,0.002304849626136585,0.49662841313880807,0.18047162957537732,0.320595107659678
doc300,0.0028259352253039217,0.7129012717827591,0.28144733949464135,0.002825453497295534
doc301,0.3902994675183303,0.31614494789309544,0.2766982568763004,0.016857327712273964
doc302,0.0021100559598497015,0.28836534980003586,0.707414614489458,0.0021099797506564312
doc303,0.25804353544156394,0.3485815623665809,0.2235625626918642,0.16981233949999097
doc304,0.1868827049804144,0.580115016269605,0.2319197354212601,0.001082543328720418
doc305,0.40043183789816494,0.2402541250313369,0.3583466105768213,0.0009674264936767068
doc306,0.42497225087279317,0.5730150484619969,0.0010063287972174888,0.0010063718679924154
doc307,0.22544524797900503,0.0009673364168582276,0.772620041079546,0.0009673745245908108
doc308,0.48631443523423556,0.38869253698142536,0.12459828765097153,0.00039474013336751444
doc309,0.5953873069114229,0.4025586191144082,0.001027044512841136,0.0010270294613277937
doc310,0.7055241610544841,0.09280337887846456,0.16645501662390208,0.03521744344314929
doc311,0.0007612514175479445,0.7967882773457735,0.13000041772045806,0.07245005351622041
doc312,0.44320100418284,0.40450544751517076,0.151122300418522,0.0011712478834673924
doc313,0.3422815777581222,0.5342351949882042,0.12244563354171205,0.0010375937119616102
doc314,0.28436803401366584,0.13652118838573676,0.5778666109270515,0.0012441666735459101
doc315,0.001362785204583376,0.7481858733286122,0.24908859222997673,0.001362749236827851
doc316,0.0009490821153349673,0.1266544576753618,0.4408135912784924,0.4315828689308108
doc317,0.0005870388244870169,0.0005870138210780634,0.0005870008495715011,0.9982389465048634
doc318,0.6384147770864769,0.2871174720000631,0.001037717259361376,0.07343003365409861
doc319,0.3034774811104281,0.5017488921546787,0.1926633343777665,0.0021102923571267584
doc320,0.30327025351590803,0.40854137723207745,0.17705270945250934,0.11113565979950529
doc321,0.002825819418108537,0.4446837240133011,0.549665273914604,0.002825182653986458
doc322,0.6821265753794337,0.0021558237608109996,0.24740786026408484,0.06830974059567055
doc323,0.9971531984650607,0.0009489476339692727,0.000948940565390933,0.0009489133355791762
doc324,0.9966432496367065,0.0011189452936192388,0.0011189004453904812,0.0011189046242837896
doc325,0.0444992157592382,0.8596138805538163,0.09552629664237863,0.00036060704456695075
doc326,0.0005041584179128638,0.1139485238069132,0.4613940676464747,0.42415325012869926
doc327,0.13437978050088342,0.8611143641424819,0.0022530569088413306,0.0022527984477933743
doc328,0.0007387755065268429,0.047949372663868874,0.9038055674942274,0.04750628433537678
doc329,0.002359279094929763,0.23454964323072247,0.7607319993593945,0.0023590783149532463
doc330,0.000288757999616188,0.0002887914251151511,0.9991337026121774,0.0002887479630913695
doc331,0.0024762947266979626,0.7255458322604833,0.26950178720715445,0.0024760858056641945
doc332,0.2904944557681047,0.39199326869246365,0.00038413820085074805,0.3171281373385809
doc333,0.6229405567295094,0.103535529006276,0.27273867570127663,0.0007852385629379826
doc334,0.05606114404709779,0.631134415847017,0.29218228819295156,0.020622151912933557
doc335,0.0020664955728820662,0.10238667691358871,0.6586214900278717,0.23692533748565758
doc336,0.001082523150359759,0.1998136974488283,0.4747575793767889,0.3243462000240231
doc337,0.8805765946350029,0.11621744696793422,0.0016030124803916247,0.001602945916671159
doc338,0.5171032309175718,0.0007124836562736443,0.48147184649533875,0.0007124389308156033
doc339,0.0026741869536062043,0.002674340193210295,0.9919771883943389,0.0026742844588445833
doc340,0.9207833318243768,0.0005280839514578275,0.07816048608827483,0.000528098135890535
doc341,0.27279645813044967,0.6895850719031253,0.0010271001888266852,0.03659136977759847
doc342,0.3155010781715991,0.6054166701300393,0.07747932040447217,0.0016029312938894448
doc343,0.5696411328609935,0.24832603435818326,0.18099526290431484,0.0010375698765085074
doc344,0.797143391295404,0.0009863637260396664,0.20088387004304964,0.0009863749355066367
doc345,0.0009142956946814466,0.000914261604084531,0.0009144111176499249,0.9972570315835841
doc346,0.0009142956946814466,0.000914261604084531,0.0009144111176499249,0.9972570315835841
doc347,0.002825819418108537,0.4446837240133011,0.549665273914604,0.002825182653986458
doc348,0.0023589694415548086,0.0023592416084428592,0.9294410686916154,0.06584072025838705
doc349,0.6424441912763827,0.0008307643546466003,0.35589427234863696,0.0008307720203337139
doc350,0.0009768233643305169,0.8646339484714838,0.13341244642959935,0.000976781734586265
doc351,0.14309447655650767,0.08056197159513113,0.673233816318094,0.10310973553026731
doc352,0.0022528986541062394,0.3946338265488453,0.6008606837980788,0.0022525909989696514
doc353,0.0029077129715818825,0.002908880726174285,0.9912755961050737,0.0029078101971701234
doc354,0.30830738793487,0.6869745228520516,0.0023590271987399348,0.0023590620143383347
doc355,0.9601918827843028,0.0006786195721533907,0.03845093482864087,0.0006785628149029282
doc356,0.18531725223211712,0.133278810942912,0.6805866586338304,0.0008172781911405149
doc357,0.0016029810915782177,0.4912124280612113,0.5055817975726841,0.0016027932745263827
doc358,0.0012922670955956856,0.21766381516823283,0.4506335897309013,0.3304103280052703
doc359,0.0013818172800621514,0.8333767395600455,0.0013815561958509153,0.1638598869640415
doc360,0.001629004731034166,0.11990371532161385,0.8768380962610032,0.0016291836863488068
doc361,0.9957973365521943,0.0014010009248854,0.001400875915733176,0.0014007866071872627
doc362,0.001185156861989065,0.5652565247770769,0.4323731028152332,0.0011852155457008637
doc363,0.42318559869070216,0.0013628006764342209,0.4814525684801414,0.09399903215272234
doc364,0.08455919155290618,0.001381628555122581,0.5861131511357763,0.32794602875619494
doc365,0.07339843626169726,0.0010164158476292796,0.9245685185177606,0.0010166293729128866
doc366,0.0005870388244870169,0.0005870138210780634,0.0005870008495715011,0.9982389465048634
doc367,0.12239683334504886,0.8752605027433804,0.001171304277199743,0.001171359634371025
doc368,0.3859286342780386,0.16733079815425808,0.2297826611934668,0.2169579063742365
doc369,0.15044361278016566,0.6375193742883416,0.21082295371236057,0.0012140592191321948
doc370,0.0970968252045989,0.808127319622791,0.0008448748801558532,0.09393098029245427
doc371,0.003937664897590039,0.3250534755988167,0.6670708992089316,0.003937960294661543
doc372,0.001441215443305846,0.7769538485336984,0.0014414373725535065,0.22016349865044213
doc373,0.004465572527435654,0.6239618637655999,0.3671065162780692,0.004466047428895271
doc374,0.0731252716847145,0.5131549689046494,0.002416282900391961,0.4113034765102441
doc375,0.7188419068013867,0.060705719089937486,0.19279827063568714,0.027654103472988644
doc376,0.3072134706320387,0.002252822928450519,0.6882810443091344,0.0022526621303763476
doc377,0.0018388094210616236,0.001838990190365626,0.9944836252370073,0.0018385751515655158
doc378,0.39637686972967245,0.19435266586781713,0.4078291340988849,0.0014413303036255915
doc379,0.251226314615374,0.4250239379308626,0.3227434961047531,0.001006251349010273
doc380,0.1993149055973203,0.0026050650382331863,0.7341719767125817,0.06390805265186483
doc381,0.0010376160159251645,0.3455252079022838,0.4618444038542014,0.1915927722275897
doc382,0.0014208051183977638,0.9957376315804144,0.0014208948144837142,0.0014206684867042177
doc383,0.6443579984684132,0.07770035005172092,0.14114360562514716,0.1367980458547186
doc384,0.788690278491784,0.04618531689953289,0.16361794549478811,0.0015064591138948522
doc385,0.29368104372390574,0.1649003565248746,0.5397626835716186,0.0016559161796010553
doc386,0.996072134824646,0.0013094718624874439,0.0013092102786132775,0.0013091830342532897
doc387,0.0011444006336665735,0.13788955284403182,0.26392935494258585,0.5970366915797157
doc388,0.0009865553629977966,0.9970406407346813,0.000986443009848494,0.0009863608924724756
doc389,0.0012289101131457618,0.8962296702748396,0.10131262388047084,0.00122879573154382
doc390,0.2170841639281219,0.615281392305446,0.1658919529098566,0.001742490856575553
doc391,0.14256664704461702,0.785582816121498,0.0028257389767496863,0.06902479785713529
doc392,0.41764981317693006,0.5785323758355557,0.001909020266772223,0.0019087907207418558
doc393,0.14398645793517245,0.8232473726922193,0.03243095386971316,0.0003352155028950777
doc394,0.4330912871672839,0.17224425729656012,0.39421471251724144,0.00044974301891450647
doc395,0.0009963216026809014,0.0009961825477159823,0.0009962931155690676,0.9970112027340341
doc396,0.0009963216026809014,0.0009961825477159823,0.0009962931155690676,0.9970112027340341
doc397,0.3737597602994409,0.0009581057700952305,0.32147397178172316,0.3038081621487407
doc398,0.0016031183335752752,0.06554964411539069,0.9312441459079878,0.0016030916430462769
doc399,0.3313272402321735,0.23898870950081239,0.4017189155175034,0.02796513474951074
doc400,0.4182701468521514,0.23454444535680669,0.0010944320263223555,0.34609097576471964
doc401,0.17205309789760506,0.0012288473582114981,0.7235706464649719,0.1031474082792114
doc402,0.0006563627427261596,0.0006563403987109744,0.4498857123352784,0.5488015845232845
doc403,0.0029074154312671596,0.649538991269194,0.002907466668054433,0.3446461266314845
doc404,0.7358874554004496,0.001805610738899761,0.2605015159220483,0.0018054179386022113
doc405,0.0017428640976325344,0.0017427437086862914,0.8093646134721778,0.18714977872150332
doc406,0.0004917671980059116,0.0004917937415060477,0.9985246804380601,0.0004917586224279261
doc407,0.002066782093790772,0.00206681995192982,0.6466752072342525,0.3491911907200268
doc408,0.002066782093790772,0.00206681995192982,0.6466752072342525,0.3491911907200268
doc409,0.0015532268120650502,0.0015532579903899358,0.7676972674478305,0.22919624774971445
doc410,0.9944839175264659,0.0018387017835162097,0.0018386398097938175,0.001838740880223962
doc411,0.1487722442642795,0.6209150979329477,0.001420840671374836,0.22889181713139795
doc412,0.41461459353851116,0.1850329189574738,0.3128139126320006,0.0875385748720145
doc413,0.7444105398875025,0.0012139099941890768,0.05503721631406861,0.19933833380423976
doc414,0.0010596145864824283,0.1456913778019642,0.6854789879265785,0.16777001968497496
doc415,0.0797116516866765,0.0020248032600071776,0.36492308827493775,0.5533404567783785
doc416,0.4032589790498241,0.5929947309869328,0.0018732626567273887,0.0018730273065157453
doc417,0.0005870388244870169,0.0005870138210780634,0.0005870008495715011,0.9982389465048634
doc418,0.24772816689911972,0.6280088676675518,0.08348563248231401,0.04077733295101451
doc419,0.13375948499990678,0.8638419399106444,0.0011992775432001104,0.0011992975462488387
doc420,0.0007498209876644113,0.0007499208214631552,0.47031851458282636,0.528181743608046
doc421,0.002252900677845442,0.993241332502586,0.002252923274148603,0.002252843545419832
doc422,0.726017583680422,0.033241744592487396,0.20836645590145952,0.03237421582563096
doc423,0.11410733319110415,0.2745931107299863,0.6107628424765523,0.0005367136023571843
doc424,0.049023048456468425,0.0017128664000325509,0.9475513109605563,0.0017127741829427064
doc425,0.6193177667962513,0.001603029573605373,0.3774761754114341,0.0016030282187091654
doc426,0.00150640729170905,0.0964981276850762,0.9004889900050331,0.0015064750181815784
doc427,0.001462583087520707,0.0014624402758859317,0.9956126175597548,0.0014623590768386803
doc428,0.11453904790474341,0.26660131397232306,0.6177886865168722,0.0010709516060612655
doc429,0.21022293319526306,0.00031916549973448215,0.7891387413134126,0.00031915999158985527
doc430,0.962584602598012,0.00136266849201017,0.034690009757770646,0.0013627191522071645
doc431,0.0008820458007885388,0.0008820669166362015,0.31155068170407774,0.6866852055784975
doc432,0.251226314615374,0.4250239379308626,0.3227434961047531,0.001006251349010273
doc433,0.06198084794689475,0.8172751580027973,0.11953009065329126,0.001213903397016878
doc434,0.0008377943044390596,0.7448447598804584,0.25347977569282476,0.000837670122277752
doc435,0.0010596123514630229,0.18907667876312387,0.8088041602470531,0.0010595486383600376
doc436,0.00070248523218781,0.058138047785025154,0.6933756916560664,0.24778377532672077
doc437,0.002359216589677836,0.002358946573778654,0.8508787063086203,0.14440313052792328
doc438,0.9976261071181511,0.0007913674154350186,0.0007912530801798028,0.0007912723862340399
doc439,0.9552702474617415,0.0008376782935551684,0.04305438938235983,0.0008376848623435652
doc440,0.36861869445143375,0.5832177441103286,0.04711514014973537,0.0010484212885022712
doc441,0.0011851344236227365,0.001185081830084569,0.4058127228682236,0.5918170608780691
doc442,0.1271539033122992,0.5180650767498671,0.3524763385712184,0.0023046813666154713
doc443,0.5047448136318505,0.29824008917348055,0.1940203036957536,0.0029947934989154306
doc444,0.27690412422484145,0.6519194195791466,0.03543096689974173,0.03574548929627024
doc445,0.09251921053344554,0.6859981983592751,0.0008172564493686813,0.22066533465791063
doc446,0.0006478426951935793,0.0006478571923124475,0.8780579154958171,0.12064638461667684
doc447,0.0010061571031347385,0.0010062035297606223,0.0010063895611938751,0.9969812498059107
doc448,0.0010061571031347385,0.0010062035297606223,0.0010063895611938751,0.9969812498059107
doc449,0.32545965822681944,0.2262011379178253,0.4476059568459586,0.0007332470093967787
doc450,0.98212775290777,0.0005308986987928999,0.01681045769500878,0.0005308906984283954
doc451,0.0016562869226886647,0.29832562377906874,0.6983621808681125,0.0016559084301300648
doc452,0.06823205469066833,0.0005281608095545872,0.1971389131683575,0.7341008713314197
