,topics0,topics1,topics2,topics3,topics4,topics5
doc0,0.0017672612069247495,0.0017673219388066957,0.0017670199953974495,0.9911642166067199,0.00176703622233165,0.0017671440298195982
doc1,0.0007217052880504694,0.09287931993684925,0.0007216248220495117,0.0007216333681971928,0.3620516463728649,0.5429040702119887
doc2,0.00037949095652315833,0.3884854144573183,0.00037945382791356195,0.4660020862147823,0.09453931969282095,0.05021423485064175
doc3,0.0003231057851665554,0.6073485287380505,0.0003231105662026422,0.13217729008443296,0.08206464946285127,0.1777633153632962
doc4,0.0007376235688033154,0.0007376910850644847,0.0007375970955114507,0.9963117566438503,0.0007376992926121091,0.000737632314158357
doc5,0.0006686686171796017,0.5045735276896081,0.0006685431187472354,0.1943233581983679,0.2990972291226873,0.0006686732534099429
doc6,0.20955295175257788,0.5421327995022301,0.001154988238560664,0.24484897798425,0.001155101563155664,0.0011551809592255991
doc7,0.0015976231709391858,0.3554638179483975,0.0015976924823526237,0.6381452735967045,0.0015977300619975578,0.0015978627396085144
doc8,0.0008506779044132878,0.28871723581269293,0.0008504422655958705,0.7078804418151413,0.0008505534313696961,0.000850648770786893
doc9,0.01162865916648914,0.011628863301111573,0.9418529256328407,0.011632242798266017,0.011628850480775572,0.011628458620516926
doc10,0.00641119120663536,0.006410498274361655,0.006411499503833383,0.9679456137963024,0.006410674573326052,0.00641052264554121
doc11,0.015153306359162441,0.015153436961748359,0.5961719957693238,0.343210190231613,0.015154670947447166,0.015156399730705213
doc12,0.617883497321579,0.3690412738765516,0.003268534002114029,0.003268759973038364,0.003269113373642015,0.003268821453075009
doc13,0.00793752281512546,0.3521040084487293,0.6161437752912464,0.007939439977184532,0.007937486701556107,0.007937766766158256
doc14,0.0005418792711445483,0.0005418635677749161,0.0005418209455379018,0.7954077691964035,0.20242482176430748,0.0005418452548314765
doc15,0.37265773148711756,0.0010919194887807546,0.0010920864882476703,0.0010919347812690231,0.0010920142363138948,0.622974313518271
doc16,0.258892523065465,0.0003737881808524549,0.0003737944666086811,0.39608052584486464,0.30355048935956214,0.04072887908264721
doc17,0.17035152206108356,0.043783455174045756,0.000912581227871158,0.5769222542736343,0.10536166687742533,0.10266852038593988
doc18,0.7263786715254633,0.0017366812740613777,0.0017363036948053392,0.0017365605680804532,0.00173634249022298,0.2666754404473667
doc19,0.2307812809211154,0.001225850898700047,0.11786349872701757,0.6476778167577247,0.0012258415141812595,0.0012257111812610316
doc20,0.20649007517124976,0.6995549010086721,0.0006003783281651717,0.09215380846240745,0.000600415833649596,0.000600421195855907
doc21,0.00137770223657135,0.0013779420487230766,0.001377669940741938,0.7185306159704917,0.13763765132973052,0.13969841847374131
doc22,0.001210900917522745,0.25297402568564686,0.0012108765163838056,0.7421819347466233,0.0012111718431336764,0.0012110902906896342
doc23,0.649987837903045,0.21038706786372474,0.0012889197505010093,0.0012890263225214934,0.0012889332779941406,0.13575821488221346
doc24,0.3006663313111428,0.09331377254460997,0.001091816764874463,0.1545426578948804,0.28845438544552726,0.16193103603896514
doc25,0.0013056772430271848,0.2971167732754435,0.0013056858468142136,0.6976601342778932,0.0013058780939765723,0.0013058512628454258
doc26,0.0005761579037061095,0.9971192681800103,0.0005761171720319974,0.0005761637253641756,0.0005761668653061169,0.000576126153581165
doc27,0.30609158822597154,0.0024045606052056946,0.0024045435341284,0.5989474815443235,0.08774756137466143,0.0024042647157092967
doc28,0.3720853429514953,0.001901839539201793,0.0019012643294530692,0.5223616210706636,0.09984825539637462,0.001901676712811564
doc29,0.0009845159345536994,0.0009845550941782683,0.0009845952973893677,0.9950772341915756,0.000984528497948322,0.0009845709843549085
doc30,0.0008577429204314716,0.0008577818184847597,0.0008577781776986726,0.0008577923141894112,0.0008577431237926062,0.9957111616454031
doc31,0.08489299302644902,0.19574023433616886,0.3086198332794342,0.0006040507136467283,0.13196370124967177,0.2781791873946293
doc32,0.2971677627605325,0.0006869727192884118,0.0006868998596788807,0.4319459632293951,0.19176866682473806,0.07774373460636722
doc33,0.03257748875360944,0.07409163934483351,0.00051433845017725,0.8917885572194731,0.0005140009854255648,0.0005139752464811757
doc34,0.15976184214210742,0.2640831549618246,0.3539037947230077,0.0007901365735715383,0.0007901574618472852,0.2206709141376415
doc35,0.3165151033166079,0.4304218385590817,0.0647499693013253,0.0006917693719047693,0.0006917734305543185,0.18692954602052594
doc36,0.16054912102618132,0.0011823402352730504,0.0011825569179837925,0.40816821575919726,0.0011823366130376213,0.4277354294483269
doc37,0.2795316247485614,0.0772976970597584,0.0007113076605147241,0.0007114659349969665,0.0007114515500349957,0.6410364530461334
doc38,0.000431888347223167,0.10007666397664182,0.00043181718749483533,0.6454539080653042,0.25317381670540406,0.0004319057179319619
doc39,0.3596188763951701,0.0017367010415909412,0.4413183347417572,0.0017365579382921405,0.19385271606630797,0.0017368138168818283
doc40,0.0010800547555707674,0.0010800494039119798,0.9945997015069405,0.0010800226592145852,0.0010800531606300194,0.001080118513732037
doc41,0.0010800547555707674,0.0010800494039119798,0.9945997015069405,0.0010800226592145852,0.0010800531606300194,0.001080118513732037
doc42,0.1026158831014608,0.6204349675221524,0.0013057936809606325,0.16530091918414563,0.001305927017176404,0.1090365094941039
doc43,0.12068075936257959,0.7477822772693374,0.0006386764951314132,0.0006387840422512976,0.12962079906572038,0.000638703764979887
doc44,0.07179663440745762,0.0009943901995569172,0.3936357123992194,0.187643617458401,0.0009943454990678027,0.3449353000362972
doc45,0.6651877228048801,0.2628351095729679,0.0015975739571148957,0.0015979591200444602,0.0671836858472269,0.0015979486977656433
doc46,0.5025141308438117,0.08030201413078407,0.0010247401325952426,0.41410951040666116,0.001024798775832707,0.0010248057103151094
doc47,0.0009844548478800438,0.0009843892372095717,0.9950777756622323,0.0009844700394249458,0.000984527561250343,0.0009843826520027936
doc48,0.0009844548478800438,0.0009843892372095717,0.9950777756622323,0.0009844700394249458,0.000984527561250343,0.0009843826520027936
doc49,0.0012110915783398893,0.0012109928189330975,0.001210979875483876,0.0012108945247538848,0.5011142826280316,0.49404175857445753
doc50,0.20558422513862354,0.609744470082641,0.0008806907388113258,0.182029623708664,0.0008804868457464553,0.0008805034855137153
doc51,0.0007063502380196047,0.5200148145122137,0.0007062679747988858,0.38049714282460323,0.0007063816102450176,0.09736904284011967
doc52,0.0006306623616358977,0.0006307701470637309,0.0006306127582171825,0.0006307041580190704,0.5602081445334518,0.4372691060416124
doc53,0.0010574953451736274,0.0010574871377310433,0.0010575022380825696,0.24061148136555166,0.0010572825310182863,0.7551587513824429
doc54,0.0010686264701350553,0.9946567294551784,0.0010686387672755478,0.0010686476296186034,0.0010686821484868362,0.0010686755293056163
doc55,0.13873599106191245,0.7279283742368511,0.0011288019549798103,0.0011289906143525166,0.0011289619822853827,0.1299488801496187
doc56,0.31084854517928234,0.001798959994605816,0.039386880322393576,0.6443676007785225,0.0017990217451009016,0.001798991980094815
doc57,0.7704857999175028,0.0014581689854534672,0.001458168320933516,0.2236818094850096,0.0014579469004178803,0.0014581063906828706
doc58,0.18310012526991246,0.0017672470605426221,0.0017671469016716749,0.45385566011926404,0.357742563783885,0.0017672568647241714
doc59,0.01162865916648914,0.011628863301111573,0.9418529256328407,0.011632242798266017,0.011628850480775572,0.011628458620516926
doc60,0.00641119120663536,0.006410498274361655,0.006411499503833383,0.9679456137963024,0.006410674573326052,0.00641052264554121
doc61,0.015153306359162441,0.015153436961748359,0.5961719957693238,0.343210190231613,0.015154670947447166,0.015156399730705213
doc62,0.00793752281512546,0.3521040084487293,0.6161437752912464,0.007939439977184532,0.007937486701556107,0.007937766766158256
doc63,0.0007486916788318535,0.08133279805740307,0.0007485944953399804,0.7104309686162962,0.0007487204434863196,0.2059902267086426
doc64,0.7231903519421244,0.00266044031460322,0.002660114181424582,0.09682411730450548,0.0026604281367974512,0.17200454812054491
doc65,0.000503682677077139,0.06989855076690495,0.000503599156137271,0.0782643367635083,0.4173073683708437,0.4335224622655286
doc66,0.001866251173004008,0.22134829361724473,0.0018658156406286355,0.0018661475064662254,0.7711873392809087,0.0018661527817476849
doc67,0.09546207809940821,0.6433685605079407,0.0008434731639859819,0.0008434508263307126,0.0008433898810092996,0.2586390475213251
doc68,0.038660917293291804,0.0006641824616336424,0.0984123947328303,0.7649721450806694,0.0006641929868080065,0.09662616744476679
doc69,0.001128894731089776,0.44269289683234325,0.0011288613882499449,0.47867800312672276,0.001128976128843536,0.07524236779275073
doc70,0.15526024844199723,0.0014581097847613288,0.0014580596581464517,0.5625267897746609,0.06736146916008724,0.2119353231803469
doc71,0.0010042937868535008,0.13769063014777055,0.001004193859954679,0.5994133290424336,0.06176922708023487,0.19911832608275284
doc72,0.04282254115847228,0.4748883054638416,0.0008578127407634131,0.3084928087226601,0.0008578067604390264,0.17208072515382353
doc73,0.0005761579037061095,0.9971192681800103,0.0005761171720319974,0.0005761637253641756,0.0005761668653061169,0.000576126153581165
doc74,0.07544912932719325,0.0027329626347680413,0.0027326590554228834,0.9136191021676361,0.002733147925405127,0.0027329988895747363
doc75,0.0016782286793612525,0.0016787095619972452,0.0016780539904072216,0.7367963081361412,0.2564906506320972,0.001678048999995913
doc76,0.0009846363679850301,0.6854952614340909,0.0009845320240473349,0.31056645552109846,0.0009846344507309958,0.0009844802020473442
doc77,0.017609077371322515,0.0013057007789972089,0.001305704454795635,0.8989191401025225,0.0795546164179644,0.0013057608743978924
doc78,0.0032693762060989804,0.0032690849756792377,0.0032687340476903865,0.5178307602775464,0.0032688978198798712,0.46909314667310514
doc79,0.0012411172107368849,0.0012409664988039617,0.0012408610927467014,0.8188665345441117,0.1761694936568649,0.0012410269967359905
doc80,0.0007432907293196037,0.0007431530402523056,0.0007430299719574863,0.9962842198943863,0.0007431637938747281,0.0007431425702097
doc81,0.0008577429204314716,0.0008577818184847597,0.0008577781776986726,0.0008577923141894112,0.0008577431237926062,0.9957111616454031
doc82,0.3800833489027923,0.6102996812852663,0.002404196563137488,0.002404289827330906,0.0024041454072733425,0.002404338014199858
doc83,0.0015245864458090404,0.3732352729876846,0.0015246212139105619,0.6206660564069277,0.0015246620641647497,0.0015248008815033542
doc84,0.0018318254452065466,0.0018318914263476943,0.0018318141116236218,0.0018319741088760812,0.9908403048562587,0.001832190051687408
doc85,0.000984562456639356,0.776069914562941,0.0009845360935806385,0.09117327641247319,0.1298031170721781,0.0009845934021875597
doc86,0.3725706992420544,0.003268794017655917,0.0032691930953505748,0.28022299369796827,0.3373995429051907,0.0032687770417801436
doc87,0.6596917290352067,0.002016589314096483,0.0020168584895923396,0.0020165574391761004,0.0020166161084160745,0.33224164961351227
doc88,0.8324687715812474,0.16338966324105283,0.0010353044146332935,0.0010355046285947828,0.0010353959233130718,0.0010353602111585578
doc89,0.0006731552005513724,0.4521114248086343,0.0006731261552592665,0.4808321509588771,0.06503704078272411,0.0006731020939539492
doc90,0.0008653703339042163,0.000865351729828923,0.0008652611054655884,0.0008652813884660059,0.6505612199802587,0.34597751546207656
doc91,0.13605683024359605,0.2327732683858307,0.0008962889282374926,0.14964572686537295,0.0008962227397167879,0.479731662837246
doc92,0.8487821056045525,0.0014796266912127376,0.0014795163439122261,0.0014797414449803442,0.0014796023727361022,0.14529940754260603
doc93,0.9764614296752215,0.0011965012352823795,0.018752752888917732,0.0011963891004135748,0.001196447617743901,0.0011964794824207542
doc94,0.001014474143000579,0.0010144936616671085,0.001014495952053097,0.0010144557180071009,0.2666147553977871,0.7293273251274849
doc95,0.0005538106110448102,0.34253752829742357,0.13703708622511407,0.0005538881952925125,0.0005538444361969529,0.518763842234928
doc96,0.5624552926865475,0.12158710864624794,0.000659789317011778,0.0006598386090718597,0.3139781632366231,0.0006598075044979526
doc97,0.0015484174347325645,0.0015483289628640499,0.0015481403538892935,0.2082204721667771,0.23914975553191561,0.5479848855498215
doc98,0.0014169508065827098,0.3928001819064248,0.0014166107127443922,0.6015328279966091,0.0014166923061488706,0.0014167362714901115
doc99,0.0013778984334682236,0.8170660206614163,0.00137816822267094,0.0013776439339709934,0.0013776678228549764,0.1774226009256186
doc100,0.0018320175174311895,0.0018320829146223905,0.09969432205442998,0.0018318844045498695,0.5170205697034935,0.3777891234054732
doc101,0.753411986881068,0.23939254485255643,0.001798821040628345,0.0017988034269690047,0.0017988711023376174,0.0017989726964405576
doc102,0.0009561208436193978,0.0009561550892267364,0.9952191576126795,0.0009561378283224458,0.0009562412136936479,0.0009561874124582022
doc103,0.0009561208436193978,0.0009561550892267364,0.9952191576126795,0.0009561378283224458,0.0009562412136936479,0.0009561874124582022
doc104,0.0028097372808048677,0.13343964280156628,0.0028096111923753384,0.0028101932678114647,0.0028100840548477756,0.8553207314025943
doc105,0.0007718221828125334,0.6183022420882338,0.018161000083161252,0.36122134903855646,0.0007717648373829288,0.0007718217698529561
doc106,0.5461699585320594,0.0010920375376097676,0.0010918710587115685,0.4494622137302737,0.001091934285675557,0.0010919848556699913
doc107,0.001678281137353911,0.34229121099596754,0.0016782194281033584,0.3026743335676991,0.001678269229689247,0.3499996856411868
doc108,0.2914159075568383,0.24360301306154222,0.0012108648221816367,0.0012110474339724635,0.0012109340214629118,0.46134823310400236
doc109,0.9921364521541125,0.001572803658266965,0.001572643657461176,0.001572725012798434,0.001572698377106778,0.0015726771402540484
doc110,0.0014583122217105009,0.0014581128084295157,0.4205469124221421,0.0014581333167140195,0.08415463136004997,0.4909238978709539
doc111,0.5514162651407986,0.00028130238730964094,0.000281255415708276,0.43252146404974756,0.015218399196094997,0.0002813138103408535
doc112,0.0011824355839501449,0.0011823971258309806,0.020179897012645043,0.6625081695609888,0.31376467348206816,0.001182427234516978
doc113,0.010417791684409546,0.010417658362670406,0.9479080659440818,0.010420594570764096,0.010418844956850165,0.010417044481224
doc114,0.00641119120663536,0.006410498274361655,0.006411499503833383,0.9679456137963024,0.006410674573326052,0.00641052264554121
doc115,0.015153306359162441,0.015153436961748359,0.5961719957693238,0.343210190231613,0.015154670947447166,0.015156399730705213
doc116,0.00793752281512546,0.3521040084487293,0.6161437752912464,0.007939439977184532,0.007937486701556107,0.007937766766158256
doc117,0.9679396606103786,0.006411995782961915,0.006412490063764996,0.00641218855680779,0.006411504792041135,0.006412160194045579
doc118,0.9890327967924686,0.002193391777774575,0.0021934273445241635,0.0021932774732016653,0.00219351570460034,0.002193590907430766
doc119,0.45865633776968,0.0016238318830535969,0.0016243654553691094,0.24545956938980448,0.046995946603750616,0.24563994889834212
doc120,0.0023478093303809715,0.12928100123929812,0.002347979578249552,0.4226193634010548,0.4410558434671269,0.0023480029838897237
doc121,0.0015017235952516513,0.001501973747470715,0.0015020837186109951,0.38047081093272367,0.0015019379648421117,0.6135214700411008
doc122,0.0006597958879625605,0.0006597966487256938,0.000659815223374624,0.535551868917558,0.46180892426902265,0.0006597990533563578
doc123,0.0007063227712098863,0.000706378846746018,0.0007063832498593405,0.2591353631867174,0.35891289572787777,0.37983265621758955
doc124,0.18484084841752965,0.17949975852025796,0.0016508432484332476,0.6307074528213572,0.0016505380078625565,0.0016505589845594126
doc125,0.27233262162219213,0.45068822916100904,0.0017988628523031168,0.0017991206568916745,0.09012572149810191,0.18325544420950196
doc126,0.0015485183742750866,0.26355503510353445,0.0015483528569709272,0.28708303034435795,0.44471654423242807,0.00154851908843337
doc127,0.6692729921102003,0.0016504735464701714,0.001650309197200078,0.08856623501736552,0.23720950346665898,0.00165048666210495
doc128,0.4399362144615967,0.0011685018818341129,0.0011683050695445983,0.0011686252855220912,0.5553897538900885,0.001168599411413977
doc129,0.8017144754426572,0.000796502115566274,0.0007963513538432631,0.1950999941148382,0.0007963409743798924,0.0007963359987152482
doc130,0.08281179499910254,0.6394489683451177,0.0011548875054414986,0.0011551335018389402,0.21147624501114531,0.0639529706373539
doc131,0.0005761579037061095,0.9971192681800103,0.0005761171720319974,0.0005761637253641756,0.0005761668653061169,0.000576126153581165
doc132,0.0017989103691475646,0.9910052490283049,0.0017986235178495396,0.0017992362502288973,0.0017989022428074217,0.0017990785916617055
doc133,0.0012410597980605973,0.21754760369765969,0.0012408660712478795,0.6964933613547646,0.08223602100399839,0.0012410880742687155
doc134,0.14488127549314134,0.002890967409335967,0.0028907491535396642,0.7235663083746264,0.0028910460052055937,0.12287965356415084
doc135,0.0008027804846751597,0.2874680591139527,0.05364805854498834,0.563738881728763,0.0008027697001351024,0.0935394504274857
doc136,0.0007433455473005791,0.0007431418019731754,0.0007430299729210192,0.9962841843509903,0.0007431637965096957,0.0007431345303050899
doc137,0.0008577429204314716,0.0008577818184847597,0.0008577781776986726,0.0008577923141894112,0.0008577431237926062,0.9957111616454031
doc138,0.0020167243106412216,0.49424796206666044,0.04691017581535542,0.060501501974000456,0.0020167291012168262,0.39430690673212576
doc139,0.0012110915783398893,0.0012109928189330975,0.001210979875483876,0.0012108945247538848,0.5011142826280316,0.49404175857445753
doc140,0.8410873439709212,0.11549953067757389,0.040598132895811705,0.0009383187176164574,0.000938373126730014,0.0009383006113468515
doc141,0.0015245560482279607,0.0015251597764304988,0.02188944748585071,0.001524895838143086,0.40907365699967874,0.564462283851669
doc142,0.0010574953451736274,0.0010574871377310433,0.0010575022380825696,0.24061148136555166,0.0010572825310182863,0.7551587513824429
doc143,0.0020581206822530306,0.454864618848283,0.002058496272827263,0.4029328232954051,0.0020582637219207236,0.13602767717931083
doc144,0.17226947695130554,0.5536284738116461,0.0012890105334946481,0.001289099133220919,0.0012890498679050794,0.2702348897024277
doc145,0.1587434955691063,0.726048730569276,0.000607630796844519,0.0006077241267146319,0.11338476098322106,0.0006076579548375681
doc146,0.5621961475728589,0.40538401196787544,0.02943686901041487,0.0009943367899374034,0.0009943529873923176,0.0009942816715210903
doc147,0.12864413988533066,0.07372717690471868,0.2647032424334321,0.0006228280746523762,0.18769767748169194,0.34460493522017444
doc148,0.9443262317396707,0.00034899528113146083,0.00034896553000131857,0.01685287662851702,0.0003490044818455789,0.03777392633883412
doc149,0.42281260646389063,0.44555635749249917,0.0450738124389229,0.08489830766056342,0.0008294472165779311,0.0008294687275458301
doc150,0.24279364997302355,0.16587824737270035,0.002659877293704915,0.5833475538521322,0.002660243123662967,0.0026604283847758547
doc151,0.0008225769197105937,0.617967702677004,0.0008226323561402676,0.0008225750185803302,0.0008225242198492618,0.3787419888087155
doc152,0.0017069261133976336,0.0017070149950895916,0.0017067386704732066,0.001706867251826089,0.14593486630751418,0.8472375866616992
doc153,0.3972845681837797,0.0009383029420564082,0.0009381810706683276,0.0009382370983363753,0.0009383656639299129,0.5989623450412292
doc154,0.0008364311702281107,0.162543226321082,0.0008362214529810595,0.0008363795819545485,0.8341114263764474,0.0008363150973068416
doc155,0.2242293890171118,0.5336237087536136,0.0005663240320828403,0.0005663894144711981,0.24044776278368357,0.0005664259990369276
doc156,0.003760265089813951,0.003760097482496738,0.10228646979225736,0.003760851413213119,0.8826719177265351,0.003760398495683715
doc157,0.000896450313745773,0.0008963306911942087,0.995518513726526,0.0008962421902062831,0.0008962341434179536,0.0008962289349098658
doc158,0.000896450313745773,0.0008963306911942087,0.995518513726526,0.0008962421902062831,0.0008962341434179536,0.0008962289349098658
doc159,0.34158053964860574,0.2762565932352794,0.0008577777997493044,0.08257612834856302,0.2978710911301825,0.0008578698376199517
doc160,0.001288872784493311,0.2953815169418153,0.0012888521108976798,0.4889939940666356,0.0012889836025015056,0.2117577804936565
doc161,0.7832590754185836,0.002058075830719929,0.0020579790086097853,0.208508699625927,0.002058039140082985,0.0020581309760766765
doc162,0.0007964360889659434,0.000796323374532281,0.0007963144608637677,0.11602449504632564,0.16313649782948272,0.7184499331998296
doc163,0.500509756778696,0.018194769997512104,0.007968570633751532,0.3790975205080906,0.09372574451060746,0.0005036375713421715
doc164,0.7573637261535925,0.0015976570204348913,0.05582413971116805,0.18201911593821607,0.001597611606486122,0.0015977495701022949
doc165,0.9781966055932221,0.0004986258442355369,0.0004985504428033626,0.01980899811335511,0.0004986091208548017,0.0004986108855289432
doc166,0.000638712610110641,0.9217849550853082,0.0006386380674074637,0.0006387593501996405,0.0006387030099353858,0.07566023187703855
doc167,0.3272319203746326,0.0021463358282227097,0.002146180486590558,0.4100942148157592,0.25623532619481976,0.0021460222999750912
doc168,0.010417791684409546,0.010417658362670406,0.9479080659440818,0.010420594570764096,0.010418844956850165,0.010417044481224
doc169,0.00641119120663536,0.006410498274361655,0.006411499503833383,0.9679456137963024,0.006410674573326052,0.00641052264554121
doc170,0.015153306359162441,0.015153436961748359,0.5961719957693238,0.343210190231613,0.015154670947447166,0.015156399730705213
doc171,0.00793752281512546,0.3521040084487293,0.6161437752912464,0.007939439977184532,0.007937486701556107,0.007937766766158256
doc172,0.9679396606103786,0.006411995782961915,0.006412490063764996,0.00641218855680779,0.006411504792041135,0.006412160194045579
doc173,0.002347675899502872,0.0023480179455786505,0.0023475475299074146,0.2297660163465491,0.7608426549163786,0.0023480873620833976
doc174,0.49938350438992846,0.001396952673521386,0.0013969225154723032,0.0013970340431012555,0.0013968774344750303,0.4950287089435014
doc175,0.0011289746718559262,0.1540661284353571,0.13776212062364468,0.0011289584960026099,0.5135327712361972,0.19238104653694232
doc176,0.0005696037012523944,0.26058559146121674,0.0005696365484738143,0.16876616214082477,0.0005696508364026177,0.5689393553118297
doc177,0.0015979682559183037,0.001597930396044297,0.018775505888552407,0.5919479306087689,0.0015978873942597202,0.38448277745645626
doc178,0.14490851213168354,0.2120321845510901,0.0528156335495236,0.588193973122626,0.0010248189007871899,0.0010248777442895976
doc179,0.000938365300334027,0.16786715021180748,0.0009381934479819751,0.8283795971244314,0.0009383449627589327,0.0009383489526862156
doc180,0.13451306818632883,0.09129512183411015,0.0012566360213742153,0.0012566393083348253,0.4351567870647682,0.3365217475850838
doc181,0.0017990218891839156,0.0017989830271371654,0.0017989299998846825,0.47737173592017357,0.5154324620436155,0.0017988671200051662
doc182,0.21785077538918263,0.0012565488957494814,0.0012565204791761477,0.555368326600267,0.2230111436434948,0.0012566849921297916
doc183,0.15510688099137193,0.001289004464959586,0.06268558228083866,0.7783405482870516,0.0012890118964713096,0.0012889720793068152
doc184,0.0005761579037061095,0.9971192681800103,0.0005761171720319974,0.0005761637253641756,0.0005761668653061169,0.000576126153581165
doc185,0.956935851458936,0.037771746520475734,0.001323065218706938,0.0013230387101190596,0.0013231631536641927,0.0013231349380983211
doc186,0.0031657288396986774,0.003165803270486442,0.003164947723365383,0.7754884171179719,0.2118497757443581,0.0031653273041194543
doc187,0.2315852567405929,0.6147569045075784,0.0007431142755809227,0.15142849479731543,0.0007431024690033081,0.000743127209929177
doc188,0.0017989103691475646,0.9910052490283049,0.0017986235178495396,0.0017992362502288973,0.0017989022428074217,0.0017990785916617055
doc189,0.5083325487570823,0.0013059399412723779,0.001305635477239522,0.4864442686809892,0.0013057633717953494,0.0013058437716211688
doc190,0.0011164178716440885,0.0011163943261126472,0.05768264137876543,0.7184584105545209,0.0011165007915239446,0.22050963507743307
doc191,0.0008577429204314716,0.0008577818184847597,0.0008577781776986726,0.0008577923141894112,0.0008577431237926062,0.9957111616454031
doc192,0.9098487202036183,0.0010686751422414457,0.001068488858588548,0.0010685615003815003,0.001068641427258575,0.08587691286791177
doc193,0.00159789587526229,0.8044353070960288,0.0015975650615133563,0.0015978929745477336,0.0015978341354008782,0.18917350485724704
doc194,0.4733608054994645,0.0008226363271489492,0.0008224905397551408,0.0008225816789960557,0.32851930323271217,0.19565218272192314
doc195,0.00297689252709566,0.002976695283185407,0.0029771123539454342,0.18075222214542405,0.2905386530196336,0.5197784246707158
doc196,0.0003539598535973896,0.7579209764272655,0.0003539192265659521,0.10845662526960599,0.0003539562172794477,0.13256056300568567
doc197,0.8017144754426572,0.000796502115566274,0.0007963513538432631,0.1950999941148382,0.0007963409743798924,0.0007963359987152482
doc198,0.22380605153034783,0.0007542816000533953,0.000754285182875741,0.5730614635381651,0.0007544069286813008,0.20086951121987662
doc199,0.5621961475728589,0.40538401196787544,0.02943686901041487,0.0009943367899374034,0.0009943529873923176,0.0009942816715210903
doc200,0.0008434596723165553,0.000843360252699753,0.000843315004574826,0.18249568276973602,0.26998356365943493,0.544990618641238
doc201,0.8643891938934288,0.0011290092734964413,0.0011289081289005594,0.0011288716579489699,0.1310949973611846,0.0011290196850404985
doc202,0.5022503124513116,0.1298004338860783,0.0006554182891641651,0.21157175930150698,0.15506654377056123,0.0006555323013775702
doc203,0.3865817697850691,0.0037602900690889176,0.003759842934456889,0.0037603099886900997,0.26396500495959346,0.3381727822631016
doc204,0.0012257015602131756,0.6114573903332143,0.0012257736945275675,0.001225806726642729,0.0012256539078887231,0.3836396737775134
doc205,0.00048649288639057914,0.9975674745747072,0.0004864397825123872,0.00048647781584701616,0.0004865725697763777,0.0004865423707663238
doc206,0.0012259000911388472,0.0012259383440461316,0.0012259140516529545,0.3036908909336983,0.3478696344876161,0.3447617220918477
doc207,0.003379046534927194,0.003379351704375167,0.003378625084706635,0.003379331689010891,0.9831045228119372,0.0033791221750430157
doc208,0.000352683293309629,0.18953549736757813,0.0295868977985456,0.00035268586053185453,0.06923905250013075,0.710933183179904
doc209,0.778760080130874,0.0006512059451749989,0.0006511261780981664,0.0006512170267909896,0.21863514894015462,0.0006512217789071869
doc210,0.9287299890945107,0.0004174827604421833,0.0004174494092425368,0.0004174954157721676,0.06960007406640482,0.0004175092536277178
doc211,0.0009653146783345468,0.0009653967180305082,0.9951731682431794,0.0009653784221984432,0.0009653905971881971,0.0009653513410689998
doc212,0.0009653146783345468,0.0009653967180305082,0.9951731682431794,0.0009653784221984432,0.0009653905971881971,0.0009653513410689998
doc213,0.08049722143899926,0.7842686834469168,0.0011824516076271011,0.13168701194285554,0.0011823107275459876,0.00118232083605517
doc214,0.20612503828166517,0.00020141624113254836,0.007269065802622657,0.14273862917160188,0.32884981614842573,0.3148160343545519
doc215,0.001168511521231429,0.6307660961090682,0.0011684212327720484,0.3645598398947928,0.0011685576229626844,0.0011685736191727537
doc216,0.16229024592160918,0.8337324409081199,0.0009943440540318132,0.00099435276874917,0.0009943830659923754,0.0009942332814973562
doc217,0.11756082135002241,0.09648337184535856,0.31773647748635386,0.00088827128132721,0.0008884064352507798,0.46644265160168713
doc218,0.08216832923025488,0.9132114109337437,0.0011550456842353554,0.0011550247327076775,0.0011550946346958705,0.0011550947843623535
doc219,0.7742572688279001,0.001436972864364392,0.0014369351756985246,0.2199947657735947,0.0014370165087655535,0.0014370408496767828
doc220,0.11143787776678983,0.08098194541265959,0.0011821906863252465,0.804033340656021,0.001182355561280745,0.0011822899169235763
doc221,0.001141977295268089,0.6056680186220764,0.0011417332602197867,0.3350431173935856,0.0011419631744425097,0.05586319025440766
doc222,0.32740397942496435,0.0006730915996787846,0.0006730428655180639,0.000673096184288018,0.1844282794527617,0.4861485104727891
doc223,0.000938250163194552,0.0009383749162388478,0.0009384149145874591,0.9953084001793375,0.0009382710913134704,0.0009382887353281695
doc224,0.06045146972821068,0.6470666905075485,0.0022426615574832297,0.0022426542233842457,0.0022426362769650647,0.2857538877064083
doc225,0.010417791684409546,0.010417658362670406,0.9479080659440818,0.010420594570764096,0.010418844956850165,0.010417044481224
doc226,0.00641119120663536,0.006410498274361655,0.006411499503833383,0.9679456137963024,0.006410674573326052,0.00641052264554121
doc227,0.07777599443724409,0.9099506929638812,0.0030685068737245614,0.003068725463925084,0.0030679560906432643,0.0030681241705819086
doc228,0.015153306359162441,0.015153436961748359,0.5961719957693238,0.343210190231613,0.015154670947447166,0.015156399730705213
doc229,0.00793752281512546,0.3521040084487293,0.6161437752912464,0.007939439977184532,0.007937486701556107,0.007937766766158256
doc230,0.9679396606103786,0.006411995782961915,0.006412490063764996,0.00641218855680779,0.006411504792041135,0.006412160194045579
doc231,0.006849979886226486,0.006849999406078262,0.31241611663925223,0.6601843518168776,0.006849795161357873,0.00684975709020761
doc232,0.005376737458645109,0.005376695104249084,0.005378445929870267,0.9731144194445045,0.005377046201725238,0.0053766558610057425
doc233,0.0012726717732068006,0.18485553605059218,0.001272525134927575,0.6807565764520158,0.13057026504461897,0.0012724255446385693
doc234,0.001832094873679394,0.0018320542573149537,0.001831668727062342,0.4190757024482748,0.5735963498418687,0.00183212985179977
doc235,0.0012108401392616475,0.2948777054460663,0.001210772655205574,0.0012110785182054156,0.3762019486482578,0.32528765459300335
doc236,0.002809571582576276,0.002809431074742981,0.0028094556419950324,0.7219731816669946,0.2667889457351506,0.002809414298540292
doc237,0.0005761579037061095,0.9971192681800103,0.0005761171720319974,0.0005761637253641756,0.0005761668653061169,0.000576126153581165
doc238,0.11138647432613284,0.8802084959771754,0.0021012019831057717,0.0021012369505754875,0.00210110525475144,0.002101485508259022
doc239,0.0012567459414434608,0.0012566570309722168,0.001256699654148465,0.6838118398521419,0.3111613402955365,0.0012567172257575137
doc240,0.3272319203746326,0.0021463358282227097,0.002146180486590558,0.4100942148157592,0.25623532619481976,0.0021460222999750912
doc241,0.0013058595766292276,0.0013058555752956925,0.10690092130466278,0.48694193888931203,0.19649434260047471,0.20705108205362546
doc242,0.0024636019979410208,0.0024635044475615434,0.04354422299386264,0.3580658984569391,0.5909991940737298,0.0024635780299659916
doc243,0.0021012161252811023,0.3189055159445629,0.0021012123650542736,0.0021015635565355827,0.21622676190756834,0.45856373010099777
doc244,0.0016506593721783995,0.20184330333950215,0.0016505952126348344,0.5420437551753803,0.0016506782619233706,0.25116100863838103
doc245,0.0008577429204314716,0.0008577818184847597,0.0008577781776986726,0.0008577923141894112,0.0008577431237926062,0.9957111616454031
doc246,0.2700689569186125,0.0016781967163082404,0.00167826233431567,0.001678317358451157,0.35716905047505326,0.36772721619725923
doc247,0.45428278134416583,0.0006870697462153606,0.0006868880064540132,0.0006870449002560851,0.0006870585746704889,0.5429691574282381
doc248,0.9926025044055918,0.0014795083275601537,0.001479465304959172,0.0014794578244308103,0.0014794557220216492,0.0014796084154365104
doc249,0.9940886965900969,0.0011823054788186174,0.00118210984885768,0.0011822415959404202,0.0011822709177281533,0.0011823755685582413
doc250,0.0561319557083864,0.66261485875309,0.0008362398895262681,0.0008364162184948645,0.2787441658366553,0.0008363635938473163
doc251,0.956935851458936,0.037771746520475734,0.001323065218706938,0.0013230387101190596,0.0013231631536641927,0.0013231349380983211
doc252,0.0017989117373209073,0.17923532052349975,0.0017988179399309444,0.00179910858489546,0.49082253897415634,0.32454530224019656
doc253,0.08127216735046593,0.7904711146030959,0.0007486705865727347,0.0007487159348397124,0.0007487496469397161,0.12601058187808614
doc254,0.5444413484567916,0.17442069824739323,0.0017363045580537871,0.0017366649010858806,0.21473435898609,0.06293062485058558
doc255,0.5496251684086038,0.0015483956187979403,0.001548195555857877,0.0015483697354456416,0.0015482904886935857,0.4441815801926012
doc256,0.7792280439032582,0.21286444403283758,0.001976810663417232,0.001977001814156469,0.0019768870398024214,0.001976812546528087
doc257,0.6698881685917836,0.24033069941723992,0.0009844431264149876,0.0868276722915445,0.0009844891764292732,0.0009845273965878177
doc258,0.0004375869214437697,0.6696079126353075,0.0004375271918841358,0.16244041071513962,0.022612258971396838,0.1444643035648282
doc259,0.24204804470865982,0.0014795854105176982,0.0014794327561966434,0.0014795633369403976,0.0014795408258529855,0.7520338329618325
doc260,0.0003539624098273103,0.9335820273013569,0.00035397134691922167,0.00035399059530107866,0.06500208212526641,0.0003539662213291059
doc261,0.030458272409737135,0.847015839490585,0.0014166982571759204,0.0014168982002205988,0.0014168274727869895,0.1182754641694944
doc262,0.022152984487103927,0.7315416179117331,0.00033271957622159077,0.24530717451772457,0.00033276054448938303,0.00033274296272739115
doc263,0.0018660708777386956,0.001866317711286047,0.0018660294286931569,0.38097241049190517,0.6115632039724812,0.0018659675178958081
doc264,0.059844994141140695,0.0003526981355929711,0.0123536308242098,0.054765169818434205,0.3098646645834852,0.5628188424971371
doc265,0.041689025716898115,0.11723795501893089,0.0005331280719268761,0.0005332069157047327,0.4157611919015454,0.42424549237499404
doc266,0.0007901171089998713,0.1075792128696391,0.0007900330349480462,0.23853415165590808,0.4087149088888133,0.2435915764416915
doc267,0.1903679767165593,0.0019015362864358025,0.001901313053456099,0.8020259710330496,0.0019016701565111897,0.0019015327539879069
doc268,0.0014371643404763954,0.001437078651817527,0.0014369792917530541,0.12127153216272947,0.00143718617253526,0.8729800593806882
doc269,0.0030683068410647094,0.003067923318217043,0.003068700204048226,0.8966049684777504,0.09112198681102254,0.003068114347896919
doc270,0.0009653146783345468,0.0009653967180305082,0.9951731682431794,0.0009653784221984432,0.0009653905971881971,0.0009653513410689998
doc271,0.19393887979989727,0.41144485866536934,0.026872936512997457,0.23535835607617323,0.13174624963139434,0.0006387193141683359
doc272,0.0009653146783345468,0.0009653967180305082,0.9951731682431794,0.0009653784221984432,0.0009653905971881971,0.0009653513410689998
doc273,0.36453761616217706,0.0004245682701371665,0.00042451453000143604,0.5334427974568999,0.10074592495362358,0.0004245786271608555
doc274,0.17691599377635642,0.03718317880679635,0.0003709438745151411,0.00037102460648749414,0.4071991288741663,0.37795973006167827
doc275,0.31916378132770395,0.22585290769025923,0.021080912759628947,0.0007718151320455633,0.18356910072208016,0.249561482368282
doc276,0.0024046248328936704,0.4970215177279742,0.00240459228163007,0.49336032385900885,0.002404626921508279,0.00240431437698483
doc277,0.29816997823443087,0.4212683035386203,0.001938955743851427,0.0019385989542704323,0.0019386399870096405,0.27474552354181725
doc278,0.0005828824830378658,0.0005828642878552541,0.0005828865388469145,0.0005828811624439246,0.9970855596126753,0.0005829259151406364
doc279,0.8239565216773858,0.08562600401415423,0.011303272582659904,0.07846167239424393,0.00032627199445149147,0.00032625733710492356
doc280,0.00044938616169794195,0.00044936911391479955,0.006843588435619168,0.15174024453031942,0.6795283534239743,0.16098905833447436
doc281,0.7009443380532223,0.00043946799387980693,0.00043947184723544584,0.26760867319919013,0.03012857610160033,0.00043947280487187655
doc282,0.5887427762888534,0.4014019560132745,0.0024636812272954976,0.0024639230690642693,0.002463637208666767,0.0024640261928454026
doc283,0.9899174121675499,0.0020166597114846885,0.0020162436108073795,0.0020165892381874195,0.0020164206221214417,0.002016674649849248
doc284,0.5277933416653211,0.22341298455954536,0.0028905938396729773,0.24012125250567876,0.002890818947335501,0.0028910084824461378
doc285,0.0013969103662198352,0.8903941332048336,0.0013969830136824144,0.0013968690082806312,0.001396919315969598,0.10401818509101382
doc286,0.0012411179175871186,0.0012410139904813914,0.13221499203310727,0.6475745426433329,0.21648727561248698,0.001241057803004278
doc287,0.3603515839987688,0.47763437853850815,0.0006730499882805543,0.0006731255358645539,0.1599947435710083,0.0006731183675695962
doc288,0.3237505043581891,0.0010043332211396182,0.001004136881254322,0.6722325717912694,0.0010041962244807185,0.0010042575236667265
doc289,0.010417791684409546,0.010417658362670406,0.9479080659440818,0.010420594570764096,0.010418844956850165,0.010417044481224
doc290,0.00641119120663536,0.006410498274361655,0.006411499503833383,0.9679456137963024,0.006410674573326052,0.00641052264554121
doc291,0.015153306359162441,0.015153436961748359,0.5961719957693238,0.343210190231613,0.015154670947447166,0.015156399730705213
doc292,0.00793752281512546,0.3521040084487293,0.6161437752912464,0.007939439977184532,0.007937486701556107,0.007937766766158256
doc293,0.8052050411530124,0.18819278860034985,0.00165044656695656,0.001650487638857554,0.0016505519870678633,0.001650684053755761
doc294,0.9679396606103786,0.006411995782961915,0.006412490063764996,0.00641218855680779,0.006411504792041135,0.006412160194045579
doc295,0.006849979886226486,0.006849999406078262,0.31241611663925223,0.6601843518168776,0.006849795161357873,0.00684975709020761
doc296,0.005376737458645109,0.005376695104249084,0.005378445929870267,0.9731144194445045,0.005377046201725238,0.0053766558610057425
doc297,0.015152729437015297,0.9242312761802587,0.015153352584313235,0.01515672500241989,0.015152826479886248,0.015153090316106538
doc298,0.00077780640846394,0.8165168608291586,0.0007778041647476991,0.05103640757198942,0.055596538286747786,0.07529458273889247
doc299,0.09820765090388647,0.8988634389807455,0.0007321881716456862,0.000732240179641657,0.0007322486371464677,0.0007322331269342836
doc300,0.0013969609891335238,0.0013969981785815612,0.0013969988199484056,0.1897834192898964,0.39549879755008643,0.41052682517235384
doc301,0.0008578310308528927,0.6826601478629348,0.0008578195493308849,0.09800117361301086,0.2167651039302558,0.0008579240136145986
doc302,0.0005761579037061095,0.9971192681800103,0.0005761171720319974,0.0005761637253641756,0.0005761668653061169,0.000576126153581165
doc303,0.0009472559136430427,0.0009472779738092806,0.0009471818536384412,0.7838945047201924,0.21231649784931567,0.0009472816894012185
doc304,0.1919863448510629,0.2794250896926144,0.0008962541457288912,0.36137409003661136,0.16542203437514144,0.0008961868988410306
