,topics0,topics1,topics2,topics3,topics4,topics5,topics6,topics7,topics8,topics9
doc0,0.0006757952746893501,0.0006757996211039751,0.0006757786671652249,0.0006759720853285592,0.0006757678778822127,0.0006758495215046511,0.0006758104825968185,0.0006757720843883758,0.9939174814699323,0.0006759729154084041
doc1,0.002041270128731508,0.10919965127791045,0.002041066881194248,0.002041426855867422,0.0020413342368493983,0.002041395016319422,0.21013429420474197,0.002041341627783301,0.6663768434653324,0.0020413763052698902
doc2,0.0011630493074365749,0.0011631029894340402,0.0011631335629969644,0.0011631359259304931,0.001163068572397606,0.3003629480586748,0.06919388410482422,0.0011628950431634242,0.6223017609643989,0.001163021470742903
doc3,0.0006330361704416066,0.0006330419798017243,0.0006329910465390356,0.0006331379866485122,0.0006330219651188471,0.781697123363716,0.0006330445076449793,0.0006330002954967461,0.161118508805047,0.05275309387954551
doc4,0.4261672842062075,0.0007521258876153563,0.035037183448572776,0.44075559233425915,0.0007521444927873895,0.0007521553938629183,0.0007521278856479701,0.0007520248951018696,0.09352731877967689,0.0007520426762680715
doc5,0.00047181351216887975,0.907031030755211,0.00047180066534777755,0.00047181736543982226,0.00047178792377069204,0.0004718045358710792,0.00047177729619721123,0.00047177856326817674,0.0004717759578143007,0.08919461342491113
doc6,0.0014291194436573738,0.20573747986504845,0.0014291079121434259,0.3329666701927524,0.13761900205893013,0.0014289812822856065,0.3151029879756325,0.0014289894077623752,0.001428833289968819,0.0014288285718190004
doc7,0.052517334228784844,0.6089059857454983,0.01296638151222913,0.32020356975162717,0.0009011624623594934,0.0009011198809618358,0.0009011615557559475,0.0009010093177492241,0.0009011409970599023,0.0009011345479742267
doc8,0.001250443238486375,0.2869754605589743,0.0012502941249037621,0.0012502947763984365,0.2132639421674799,0.0012502871813940251,0.4910080275509527,0.0012503909688130765,0.0012504438030975056,0.0012504156294998335
doc9,0.0010990472464163196,0.0010991012223014168,0.990108330766004,0.0010991101195759688,0.0010991070446794557,0.0010990970279417603,0.0010989651721784275,0.001099085875890169,0.0010990458579077408,0.0010991096671047376
doc10,0.0010990472464163196,0.0010991012223014168,0.990108330766004,0.0010991101195759688,0.0010991070446794557,0.0010990970279417603,0.0010989651721784275,0.001099085875890169,0.0010990458579077408,0.0010991096671047376
doc11,0.025937525156707265,0.0002119387838269361,0.0002119037977468942,0.00021193558901774867,0.24574285068761917,0.09524964601761318,0.0002119411615174814,0.01241642375107021,0.6195938986004085,0.00021193645447263547
doc12,0.11210152841929485,0.000588362483888025,0.0005883754008541107,0.06533417804390536,0.5086598994993266,0.03942142980578596,0.09934838945705769,0.0005884153473798431,0.1727810711250188,0.0005883504174887592
doc13,0.0008406143961119995,0.000840460109815947,0.0008404581693459717,0.1057050641160496,0.5194476156541421,0.0008405137151813488,0.0008405128722562854,0.2699108791204434,0.0008405901881140467,0.09989329165853945
doc14,0.0018186687282452138,0.17210291419600893,0.0018184058467268873,0.0018187870955209697,0.3219368099782891,0.16755014358653283,0.0018184692963871074,0.0018191587851671461,0.0018187234374292657,0.32749791904969255
doc15,0.27651976294704683,0.3926341559726322,0.0005650604447879196,0.0005651339178568065,0.0005651251525043293,0.08793089617665534,0.0005651297392808876,0.0005651011344812132,0.23952447750612457,0.0005651570086299144
doc16,0.0010992136156942858,0.00109921433804692,0.0010990643236670028,0.0010991866521990236,0.0010991660375918057,0.9901078505484711,0.0010990748445845419,0.0010991038408383355,0.0010990766302838028,0.001099049168623199
doc17,0.00040334077371016795,0.12527530601986195,0.0004032580000090207,0.0004033384622230776,0.0004033234989498958,0.8590940991713265,0.0004033293333718167,0.0004033311124070107,0.0004033708478815902,0.012807302780258907
doc18,0.000552663319290446,0.0005526302493472397,0.0005525807580491607,0.0005526796240883271,0.6816603443668738,0.0005526911822309355,0.0005526340227480912,0.0005527870843797776,0.000552620696303167,0.31391836869668904
doc19,0.36323511703024525,0.03128549036523782,0.014359634689977648,0.03600689242382387,0.1393041051441947,0.0007093754115065526,0.2836851283288433,0.0007093474534848572,0.12999556742696886,0.0007093417257171533
doc20,0.1953816182715353,0.0013336927792990322,0.0013334442642286037,0.30527801076834293,0.4900051530230657,0.0013335916978810599,0.0013336704005026952,0.001333590989921797,0.0013336522864311807,0.0013335755187917158
doc21,0.24103811872764141,0.11712491089934826,0.0006136891163687426,0.03266747457663848,0.15553220832227022,0.16965446456855784,0.0006136967018557025,0.04710190220770817,0.23503990224255264,0.0006136326370584419
doc22,0.2676534063791644,0.27233904995494995,0.0005917839668759068,0.000591939967752396,0.11290564987226413,0.29709728247509853,0.04704534231846436,0.0005918485999059674,0.0005918502474762642,0.0005918462180480156
doc23,0.0012198706194264809,0.001219805079001534,0.0012196506490585244,0.0012198241753299105,0.0012198730842938343,0.2715616488031268,0.0012197047419601065,0.0012196832677139565,0.7186800712035557,0.001219868376533132
doc24,0.00044456873638934333,0.00044458607826894825,0.0004444944473461749,0.09015150196277986,0.00044456327762789873,0.5096693852179788,0.12452036730795786,0.00044453700310563733,0.0004445901371656053,0.27299140583137976
doc25,0.0005209333715262048,0.4626126922939174,0.000520887701439595,0.16967228598141285,0.0005209846291695837,0.26130994632389937,0.0005209323624781905,0.047936237418596726,0.0005209358962030139,0.055864164021357195
doc26,0.058721752523456495,0.05015347811544048,0.00043111288564223163,0.5367726360506714,0.1974964075559623,0.0004311692640828065,0.0004311670361806396,0.000431161456387497,0.15469995909867018,0.000431156013506011
doc27,0.0013336877268882875,0.1817253786554732,0.10071546810250397,0.0013336441576451616,0.0013336493706073119,0.0013338021402795669,0.1388179430297875,0.0013335214017913908,0.15675330873417434,0.4153195966808493
doc28,0.4610142937964647,0.0023261870136373885,0.002326014195615353,0.2161116449892518,0.1633989416362015,0.0023261666647208536,0.0023261762700877084,0.0023260513207799616,0.14551857921663972,0.0023259448966009236
doc29,0.27770736065101037,0.21874490805375207,0.001470759473690029,0.07966359894292702,0.2432585052628466,0.17327094141681487,0.0014710047748339237,0.0014710995818236572,0.0014710044200687991,0.0014708174222325889
doc30,0.03748401964871176,0.0010003355229516644,0.0010002130332551768,0.0010003152775247505,0.0010001815760509573,0.7478161290865689,0.20769815274518935,0.0010001602755652778,0.0010002600621443658,0.0010002327720376313
doc31,0.0015877151480593085,0.4741758866262296,0.02495869291066577,0.0762489405630263,0.11063643331498602,0.07744513541562187,0.23018383348043872,0.0015877969318717768,0.0015878043335696534,0.0015877612755309954
doc32,0.14905076767851735,0.0008622493464195338,0.029211474842566972,0.000862328118331967,0.3352430107403465,0.3883938804583831,0.0008623311163010516,0.0008621796272372803,0.09378957077661428,0.0008622072952819936
doc33,0.0014928507478098971,0.6344541905065427,0.001492873646321855,0.0014930434169454707,0.0014930351933456472,0.3536022973066498,0.0014928379799073806,0.0014928770208125193,0.0014930595069667031,0.0014929346746982174
doc34,0.002127949909431968,0.002128018664263067,0.002127860912755066,0.0021280204487641808,0.0021278629608394834,0.3728358862738987,0.0021281002556969284,0.6101399541735066,0.00212798106073957,0.0021283653401044703
doc35,0.0008699025388853656,0.5781066107968396,0.0008696771021062224,0.0008698410546853495,0.0008697599281999404,0.0008698640377242609,0.18517458281009644,0.0008696790752547456,0.0008698711107412002,0.23063021154546698
doc36,0.04825021796788169,0.869756584332438,0.01829324822434947,0.0004387209509369564,0.00043866922340301867,0.00043869013900515866,0.06106783637061542,0.0004386652526313686,0.000438670667260409,0.0004386968714784662
doc37,0.0015389333117397648,0.34157743172045274,0.001538704966431375,0.14368082421339873,0.3541447835886526,0.0015389558656216749,0.15136365261878082,0.001538753581818581,0.0015389979362021324,0.0015389621969017719
doc38,0.000724802734992318,0.9063580546862364,0.0007247838376265157,0.0007248489232001443,0.08784337498120774,0.0007248776828933537,0.0007247805127953943,0.0007248503709880336,0.0007248198076859894,0.0007248064623740446
doc39,0.43201950652102633,0.0013700809161456553,0.00137005418959814,0.0013701068221008378,0.0013702494945694377,0.0013701674854666908,0.5570195200993027,0.0013700957324802028,0.0013701992378247103,0.001370019501485335
doc40,0.042385385516095,0.0005953277604416432,0.05036162551068111,0.0005954110149601314,0.2991241863540849,0.544453356177577,0.0005954326240574136,0.0005953564682031134,0.060698565363838046,0.0005953532100616603
doc41,0.0004786221228270368,0.20842088833900466,0.00047856668602042903,0.0004786012143412568,0.43151285213437,0.104140515181459,0.00047861206618891064,0.00047856157831677957,0.25305424544504623,0.00047853523242573815
doc42,0.097046439890746,0.8063287601182932,0.0005556103955636337,0.09273501235028427,0.0005556741173315594,0.000555689645101651,0.0005557542198149296,0.0005556564868091197,0.0005557278334079203,0.0005556749426476717
doc43,0.0007814471250632713,0.0007815022413705147,0.0007814435181058168,0.000781505474020355,0.5798313821080584,0.07405271448595423,0.0007814326320433123,0.0007814199029035163,0.34064574700701594,0.0007814055054647731
doc44,0.0010991754653763373,0.0010991172703947508,0.0010990439445315075,0.0010991066626444518,0.19118629305344148,0.0010991328790696203,0.05127537204447473,0.0010990513947863876,0.749844577152037,0.0010991301332437021
doc45,0.0037040414701620034,0.0037039918421516347,0.0037038305951157383,0.003704750439572874,0.0037039842538481704,0.003704748548530033,0.003703963798822854,0.003704222886249108,0.00370413470632092,0.9666623314592266
doc46,0.0008266754581148167,0.5544359400291451,0.0008265564981318241,0.4389508992670404,0.0008266428980412573,0.0008266740682455079,0.00082675198144937,0.0008265751806611113,0.000826707394128573,0.0008265772250418051
doc47,0.2278111779860679,0.0017248756891009998,0.0017244800204811624,0.0017245818602586605,0.001724576985168731,0.06907968691445823,0.370543192187382,0.0017246984927729405,0.32221808045248984,0.0017246494118194732
doc48,0.00040659687902830274,0.0004066287145071112,0.00040656227489282206,0.1379124842710616,0.10892216045926492,0.6635041913729652,0.00040662727072967203,0.06294176939470725,0.0004065947641392383,0.024686384598703915
doc49,0.0008476657195297854,0.0008476343391677585,0.0008475835008542608,0.0008476320154564028,0.2294752063111727,0.10271278704444065,0.47068502259131473,0.0008476198890381403,0.0008476388008409146,0.1920412097881846
doc50,0.13735718318195544,0.0005954253098861379,0.0005953114715089988,0.0005954119511186916,0.36535580490637776,0.1529619802485991,0.09748593614642578,0.0005953766821221422,0.2438622023868961,0.0005953677151099115
doc51,0.001961534462414875,0.0019611967354353377,0.0019609768730471247,0.3213800887166259,0.0019612450388741993,0.21381455144792177,0.0019612758960063192,0.001961185436883811,0.001961150098300753,0.4510767952944898
doc52,0.002439811368427654,0.0024395347209929846,0.09358653788782956,0.002439317830024994,0.002439814944571831,0.566910437781976,0.0024401151528018173,0.32242367374668435,0.002439995781530493,0.0024407607851602412
doc53,0.08937606125832262,0.12649086556359226,0.0009261105462435281,0.0009262455054082568,0.18039235593920577,0.0009261190307065922,0.09933538985526798,0.0009261377864980111,0.40512217557727664,0.09557853893747821
doc54,0.35627329291338167,0.0022734690233779287,0.0022728731504231166,0.18535449207586055,0.442459493048301,0.002273274642733062,0.002273271913001069,0.0022729676940771416,0.0022735419960671546,0.002273323542777348
doc55,0.0011497710704534041,0.0011498173183907387,0.0011495859676934786,0.0011498189669196769,0.0011496579323395674,0.0011496486546783652,0.0011497317465547956,0.40304696212351837,0.0011496240536005265,0.5877553821658512
doc56,0.0021743328249877692,0.002174231783422661,0.002174091811002285,0.0021746711248953185,0.0021744195347819456,0.21284089121659336,0.0021745505193359748,0.7697636527513276,0.002174510794485509,0.0021746476391676546
doc57,0.0004927631207797349,0.0004927683061809531,0.0004927007544681429,0.0004927987321774016,0.05070862887966372,0.8950107284418415,0.0004927295283026494,0.0004927383730241474,0.0004927352766782099,0.05083140858688354
doc58,0.09583944265562308,0.0011367301627098255,0.07830814340307833,0.17420988177492108,0.0011366775719474922,0.0011365827325344445,0.0011367092978553576,0.001136703512144456,0.05199638232697904,0.5939627465622069
doc59,0.23078423722074234,0.10319420072756562,0.0007408553463568348,0.0007409365527197662,0.30466143770892357,0.23332425303580723,0.0007409340943255447,0.0007408783257448619,0.1243313573781986,0.0007409096096155679
doc60,0.0008930910533192681,0.0008932160501468964,0.0008931471178453119,0.0008931570775781389,0.0008930691159426864,0.27535352356924947,0.000893096835091543,0.5138103999593364,0.000893045612321622,0.20458425360916854
doc61,0.0014929062852958757,0.0014930099330618546,0.0014927689549642537,0.596867540949662,0.0014928351861525722,0.0014928101848141612,0.001492892886869088,0.001492941192366901,0.2748919247593883,0.11779036966742502
doc62,0.009092960480667739,0.00909292371004421,0.009092133434438997,0.9181627933571261,0.009092845272614017,0.009093034730096561,0.009094683601814969,0.009092690633930858,0.0090941793202976,0.009091755458968785
doc63,0.09644201247248839,0.7618313963512738,0.0011240550712325681,0.0011238687017876567,0.0011237832412795514,0.0011237102222452192,0.13385945302858182,0.0011239341133703013,0.0011238777564945815,0.0011239090412460064
doc64,0.0034495906637359115,0.3323439122538451,0.09713918174413215,0.5463686630331339,0.0034503841463878263,0.0034491141127514506,0.0034503825260750473,0.003448808228067271,0.0034506195807725323,0.00344934371109884
doc65,0.0012198549258462409,0.07840208313372016,0.0012199885834146369,0.0012198417285648369,0.6937255952222336,0.001219924588155355,0.0012198495092955986,0.0012199131260568006,0.21933308495546885,0.0012198642272438648
doc66,0.0017547793441455108,0.58745005817997,0.15707207134313533,0.001754934863215954,0.0017548763178891777,0.001754925573796132,0.24319336838695507,0.0017549168465749918,0.0017549845356716934,0.0017550846086460776
doc67,0.4261672842062075,0.0007521258876153563,0.035037183448572776,0.44075559233425915,0.0007521444927873895,0.0007521553938629183,0.0007521278856479701,0.0007520248951018696,0.09352731877967689,0.0007520426762680715
doc68,0.0009904723113614005,0.0009902166088453974,0.9910874908119124,0.0009902301789560105,0.0009903336979071168,0.0009902934998211573,0.0009902195137166273,0.000990248656319282,0.0009902372685039096,0.0009902574526568426
doc69,0.0009904723113614005,0.0009902166088453974,0.9910874908119124,0.0009902301789560105,0.0009903336979071168,0.0009902934998211573,0.0009902195137166273,0.000990248656319282,0.0009902372685039096,0.0009902574526568426
doc70,0.1382401017737599,0.001408687576320714,0.0014085989790747781,0.0014088631833775384,0.09402088762391013,0.5540183737706644,0.0014087967650928616,0.0014088934020620755,0.0014087362397018856,0.2052680606860357
doc71,0.001887371128830502,0.0018871110066914728,0.001886968404802099,0.0018874345536700375,0.0018872460469931342,0.7187858680716978,0.081602694483761,0.0018871815943208117,0.0018872039723023901,0.1864009207369308
doc72,0.0019610303341792475,0.00196141010613299,0.001960963958183352,0.001961153060821202,0.001960973083605848,0.3728859246921434,0.0019611851696218516,0.6114247194051049,0.001961077909429654,0.0019615622807775987
doc73,0.185607802441164,0.4136849196898218,0.00048312773776103556,0.0004832219849065891,0.0004832158436779811,0.09809597638921799,0.23198010309407324,0.0004831755514115206,0.06821527889156774,0.00048317837639807364
doc74,0.0015388317732654,0.0015389577860095407,0.0015386302585863449,0.6411761982355378,0.0015388093343516552,0.0015387976127532001,0.001538897328469284,0.0015387452170296803,0.3465134095712251,0.0015387228827718415
doc75,0.0027033333029614546,0.543856523914356,0.0027036933572108903,0.0027036402902500703,0.0027034339936388764,0.0027036741460976154,0.0027031342766460835,0.0027030045685861085,0.4345161302442499,0.002703431906002713
doc76,0.0005465988869552851,0.0005465494894635115,0.04823182052880003,0.0005465815711810577,0.0877241556593362,0.0005465718232026401,0.5049418028641134,0.0005467314255081138,0.3558226099979751,0.0005465777534648741
doc77,0.0041675423680538545,0.9624910626188011,0.004167636038602777,0.004168068352619738,0.004167372543562765,0.004167838152307997,0.004167299958703069,0.004167323122904591,0.004167765479912176,0.004168091364531806
doc78,0.06788502963271173,0.0008931280776435622,0.0008930205562765955,0.000893084074264354,0.08405212759433439,0.000893068588526738,0.0008931419089394403,0.0008930813850065057,0.044096223621303304,0.7986080945609934
doc79,0.0005026059978002512,0.4508420796278108,0.0005025641659662192,0.1716973667518775,0.0005026533982071508,0.27222777622956074,0.0005026075792477354,0.04425594327686575,0.0005026087315716797,0.05846379424109212
doc80,0.001493142454191769,0.3017995512673251,0.0014929243515293936,0.0014929212164540664,0.0014929286370012188,0.0014930254553678275,0.5526936159283,0.0014930438154149993,0.13505587614402081,0.0014929707303947962
doc81,0.0005129814035379727,0.0005129899315123189,0.0005129044449024585,0.0005129980007947132,0.650374295939954,0.0005130094980221964,0.000512959681209872,0.0005130712648752841,0.0005129503745460192,0.3455218394606452
doc82,0.0009012511289279857,0.5675340290496641,0.057846441060251025,0.0009011671883156658,0.0009012170350081107,0.0009011222281130019,0.1893089614296376,0.0009011204851977732,0.0009012235958345525,0.17990346679905014
doc83,0.6619366296671307,0.00204133004951393,0.0919559290105079,0.0020412976839422206,0.002041215905676527,0.002041601077361344,0.0020412996573904735,0.0733102308159857,0.16054913856817968,0.0020413275643115106
doc84,0.43201950652102633,0.0013700809161456553,0.00137005418959814,0.0013701068221008378,0.0013702494945694377,0.0013701674854666908,0.5570195200993027,0.0013700957324802028,0.0013701992378247103,0.001370019501485335
doc85,0.0011768385479051108,0.0011768341354969384,0.0011765534673451716,0.08968817546729525,0.19224144847431154,0.7098330853778805,0.0011767750051294833,0.0011767319964484484,0.0011768802694376906,0.001176677258750026
doc86,0.0007694131067318718,0.08029912181741254,0.0007693872694351297,0.0007693865583233799,0.03568138455714264,0.06620840851993484,0.0007695140180344754,0.0007694358610836861,0.8131945308982427,0.0007694173936587254
doc87,0.0006850964613675092,0.0006851700831382044,0.000684981685665576,0.0006852051427432452,0.0006851164905560099,0.1253783405871249,0.0006850937507755021,0.0006850727305732148,0.8691406203977496,0.0006853026703062359
doc88,0.2523069993692898,0.23645268606981007,0.0013518800113750012,0.5017783881592778,0.001351731315395802,0.001351675657207232,0.0013516732695415233,0.0013516016191186563,0.001351807217334748,0.0013515573116492567
doc89,0.001099226690833369,0.11044246461649879,0.0010990287128578825,0.0010991842429816405,0.0010991288922961738,0.6149912575615039,0.10179879400632792,0.001099093947380935,0.16617262383104936,0.0010991974982701464
doc90,0.004001295588282706,0.8053458514643603,0.058278869838132255,0.004001188007400084,0.10836885805441912,0.0040012957877982374,0.0040006510993264716,0.00400053732997137,0.004001108234917325,0.004000344595392174
doc91,0.2985035331829787,0.09206940040286762,0.003572635748706671,0.0035718259333174887,0.0035724065229435715,0.0035727028963417604,0.27341217022465125,0.0035721210808652214,0.31458132324108623,0.003571880766241477
doc92,0.001075483596644068,0.8139797004370429,0.0010755128108393926,0.00107564179350783,0.17741557540073524,0.001075445576770018,0.0010755930858325601,0.001075836630340609,0.001075589024175079,0.0010756216441120828
doc93,0.05028963897692051,0.607138379948672,0.012812222254832624,0.32440129330032297,0.0008931142550583472,0.0008930735774231959,0.0008931188799696932,0.0008929672695579392,0.0008930971761631087,0.000893094361079498
doc94,0.003030807007012466,0.0030310725290862164,0.003030888602053907,0.1358538564556311,0.003030664433356614,0.1154441089161135,0.003030889821820098,0.26682584421171246,0.3026908286859509,0.1640310393372628
doc95,0.43201950652102633,0.0013700809161456553,0.00137005418959814,0.0013701068221008378,0.0013702494945694377,0.0013701674854666908,0.5570195200993027,0.0013700957324802028,0.0013701992378247103,0.001370019501485335
doc96,0.042385385516095,0.0005953277604416432,0.05036162551068111,0.0005954110149601314,0.2991241863540849,0.544453356177577,0.0005954326240574136,0.0005953564682031134,0.060698565363838046,0.0005953532100616603
doc97,0.003125238412437525,0.0031253030192098085,0.003125147200415499,0.0031263928121688664,0.003125251739197995,0.0031257853573505106,0.0031252181425442836,0.0031254667044293217,0.0031253208707490757,0.9718708757414971
doc98,0.0004001243057546514,0.0004000982810271343,0.0004000394917548473,0.0004001296988672127,0.00040011524619789723,0.11103345472478199,0.22413666595993567,0.12096996619140217,0.416200074135474,0.1256593319648044
doc99,0.0007875933941551396,0.0007875608098093103,0.0007875132396571711,0.0007875647250401927,0.20317865487565917,0.07981864689319298,0.4676714309768032,0.0007875495543191601,0.022959957445834987,0.22243352808552883
doc100,0.0005748272059614274,0.0005748220413046319,0.0005747839633243579,0.0005749017642662803,0.0005748129773979102,0.7246519488062692,0.0005748536643576173,0.0005747928047495606,0.20432535671429752,0.06699890005807158
doc101,0.0006537017337547916,0.0006537023172199073,0.0006536884843126717,0.052011577983865645,0.0006536811453266055,0.0006539783386722455,0.0006537287289045897,0.0006536877513963574,0.9427583596174323,0.000653893899114898
doc102,0.0009617389949772221,0.0009616990498614762,0.0009616490703199043,0.000961720900367027,0.15789302883361025,0.0009617657759668435,0.1128933861002782,0.0009616631521209443,0.6505038076644662,0.07293954045803187
doc103,0.10321398881465293,0.0013705469166949008,0.0013699689031894744,0.5722497257119549,0.1521096701959442,0.164205299349728,0.001370078958840754,0.0013701116777484084,0.0013702367009155913,0.0013703727703309645
doc104,0.1026341053535117,0.0015154333124394457,0.0015153575568814077,0.43967256099607155,0.0015155010084515776,0.062951923862028,0.0015155028690159566,0.0015154737025603081,0.0015154185380765429,0.38564872280096346
doc105,0.0015386754294641257,0.001538713844141063,0.0015389235692076426,0.001538699880249389,0.0015388931234450846,0.10100690095391664,0.42553491470947963,0.0015386700415631793,0.46268661631079194,0.0015389921377413928
doc106,0.2718861402296763,0.001724645530780474,0.0017244920465163422,0.00172475142255676,0.14511059196599235,0.0017245529095518543,0.0017246255777343604,0.17968956587845616,0.0017246678580664994,0.39296596658066885
doc107,0.00046524249925251866,0.0004652722239468239,0.0004652119198578407,0.00046529585153405324,0.1264589744464174,0.00046527624459131095,0.00046529301719206665,0.00046520783324699466,0.8588857927507283,0.011398433213232752
doc108,0.16175806249589653,0.0021281208610080538,0.0021277593474723186,0.002128166383006812,0.0021282360614643375,0.0021282392955494743,0.0021280179984985753,0.262410921058906,0.0021282777281397126,0.5609341987700582
doc109,0.0015387852816145728,0.2322383667244062,0.0015386586657518751,0.0015388626190904827,0.09854313035308175,0.0015388995496543748,0.0015387797763984862,0.1544616671937783,0.0015387015617728322,0.505524148274451
doc110,0.3027748921204113,0.000746397589499192,0.12412282028219751,0.0007463982212582527,0.087141061945863,0.040924148083939016,0.0007464958831325922,0.0007464080041558093,0.4413048949465362,0.0007464829230069541
doc111,0.0020411351185992354,0.002041812769593975,0.0020411234903318755,0.0020416642618085678,0.002041901313903967,0.0020416225213543944,0.002041617141841513,0.0020412224701856115,0.9816264224706588,0.0020414784417220684
doc112,0.0014089879781444515,0.001408897286468071,0.0014088198335871112,0.39150713247336805,0.0014089607037519845,0.0014088543020446995,0.0014089658478643361,0.057694316589609544,0.0014088302219587728,0.5409362347632032
doc113,0.0008549536118882516,0.0008549777419118532,0.0008552826229138674,0.0008550077618158201,0.192031739102159,0.02412225393981691,0.0008549457934588051,0.12395496039773381,0.12488978975046006,0.5307260892778416
doc114,0.0010312291488061766,0.1599002734033676,0.09721531156897541,0.0010311767419328216,0.1730806697497069,0.0010312022156031045,0.1495146869353506,0.0010312113714880558,0.41513313209476427,0.001031106770004993
doc115,0.0010418495570308777,0.0010420176937248385,0.0010417971109050882,0.12539981916178877,0.001041926727961148,0.0010418841167980034,0.001041784796791035,0.0010418291656675842,0.8662650434597141,0.0010420482096186042
doc116,0.0008773914232811482,0.0008774777761864008,0.0008777962253603495,0.0008774745125474021,0.000877359276656292,0.5587058638643072,0.0008773196652935528,0.32984876744628144,0.0008775040460538442,0.1053030457640324
doc117,0.0008198978953084774,0.39574446139060226,0.0008197444481752239,0.3700249273506438,0.0008198526279619885,0.0008198464640121452,0.16163132382162085,0.0008197881638051688,0.06768030100570666,0.0008198568321635505
doc118,0.0010755567098782233,0.9903205076217073,0.0010755077976813624,0.0010755264039881236,0.0010755382936843824,0.001075422395787642,0.0010756179114963659,0.001075401329780225,0.001075482057065092,0.0010754394789311173
doc119,0.0013518168694072999,0.448791758439267,0.020179199764538927,0.09184480395065978,0.0013517265117815188,0.18825151593550896,0.0013517544398322448,0.0013516858764731693,0.2441741709224895,0.0013515672900417822
doc120,0.08395877809364748,0.6424410260129858,0.035838514587155354,0.0008852244620877202,0.0008851212171337318,0.0722225497048775,0.14709763755845157,0.01490075285400092,0.0008851662829037309,0.0008852292267560511
doc121,0.0009805795878553931,0.0009806346909159473,0.9911749418138959,0.0009806771077704615,0.0009805135341705647,0.0009805268036803903,0.0009804877526689787,0.0009804965727659733,0.0009806598204037584,0.0009804823158725757
doc122,0.0015386127920318392,0.0015386359949395843,0.0015386648206175005,0.0015388214738278675,0.0015387403992572707,0.0015388477165742052,0.15583245616983438,0.0015386358515645801,0.5285318058987535,0.30486477888259933
doc123,0.0009805795878553931,0.0009806346909159473,0.9911749418138959,0.0009806771077704615,0.0009805135341705647,0.0009805268036803903,0.0009804877526689787,0.0009804965727659733,0.0009806598204037584,0.0009804823158725757
doc124,0.04993156869816555,0.0003521982295531554,0.008959788777183073,0.0003521775551321934,0.13725463083209108,0.6041411079148126,0.12159022673472826,0.010761489681331055,0.0663046163696696,0.00035219520733355194
doc125,0.29704648167764347,0.0007248658747660433,0.0007247158432458231,0.0007247668022389848,0.0007248707428012018,0.5295561805215394,0.0007248080387750557,0.000724767660570349,0.16832377279267546,0.0007247700457440133
doc126,0.0010756067230571938,0.0010756529291176891,0.0010753583501039111,0.0010755192130647282,0.0010755219855768843,0.001075531106187909,0.10004673139569499,0.0010758021322745186,0.5536785214650828,0.3387457546998394
doc127,0.00312538455925439,0.9718696010400587,0.0031253179865524143,0.0031262318549385246,0.0031258211947328453,0.0031253895014413955,0.0031256862535660465,0.0031255667912873666,0.0031255797987131575,0.003125421019455173
doc128,0.0010756067230571938,0.0010756529291176891,0.0010753583501039111,0.0010755192130647282,0.0010755219855768843,0.001075531106187909,0.10004673139569499,0.0010758021322745186,0.5536785214650828,0.3387457546998394
doc129,0.5268677595114813,0.002778455502906211,0.23140663073324955,0.22227760599228663,0.0027782811713621173,0.0027782160975008455,0.0027781968523778976,0.002778099506447705,0.002778756121367271,0.002777998511020325
doc130,0.0037043043040452563,0.003704645232750003,0.0037043980271657005,0.5449436473282866,0.003704272400847423,0.0037045704175263654,0.003705014750411712,0.0037047261582235855,0.2863146900808711,0.1428097312998722
doc131,0.0005989792818862445,0.09178341439636627,0.0005989976222932489,0.0005989796647190012,0.18359043255481247,0.0005989418836787241,0.02517451828646855,0.0005989644841272455,0.6958577726571158,0.0005989991685323724
doc132,0.12760677439424903,0.0014089031363480472,0.0014085822032509773,0.4510703550765134,0.23414007234101394,0.17873001792715004,0.0014087239957350087,0.001408837111333119,0.0014088929761385822,0.0014088408382680812
doc133,0.02793815347122509,0.4439818147410706,0.0003704129738168242,0.13265604680821078,0.018632800331429347,0.0003704606611363908,0.037248295190075886,0.00037045344494819523,0.3380610795174797,0.00037048286060698004
doc134,0.0009092785844519321,0.0009093490035304271,0.07317631207908203,0.0009093690478265072,0.0009092831639055617,0.0009093207941505998,0.000909314965499143,0.0009092458669353555,0.0009093560340042213,0.9195491704606142
doc135,0.0016669261976728033,0.03315245043388131,0.0016669018383768184,0.0016670065350118148,0.0016669333537107675,0.0016671846050810954,0.1420937767001166,0.00166697584515782,0.6415963837086016,0.1731554607823894
doc136,0.0010206397502678154,0.0010207198607129386,0.0010205004556615228,0.0010206676870640945,0.0010207088085548476,0.16601579730475982,0.0010206773179574269,0.0010207225711100576,0.0010206820350146203,0.8258188842088968
doc137,0.0017246669837873024,0.0017245442391954375,0.0017245015232645199,0.0017245800294634764,0.14738615384429118,0.34797524201971086,0.0017246110919793677,0.0017244310661304596,0.3265040320883121,0.16778723711386537
doc138,0.09902565136907879,0.2858480290782616,0.07757924073568709,0.5321398783826776,0.0009010682017286614,0.0009013257566822712,0.0009011253941513945,0.0009015016075982667,0.0009011104854158764,0.0009010689887184105
doc139,0.1579353922788286,0.0024397513607249525,0.0024397565532638357,0.21377134851077068,0.43131346824421674,0.0024395962545936357,0.08911722313535944,0.0024393446910892284,0.09566469933223538,0.002439419638917574
doc140,0.0019615810616891525,0.001961522850751756,0.18853683906912372,0.0019615154161472855,0.447395547750195,0.001961349935701363,0.001961565388246951,0.0019611858010344574,0.3503375305014171,0.0019613622256931737
doc141,0.0010003314817456622,0.20759039812793703,0.0010001403672151785,0.0010003086579030297,0.24569940479578398,0.23972451871710138,0.001000256449601427,0.0010001290171547576,0.3009843191472281,0.0010001932383296428
doc142,0.001020775231226321,0.13540999758345926,0.0010205540903308135,0.001020670218438416,0.0010206240366190048,0.1309035584240949,0.0010207719568407815,0.0010205488767310435,0.17200072070304606,0.5555617788792134
doc143,0.12537726143720365,0.14023132964548699,0.0009175505158108879,0.0009176425353599236,0.5875934850328923,0.0647812034122425,0.0009176716209754361,0.000917664394966502,0.07742856001798236,0.0009176313870793332
doc144,0.0017546275403938687,0.0017547422256418527,0.0017545519173733399,0.0017548913719826974,0.0017549813500686042,0.24061825752620639,0.04859134158898346,0.0017548711953586267,0.001754722036728395,0.6985070132472628
doc145,0.08277812128092553,0.6127446395083543,0.0025003449047951163,0.2869732766411638,0.002500422321083002,0.0025005929518408963,0.0025006996540266895,0.002500522667525031,0.002500659885327341,0.002500720184958015
doc146,0.17192980016318812,0.2781798025918548,0.0017244264220012987,0.0017245842301620616,0.4271445423022457,0.0017246522387027148,0.001724513039778236,0.0017245699604274355,0.11239874546215967,0.001724363589479965
doc147,0.0008267103239333176,0.0008267025828185908,0.09733213433088708,0.0008266129371091481,0.25081021299206335,0.0008267164374531372,0.0008267024243550067,0.000826665200466218,0.6460708887989987,0.0008266539719154743
doc148,0.001087145448200912,0.0010873500753647326,0.0010871226174739563,0.19965123400311963,0.16279952029878006,0.0010871595907126091,0.2017125813570598,0.0010872002781606648,0.2875550980407259,0.14284558829040175
doc149,0.0015628017678162832,0.8520003346153008,0.02510062875244458,0.0015630205185871244,0.001562913773650904,0.0015630557891567554,0.001563044705520725,0.0015629261290672752,0.0015629049721193878,0.1119583689763362
doc150,0.0013516781167651093,0.3011847136311997,0.0013515628313329356,0.43111880412148135,0.0013516115124926234,0.0013517032095505534,0.0013518259582917297,0.0013516090719426532,0.25823464419171777,0.0013518473552254977
doc151,0.00033564144876291997,0.0003356445894389718,0.00033561737014409915,0.0003356430451111697,0.13310406677425493,0.0003356479859157537,0.0003356393996005823,0.0003356333964730614,0.8642108322035192,0.00033563378677925156
doc152,0.0002959292340635003,0.15417770950233228,0.05504303900194929,0.08631902902780389,0.00029591652423112137,0.02728799983094963,0.2907860236189263,0.0002959008047781066,0.2172630596168457,0.16823539283812033
doc153,0.0009091620036313741,0.0009091752077637789,0.0009093275479097999,0.0009092174818616901,0.26959163611905806,0.16750102320974936,0.0009092605669155481,0.0009093478617932289,0.000909197061510515,0.5565426529398066
doc154,0.20368320803728795,0.0012347456759129914,0.0012346986950805621,0.001234811910146917,0.30813129150742324,0.0012348544317720206,0.0012349153619267367,0.0012348855123853156,0.4795416196132041,0.0012349692548602258
doc155,0.001408524985953562,0.0014086833128795376,0.00140895643358794,0.0014087543910955068,0.0014088539719219197,0.0014086462159002375,0.0014086113283729574,0.001408688038747363,0.001408625338716168,0.9873216559828248
doc156,0.0011115542567873443,0.001111361985081556,0.0011115026286306789,0.0011113594745383163,0.05501926160071225,0.46901910651101925,0.001111510928785757,0.43254312276214796,0.036749695059112325,0.0011115247931846768
doc157,0.00137015002662186,0.27853609872815815,0.0013700744537460247,0.5066048163385207,0.0013701657427390656,0.0013701801747279605,0.0013702519726487357,0.03615007727316464,0.1704880224177685,0.001370162871904386
doc158,0.0008930970508231939,0.07436223380028364,0.0008931011173941627,0.0008931010153571986,0.0008932625212387749,0.0008930579330472881,0.0008930355233909557,0.09556397172190632,0.0008930828416769649,0.8238220564748814
doc159,0.04868244342841608,0.213020225083583,0.0006291056075402201,0.4060225309136091,0.10829083319775427,0.000629093743994891,0.19867942733499655,0.0006290521599125075,0.0006291540480921945,0.022788134482101128
doc160,0.0011365753995640736,0.001136656139888885,0.0011364611844286246,0.0011366963682661216,0.0011365279151523205,0.9263040833134935,0.0011366176026366985,0.001136630636801449,0.001136612052782663,0.06460313938698566
doc161,0.0006994542248164323,0.0006994827043781594,0.0006994298565943074,0.0006995059379682029,0.08870378791805526,0.29970302426786677,0.028506048345360864,0.15621418048611732,0.0006995303284168104,0.4233755559304258
doc162,0.0008697593316447518,0.000869760133956466,0.0008697652232250315,0.31376770668764853,0.028553855570271115,0.0008697388619069074,0.0008698513740837063,0.019725585976838978,0.6327340754992282,0.0008699013411963741
doc163,0.0008623257853849892,0.0008622289039125838,0.0008621655370268121,0.2530203345950837,0.000862263225874606,0.0008623363691748906,0.5800774854238521,0.0008622191423316162,0.16086642601361856,0.0008622150037402867
doc164,0.05033302757136494,0.0008265973678048581,0.0008265658027284002,0.0008266967690566629,0.30508388322841845,0.061473202087201056,0.0008266990540221554,0.0008266831179430782,0.232651530765659,0.34632511423580153
doc165,0.01662755978332231,0.5931403771126355,0.0009435980056221794,0.0009436992686097313,0.0009437123425900297,0.0009436652114119447,0.0009436665822724741,0.0009435461546960025,0.07335248044677012,0.31121769509206987
doc166,0.0026323665745141265,0.3264096611974168,0.0026322345797638045,0.34973578013123074,0.305427947587133,0.002632340167456293,0.002632540229404116,0.0026326746661796997,0.002632204882702264,0.0026322499841992123
doc167,0.0008477163509957107,0.0008476051009656348,0.0008475792103900111,0.12330240802858947,0.4836398086748145,0.0008476698155035253,0.0008476555337518924,0.000847584462723906,0.3871243246840417,0.0008476481382237339
doc168,0.001052840820969696,0.0010529035487447777,0.0010527751439452081,0.0010529731025200417,0.0010529537609879015,0.1761747669870003,0.0010528127271751079,0.0010528882403543895,0.0010529141807099703,0.8154021714875926
doc169,0.0006251852477107865,0.4219428530388883,0.04101210103583878,0.09678848096777395,0.000625211629572457,0.0006251681375479093,0.20914422139591982,0.0006250714673350899,0.22798658703611918,0.000625120043293809
doc170,0.30152234084526613,0.09798256560797268,0.011621979096452838,0.10558493387424377,0.0003125887121626512,0.019892837633704665,0.06878583865632219,0.0003125721262633952,0.3936717598026293,0.0003125836449824064
doc171,0.3233435239227536,0.027628708490107127,0.20663090690604852,0.12205922444896351,0.0006713267677238644,0.0006712762599411484,0.11846648515416178,0.0006712521544554445,0.19918600745317241,0.0006712884426725795
doc172,0.0016132941334714899,0.49552661188551733,0.0016131560389616385,0.001613341410637489,0.0016133477465676744,0.0016132975879585342,0.2730733058567645,0.0016131814585690696,0.0016134784353695432,0.22010698544618265
doc173,0.0005815087922929829,0.0886911543329613,0.0005815812686372512,0.9066565341119116,0.0005815133113671984,0.000581538210331853,0.0005816062012180018,0.0005814721824118602,0.0005816005486124154,0.0005814910402554976
doc174,0.0018522116452276858,0.001852243614758894,0.10519522270298588,0.001852317812149412,0.0018524481896906853,0.0018524350546677438,0.0018528071141884251,0.0018528044286395364,0.8799854940216293,0.0018520154160625308
doc175,0.0008930562369859124,0.0008929722009032445,0.9919627968804637,0.000892948831030769,0.0008930612249732034,0.000893050685984312,0.0008930139376814233,0.0008929921334101825,0.0008930243277086755,0.0008930835408585093
doc176,0.0008930562369859124,0.0008929722009032445,0.9919627968804637,0.000892948831030769,0.0008930612249732034,0.000893050685984312,0.0008930139376814233,0.0008929921334101825,0.0008930243277086755,0.0008930835408585093
doc177,0.0016131323630980312,0.0016132893102992095,0.0016132203795837003,0.6741401107594436,0.001613069292702814,0.0016131308632339957,0.001613350787283329,0.0016131374478638464,0.001613614688658727,0.3129539441078328
doc178,0.1076317581483571,0.11652996552360366,0.0016951029157733124,0.0016953989965764658,0.0016951557836672128,0.0016955073766473888,0.0016954377879730164,0.0016953184842242379,0.5807980337703771,0.18486832121280042
doc179,0.0010641697616556342,0.0010642601400418653,0.0010640836907188644,0.0010640883804898884,0.22822550484016993,0.0010641157324645413,0.001064070567276919,0.04185099624726666,0.7224746159736385,0.0010640946662772573
doc180,0.0016951646039734013,0.0016956068277984237,0.0016951338869376873,0.0016955202290401346,0.0016958088650830348,0.0016955434624001222,0.0016955141183992717,0.0016952018431133462,0.9847411019764555,0.0016954041867991148
doc181,0.0012662655650296326,0.001266324802269461,0.0012660065614457415,0.454533044846427,0.21702114524196883,0.21262660571199765,0.0012661171481641806,0.0012662089220608127,0.10822193554609719,0.001266345654539355
doc182,0.18548198135144553,0.0011497109700206141,0.001149730495734453,0.001149693226196291,0.4163599264357737,0.0011497282816657851,0.08113709650087386,0.001149691977631316,0.31012275294338304,0.0011496878172753257
doc183,0.0918524047374301,0.001961173734888535,0.037641942502487466,0.16654661709021645,0.0019613206864148754,0.001961200479960768,0.2617408490179535,0.0019612600453906845,0.13078102341286882,0.30359220829238864
