,topics0,topics1,topics2,topics3,topics4,topics5,topics6,topics7,topics8,topics9
doc0,0.0006757942540353566,0.0006757992814876173,0.000675778163363094,0.0006760175370889484,0.0006757678227319533,0.0006758492246908957,0.0006758100856755112,0.0006757716480957745,0.9939174418274584,0.0006759701553723709
doc1,0.0020412755690014015,0.10878048050937453,0.0020410688380624966,0.0020414297037541123,0.002041335867601782,0.002041394213146937,0.18767544139023476,0.0020413413578087517,0.6892548520651759,0.002041380485839282
doc2,0.0011630518134778064,0.0011631025846607344,0.0011631354822770918,0.0011631397366750488,0.0011630670720841957,0.30286985011686657,0.07068955244053392,0.0011628961640491504,0.6182991812866364,0.0011630233027391495
doc3,0.00063303694628364,0.0006330417350089959,0.0006329911603044671,0.0006331342156778117,0.0006330221957141367,0.7829985078812399,0.0006330463623274664,0.0006330000392507376,0.15886078850307928,0.05370943096111352
doc4,0.41736417877614324,0.0007521174705576984,0.03547738665902222,0.45751340363031007,0.0007521491629996898,0.0007521664189952051,0.0007521299926138592,0.0007520257996083036,0.08513240054778257,0.0007520415419671924
doc5,0.00047181464319028996,0.9092454541490644,0.0004717983149094824,0.00047181613059198114,0.00047178770731659303,0.0004718040068922274,0.00047177784363243197,0.0004717787384836634,0.00047177555380784026,0.08698019291211094
doc6,0.0014291050035228536,0.20740080604869693,0.0014290885166996065,0.3338390464782245,0.13641654093851957,0.0014289842559705639,0.313769772293747,0.001428990253067826,0.0014288353131691515,0.0014288308983822142
doc7,0.0009012716955835928,0.6133855776252001,0.012944692779999009,0.3673616727044019,0.000901151471937939,0.000901128022065974,0.0009011676502979566,0.0009010063089898233,0.0009011903452640585,0.0009011413962595542
doc8,0.001250409111346666,0.28392796201442755,0.001250296606818216,0.0012502949705508375,0.21436725256855155,0.0012502880688268977,0.49295226496535055,0.0012503727228042587,0.0012504454740047395,0.001250413497318704
doc9,0.0010990517200822568,0.001099102643983674,0.9901083319624417,0.0010991030917918447,0.0010991068048103985,0.001099097250018104,0.0010989634691673479,0.00109908508985061,0.0010990455313958025,0.0010991124364581847
doc10,0.0010990517200822568,0.001099102643983674,0.9901083319624417,0.0010991030917918447,0.0010991068048103985,0.001099097250018104,0.0010989634691673479,0.00109908508985061,0.0010990455313958025,0.0010991124364581847
doc11,0.023760229211066984,0.00021193526034312364,0.00021190328097294383,0.01822287484711283,0.23958422782348487,0.09409427600440681,0.00021193927063736863,0.012388174148622854,0.6111025045624149,0.00021193559093728176
doc12,0.06874303232974999,0.0005883664792200904,0.0005883759712923418,0.07420838319946939,0.4994709481915995,0.0780785410735815,0.10021318444694335,0.0005884106574063292,0.1769324079008286,0.0005883497499089318
doc13,0.000840619393203031,0.0008404611146056193,0.0008404582334809862,0.0959344510244611,0.5237951292022542,0.0008405144402790536,0.0008405126632042658,0.2691721799550061,0.0008405895033669328,0.10605508447013864
doc14,0.0018186555668342286,0.17286085998605866,0.0018184057866401445,0.0018187929473680354,0.3167173199077218,0.17110371319773324,0.001818481711702728,0.001819169120633347,0.0018187269981488727,0.328405874777159
doc15,0.26377790892948827,0.40009246185653013,0.0005650600445454211,0.0005651334791757423,0.0005651255756541399,0.09161191249137594,0.0005651292418426197,0.0005651027049736746,0.24112701148041957,0.0005651541959946195
doc16,0.0010992005529227816,0.001099248772345008,0.0010990637482168472,0.0010991840013907033,0.001099162543691102,0.9901078361769424,0.0010990750982217542,0.001099102692572846,0.0010990759031795413,0.0010990505105169545
doc17,0.0004033378886435588,0.12368092767241397,0.00040325781792062464,0.0004033389759476318,0.0004033230277593385,0.8605990303800267,0.0004033259219832252,0.00040333163583655945,0.0004033678431572322,0.012896758836311098
doc18,0.0005526662869139559,0.0005526293323401068,0.0005525802249410206,0.0005526781159012171,0.6811241705230562,0.0005526871132683021,0.0005526324921509255,0.0005527896948137236,0.0005526208335457512,0.3144545453830687
doc19,0.39241598317024695,0.0007094747802161073,0.014529786175718713,0.03546382059926836,0.14450245422636201,0.0007093779979005649,0.2632853812217078,0.000709348873344759,0.14696503171951641,0.0007093412357182329
doc20,0.2042407220987718,0.0013336889091618218,0.0013334433415938,0.30486491006006405,0.48155917451217073,0.0013335918362021516,0.0013336563915314482,0.001333586946693772,0.0013336497397165705,0.0013335761640936687
doc21,0.21935081244601962,0.12195664131869652,0.0006136957371495928,0.022998784377784378,0.15988163802182545,0.18048842080997013,0.000613698100502744,0.049241075283329605,0.2442415990371781,0.0006136348675439593
doc22,0.26604218658341455,0.26855464356792214,0.0005917874891835285,0.000591941264812988,0.11075912360574193,0.2989690395116492,0.05271573446850352,0.0005918468015685837,0.0005918505739503945,0.0005918461332531613
doc23,0.0012198650999383095,0.0012198026527250772,0.0012196510285951774,0.001219838364995648,0.001219873582962491,0.2743358768541457,0.0012197108758352933,0.001219683816012309,0.7159058265463027,0.0012198711784873332
doc24,0.00044456722275479057,0.0004445862976352663,0.0004444942028971825,0.08669299860523275,0.00044456189758016,0.5162936959667161,0.12379350904068688,0.0004445362081697043,0.00044459024518587727,0.2705524603131413
doc25,0.0005209338623450626,0.46270753965081984,0.0005208875621952481,0.1668271839434715,0.0005209840096829468,0.2630408321833764,0.000520932800200344,0.048236848523769964,0.0005209350214808572,0.05658292244265783
doc26,0.05731767376586504,0.04878547411775029,0.0004311137025861812,0.5394645921456801,0.19664087565456742,0.00043117111961948754,0.00043117161063243475,0.0004311621955113963,0.15563560809516386,0.00043115759262373176
doc27,0.0013336849088951646,0.18112294743052015,0.09999666189900606,0.00133364697106104,0.0013336508089470285,0.0013338007016073712,0.13970303906088827,0.0013335197883112744,0.15592128158322005,0.4165877668475435
doc28,0.44079141917433495,0.0023261920103991147,0.002326034433167711,0.23721695362141473,0.16945754653142864,0.0023261796326007503,0.002326191461460618,0.0023260505411156315,0.13857749412657752,0.0023259384675003553
doc29,0.25417232109080634,0.22454800233208955,0.0014707567356226747,0.08388920423326422,0.24489838048557463,0.1851373974381876,0.0014710055421488513,0.0014711039229295259,0.0014710133292011238,0.0014708148901754123
doc30,0.037895810440964434,0.0010003351928153472,0.0010002113397860235,0.0010003168369121353,0.0010001803149840538,0.7525177872469232,0.20258468792240217,0.0010001622334861262,0.0010002674960974457,0.0010002409756292028
doc31,0.0015876945066144541,0.46918174759714376,0.02474877548254559,0.07617798372594287,0.10606944304538726,0.07753566560366433,0.23993535639000396,0.0015877802913588051,0.001587801404389199,0.001587751952949758
doc32,0.14052854612971602,0.000862249750153008,0.029083102788891178,0.0008623283108930436,0.33407423632005345,0.39848343269675096,0.0008623290184280084,0.0008621799924263612,0.09351938829871871,0.0008622066939691405
doc33,0.0014928477819690991,0.6346657939508888,0.0014928808642122242,0.0014930411056356542,0.0014930351855466767,0.3533906873496982,0.0014928420169828698,0.001492879282174478,0.0014930561754746786,0.001492936287417393
doc34,0.0021279618588200704,0.0021280204625354826,0.0021278639254283128,0.0021280184099014836,0.002127862798175426,0.3708015054556417,0.002128092940252831,0.6121743223757421,0.0021279835896879234,0.002128368183814671
doc35,0.0008699026333509768,0.5778599515378905,0.0008696794049767035,0.0008698409375386541,0.0008697571463369379,0.0008698629017266739,0.19702088464020534,0.0008696787789883846,0.0008698699161314898,0.21903057210285443
doc36,0.04618668757772245,0.8695701977956061,0.018619780453371593,0.00043871989751296966,0.0004386692623647349,0.0004386906237336743,0.06299122225500156,0.00043866492426329905,0.0004386701486113618,0.0004386970618123873
doc37,0.0015389049224387122,0.33862301955886936,0.0015387071890373108,0.1442465939604759,0.34950732471319124,0.0015389520676053498,0.1583897923362595,0.001538752492460854,0.0015389946341639034,0.0015389581254976901
doc38,0.0007248057811668987,0.9062301002965909,0.0007247808744562504,0.0007248505354443762,0.08797132504899627,0.0007248772600163435,0.0007247818727900583,0.0007248507720151622,0.000724820051939684,0.0007248075065840506
doc39,0.43202532007140354,0.0013700755876921665,0.0013700471507316718,0.0013701025988178226,0.0013702362833338823,0.0013701621748176919,0.5570137510515493,0.001370093755328863,0.0013701933220837898,0.0013700180042413776
doc40,0.03652709461585088,0.0005953282640866988,0.05204913922942556,0.000595411909830195,0.2960047099720057,0.5524473049611552,0.0005954411210012277,0.0005953572041224572,0.05999485961802321,0.0005953531044987305
doc41,0.00047862111906085903,0.20799776079870108,0.0004785661579154408,0.00047860218404743404,0.432016372717335,0.10540937372616332,0.00047861142459960275,0.0004785611593629748,0.251704995137672,0.0004785355751421887
doc42,0.09487823003118326,0.8054914466610816,0.0005556100659978855,0.09574053622721457,0.0005556755277769185,0.0005556928868212085,0.0005557503668970408,0.0005556553224283379,0.0005557284568039256,0.0005556744537951809
doc43,0.0007814490726687442,0.0007815047574079627,0.0007814384781993271,0.0007815040211991724,0.5812606250270093,0.07547623185137738,0.0007814334326323505,0.0007814155238570927,0.33779299097921817,0.000781406856430662
doc44,0.0010992461255155653,0.0010992027463478395,0.0010990428852024796,0.0010991016256338432,0.21455121204156347,0.0010991409441094009,0.001099354568491449,0.0010990691185646566,0.7766554736828936,0.0010991562616776867
doc45,0.003704034843095359,0.003703988660628287,0.0037038234774304808,0.0037050048126228085,0.003703983941507389,0.0037047207366637885,0.003703973932992054,0.0037042240808729966,0.0037041336258007377,0.966662111888386
doc46,0.0008266671621502405,0.5616666602951902,0.0008265531745533485,0.43172018081033997,0.0008266438859166589,0.0008266766732239068,0.0008267523793445494,0.00082657626342344,0.0008267104883116537,0.0008265788675459243
doc47,0.23618419719999437,0.0017248004182517324,0.001724471407984816,0.0017245670966308344,0.0017245593021353854,0.06962722709766216,0.35733974716263345,0.0017246547984665435,0.32650114933438207,0.001724626181858654
doc48,0.00040659669866075583,0.0004066290799897989,0.0004065629421163636,0.12926304579106734,0.10310726319660046,0.6759146215835944,0.00040662775535335073,0.06260753859054925,0.00040659486898704495,0.02707451949308117
doc49,0.0008476643382046448,0.0008476350065583163,0.0008475841836886553,0.00084763256621242,0.21926112533922595,0.10805379822711964,0.47634465110431196,0.0008476200900726296,0.0008476367527814484,0.1912546523918244
doc50,0.1469956505379153,0.0005954212316278798,0.0005953109365158479,0.000595408777010032,0.35756072005827333,0.15507924073621718,0.09651793433034468,0.0005953762922575091,0.2408695696919405,0.0005953674078979425
doc51,0.001961563921675012,0.001961192862268784,0.001960974804298206,0.3213639089158324,0.0019612430250971103,0.20767434630642612,0.001961256705238776,0.0019611835479698314,0.001961148746620609,0.45723318116457307
doc52,0.0024397756361829817,0.0024395232278589885,0.08677689165048834,0.0024393177020405987,0.0024398096502596727,0.5713517717580852,0.002440093893861248,0.3247921241064672,0.0024399488092006947,0.0024407435655552775
doc53,0.09269810379790175,0.1252119303815857,0.00092611041839081,0.0009262497626697617,0.18030700981244327,0.0009261218827689584,0.09578212897889149,0.000926138393126547,0.4042337355295246,0.09806247104269732
doc54,0.35905992737425063,0.002273431826086668,0.002272873356293505,0.19002753984069695,0.4349999018286153,0.002273277435703164,0.0022732562666018218,0.002272969199255172,0.002273513062933942,0.0022733098095628654
doc55,0.0011497755809803869,0.0011498223462589447,0.0011495848675080595,0.0011498222705489352,0.001149657449722736,0.0011496495197370368,0.0011497288198507448,0.40003316062643546,0.0011496236054454464,0.5907691749135122
doc56,0.0021743436403379025,0.0021742327642335496,0.002174091229367888,0.0021746607131025077,0.0021744145355237937,0.21360406383695282,0.0021745386872937854,0.7690004961949735,0.002174509381747735,0.002174649016466436
doc57,0.000492759826317464,0.0004927673218935271,0.0004926978066979382,0.0004927961595973408,0.049297837282111096,0.8960513382709954,0.0004927249037716411,0.0004927360274196032,0.0004927333696320298,0.05120160903156406
doc58,0.05839882914799236,0.0011367351915403231,0.07891083187508917,0.19549654291384574,0.001136663583863627,0.0011365812761430095,0.0011367274317316417,0.0011366916534815115,0.05919538593530895,0.6023150109910036
doc59,0.2078255591285449,0.09902474863058301,0.0007408555894155626,0.0007409388978006226,0.30897841303538964,0.25577541857888597,0.0007409391181938977,0.000740878644831375,0.12469133775724554,0.0007409106191093797
doc60,0.0008930871567606709,0.000893217729581084,0.0008931450384198163,0.0008931550473188491,0.0008930694967104708,0.2724065829570555,0.0008930992210159384,0.5110314434324273,0.000893045369545865,0.21031015455116456
doc61,0.0014928916827968795,0.001492984914345625,0.0014927573769172085,0.5980254057404485,0.0014928369562184536,0.001492812171019418,0.0014928926176302048,0.0014929301045281654,0.2699831697560794,0.12154131868001622
doc62,0.009093152731688061,0.009092936746555052,0.009092154553119612,0.9181622104900271,0.00909284987873795,0.009093021573706618,0.009095004025942491,0.009092720683352965,0.009094177716977654,0.009091771599892438
doc63,0.1057374299693843,0.7591336953408352,0.0011240558048875623,0.0011238677906922452,0.0011237799186643953,0.001123709600752048,0.12726174744549967,0.0011239284584248633,0.0011238821511686192,0.0011239035196909577
doc64,0.0034494783827614234,0.3040485041936896,0.09709207863783935,0.5747124192626782,0.0034502014183763075,0.003449049458329602,0.0034499333566882957,0.0034488015587455195,0.00345019491043508,0.0034493388204566264
doc65,0.0012198564075494428,0.07962991895101228,0.0012199906568484931,0.0012198463570110263,0.693982855040195,0.0012199267418656942,0.0012198621638472983,0.0012199155070268819,0.21784796539264326,0.001219862782000599
doc66,0.0017547804985829226,0.5884516625784739,0.15471567180767837,0.001754932678008338,0.0017548757883537934,0.00175492298904313,0.24454816679070918,0.001754916608712596,0.0017549859662821952,0.0017550842941555704
doc67,0.41736417877614324,0.0007521174705576984,0.03547738665902222,0.45751340363031007,0.0007521491629996898,0.0007521664189952051,0.0007521299926138592,0.0007520257996083036,0.08513240054778257,0.0007520415419671924
doc68,0.0009904251491385325,0.0009902167980821916,0.991087535122104,0.0009902303324383606,0.0009903331624315493,0.0009902947520099908,0.0009902188401544878,0.0009902490982746897,0.0009902370205763181,0.0009902597247898079
doc69,0.0009904251491385325,0.0009902167980821916,0.991087535122104,0.0009902303324383606,0.0009903331624315493,0.0009902947520099908,0.0009902188401544878,0.0009902490982746897,0.0009902370205763181,0.0009902597247898079
doc70,0.14361681300749254,0.0014086922648473053,0.0014086022291229378,0.0014088582139648663,0.06872483583018059,0.5757062062998547,0.0014087968817584407,0.0014089043515112228,0.0014087293094045003,0.2034995616118628
doc71,0.0018873885714599831,0.001887111725900424,0.0018869686555771361,0.001887432815258485,0.0018872385854189642,0.7173442445025039,0.07810708362787044,0.0018871828832076605,0.0018872039815741614,0.19133814465122875
doc72,0.001961056119297968,0.0019614249757195705,0.0019609671853531,0.001961150640019351,0.001960973437199791,0.3710540875998737,0.0019611785092438724,0.6132565178851642,0.0019610803069321755,0.0019615633411963107
doc73,0.17238397327118427,0.4192693998538394,0.00048312826111978144,0.00048322348193841324,0.000483216016503779,0.10270982779339033,0.2318796993927699,0.0004831747542219636,0.07134117899977255,0.0004831781752596986
doc74,0.0015388415638336015,0.0015389574280660605,0.0015386301239698624,0.6429807248001361,0.0015388076277233782,0.0015388005351200855,0.0015388902219741142,0.0015387457686673932,0.3447088794966146,0.0015387224338948807
doc75,0.0027033306091820376,0.5417502315255892,0.002703690318784222,0.002703629066566298,0.0027034398206628144,0.0027036572697481795,0.002703132894789965,0.002703003953685565,0.43662245104133346,0.0027034334996580787
doc76,0.0005466015445060689,0.0005465506386492847,0.047886891071661046,0.0005465794785852938,0.08920796503373132,0.0005465736695190996,0.4802599665336297,0.0005467300092925804,0.37936556334495675,0.0005465786754688253
doc77,0.004167568912168756,0.9624910017163181,0.0041676396583313555,0.004168086830008504,0.004167362465864043,0.004167842865451644,0.004167302548920926,0.0041673225448783015,0.004167770595098642,0.00416810186295958
doc78,0.04629772099481903,0.000893117996251861,0.000893033198966154,0.0008931008601839864,0.07828816101765246,0.0008930829757467721,0.07839779665224259,0.0008930656162126303,0.000893166660391638,0.7916577540275329
doc79,0.0005026064759818617,0.45100594366759,0.0005025640466781144,0.16876376481953143,0.000502652844607982,0.2738816743222225,0.0005026079504440871,0.04452162048156644,0.0005026079253239837,0.05931395746605376
doc80,0.0014931332164005333,0.30697869619365853,0.0014929586235114189,0.0014929273801943701,0.0014929292503597811,0.0014930271599349974,0.5706748901489859,0.001493034751488631,0.11189544080340856,0.0014929624720572572
doc81,0.0005129855183953133,0.00051298770986348,0.0005129039615908237,0.0005129967319778087,0.6496660862914805,0.0005130060221526005,0.0005129588273420014,0.0005130732662876738,0.0005129505692054815,0.34623005110170424
doc82,0.0009012312902912456,0.5682770578264404,0.056071252987200566,0.000901167093471847,0.0009012149308604048,0.0009011215250165586,0.19997145389415022,0.0009011167418816403,0.00090121807716105,0.17027316563352612
doc83,0.6624278011269814,0.0020413282555867755,0.0934397060413302,0.0020412945593183945,0.0020412143176511246,0.0020415962289372066,0.0020412934641021855,0.07199175015320837,0.15989269098328743,0.0020413248695969007
doc84,0.43202532007140354,0.0013700755876921665,0.0013700471507316718,0.0013701025988178226,0.0013702362833338823,0.0013701621748176919,0.5570137510515493,0.001370093755328863,0.0013701933220837898,0.0013700180042413776
doc85,0.0011768324019275267,0.0011768326332729172,0.0011765534485254922,0.08988970380051003,0.18994896264340203,0.7119240667211526,0.0011767660784985949,0.0011767314765071155,0.0011768724555318271,0.0011766783406720674
doc86,0.0007694130438708544,0.08025722405452974,0.0007693862374258375,0.0007693843295040002,0.034341521466225156,0.06641712942981925,0.0007695118493537804,0.0007694365756447642,0.8143675748685489,0.0007694181450776725
doc87,0.0006850965750429179,0.0006851704745684632,0.0006849818431480225,0.0006852023669566617,0.0006851162230777016,0.12726582434684758,0.0006850955704813423,0.0006850730529523841,0.8672531427226287,0.0006852968242961646
doc88,0.25428275771334385,0.23119082710611202,0.0013518821314559618,0.5050645046968112,0.0013517271191627787,0.001351672598965346,0.0013516732547129403,0.001351602196382779,0.0013517917302203752,0.0013515614528329424
doc89,0.0010992187344031467,0.1078361799995403,0.0010990281909461315,0.0010991860703906124,0.001099128299323608,0.6188986911179734,0.10291621736752667,0.0010990951361440802,0.16375405843269183,0.0010991966510602589
doc90,0.004001258342374359,0.8058133064254535,0.058282846502630645,0.004001209500240509,0.10789739473919416,0.004001329790169653,0.004000679077075075,0.004000535445114284,0.004001093551042755,0.004000346626705171
doc91,0.3104796572670341,0.09001596508990302,0.00357260607041402,0.003571813573306492,0.00357239334965248,0.0035727058976329933,0.27710938363835164,0.003572119151458965,0.3009614780718427,0.003571877890403477
doc92,0.0010754874907914391,0.8142982115228131,0.0010755129253492562,0.0010756401446757992,0.17709707090027796,0.0010754462041052337,0.0010755857569815178,0.0010758372766109666,0.0010755906521500993,0.0010756171262445088
doc93,0.0008932202785778136,0.610353975832117,0.012791589807294826,0.37060269726942774,0.0008931036907668803,0.000893081171823527,0.0008931243110355417,0.0008929641888456972,0.0008931431375189007,0.0008931003125921509
doc94,0.0030308221247910437,0.003031128249887155,0.00303091312755735,0.0030316210441022565,0.0030306596006005725,0.12405438295723116,0.003030875882218203,0.31355329750227556,0.3506422704871277,0.19356402902420905
doc95,0.43202532007140354,0.0013700755876921665,0.0013700471507316718,0.0013701025988178226,0.0013702362833338823,0.0013701621748176919,0.5570137510515493,0.001370093755328863,0.0013701933220837898,0.0013700180042413776
doc96,0.03652709461585088,0.0005953282640866988,0.05204913922942556,0.000595411909830195,0.2960047099720057,0.5524473049611552,0.0005954411210012277,0.0005953572041224572,0.05999485961802321,0.0005953531044987305
doc97,0.003125233688600651,0.0031252977641104364,0.003125137584552475,0.003125989242371755,0.003125252154415765,0.0031257652415862345,0.0031252248053763075,0.0031254677711844794,0.003125319897074474,0.9718713118507274
doc98,0.00040012110987947436,0.0004000975087094421,0.00040003900347147065,0.0004001316943721371,0.0004001142032525269,0.11184105504302909,0.22908686510020346,0.12105085086564656,0.41216617931168387,0.12385454615975204
doc99,0.0007875917649708959,0.000787561289395014,0.0007875139152280762,0.0007875650993948059,0.19367342381164113,0.08488152897565765,0.47446672126824385,0.0007875496340825545,0.022444451446780842,0.2205960927946052
doc100,0.0005748279324444868,0.0005748217645838801,0.0005747840888203655,0.0005748993692034489,0.0005748131153071528,0.7259019892541969,0.0005748541861141415,0.0005747926151794995,0.20148399001637377,0.0685902276577764
doc101,0.000653700511098325,0.0006537022238879574,0.0006536881666332883,0.05085694944146658,0.0006536811325698018,0.0006539764616546622,0.0006537281342744762,0.0006536877402904509,0.9439129890447657,0.0006538971433588019
doc102,0.0009617426349394839,0.0009617032207215559,0.0009616475845001192,0.0009617197756783968,0.1590953755690001,0.0009617683485295146,0.10102319282804492,0.000961663411548429,0.66035191123615,0.0737592753908875
doc103,0.11419694956077837,0.0013704358240109926,0.0013699704870713144,0.570079146485032,0.1456213542305857,0.16188134761194997,0.0013700786942986095,0.001370113642132891,0.0013702223327191902,0.001370381131420854
doc104,0.10670056604485505,0.0015154316305796825,0.0015153563233731347,0.43795895269221774,0.001515499791573145,0.05349676372891557,0.0015154847836670892,0.0015154783326922444,0.0015154193114974087,0.392751047360629
doc105,0.001538677817087498,0.001538718463100631,0.0015389206059335458,0.0015386989872371287,0.0015388955406775624,0.10449003631767323,0.3966430549471429,0.001538673911491994,0.4880953306641981,0.0015389927454575205
doc106,0.2679977134814449,0.0017246479070684427,0.001724486108726556,0.0017247521699038095,0.15118782317566332,0.0017245709335715071,0.0017246476520882497,0.17621511123143227,0.0017246674495250303,0.39425157989057585
doc107,0.0004652468244915612,0.0004652711113581171,0.0004652114448562293,0.0004652970195705738,0.12685036247712297,0.00046527497901405413,0.0004652916490934941,0.00046520834113871585,0.8585188562953829,0.011373979857971254
doc108,0.16254315546458628,0.00212812248640526,0.002127757999970731,0.0021281581872824237,0.0021282335186086805,0.0021282348246914155,0.0021280130976614425,0.2618644105225635,0.0021282724163224683,0.5606956414819078
doc109,0.0015387915105711989,0.23181881546486838,0.0015386564769453062,0.0015388562366102383,0.09831648080129902,0.0015388962456079618,0.001538782980067774,0.15276218972433708,0.0015387016232069005,0.5078698289364861
doc110,0.3061779180589936,0.0007463988866228727,0.12497104827538041,0.0007463985356244181,0.07681828298896123,0.04601532855721815,0.0007465005190196911,0.0007464077723545894,0.4422852318345646,0.0007464845712604777
doc111,0.0020411350791262935,0.002041817735898088,0.002041124887648634,0.0020416585136290534,0.0020419028577025643,0.0020416230622660246,0.0020418114849843267,0.002041223905010586,0.9816262256846562,0.0020414767890782792
doc112,0.0014089660553468066,0.001408901720123066,0.0014088419332245962,0.3876816526099928,0.001408958173823288,0.0014088539506190516,0.001408972590463741,0.057363071059312834,0.0014088290956279304,0.545092952811466
doc113,0.0008549404748785392,0.0008549814480810387,0.0008552805233759998,0.0008550071081306602,0.19237205236333205,0.026357851885658642,0.0008549477743567837,0.12342763960278162,0.1219279205213187,0.5316393782980859
doc114,0.0010312333204135203,0.1583291127520978,0.0957980370612073,0.0010311756808278232,0.17612694662151035,0.0010312022620986843,0.1501977561637178,0.001031212412527909,0.4143922173102146,0.0010311064153842385
doc115,0.0010418601648040102,0.0010420142566864965,0.0010417980484412732,0.12211616749107006,0.0010419262058673502,0.0010418826850481133,0.0010417883559721284,0.0010418284157922432,0.8695486871693325,0.0010420472069857599
doc116,0.0008773930289474759,0.0008774780554376533,0.0008777973853384393,0.0008774709509775541,0.0008773589777902314,0.5573111326984688,0.0008773206531530969,0.33145648666803373,0.0008775033740511688,0.10509005820780185
doc117,0.0008198985426501847,0.38267940870953676,0.0008197446420247977,0.3843025739291305,0.0008198538921157879,0.0008198475208103624,0.1620527212498916,0.0008197887645938452,0.06604630508406323,0.0008198576651827943
doc118,0.0010755455968613063,0.9903204834597475,0.0010755122598177377,0.0010755365222301534,0.001075538713053921,0.0010754227538612873,0.0010756401540802337,0.001075401527646786,0.0010754824887153564,0.0010754365239856159
doc119,0.0013518222338314274,0.4486625149758262,0.02028806755062055,0.09205484410143674,0.0013517305110565699,0.18999028610085955,0.0013517590913449038,0.0013516867690689823,0.24224571931254854,0.001351569353406574
doc120,0.08860588371834743,0.6462650166588164,0.035271554931289056,0.0008852197793697335,0.0008851217822137739,0.06820856981748431,0.1433212629467262,0.014786972708846236,0.0008851665215841285,0.0008852311353225347
doc121,0.000980573772879959,0.0009806325999556513,0.9911749466206212,0.0009806805282671805,0.000980512739628217,0.0009805277773803792,0.0009804912717262283,0.00098049552010653,0.0009806558902579953,0.0009804832791767489
doc122,0.0015386280751934329,0.0015386338557682852,0.0015387090265506032,0.0015388168922810222,0.001538755750419911,0.0015388973519075493,0.021883176092380892,0.0015386488202734593,0.6170122714066136,0.35033346272861127
doc123,0.000980573772879959,0.0009806325999556513,0.9911749466206212,0.0009806805282671805,0.000980512739628217,0.0009805277773803792,0.0009804912717262283,0.00098049552010653,0.0009806558902579953,0.0009804832791767489
doc124,0.04414962327554413,0.0003521980742407069,0.008815236784210048,0.00035217804536253434,0.1343839166375125,0.610553760377322,0.1241092284407414,0.010800291335027747,0.06613137250072144,0.00035219452931767
doc125,0.284122540583018,0.0007248563588483146,0.0007247145951400176,0.0007247696737613719,0.0007248680731077661,0.5450340892021279,0.0007248141821219593,0.0007247651904820815,0.1657698103815998,0.0007247717597926632
doc126,0.001075597425559007,0.0010756574680313683,0.0010753569894350157,0.0010755198984346143,0.0010755225416065278,0.0010755338981995532,0.10498485654013621,0.0010758099428867349,0.5529824841649392,0.33450366113077173
doc127,0.0031253901786389383,0.9718699423465625,0.0031253159141647517,0.0031258944439630223,0.0031258148372269035,0.0031253937808555627,0.0031256824521204776,0.0031255687309587523,0.003125582178585768,0.003125415136923132
doc128,0.001075597425559007,0.0010756574680313683,0.0010753569894350157,0.0010755198984346143,0.0010755225416065278,0.0010755338981995532,0.10498485654013621,0.0010758099428867349,0.5529824841649392,0.33450366113077173
doc129,0.5152330742418977,0.0027784661108247793,0.23784000785039594,0.2274789306528461,0.0027782772013605385,0.0027782103444848015,0.0027782122698455976,0.002778098877979775,0.0027787275764165824,0.0027779948739482863
doc130,0.0037043061387559357,0.0037046479806603708,0.0037044118289426974,0.5390536450295903,0.0037042744174924013,0.0037045714622705333,0.0037050016551106193,0.003704737463814899,0.27754232093596237,0.1574720830873998
doc131,0.000598981278061803,0.0988630088758219,0.000598991023305496,0.0005989833912906642,0.1903124994531551,0.0005989453188250137,0.004591439076445371,0.0005989694521182602,0.702639175907093,0.0005990062238833071
doc132,0.0014089477015026889,0.0014089991708690368,0.0014086218598491974,0.46285449340759593,0.26452919383486767,0.20917549108744135,0.0014087468954321976,0.0014088576053001378,0.05498782598701988,0.0014088224501219485
doc133,0.02674879954532089,0.44293008036465564,0.00037041281395303673,0.1348530644248944,0.018895944267037074,0.00037046085050543434,0.03740641922537639,0.00037045319920690496,0.33768388218760104,0.0003704831214493656
doc134,0.0009092783251580813,0.0009093494546794378,0.07271931646499433,0.0009093487014837693,0.0009092844099644926,0.0009093180621378141,0.0009093141749588765,0.0009092454182118639,0.0009093554454690798,0.9200061895429422
doc135,0.0016669266715969241,0.033067490047643734,0.0016668997231603412,0.0016669994543355687,0.0016669370932896185,0.0016671898092636497,0.12769733161494515,0.0016669761758573987,0.6511032849499073,0.1781299644600003
doc136,0.0010206421969983768,0.0010207188545423428,0.0010204993614716686,0.001020666925029338,0.0010207209341441985,0.1691151627923964,0.0010206929794202202,0.0010207835963665002,0.0010206815814923448,0.8227194307781386
doc137,0.0017246518317724367,0.0017245438503424213,0.001724500669391191,0.0017245819106188952,0.13892583475889062,0.3549342208016814,0.0017246178332265838,0.0017244294526037609,0.3261479491183246,0.16964466977314807
doc138,0.06281546194307627,0.2890803256385885,0.07816846503415925,0.5410236617013726,0.0009010707777503334,0.024406480683581276,0.0009011260903668505,0.0009012594415586927,0.0009010870424293414,0.000901061647116939
doc139,0.21036228952156655,0.002439716867817224,0.0024397553298510163,0.2250873627061935,0.44531535829540714,0.0024395822079036444,0.0024400373365859335,0.002439336242557344,0.10459715430735309,0.002439407184764505
doc140,0.001961520130808723,0.0019615185933341316,0.18807819840567894,0.0019615312145113777,0.44761913279062004,0.0019613478072667266,0.0019615913697125114,0.001961178858730629,0.3505726294418465,0.0019613513874904456
doc141,0.0010003191768039044,0.20547323268282147,0.0010001392002166713,0.0010003088319407863,0.2473873180201168,0.244561551159639,0.0010002584955100798,0.0010001284841193966,0.2965765523249175,0.001000191623914411
doc142,0.0010207739044377118,0.13505764241842586,0.0010205538134357983,0.001020667003165167,0.0010206216244402421,0.13488840250499004,0.0010207785294597844,0.0010205476036415637,0.16921137649847195,0.5547186360995319
doc143,0.08746205134092178,0.1513277058649459,0.0009175526504196426,0.0009176464384485332,0.5919931612389535,0.0796083414202452,0.0009176742759299529,0.0009176650952335387,0.08502057124705643,0.0009176304278455701
doc144,0.0017546319379520522,0.0017547444599382031,0.0017545513031551998,0.0017548803841191181,0.0017549745360812964,0.23719405854107087,0.04963537005038773,0.0017548744055354254,0.0017547172932286287,0.7008871970885316
doc145,0.0853308295101077,0.6120766762654222,0.002500342468868733,0.2850884843351107,0.002500418049639485,0.002500588500952533,0.0025006954329082954,0.002500523566848819,0.0025006926112052645,0.0025007492589362583
doc146,0.13454597226408416,0.29458822313278643,0.0017244227944012535,0.001724598650496038,0.43806897007646667,0.0017246538510352948,0.0017245647687572575,0.0017246043867152332,0.12244962808759331,0.0017243619876643474
doc147,0.0008267058386937085,0.0008267011898074023,0.09708009750811583,0.0008266156813625769,0.25689255532032573,0.0008267179564179836,0.000826710758118676,0.0008266650662416218,0.6402405774755582,0.0008266532053583828
doc148,0.0010871500981218685,0.0010873530404705053,0.0010871220287762002,0.19330907650044196,0.16651523023712297,0.001087161405280455,0.1931636573830369,0.0010872038657527673,0.2915292738385595,0.15004677160243687
doc149,0.001562806299323842,0.8522755637474306,0.02504762848069996,0.001563007100547218,0.0015629166523658936,0.0015630489391845522,0.0015630542683546763,0.0015629256137619266,0.0015629040177598725,0.11173614488057138
doc150,0.0013516816513000306,0.3000631728084102,0.001351562523655084,0.43628781573070996,0.0013516129527890138,0.0013517010222689287,0.0013518248598262483,0.0013516084491168965,0.2541871736892151,0.0013518463127084805
doc151,0.0003356412929505707,0.0003356444710135479,0.00033561728130768653,0.0003356424013058683,0.1330103696160892,0.0003356484080631765,0.00033563915109433625,0.0003356330162977515,0.8643045303825851,0.0003356339792927147
doc152,0.0002959274232571033,0.15641001765428875,0.054478013136939625,0.08227346479912381,0.000295916562614906,0.02858984237496731,0.2799474742531259,0.00029590072554929966,0.22823497319181568,0.16917846987831764
doc153,0.0009091640175930973,0.0009091748517281986,0.0009093167392191022,0.0009092158606172253,0.27030132774749366,0.1594138690387397,0.0009092543086229287,0.0009093476213038578,0.000909196735096313,0.5639201330795859
doc154,0.20919529473033494,0.0012347464031890534,0.0012346970606922953,0.0012348161013998713,0.3010749005648693,0.001234856455687607,0.0012349163033954507,0.001234893411532126,0.4810859085501938,0.001234970418705582
doc155,0.0014085262291505393,0.001408682915240499,0.0014089426042825652,0.001408749437782705,0.0014088530395862673,0.0014086457589163126,0.001408603219457988,0.0014086854716476457,0.0014086251648883752,0.987321686159047
doc156,0.0011115436403220781,0.001111360141842515,0.0011115092684244265,0.0011113624174364871,0.05447590327692238,0.47666556263884735,0.001111517872151584,0.426439954837521,0.035749753197720106,0.0011115327088118958
doc157,0.0013701590584550818,0.28424115795532345,0.0013700770558619953,0.5032200088293566,0.0013701647144364222,0.0013701746132616201,0.0013702389882226588,0.04037419014483344,0.16394366652308773,0.0013701621171610724
doc158,0.0008930967229703994,0.07430966746013985,0.0008930994051115794,0.0008931007666159189,0.000893260065907148,0.0008930564190693458,0.0008930344012828974,0.0950337617402997,0.0008930793823620625,0.8244048436362411
doc159,0.04929819600087295,0.21556770257889693,0.0006290925762684454,0.40176865152343677,0.09509256711596714,0.0006290935023200005,0.1840730961579368,0.0006290537599989468,0.02861654790695486,0.02369599887734696
doc160,0.0011365706396037627,0.0011366495822793647,0.0011364607607144805,0.001136695966525359,0.001136528121092437,0.92673093095179,0.0011366111052927889,0.0011366308296157045,0.0011366105501319237,0.06417631149295419
doc161,0.0006994560559124398,0.0006994822860826137,0.0006994291065549104,0.0006995053325632052,0.08666867505523262,0.29888255340463515,0.027431261588063575,0.1573276070951916,0.000699530782971889,0.426192499292792
doc162,0.0008697545881178692,0.0008697604705129269,0.0008697617810316401,0.31900375763891664,0.023372415422672,0.000869741338820266,0.0008698547146383013,0.020480269428877467,0.6319247808190894,0.0008699037973233665
doc163,0.000862307813976414,0.0008622272518935298,0.0008621682836597476,0.2459563458400579,0.0008622575361209248,0.0008623273871997164,0.602586083758109,0.0008622181149733322,0.14542185034827043,0.0008622136657389822
doc164,0.051281583372349955,0.000826597449659719,0.0008265639757333348,0.0008267004849113145,0.3046229028069588,0.060900709018872894,0.0008266977379966836,0.0008266806194649563,0.2321146975891766,0.3469468669448756
doc165,0.017149825979814123,0.5928166199741789,0.0009435930368137072,0.0009436945858676003,0.0009437082415119422,0.000943660466862266,0.000943655322367827,0.000943544103204961,0.07310300143034579,0.3112686968590327
doc166,0.002632372539868236,0.3207768260846285,0.0026322257877503434,0.3583132468339883,0.3024832835341167,0.002632341261975932,0.002632560290702907,0.0026327027150335157,0.0026322022103393537,0.0026322387415960683
doc167,0.000847718118828356,0.0008476034656625012,0.0008475787750612268,0.12877923418676707,0.4822065745752178,0.0008476704746488364,0.0008476550490923384,0.000847584829740949,0.3830807312222728,0.0008476493027079216
doc168,0.0010528475481651003,0.0010529031048601082,0.001052773021695361,0.0010529705478505066,0.0010529469009141962,0.1757150069126085,0.0010528116609719472,0.001052888266285463,0.0010529115018041886,0.8158619405348446
doc169,0.0006251709985177606,0.4029799738973273,0.0357947435039555,0.12675257433381934,0.000625207667085884,0.0006251624856017402,0.23257934974374142,0.0006250706501647411,0.198767629532954,0.0006251171868323582
doc170,0.2897324511768414,0.10032612608564948,0.01149436103547102,0.10838655102027094,0.00031258737497426173,0.022288020889442536,0.0726427528429878,0.00031257603496655446,0.3941919904747326,0.00031258306466354325
doc171,0.3074079392799834,0.0006713807885883825,0.20666380730319697,0.16149636000489692,0.0006713269120468312,0.0006712778116007327,0.13630889659392206,0.0006712539126236234,0.1847664703526635,0.0006712870404775938
doc172,0.001613304183466929,0.49287423416782805,0.0016131540350697508,0.0016133422585721561,0.0016133494992854227,0.0016132944376930126,0.27498732338262993,0.0016131819321868433,0.0016134795503931526,0.22084533655287478
doc173,0.000581512033023936,0.09176026838735814,0.0005815835091889,0.9035874193909725,0.0005815139773366377,0.0005815410940653498,0.0005815960349689808,0.0005814738172443474,0.0005815979932008069,0.000581493762640286
doc174,0.001852229092575879,0.0018522422526127604,0.10565404386425341,0.001852306233793831,0.001852455787867071,0.0018524286232034465,0.0018527818848538952,0.001852795455747138,0.8795267008816465,0.0018520159234460573
doc175,0.0008930585492387779,0.000892972345286923,0.9919627956415831,0.0008929485433397521,0.0008930609746400384,0.0008930499190562832,0.0008930146591896543,0.0008929922937977902,0.000893024357839006,0.0008930827160286938
doc176,0.0008930585492387779,0.000892972345286923,0.9919627956415831,0.0008929485433397521,0.0008930609746400384,0.0008930499190562832,0.0008930146591896543,0.0008929922937977902,0.000893024357839006,0.0008930827160286938
doc177,0.0016131147746525957,0.0016132856410091905,0.0016132276988808049,0.6793748294692987,0.0016130697628782855,0.0016131307465487835,0.0016133107794981192,0.0016131383091341398,0.0016136117897671309,0.30771928102833207
doc178,0.10726633963092827,0.11578257793721138,0.0016951028140364582,0.0016953996161244243,0.0016951527608176828,0.0016955029642899521,0.001695413445521167,0.001695316867776179,0.5816684158282004,0.18511077813509413
doc179,0.0010641771815936675,0.0010642846846185077,0.0010641038204788741,0.0010640950189180704,0.23589763695915736,0.001064116599196474,0.0010640678268264141,0.032230123874088364,0.7244232950496794,0.0010640989854427694
doc180,0.0016951636683721276,0.0016956102627161515,0.0016951349073156576,0.00169551646884433,0.001695811490894409,0.0016955452924288473,0.001695573887992049,0.001695202817296972,0.9847410384015522,0.0016954028025871982
doc181,0.0012662103474897662,0.0012662951392935701,0.0012659934898043737,0.46153596170811423,0.21324343217403305,0.2093956832202519,0.0012661130760405752,0.0012661897294969585,0.10822777238200071,0.0012663487334749167
doc182,0.1803674894819771,0.0011497120982084598,0.0011497269932323933,0.0011496947179136677,0.42226980116903035,0.001149726598879081,0.08481740476979038,0.0011496905552129595,0.30564706387503227,0.00114968974072332
doc183,0.001961594860901371,0.001961167488840433,0.03811703951604543,0.19077560683252306,0.0019613360246566788,0.001961232556911588,0.33633779576782924,0.0019612266112416783,0.13917094947797323,0.2857920508630773
