,topics0,topics1,topics2,topics3,topics4,topics5
doc0,0.0009126874420640799,0.0009125599810424664,0.0009126748015789005,0.0009125455418410326,0.0009126197047291724,0.9954369125287443
doc1,0.4520566923318314,0.00039135353144577876,0.0003913208069969942,0.46518600939266114,0.08158333014046641,0.0003912937965982568
doc2,0.2639667309357525,0.00057952472853633,0.11420034425255272,0.2578269881230102,0.3628468569563386,0.00057955500380945
doc3,0.0017991290795733778,0.0017988802509331671,0.3659406670647981,0.04775285062798137,0.5809095349598681,0.0017989380168459378
doc4,0.1286794185661989,0.5029496671702347,0.0034974141106659563,0.003497441282133361,0.3578789591883271,0.0034970996824398148
doc5,0.0010920314764435992,0.3017023395625668,0.0010919375348702135,0.001092072101337795,0.6939297932020005,0.0010918261227808874
doc6,0.0015020125737119504,0.24710633235904614,0.7468859690822951,0.0015019857004192432,0.0015018911344463275,0.0015018091500811582
doc7,0.0005220372702900349,0.0005220343088410588,0.08365379954670484,0.231559323316118,0.6747667292329265,0.008976076325119587
doc8,0.34023919237820843,0.128537676540758,0.0005632199531523115,0.43270354269595324,0.09739313266333388,0.0005632357685942207
doc9,0.000947252436946511,0.8761626739680237,0.0009472903623570646,0.10620025041306407,0.0009473248881164052,0.01479520793149241
doc10,0.0013409589515575831,0.673287047092938,0.27596507381243746,0.0013408436673969582,0.001340815180460772,0.046725261295209326
doc11,0.23509417249862075,0.7628498052640902,0.0005139933712711543,0.0005140255402920043,0.0005139955920424057,0.0005140077336835731
doc12,0.0006346870378548627,0.0006347031453036396,0.6015651346156856,0.0006348194512950296,0.36390546683148645,0.03262518891837425
doc13,0.6509466318818229,0.3462277934180744,0.0007064136174139068,0.00070644915726992,0.0007064028061959085,0.0007063091192229123
doc14,0.000576200658584721,0.6502095442316886,0.0005762071360358375,0.16419917209266835,0.0005762216580333804,0.1838626542229891
doc15,0.0009126874420640799,0.0009125599810424664,0.0009126748015789005,0.0009125455418410326,0.0009126197047291724,0.9954369125287443
doc16,0.0009126874420640799,0.0009125599810424664,0.0009126748015789005,0.0009125455418410326,0.0009126197047291724,0.9954369125287443
doc17,0.9170153993250664,0.0009944807800489938,0.06686411844405953,0.0009942165817173783,0.000994210749669376,0.013137574119438288
doc18,0.13557918635611935,0.0010802065010900028,0.5313226264031048,0.32985766648692616,0.0010802608581735671,0.0010800533945861965
doc19,0.3266516568215269,0.28239895372768914,0.0003552202592842466,0.2551497166975303,0.1350892771905341,0.0003551753034353238
doc20,0.07309009021225082,0.047815235054756836,0.8749041297743515,0.0013968049756651311,0.0013969523504591143,0.0013967876325165502
doc21,0.8340995832316332,0.00056641982590737,0.16363495280475512,0.0005663958132463526,0.00056634669255265,0.0005663016319052644
doc22,0.17956523872968402,0.0021466720737023707,0.8118485830525122,0.002146234433084224,0.0021465864657959025,0.002146685245221352
doc23,0.0006076955959472664,0.0006077094200812519,0.0006076979342980137,0.37721402552190453,0.6203552327249112,0.0006076388028575609
doc24,0.48380317622125035,0.0008728588342480242,0.05258484601189997,0.4609934092765319,0.0008728230073745309,0.0008728866486951108
doc25,0.0004473742736973823,0.0004473795506330552,0.4669090036408912,0.1807350283232581,0.35101378139990397,0.00044743281161626014
doc26,0.46977812163769433,0.0010249130235189248,0.0010248854885627596,0.5261225059835493,0.0010248153509664418,0.0010247585157083633
doc27,0.0010462556036283566,0.16147362171074955,0.7276614588237109,0.0010463863577347293,0.08943608579099101,0.019336191713185503
doc28,0.7786543244912264,0.1924657448555067,0.00036829582133146945,0.0003682753325057983,0.00036826074535951985,0.027775098754069964
doc29,0.7618580746263277,0.17674612814155022,0.0008434222681950423,0.0008433695737083895,0.000843356632995282,0.058865648757223395
doc30,0.0011823766818526726,0.0011823841426049113,0.283294735768081,0.17726389772193776,0.535894291385891,0.0011823142996326727
doc31,0.5437386261166114,0.11120009126275923,0.05804576750691682,0.2847829378902585,0.001116408742555439,0.0011161684808986382
doc32,0.5300378691612944,0.1370115729657817,0.22315449715477292,0.08939201417035701,0.019456989334794714,0.0009470572129992932
doc33,0.0016782286619522885,0.9087746471716586,0.001678717325980186,0.031016326380877698,0.0016781162083379408,0.05517396425119317
doc34,0.5595258791567291,0.19994620604316649,0.00041402909064214494,0.00041402523496805,0.23928587262899725,0.0004139878454969459
doc35,0.0014168645379504894,0.9929158571107312,0.0014167829494653673,0.0014167186321168519,0.0014167919194927204,0.001416984850243164
doc36,0.30032556989777137,0.6856853785206348,0.0034974756290928207,0.003497309911617187,0.0034975378978739447,0.0034967281430098953
doc37,0.19669636158638037,0.17641954802051124,0.5696868121813329,0.05451568030533674,0.0013409130089705344,0.0013406848974681755
doc38,0.49635066544234274,0.07445439018206143,0.29068839570045607,0.13676100353855775,0.000872840950877889,0.0008727041857040056
doc39,0.08298207518612237,0.3359050923040616,0.06753770293601886,0.0002412682923052991,0.5130926344531719,0.00024122682831993346
doc40,0.003268893911192226,0.16513578665141695,0.003268879503931854,0.0032691056961938005,0.8217875225569935,0.0032698116802716564
doc41,0.0009295810874843369,0.36024061397523366,0.0009296728898949917,0.3135822013886734,0.0009296265058278489,0.32338830415288594
doc42,0.0009562868617455217,0.6748325698081854,0.0009563660516672082,0.0009563774095462943,0.0009562101498807092,0.32134218971897477
doc43,0.0017990444130879454,0.7902102134688442,0.20259325456250907,0.0017991084623842214,0.0017993112017106621,0.0017990678914639549
doc44,0.0011685107984003046,0.0011684801525739866,0.6387884584638848,0.0011685302121564023,0.3565377120964053,0.0011683082765792786
doc45,0.0007376894629078978,0.49855519955908084,0.49849424349599447,0.0007376188788483321,0.0007377036349432777,0.0007375449682251313
doc46,0.7745608615683852,0.2207651048048389,0.001168475957791065,0.0011685595135610067,0.0011685706930710269,0.0011684274623526992
doc47,0.0011289926554250347,0.0011291103783176216,0.06963545523059333,0.5844098276292393,0.3425676682352332,0.0011289458711913852
doc48,0.24239264547690834,0.0005036289039046527,0.5865426448718007,0.0005036494230973956,0.16955377522031667,0.0005036561039722422
doc49,0.0003418662556740035,0.2554272960797572,0.00034183734094804156,0.3694091163738251,0.37413803844080284,0.000341845508992722
doc50,0.002016760488695089,0.28571397702008117,0.5611457040868999,0.00201660509200618,0.14709041065283707,0.002016542659480493
doc51,0.000994344374706814,0.0009941649607944781,0.000994135547536658,0.0009941441969804285,0.0009941825981819457,0.9950290283217996
doc52,0.6269308188225088,0.0010144087012808679,0.35244035966153375,0.001014433243192548,0.0010144611424614718,0.017585518429022687
doc53,0.002809894248924412,0.08551360968584126,0.0028100924171602505,0.3058773618392619,0.6001786819313647,0.002810359877447562
doc54,0.002101388585830624,0.0021013178801858423,0.0021013293057968916,0.5371582228155307,0.4544365550412102,0.0021011863714457575
doc55,0.0006917718030264726,0.000691780724362266,0.0006917422389120855,0.2958326351690681,0.7014003799908503,0.0006916900737806359
doc56,0.2144998538905452,0.17781087792603623,0.0005507633584405081,0.0743051721608137,0.5322825718259471,0.0005507608382171399
doc57,0.0010462586569234171,0.15936571360389962,0.5576509437412596,0.279844557693979,0.001046350247752305,0.0010461760561860443
doc58,0.0017365731093124397,0.0017364006338902935,0.9913176133449825,0.001736372761704907,0.0017366089112846941,0.0017364312388252847
doc59,0.001306044521495525,0.5068781549683048,0.0013059063041818964,0.04595289521312795,0.4432509935083541,0.001306005484535671
doc60,0.38376717985753844,0.1313824581147006,0.3407803100296527,0.12652992244616526,0.0005507943995287527,0.016989335152414242
doc61,0.00105738427850305,0.0010573020861902958,0.9947136203366677,0.0010572712995060786,0.00105719140251531,0.001057230596617531
doc62,0.000994344374706814,0.0009941649607944781,0.000994135547536658,0.0009941441969804285,0.0009941825981819457,0.9950290283217996
doc63,0.6859164859711899,0.0011684975134449707,0.3094095200014782,0.0011685033286412514,0.0011685477279193928,0.0011684454573262408
doc64,0.000994344374706814,0.0009941649607944781,0.000994135547536658,0.0009941441969804285,0.0009941825981819457,0.9950290283217996
doc65,0.04228580686175227,0.0007840116613094151,0.30215749376746526,0.44756441380482387,0.1269206844876541,0.08028758941699517
doc66,0.20092740914321564,0.026501276180496938,0.0007543580777809685,0.7703084272124616,0.0007543103714541627,0.0007542190145907925
doc67,0.0010802006157750513,0.11317369815605773,0.0010802955628849387,0.207887838382183,0.6756977679045575,0.0010801993785417787
doc68,0.0006428445561671422,0.08321571588625967,0.3452553225159148,0.27052413463153696,0.2997192078822053,0.0006427745279161753
doc69,0.0019384203225136778,0.9903081196897165,0.0019385227487239253,0.0019384375307315018,0.0019382871938228392,0.0019382125144916241
doc70,0.001116380399875709,0.0011164817281109764,0.5633761154066608,0.4321578616482538,0.0011164144157098696,0.0011167464013887812
doc71,0.10014070676137715,0.0015020107507429982,0.0015017696032473664,0.0015018736558050768,0.8938519635402716,0.0015016756885559337
doc72,0.4513667824177137,0.0015484169253941811,0.47059912812403015,0.07338894332475795,0.0015485367923582809,0.0015481924157458064
doc73,0.17470958354034072,0.0011823694662211463,0.5974222922273833,0.22432123151287658,0.001182343911640634,0.0011821793415377375
doc74,0.0006776839977278255,0.0006776158898366158,0.8245510153001934,0.05066979459477646,0.11141343031140423,0.012010459906061578
doc75,0.08859943909123703,0.38100934770658396,0.49042400974103995,0.0006470969525600305,0.0006470002900930942,0.03867310621848604
doc76,0.1987284645615221,0.5926196773315394,0.004855682449524593,0.004855750642175576,0.04911441672223835,0.1498260082930001
doc77,0.0015729228631965117,0.8785715416022011,0.0015728565299613416,0.0015725684083262488,0.11513735320958988,0.0015727573867248172
doc78,0.0011553131612569965,0.9942249098467973,0.001155066665328971,0.0011548770212877447,0.0011548791906561661,0.0011549541146727467
doc79,0.0934347834575292,0.6288756562035738,0.07647639499380846,0.0016507789148754357,0.19791193375124227,0.0016504526789708504
doc80,0.3142090740306981,0.21591411591059506,0.3318369664446046,0.0013230921699824746,0.135393623603004,0.0013231278411156067
doc81,0.16594760441151626,0.8264466995979389,0.0019015442665783863,0.0019013734457457138,0.0019014075649297104,0.0019013707132911329
doc82,0.013172017841471277,0.9341828470768642,0.013165490985705216,0.013160377881386891,0.013160163601987707,0.013159102612584852
doc83,0.09068187504388887,0.9032189720119769,0.0015248870262902009,0.0015247308163070109,0.0015245991374866657,0.0015249359640504164
doc84,0.24101820850866298,0.3398222711387347,0.4153419034567855,0.0012725685565601061,0.0012725873376701084,0.0012724610015864505
doc85,0.11569994716781022,0.0008158724424170558,0.0008158760415033713,0.4158230441797606,0.46602944279240044,0.0008158173761082858
doc86,0.001479732565054212,0.6040686243188171,0.3900131641918161,0.0014795676680715818,0.0014794487094342574,0.001479462546806757
doc87,0.9921362279235557,0.001572813897656311,0.0015726702198755132,0.0015725200857496114,0.0015728500127423434,0.0015729178604205589
doc88,0.0012889488122774923,0.0012890550799875228,0.6068499631801995,0.0012889966341237621,0.3879941430108185,0.0012888932825933365
doc89,0.31605342489251487,0.3839080771032053,0.005103635606689171,0.28472768137300697,0.005103196566499381,0.005103984458084183
doc90,0.0008962699693737106,0.0008962258345469943,0.09538470252037233,0.0008963239492487111,0.9010303575160348,0.0008961202104233539
doc91,0.002463448585945898,0.4489318392920111,0.15375583606499782,0.002463351740499686,0.3899221508742645,0.0024633734422811054
doc92,0.08182542721175944,0.339099126714556,0.17664781831347998,0.0011163751004826844,0.40019491495062154,0.0011163377091004164
doc93,0.29592700340975797,0.24381994781955757,0.21213783851312265,0.001548454351746957,0.20064440833514954,0.04592234757066534
doc94,0.5659960852920575,0.0007839376229783249,0.0007838669413915964,0.0007839803369104777,0.43086833107374545,0.0007837987329167016
doc95,0.22561490227216674,0.0005762498699971936,0.5350556436073544,0.0005761701846282877,0.23760092708086616,0.0005761069849870072
doc96,0.0006267271771667241,0.6600743807571009,0.0006268040737568894,0.0006267701472044727,0.3374185897723859,0.0006267280723850886
doc97,0.0012110254768097984,0.045462090300624834,0.7749848095635883,0.02806739253071895,0.14906386595924287,0.001210816169015391
doc98,0.13520294864177132,0.15567024559452558,0.7071983308874088,0.0006428570542624117,0.0006428441519662194,0.0006427736700658867
doc99,0.0004888782818381457,0.0004889078169256173,0.20178281053881855,0.036466229059352095,0.7602843531296158,0.000488821173449794
doc100,0.0010919862191008007,0.0010920396149338262,0.0010920547555966112,0.13869037262403108,0.8569416288290491,0.0010919179572885212
doc101,0.000994355832757338,0.0009944278925270705,0.9731030771495197,0.0009942220222073604,0.000994236060613999,0.02291968104237463
doc102,0.2449778643734844,0.3163708341087937,0.4306704149578188,0.0026599139757589197,0.002660771385515362,0.002660201198628808
doc103,0.06487990489772734,0.0005062188577273899,0.6377905181724102,0.0005061966092104819,0.2958109927959124,0.0005061686670121775
doc104,0.001104059379969245,0.0011040076927168888,0.30343652988594905,0.12410216634795129,0.5691491790417301,0.0011040576516833098
doc105,0.0010802972249398823,0.3388221307464998,0.0010802356995348336,0.0010802630837054824,0.6568570146515055,0.0010800585938145362
doc106,0.0012109409604897465,0.0012114132585379553,0.8596200073498774,0.0012109634785866942,0.1355357775320473,0.001210897420460952
doc107,0.0028910806167174686,0.14679391420125987,0.48027070873641836,0.0028910111460741387,0.3642626701953271,0.00289061510420323
doc108,0.5768896047417021,0.42009295103941624,0.0007543960900733587,0.0007544145367068771,0.000754351092819234,0.0007542824992821149
doc109,0.41854864982465034,0.48008156480240133,0.005103578635586966,0.0051027222899235605,0.005102832812200798,0.08606065163523693
doc110,0.18181086456303858,0.5068458886394152,0.0020167626179628576,0.12601853542039204,0.18129125880592498,0.0020166899532663997
doc111,0.0017671389895693047,0.14881923676136227,0.5091701189543534,0.0017671071839517,0.336709285799439,0.0017671123113243376
doc112,0.11031152807857422,0.0009297930483732955,0.0009297598387371395,0.0009296136652976084,0.0009296077662853814,0.8859696976027323
doc113,0.11031152807857422,0.0009297930483732955,0.0009297598387371395,0.0009296136652976084,0.0009296077662853814,0.8859696976027323
doc114,0.0012889706364743645,0.0012887932515590007,0.09289227609779464,0.8876188843913304,0.0012888679923685178,0.015622207630473152
doc115,0.0006512495634572056,0.029340410300336857,0.0006511807325763931,0.2136746405012243,0.7550312739295292,0.00065124497287617
doc116,0.0014796284707582234,0.0014797737773918917,0.0014795279655870949,0.0014798185406134502,0.9926010768408451,0.0014801744048042087
doc117,0.5454301960489715,0.06924988425397743,0.0007838599854858865,0.10827422427656562,0.275477952671099,0.0007838827639005786
doc118,0.35562756392114625,0.0019017793469460675,0.3822662582080533,0.001901663559483375,0.256401247257287,0.0019014877070838245
doc119,0.0008505667862235243,0.0008506514694953956,0.0008505226398628159,0.9957472399025402,0.0008505247331588853,0.0008504944687192271
doc120,0.41053583786015524,0.49448990290801265,0.0019017684387329801,0.08926906293072595,0.0019015961048222472,0.00190183175755098
doc121,0.42416499937658286,0.0024044108231150952,0.0024043913919352274,0.5662175760345515,0.002404408115823153,0.0024042142579921624
doc122,0.0014167474289261482,0.0014166997901720014,0.200402496783652,0.29455336877001603,0.5007939204061636,0.0014167668210702527
doc123,0.0017363002957530183,0.9913177432770439,0.0017367571884807091,0.0017364600911471395,0.0017363253502421213,0.0017364137973330993
doc124,0.0002936903231591195,0.16946385493729718,0.1472969123827909,0.2104067622841435,0.4722451311792176,0.00029364889339168407
doc125,0.0022426304799692594,0.23294461711405753,0.7580842074992522,0.002243031112166715,0.0022429245228330155,0.0022425892717214163
doc126,0.7078914974286469,0.00116848335019855,0.2874345389258745,0.0011684964292322244,0.001168533905292327,0.0011684499607554882
doc127,0.000743161999786651,0.0007431035431685727,0.4417081229056557,0.16940266531749396,0.3866598232047325,0.0007431230291624342
doc128,0.41846683325249684,0.09603140015937736,0.04769520909772749,0.4176826181900317,0.0005795102390222718,0.019544429061344407
doc129,0.5423322966150264,0.44459294438556546,0.0032691115159303613,0.003268696393561663,0.0032685913308946515,0.0032683597590214028
doc130,0.347864950975521,0.6453077485325475,0.001706702051497632,0.0017069293074550762,0.0017069613888294137,0.0017067077441493103
doc131,0.001458258269131679,0.9927097175790575,0.001458095540167957,0.0014579413086985853,0.0014579368040420627,0.0014580504989022127
doc132,0.3420925307842239,0.23341914656065496,0.23152311533465952,0.1908726094736884,0.0010463882452615306,0.0010462096015117063
doc133,0.0011963717075949062,0.0011964667149048608,0.0011963519533169725,0.0011965493517259078,0.9940180034989464,0.0011962567735109262
doc134,0.5673032830272019,0.3688876968659925,0.060670152920153625,0.0010463038008596641,0.0010462593969379588,0.0010463039888542786
doc135,0.5768896047417021,0.42009295103941624,0.0007543960900733587,0.0007544145367068771,0.000754351092819234,0.0007542824992821149
doc136,0.0012727087274898236,0.4405118382578543,0.2650030242689878,0.2906673786927766,0.0012725260280785754,0.0012725240248128808
doc137,0.000491262405345973,0.8710489790526176,0.0004913528473189458,0.12698586066141443,0.0004912904178268496,0.000491254615476233
doc138,0.194222442885824,0.735102009349561,0.06423623788102764,0.0021464734292506197,0.0021463336512693213,0.002146502803067399
doc139,0.003760600255848134,0.4103800635352773,0.0037602152318974027,0.5745786647024961,0.0037601924008405785,0.003760263873640712
doc140,0.002660301355433821,0.4208171841899855,0.10150860794892393,0.4696938555106858,0.002660109707758729,0.002659941287212255
doc141,0.9892680110438674,0.0021464748978165067,0.00214642058846775,0.002146314621060006,0.0021464465845272293,0.0021463322642611762
doc142,0.001479678712667976,0.2953985168051195,0.6651150537160113,0.0014796501915174927,0.03504754090935037,0.0014795596653332363
doc143,0.9892680110438674,0.0021464748978165067,0.00214642058846775,0.002146314621060006,0.0021464465845272293,0.0021463322642611762
doc144,0.0010463656010182855,0.26895453204408015,0.0010463392374687396,0.26833707528852874,0.45956935722203407,0.0010463306068699521
doc145,0.0015483039572732563,0.23682786455215382,0.7569789841468344,0.001548206534390301,0.0015484858263588696,0.0015481549829892021
doc146,0.0023481448779068374,0.5009275966875495,0.0023484103886902883,0.43793656735101644,0.002348058067599494,0.05409122262723748
doc147,0.2380986630030788,0.23518396456520574,0.001377746909924279,0.5225842460049525,0.0013777099157166255,0.0013776696011221804
doc148,0.3130663976994133,0.003269170870046567,0.3315137622443008,0.0032688533562598415,0.345613342144197,0.003268473685782497
doc149,0.0013776944956821855,0.06938839985492291,0.0013776789375845055,0.6044164391781944,0.3220622129353495,0.0013775745982663862
doc150,0.0017070247205034051,0.5171212114589184,0.0017069667973022358,0.4760511608961204,0.0017069304668951612,0.001706705660260503
doc151,0.07724651489758558,0.001799225289227303,0.19686812394712566,0.001798985961351096,0.7204883934549026,0.001798756449807883
doc152,0.3684997327252694,0.0008027924726201262,0.0008027749320589466,0.026923118592219596,0.5910215524138771,0.011950028863954779
doc153,0.0013589853716740063,0.001358987517495379,0.0013589321055378638,0.1686737325691802,0.8258899499124732,0.001359412523639372
doc154,0.002660022177567815,0.0026604550837439163,0.9866980980728999,0.002660661710608172,0.002660616647169547,0.002660146308010501
doc155,0.0004985926481940779,0.0004986049993579792,0.0004985863676501796,0.9688433801455879,0.0004986136862052458,0.02916222215300473
doc156,0.19439867068604078,0.00032202639689701324,0.0003220211413035823,0.3229124133512589,0.48172287532761393,0.00032199309688576646
doc157,0.0015246548076422114,0.0015247146123699032,0.6085824496136365,0.0015245668315062803,0.3853189126449788,0.0015247014898662084
doc158,0.7069675190156492,0.0013970174356634482,0.17419773140401365,0.001397011087973614,0.11464357506244255,0.0013971459942574533
doc159,0.002404516050540211,0.13127270870889357,0.16365134248658753,0.3545583243053566,0.22780837699191825,0.12030473145670391
doc160,0.6881103908660212,0.003907414043542015,0.003906833379449138,0.296261387900188,0.003907341152512568,0.003906632658286903
doc161,0.12311514379644686,0.38949887973712566,0.48448969443039214,0.000965446185501116,0.0009654469860455703,0.000965388864488442
doc162,0.0009295318567120512,0.0009296145315374816,0.17124114342898006,0.20566839407074758,0.6203017037830394,0.0009296123289833651
doc163,0.5368004228989808,0.0007600587254154918,0.13545568217726506,0.0007601094112262944,0.3254637692460312,0.0007599575410812157
doc164,0.0011965367739154359,0.88170110900002,0.11351279296249417,0.0011965527306131664,0.0011964674662081965,0.0011965410667490136
doc165,0.7407193561207175,0.0010144864457144358,0.0010145307957124296,0.2552228869073016,0.0010144094560933367,0.0010143302744606286
doc166,0.0006470360886857708,0.468194064055337,0.0006470128616616343,0.0006470104838083505,0.5292179300710592,0.0006469464394479934
doc167,0.8458150343687476,0.0009296347087194665,0.0009296764227076324,0.0009296087886254249,0.15046649076739316,0.0009295549438067339
doc168,0.0007718621087004045,0.8989552444855858,0.0979574593101876,0.0007717352897166024,0.0007717684339721882,0.000771930371837493
doc169,0.0009843853324356749,0.0009844338894694027,0.0009843627518952677,0.0009844165527285282,0.0009844004650892814,0.9950780010083818
doc170,0.0009843853324356749,0.0009844338894694027,0.0009843627518952677,0.0009844165527285282,0.0009844004650892814,0.9950780010083818
doc171,0.0015727549721231474,0.0015727187782184717,0.5225965969974536,0.0015725893602434816,0.4711128471120734,0.0015724927798878303
doc172,0.17822844745218688,0.8013605576082287,0.005102639271789089,0.005102707067684523,0.005102801201598998,0.005102847398511728
doc173,0.001976781731007949,0.1173919600101381,0.8357836760865575,0.04089417587394137,0.001976880073640478,0.001976526224714674
doc174,0.0013590652533434218,0.0013589045544088144,0.49251275412824763,0.3885735994485469,0.11483668309559447,0.0013589935198588471
doc175,0.3546378906670915,0.0019386056515543002,0.2633631282704298,0.18622452876402526,0.13929189276779932,0.05454395387909989
doc176,0.09916784927580628,0.0013970330726315052,0.8952443234327131,0.001396887151174384,0.0013969920613008972,0.0013969150063738022
doc177,0.0008505667862235243,0.0008506514694953956,0.0008505226398628159,0.9957472399025402,0.0008505247331588853,0.0008504944687192271
doc178,0.3596936417734075,0.001706988453672139,0.41940828890182413,0.21577733945223446,0.0017068893466532418,0.001706852072208494
doc179,0.5607134892666631,0.34488972534941287,0.0021462951053643656,0.0021464209892544496,0.002146362971435821,0.08795770631786927
doc180,0.0003780427498849337,0.6401940017890169,0.2782684147216857,0.05515316140920228,0.00037804726170984174,0.025628332068500542
doc181,0.29390698119215664,0.39254107878156735,0.31120038614260137,0.0007838750205349112,0.0007838992361694938,0.0007837796269702542
doc182,0.993945066046186,0.0012108015306998763,0.0012109199174867515,0.0012112755846210232,0.0012109401864920082,0.001210996734514362
doc183,0.020196285899661822,0.6700930039002528,0.11787648939809707,0.0007718376773799781,0.19029061674471767,0.000771766379890861
doc184,0.0008728030062676835,0.1417179929440952,0.11953813865673897,0.07962028853350211,0.6573780596057811,0.0008727172536149631
doc185,0.002732550816321297,0.002733123701583904,0.838307160581109,0.0027330738958033815,0.15076166464846713,0.0027324263567153353
doc186,0.9573173723588546,0.00032731737220395845,0.041373368573552186,0.0003272972444343278,0.0003273049983216891,0.0003273394526328754
doc187,0.35984460664650747,0.0013589057270369568,0.6347194234698418,0.0013591793672419583,0.0013589753828133302,0.0013589094065584871
doc188,0.0014798758928531869,0.8566851015154915,0.0014798326423375475,0.137395695995381,0.001479774824233276,0.0014797191297033073
doc189,0.0006470360886857708,0.468194064055337,0.0006470128616616343,0.0006470104838083505,0.5292179300710592,0.0006469464394479934
doc190,0.3641200748937765,0.5088377682822417,0.0012725537484616814,0.12322454172564558,0.0012725363555727155,0.0012725249943018508
doc191,0.7151038073653669,0.2796037682134031,0.001322949159550413,0.0013232554494019746,0.001323248531008033,0.0013229712812694177
doc192,0.4783624536627535,0.2940203804240574,0.0009383534230304198,0.0009383200651185349,0.2248022922841524,0.0009382001408876905
doc193,0.05984689991885427,0.7490821761275197,0.189065008781583,0.0006686492292349121,0.0006686727992263576,0.0006685931435819802
doc194,0.0044259804646467745,0.16992798247711507,0.004425576461880384,0.3072771058348386,0.5095177155196007,0.00442563924191855
doc195,0.002976954389827542,0.9245925813092482,0.0029773915216777954,0.0029779566086576468,0.002977313628807264,0.06349780254178157
doc196,0.002660178925640344,0.9866985596941179,0.0026599819554015583,0.0026608985534695867,0.002660358162486655,0.002660022708883995
doc197,0.001479688618052394,0.9194787613857957,0.001479806051424217,0.0014798369818893329,0.0014797313746279632,0.07460217558821046
doc198,0.12861232662865105,0.0019385167531480651,0.8636331036812847,0.0019388605708010056,0.0019387996589331998,0.0019383927071820576
doc199,0.4403684890607662,0.0025914388905400047,0.002591475859030011,0.5492660043813643,0.002591314327247842,0.0025912774810516316
doc200,0.09598584231922878,0.0946561675844042,0.09509114214023848,0.03266355826477541,0.680722851986776,0.0008804377045771257
doc201,0.39481490521332785,0.0022425331369898696,0.5962145626457481,0.002242740736542964,0.0022426817807030598,0.002242576486688321
doc202,0.001901628790776449,0.001901582863199874,0.42590159881222184,0.566492318706668,0.0019016098618911137,0.001901260965242662
doc203,0.0010687509446286577,0.33186023919244745,0.0010686922386823968,0.0010687206721051623,0.6638650775923881,0.0010685193597482555
doc204,0.0007900823795037291,0.0007900843344337176,0.0007900939058073311,0.3391517206551571,0.657688008064885,0.0007900106602130829
doc205,0.8373224384238223,0.0017671434497116341,0.0017671977694960572,0.1556088730898184,0.0017672827719786826,0.0017670644951729686
doc206,0.3684997327252694,0.0008027924726201262,0.0008027749320589466,0.026923118592219596,0.5910215524138771,0.011950028863954779
doc207,0.2808718629510182,0.0015020101436031494,0.001501918587900068,0.0015017481609553103,0.7131207318156642,0.001501728340859259
doc208,0.00210138295499315,0.0021012063935774905,0.9894934771590754,0.0021012825784802263,0.00210120907932513,0.002101441834548612
doc209,0.5629253330743621,0.0006076830455099428,0.434643961676283,0.0006076769791786164,0.0006076740205039942,0.0006076712041622619
doc210,0.22397730609906993,0.21507793232485833,0.5585361020960421,0.000802873174847192,0.0008028208214540193,0.0008029654837284245
doc211,0.0004749392610332595,0.0004749057873105939,0.9039465935366795,0.06394754406397975,0.0004749788562716888,0.030681038494725216
doc212,0.000857946315017112,0.000857918139561246,0.0008579239141476858,0.0008578906451653446,0.9957104703334066,0.0008578506527019864
doc213,0.00031999808688517787,0.18912905548102082,0.5850148283487344,0.21721925944572104,0.00799690093084031,0.0003199577067981786
doc214,0.0024636097753503467,0.002463427218003256,0.002463613498094754,0.4028647848402218,0.587280774887213,0.002463789781117002
doc215,0.4158896201547779,0.0010802624585434864,0.11216505005467019,0.4687046822169656,0.001080219148138692,0.0010801659669043054
doc216,0.0012566899331491986,0.09480808318700913,0.9001653798185336,0.0012566295580515906,0.0012566525215634264,0.0012565649816930879
doc217,0.7915786327928528,0.0005696148275459342,0.046381202860432104,0.0005696159298024878,0.15443248453023556,0.006468449059131016
doc218,0.0006966037008438259,0.0006965325448003739,0.04806143389871853,0.7107164184836282,0.23913253043272062,0.0006964809392885023
doc219,0.6929633568128815,0.0017363111499457747,0.30009126908311035,0.0017364336769285912,0.0017363238578957743,0.0017363054192381388
doc220,0.37800244762847673,0.0011419675270424067,0.0011418780234984838,0.4644266175238364,0.1541453788366349,0.0011417104605110629
doc221,0.5449744223236739,0.2857039760034234,0.00029281732244385375,0.16844316940552917,0.00029282785261586404,0.0002927870923138382
doc222,0.0010919786287837267,0.9242117473221918,0.0010919843998162158,0.0714204016297347,0.0010919966605269663,0.0010918913589465945
doc223,0.46630550554795425,0.0006597804578215724,0.5310553727981263,0.0006598136665011406,0.0006598254034605406,0.0006597021261361112
doc224,0.0011965367739154359,0.88170110900002,0.11351279296249417,0.0011965527306131664,0.0011964674662081965,0.0011965410667490136
doc225,0.41854864982465034,0.48008156480240133,0.005103578635586966,0.0051027222899235605,0.005102832812200798,0.08606065163523693
doc226,0.0009843853324356749,0.0009844338894694027,0.0009843627518952677,0.0009844165527285282,0.0009844004650892814,0.9950780010083818
doc227,0.0009843853324356749,0.0009844338894694027,0.0009843627518952677,0.0009844165527285282,0.0009844004650892814,0.9950780010083818
doc228,0.5402464612731654,0.1480055784859336,0.0008963066837752773,0.0008962514169222759,0.30905907752927736,0.0008963246109260479
doc229,0.0013590639925875516,0.0013590285355469958,0.10743786966391797,0.001359384122798344,0.887125647868096,0.0013590058170529706
doc230,0.000802769564798678,0.1938565920392121,0.0008027746476177925,0.00080281618664527,0.8029324037406121,0.0008026438211140011
doc231,0.05689539406032195,0.2547203930353803,0.00048417803867766056,0.0004841838717396175,0.6869317562821304,0.0004840947117500379
doc232,0.7841126899899379,0.0012888884712294094,0.21073184982181137,0.001288960570925142,0.0012888781048486498,0.0012887330412475698
doc233,0.7069675190156492,0.0013970174356634482,0.17419773140401365,0.001397011087973614,0.11464357506244255,0.0013971459942574533
doc234,0.22824839085743456,0.6636725780249421,0.08134172767334484,0.000470480551841135,0.00047048718717907244,0.025796335705258456
doc235,0.0008505667862235243,0.0008506514694953956,0.0008505226398628159,0.9957472399025402,0.0008505247331588853,0.0008504944687192271
doc236,0.22180386009885997,0.0005967702945329922,0.21449035563148988,0.5619154511009561,0.0005968409599650455,0.0005967219141960663
doc237,0.0042387876327627545,0.5058838283234,0.47716380982904855,0.004237841958346661,0.004237782205858297,0.004237950050583855
doc238,0.0007544865061033053,0.9962282401921474,0.0007544620967951782,0.0007542557891612455,0.0007542968517447292,0.000754258564048121
doc239,0.002193556830194908,0.2201627791320662,0.687748879451777,0.0021933896662410845,0.08550824238371643,0.002193152536004446
doc240,0.001548429907298981,0.1456532982524659,0.38189736827930465,0.15797446433727633,0.31137818431569675,0.0015482549079573256
doc241,0.802087526281283,0.10796531280313114,0.0005114096948857302,0.0005113796858121099,0.0005113842869538007,0.08841298724793441
doc242,0.752699924954513,0.04144606858362291,0.00045757651669201097,0.15578907802884068,0.04914980129755682,0.000457550618774769
doc243,0.21377061336899394,0.0007963478959539194,0.0007963588721209245,0.09959185978165064,0.6842484986112672,0.0007963214700132741
doc244,0.0012409075340821612,0.9937954602935227,0.001240922373165387,0.0012409661122988389,0.001240912729984757,0.001240830956946014
doc245,0.0003959817086233801,0.00039599034494606925,0.5773661207135826,0.42104995260484257,0.00039598163609034874,0.0003959729919151046
doc246,0.16660522321246624,0.5382948138770587,0.19923701433028926,0.001211221880952673,0.0934407841073779,0.001210942591855325
doc247,0.6710128707751488,0.20956166633518475,0.001004285042954583,0.031946324521395494,0.0854706301024748,0.0010042232228417228
doc248,0.3317004818994881,0.3940368357820384,0.2686644919800202,0.0018661571149198289,0.0018660535975970173,0.001865979625936467
doc249,0.41332744490216483,0.13872888405857617,0.0020581931517239887,0.4417693550193344,0.0020580275339227984,0.0020580953342776423
doc250,0.0025911317782048413,0.459597054311187,0.5300378946518316,0.0025914082619814035,0.002591745744345208,0.002590765252450092
doc251,0.805346974920514,0.0025914528280545084,0.1842872448639233,0.0025915973189778525,0.0025912003819212343,0.002591529686609199
doc252,0.0004985926481940779,0.0004986049993579792,0.0004985863676501796,0.9688433801455879,0.0004986136862052458,0.02916222215300473
doc253,0.39481490521332785,0.0022425331369898696,0.5962145626457481,0.002242740736542964,0.0022426817807030598,0.002242576486688321
doc254,0.0011419082196020393,0.001141761142378199,0.9942905502807803,0.001142177659828071,0.0011419780647499611,0.0011416246326615687
doc255,0.28395072896400214,0.2756751499105191,0.004855335668677612,0.2680207673501798,0.004855220904323288,0.1626427972022979
doc256,0.2377727166373894,0.0006387539253390125,0.0006387151296828324,0.35318863905017717,0.4071225108613346,0.0006386643960769654
doc257,0.5969932402040726,0.0009126517173147457,0.3096083003175488,0.0009126764267617378,0.09066051842750904,0.0009126129067930659
doc258,0.0016784884124324067,0.0016784559528327462,0.991607656040018,0.0016784566617556991,0.0016784025127216957,0.0016785404202394843
doc259,0.2524543551193043,0.04063819139954714,0.19440833687398187,0.0005011497003387776,0.5114968725786263,0.0005010943282015386
doc260,0.7937721497079965,0.1946630512539974,0.0028910786732527943,0.0028912045160881636,0.002890892068025436,0.002891623780639758
doc261,0.7951628966171151,0.0007963553701475178,0.06642808583412331,0.13601999038657994,0.0007963637557956884,0.0007963080362382517
doc262,0.0008882944530085929,0.0008882835756315647,0.18932258486853754,0.23448630997703518,0.5735262775978188,0.0008882495279683571
doc263,0.08298207518612237,0.3359050923040616,0.06753770293601886,0.0002412682923052991,0.5130926344531719,0.00024122682831993346
doc264,0.0014797201506906055,0.2656861543356682,0.7283948902646633,0.0014800403994435208,0.001479704911183864,0.0014794899383504569
doc265,0.001524654750085439,0.0015248299170515498,0.2626481693738891,0.7312529279696263,0.0015248519273413038,0.0015245660620064466
doc266,0.17662841591931827,0.25264946845241754,0.13988107061838753,0.0013591093982838352,0.30198340655919814,0.12749852905239456
doc267,0.001397057073079364,0.0013970944792030206,0.993014413064023,0.0013970458133555706,0.0013973305502358614,0.0013970590201032363
doc268,0.0011823780656517137,0.001182484778174955,0.0011824430348223308,0.20115131626776925,0.7941192188760264,0.0011821589775553695
doc269,0.32880527615536015,0.00034660449288343034,0.44788355602833096,0.10098537345651434,0.12163260787040829,0.00034658199650276756
doc270,0.17660794458813725,0.001831957914475262,0.6475772212504737,0.0018321850454041185,0.17031890632424765,0.0018317848772619878
doc271,0.0008729104673745109,0.0008727924342693215,0.9956357411848739,0.000872887405977242,0.0008729105229442554,0.0008727579845610355
doc272,0.00214650414616757,0.002146538066897876,0.7283056916509948,0.0021462600289366895,0.26310850142707914,0.0021465046799240637
doc273,0.9920115204725263,0.0015976908280126915,0.0015978403398208673,0.0015976813652503257,0.001597756897716862,0.0015975100966730271
doc274,0.0007839047754359641,0.9597102649604567,0.0007839561923876705,0.0007839647857819079,0.0007839438277614345,0.03715396545817624
doc275,0.2730350975033997,0.7246468548084704,0.0005795406870045065,0.000579564880556448,0.0005795051281779536,0.0005794369923910555
doc276,0.6269596202002282,0.369776881756425,0.0008158590087170146,0.0008159292907290514,0.0008159651365215177,0.0008157446073792902
doc277,0.47294277445633454,0.17813843566504256,0.00033274226459602117,0.26510394267748427,0.08314937472812739,0.00033273020841528513
doc278,0.6224890326972359,0.34320802317172155,0.0020582757871195475,0.002058237696480452,0.0020580678171516643,0.028128362830290906
doc279,0.28395072896400214,0.2756751499105191,0.004855335668677612,0.2680207673501798,0.004855220904323288,0.1626427972022979
doc280,0.0009843853324356749,0.0009844338894694027,0.0009843627518952677,0.0009844165527285282,0.0009844004650892814,0.9950780010083818
doc281,0.0009843853324356749,0.0009844338894694027,0.0009843627518952677,0.0009844165527285282,0.0009844004650892814,0.9950780010083818
doc282,0.003907699695103556,0.003907824678815654,0.39695262924007574,0.5874169044764675,0.003907475436319172,0.0039074664732183925
doc283,0.000857946315017112,0.000857918139561246,0.0008579239141476858,0.0008578906451653446,0.9957104703334066,0.0008578506527019864
doc284,0.0008363861780997846,0.17096508586754067,0.6890405119509474,0.13748537825928406,0.0008363454272817955,0.0008362923168463166
doc285,0.0008882944530085929,0.0008882835756315647,0.18932258486853754,0.23448630997703518,0.5735262775978188,0.0008882495279683571
doc286,0.3320355027476104,0.0008363713809458941,0.6646191936914831,0.0008363947627512667,0.0008363362788566925,0.0008362011383526701
doc287,0.002733181742824314,0.9863355413912328,0.0027326320752037625,0.002732843164633443,0.0027329422553904917,0.0027328593707151997
doc288,0.2887234226701016,0.0002963052232753041,0.00029628084948757935,0.12757202151735894,0.5828157040039239,0.00029626573585264
doc289,0.0692468567726827,0.5470762825207627,0.000984444805493294,0.38072324376000977,0.0009844967881572455,0.0009846753528941997
doc290,0.000536046618870607,0.8737850172177019,0.0005360658762893152,0.12407081398957176,0.0005360575703842462,0.0005359987271824388
doc291,0.35092113780165923,0.0007063514030732942,0.3287372683744307,0.2714754843440431,0.04745343596221615,0.0007063221145776064
doc292,0.765651726777162,0.11328515024779351,0.08620765449184152,0.00044144068769535,0.03397258211865822,0.00044144567684947106
doc293,0.3111445190146288,0.37913095563486243,0.0007718675008037843,0.0007718688511795167,0.2782423164633488,0.02993847253517663
doc294,0.18628865901809502,0.14879185971647102,0.00027432571107103665,0.17355648215643507,0.4908143410866516,0.00027433231127624736
doc295,0.47925732806341287,0.49292232194929064,0.00034184682153274,0.008970306565039384,0.00034185575593610783,0.01816634084478817
doc296,0.3667495274275372,0.0007839063709803465,0.0007839240260860147,0.0007839865222869729,0.6301135765669824,0.0007850790861270259
doc297,0.8234555035883531,0.0008363475052025793,0.000836351912123309,0.17319922302859614,0.0008362821696479448,0.000836291796076925
doc298,0.8130027652294736,0.18337953081766728,0.0009044824907167637,0.0009043676376581077,0.0009045478997140699,0.0009043059247702375
doc299,0.0030683287022154207,0.277060490418604,0.7106668021124216,0.003068073449938975,0.003068311138992049,0.003067994177828041
doc300,0.37557241344603126,0.2624259396267321,0.09643235625113453,0.0010145185655728332,0.2635404702412379,0.0010143018692913095
doc301,0.0005569421790392462,0.8316801924268213,0.16609209486898716,0.0005569004161551098,0.0005569946778481898,0.0005568754311488472
doc302,0.0007014843832618845,0.9964927135378201,0.0007015593653026024,0.0007014444625131229,0.0007014243402197636,0.0007013739108824923
doc303,0.0011823155397467898,0.865772040231044,0.1294982962195995,0.0011825329907794806,0.0011822592124205774,0.0011825558064096357
