,topics0,topics1,topics2,topics3,topics4,topics5,topics6,topics7
doc0,0.000690790942094989,0.0006908223967719636,0.0006908104342344266,0.0006908289971038564,0.9951642617282535,0.0006909651106854757,0.0006908013325867282,0.0006907190582689205
doc1,0.002137095932603981,0.1332514510107636,0.8539256384312859,0.0021371980712888553,0.002137227060293374,0.002137067652549358,0.002137180898662372,0.0021371409425525447
doc2,0.0011658290156757757,0.05047480755472556,0.4385561969823986,0.3263205834982539,0.0934879674755477,0.0011658229432829556,0.0011659180468847293,0.08766287448323086
doc3,0.0007259524180417784,0.0007258453953260835,0.0007258956732622567,0.4653254530039898,0.09799263004942065,0.10979228557215341,0.32398615730340224,0.0007257805844037898
doc4,0.0007705725802715084,0.4812045248354744,0.0007706157540542567,0.39520204157678,0.0007706020144828544,0.10174209689750867,0.0007705702318694551,0.018768976109558803
doc5,0.0004907718464973703,0.9107788850767993,0.0004907762380162969,0.000490765204534924,0.0004907675278097381,0.0004908268529825134,0.08627642582509241,0.0004907814282674837
doc6,0.0013931189365591894,0.6662145449185688,0.08034505763710681,0.24647464412987316,0.0013930938990238805,0.0013931664892341512,0.0013931537334862085,0.0013932202561477214
doc7,0.0009825608642090643,0.778384657556451,0.0009824824813775583,0.0009826161380374946,0.000982594059843062,0.20164066348309037,0.000982473685222457,0.015061951731769092
doc8,0.001269400355751443,0.35510132957912177,0.153880997593075,0.3732979573451767,0.1126421342097142,0.001269450512461018,0.0012694906000973233,0.0012692398046025902
doc9,0.001101580922172718,0.0011016365149044774,0.0011013941771582882,0.0011015164310397285,0.00110154579866368,0.0011016267531750363,0.07525285320628698,0.9181378461965991
doc10,0.001101580922172718,0.0011016365149044774,0.0011013941771582882,0.0011015164310397285,0.00110154579866368,0.0011016267531750363,0.07525285320628698,0.9181378461965991
doc11,0.04929148978657312,0.0643842507871212,0.03770323532402211,0.46409773597416687,0.38387628796394885,0.0002156683806607482,0.00021568427374672053,0.00021564750976034292
doc12,0.0005997064469513898,0.0005997122232906172,0.0005997232478038309,0.8691431900177281,0.08829286368101538,0.000599647396806976,0.0005997081105903619,0.03956544887581329
doc13,0.0008015498661414015,0.0008014474136068091,0.0008014096100226548,0.3298241910739491,0.18793076832465191,0.07766727935859562,0.4013719849004337,0.0008013694525987545
doc14,0.0016451496728746241,0.24941984514669557,0.0016452208121873837,0.10660975378420544,0.0016452002445184583,0.0016449890342119878,0.6357448652256942,0.0016449760796123083
doc15,0.0005625941505235661,0.4441548698097846,0.28106984542033026,0.1780179582317052,0.0005625820320040396,0.05113851687278349,0.04393110361526501,0.0005625298676040381
doc16,0.0011524470808057902,0.18527844909393337,0.00115223618660746,0.09115090026596326,0.001152212142864676,0.0011523415117758607,0.7178091897609392,0.0011522239571102844
doc17,0.00041201130994000004,0.20255153525334726,0.02394549494565658,0.15682154951360183,0.000411948052108119,0.000411969131636126,0.6150335978674774,0.00041189392623275107
doc18,0.10056843188740293,0.0005502185573859439,0.0005501809560317642,0.47952113112774525,0.1454154606151529,0.1069747211545696,0.1658695027141302,0.000550352987581382
doc19,0.0006860415820596828,0.0006861158254521397,0.21712146293799137,0.4148335650698906,0.05963677951491852,0.3056639248484533,0.0006860350379862033,0.0006860751832482095
doc20,0.0013023785102355698,0.001302534272508613,0.0013022987198969575,0.4172640701256096,0.21263283478339667,0.36359129142356195,0.0013023746459524931,0.001302217518838329
doc21,0.1893678481897296,0.1076675693765771,0.1714909530095809,0.43992135550079425,0.000599659897563757,0.0897533556430558,0.0005996520903287663,0.0005996062923698073
doc22,0.0006259387671530549,0.41264007759302535,0.0006259551429812333,0.40547339612862837,0.0006258968362067497,0.0006259531847678927,0.1787569331389055,0.0006258492083319196
doc23,0.0012533715462934064,0.0012534004865084984,0.00125348537428528,0.4538181742662975,0.4231693455339461,0.0012533689700981194,0.11674560311865058,0.001253250703920602
doc24,0.0004371757167398248,0.15658998858846254,0.5484794913751,0.06940262187361797,0.00043714508047506173,0.0004371572040479107,0.22377930588391928,0.00043711427763728946
doc25,0.02948992999859165,0.5869010839362484,0.0005056664736507248,0.0005057347193803604,0.0005057388530991237,0.08611138484766848,0.2954748508948351,0.0005056102765262501
doc26,0.00042967357859242917,0.3245109081001664,0.0004296538216893896,0.26422409060281393,0.20767291831824486,0.2018734637373159,0.00042966835737089847,0.0004296234838061604
doc27,0.0014328746156529678,0.2618231361121768,0.5080766042851458,0.001433014335858262,0.0014330616875963616,0.09653620255340874,0.0014332695274871846,0.12783183688267413
doc28,0.0023372110116492944,0.37629458445332564,0.0023371886336324365,0.6096815903392532,0.0023372274957086476,0.0023380789682472766,0.0023371988961708888,0.002336920202012634
doc29,0.13778843905255442,0.20117709190666686,0.001497316136970701,0.3756590110479058,0.0014973233098412675,0.0014973836766234165,0.27938626151683993,0.0014971733525976298
doc30,0.001126470647006176,0.22407164228295334,0.1004203815061244,0.34549124200824033,0.0011263457793532462,0.0011264202655105263,0.3255111826114019,0.0011263148994101414
doc31,0.06722620250095161,0.6011804029463671,0.10574564501128114,0.21985672160297198,0.0014976532021258465,0.0014977261355503453,0.0014976351791646976,0.0014980134215872652
doc32,0.0008015922289937127,0.0008015645737145604,0.0008015055453672773,0.9536933641512919,0.0008016207484750264,0.00080181759315691,0.04149687211637113,0.0008016630426294863
doc33,0.0014974324400674004,0.37480877877549107,0.0014972668690855708,0.0014973728593174777,0.14491933339433152,0.18013515389967924,0.2941474264474639,0.0014972353145637966
doc34,0.13804708369887542,0.002284125508232315,0.0022836485889383344,0.0022842566948103335,0.0022836322090988553,0.0022845205910401564,0.8482493846712547,0.002283348037749951
doc35,0.0008790741590104821,0.7520102542851707,0.13472663397781462,0.0008789521275178224,0.10886824216623296,0.0008790198622483578,0.0008789554435580507,0.0008788679784468874
doc36,0.0004907792204570717,0.9615290691462844,0.0004907791117960047,0.0004908331907029789,0.0004907886648126038,0.0004908198415104181,0.02350962925407469,0.012507301570361845
doc37,0.0015678114662496284,0.5980552841516896,0.12336898341405197,0.270736623997408,0.0015677727566602347,0.001568016348244113,0.0015678561662142991,0.0015676516994822436
doc38,0.03238837287293093,0.9335231541931752,0.0008079194151610563,0.0008080055337718644,0.0008080077183049319,0.0008079379542091411,0.030048661265728183,0.0008079410467187896
doc39,0.0013195188053258256,0.0013195973329540585,0.0013196431013016122,0.8597892285206744,0.0013195616356727713,0.13229333493003878,0.001319662079827723,0.0013194535942047869
doc40,0.0006419992911735761,0.0006419579296424175,0.0006419827416280653,0.9250378994741775,0.0006419969755284985,0.05033489243068508,0.0006419962274506812,0.02141727492971412
doc41,0.0004469237879874859,0.27014517375611913,0.00044695762572437455,0.32721069406339837,0.18684112872159556,0.00044687423349299376,0.21401531169572513,0.0004469361159569663
doc42,0.0005270542927632173,0.9769293137103602,0.0005270739460636274,0.0005270635601158817,0.0005269932336890769,0.01990856142087721,0.0005269988998754156,0.0005269409362553205
doc43,0.0007532453648748399,0.09263234899904166,0.0007532531123127943,0.48077891654633775,0.42282261102422736,0.0007531960378390759,0.0007532912258519959,0.0007531376895146013
doc44,0.0011265766791806696,0.0011263451853316636,0.9921152501294975,0.0011264415703647421,0.001126452284024041,0.0011262775368436307,0.001126257378395656,0.0011263992363620267
doc45,0.00403246787023776,0.004032979870214088,0.0040330291069154865,0.004032531293887295,0.13830750446839551,0.004033690864399038,0.8374954277730358,0.004032368752915076
doc46,0.0009729548201682789,0.8276636600056566,0.16649824834738702,0.0009731840464490663,0.0009730745213009363,0.0009730006775769605,0.0009729555501831333,0.0009729220312779701
doc47,0.0014973275778884432,0.0014974138334919124,0.6721147743369007,0.3189008983898728,0.0014974425490491526,0.0014973603728006164,0.0014974652869585773,0.0014973176530378575
doc48,0.0004052897531455624,0.19870090990815384,0.0004052802504525229,0.06083086226533986,0.00040527118933288104,0.0004052935216808546,0.7384418558732744,0.0004052372386201733
doc49,0.0009027216748013307,0.0009027228042816063,0.0009027514561392763,0.5358988393171448,0.000902734457996974,0.0009026818393634284,0.45868482160864377,0.0009027268416288654
doc50,0.0006338863418904655,0.0006339179131007373,0.10441657328692545,0.8611288905388876,0.0006338996726956767,0.0006339417937459014,0.0312850934683838,0.0006337969843703676
doc51,0.0020082913620316197,0.002008385646218942,0.002008353492119163,0.0020084806054917717,0.0020083518102364667,0.6463362506532367,0.34161369506328065,0.0020081913673846265
doc52,0.09975728839659916,0.0022835445176455755,0.002284165461029907,0.12666595004525738,0.0022841273683997325,0.04836133880897517,0.7160796636703282,0.002283921731764911
doc53,0.0010124150019557975,0.1931452748487147,0.0010124645095668553,0.2746813048955211,0.5271108576963208,0.0010126367978290948,0.001012610231813089,0.001012436018278438
doc54,0.0024514992351144216,0.00245179372542637,0.002451298720066462,0.7945735497757744,0.002451426540678767,0.14079307175720307,0.05237629279579763,0.0024510674499388157
doc55,0.0011657371831111075,0.16634367894740176,0.001165735600047687,0.0011657107508606702,0.001165825550843754,0.001165781210885689,0.8266618308162145,0.001165699940634817
doc56,0.24374577210423978,0.0023932054246896604,0.002392883757425303,0.002392815896329847,0.07573835406655333,0.0023933761147993658,0.668550744966002,0.0023928476699607917
doc57,0.08416938512468726,0.07074629087646168,0.0005134584042567519,0.15046526651547448,0.0005134835249504779,0.0005135033092770996,0.6925651889964412,0.0005134232484512158
doc58,0.0011392075995184966,0.16231087948094758,0.0011392704829046177,0.0011393277613153412,0.37234474732632794,0.11528214121554771,0.2571714766281376,0.08947294950530087
doc59,0.00075326874153651,0.18337376170660125,0.0007532278865023405,0.7716768254188464,0.04118342763062308,0.0007531768632844387,0.0007531798701751537,0.0007531318824307556
doc60,0.0008419301958466518,0.0008420156430420761,0.00084189331802144,0.0008420660222371011,0.0008419838553859456,0.0008420394829469322,0.9941061560890612,0.0008419153934587627
doc61,0.0014754501313922594,0.0014753656485409885,0.0014752779039970297,0.0014752810427762946,0.46862998607676903,0.5225183017306824,0.0014752045541699336,0.0014751329116721669
doc62,0.008475458799370453,0.940663282886151,0.008477715783888593,0.008476288397769404,0.008477553292765113,0.008476936821009983,0.008476934136707946,0.008475829882337513
doc63,0.0011391255933719845,0.7689617549737624,0.001139397089644671,0.0011393371750206677,0.001139409061604639,0.04835370170037884,0.0011392385221435175,0.1769880358840731
doc64,0.003597907307279181,0.6990740026813055,0.003598056153131145,0.003598145287994118,0.17180347810774899,0.0035979893060849345,0.0035983895190388475,0.11113203163741718
doc65,0.0012228487093675744,0.07268866827606506,0.0012228885801272142,0.8050609895614327,0.0012227956015165857,0.001222674188664037,0.11613636646564979,0.0012227686171770366
doc66,0.00173052413701726,0.6003093296549442,0.0017305708966888753,0.0017305738443447547,0.0017306760244207855,0.0017304634725226885,0.2307000567620933,0.1603378052079682
doc67,0.0007705725802715084,0.4812045248354744,0.0007706157540542567,0.39520204157678,0.0007706020144828544,0.10174209689750867,0.0007705702318694551,0.018768976109558803
doc68,0.0009731312197064146,0.00097293492562118,0.0009729123632632916,0.0009731048955149664,0.0009729888732291592,0.10216648486959666,0.0009730337029207757,0.8919954091501474
doc69,0.0009731312197064146,0.00097293492562118,0.0009729123632632916,0.0009731048955149664,0.0009729888732291592,0.10216648486959666,0.0009730337029207757,0.8919954091501474
doc70,0.0014537444649332877,0.12593995074307468,0.30265696649690266,0.23208369251214497,0.001453691881894701,0.0014539822061087775,0.3335043280390428,0.001453643655898134
doc71,0.002050128718886089,0.002049722598387987,0.0020497015932395466,0.00204973128130204,0.002049625143986147,0.20491506249594804,0.782786603102528,0.002049425065722176
doc72,0.14952250059765426,0.10625060836239532,0.00209246162982102,0.0020926878924076016,0.002092494438513114,0.0020927506306082262,0.7337642167794869,0.002092279669113513
doc73,0.0004956462775727189,0.4504359779927959,0.2982308311015283,0.16824256884106611,0.0004956322188244495,0.08110809992620824,0.000495661868576081,0.0004955817734282771
doc74,0.001497592953275711,0.48391749787772126,0.0014973188285845821,0.0014974781921174064,0.46132808236683076,0.04726746516967605,0.0014973678087605536,0.0014971968030336382
doc75,0.0027177779676244742,0.12984892560501554,0.03638849066243932,0.0027178713123399757,0.42487372231444,0.3980168480238673,0.00271830526980843,0.0027180588444651794
doc76,0.0005532590808284857,0.0005532577250468694,0.6951378252403239,0.21315515201390067,0.03029849019257364,0.0005531998591491362,0.0005532667946214904,0.05919554909355569
doc77,0.0038765443876648403,0.9037126213869583,0.003876495393172277,0.0038767916232735175,0.0038772039213671675,0.003877413007448714,0.07302602739487743,0.0038769028852375593
doc78,0.0008563591232987181,0.0008564298386383517,0.0008565047077603539,0.12480040995729758,0.0008564643532693479,0.0008563434380096904,0.870061211342492,0.0008562772392338508
doc79,0.0004908622341148152,0.5919722489277262,0.0004907834705460535,0.000490857424609926,0.0004908818124727757,0.10178157549369266,0.3037920675179845,0.0004907231188531007
doc80,0.0014329132645297903,0.47648228331596376,0.1467464294090502,0.19512803681624813,0.0014331014999004437,0.0014331957034036556,0.17591099896615894,0.0014330410247450995
doc81,0.09107920916417347,0.000510900167991675,0.0005108472466092075,0.46941542504947426,0.14631830654547925,0.09371047497428252,0.19794384778605972,0.0005109890659298938
doc82,0.0008349265534265055,0.6723682150286653,0.000834986796444043,0.09045201634090692,0.0008350357558381275,0.11318404837725339,0.07561998423337253,0.04587078691409328
doc83,0.0020492592193239885,0.002050009932859878,0.0020496381608657707,0.5970796682199869,0.0020498058407759485,0.3906210312356477,0.002049970080962467,0.002050617309577375
doc84,0.0013195188053258256,0.0013195973329540585,0.0013196431013016122,0.8597892285206744,0.0013195616356727713,0.13229333493003878,0.001319662079827723,0.0013194535942047869
doc85,0.0012228520032851263,0.14825971289097953,0.0012227874251634408,0.4746437910935974,0.0012227850416981882,0.0012228007141560633,0.37098270805457917,0.0012225627765411256
doc86,0.0008079584457664655,0.0008080345705537777,0.8094065976755851,0.0008079890364606434,0.18574571165978743,0.0008078532354498442,0.0008079505226272492,0.0008079048537694581
doc87,0.0007311684215069102,0.0007311661148067676,0.0007312009548009442,0.10321022873062005,0.7759682462158116,0.03357228962585588,0.0843246362291562,0.0007310637074416817
doc88,0.0013196959953338005,0.6642130253149333,0.0013195668165212019,0.21993044533062864,0.0013195216035454046,0.10925869251923445,0.0013194935253769435,0.0013195588944262078
doc89,0.0011016530029028845,0.21162781360352406,0.5762032460118606,0.12504879063616361,0.0011015170510624503,0.0011015329379140634,0.08271398767967847,0.0011014590768939118
doc90,0.003876361669766652,0.668891697143449,0.0038762305664935977,0.1822290819039372,0.0038771190465152487,0.0845576622893775,0.0038766909586296144,0.04881515642183122
doc91,0.0037326679418402337,0.003732518374140307,0.2062662483601747,0.7713385264811253,0.0037325217671415247,0.0037325331113449234,0.0037320388205640577,0.0037329451436689427
doc92,0.0011018480018419514,0.9922876684132695,0.0011015715247903127,0.0011015613321334664,0.0011017246601944092,0.0011017805603588077,0.001102200565526452,0.0011016449418851685
doc93,0.0009730004577007989,0.7786327817905087,0.000972927448427481,0.0009730740031005294,0.0009730366364423638,0.20164754229396215,0.0009729189745909034,0.01485471839526714
doc94,0.1775512657669533,0.0031453882231308452,0.003145101564807982,0.0031451175124211856,0.5498828663379445,0.003145378394697558,0.2568393052350828,0.0031455769649619317
doc95,0.0013195188053258256,0.0013195973329540585,0.0013196431013016122,0.8597892285206744,0.0013195616356727713,0.13229333493003878,0.001319662079827723,0.0013194535942047869
doc96,0.0006419992911735761,0.0006419579296424175,0.0006419827416280653,0.9250378994741775,0.0006419969755284985,0.05033489243068508,0.0006419962274506812,0.02141727492971412
doc97,0.00347247007298258,0.0034730262103138273,0.0034731384203966816,0.003472526792124275,0.003473769599477656,0.0034734954888655184,0.9756892339711746,0.0034723394446648046
doc98,0.17368146794577077,0.0004102956710259719,0.648812682963391,0.12413351950057896,0.0004102837528160627,0.00041029652698535763,0.05173120076183304,0.00041025287759870063
doc99,0.000841945849612312,0.0008419303323857485,0.0008420682479422419,0.5326971887337321,0.0008420249283162546,0.0008418948577848566,0.4622510139886692,0.0008419330615573239
doc100,0.028928721787009577,0.0006461412804568764,0.0006461877318726268,0.4069638356896906,0.13966245783969075,0.09799174153258873,0.3245148371159798,0.0006460770227110547
doc101,0.0006722164524687655,0.0006722517248937826,0.0006722338875069197,0.0006722543283582393,0.995294114191118,0.000672550940713608,0.0006722298694237454,0.0006721486055169078
doc102,0.0009923903579832124,0.0009922541659620216,0.9930540634370121,0.0009923183585672448,0.0009923279527193662,0.0009921919101293969,0.0009921769197656844,0.0009922768978610304
doc103,0.12036346315909252,0.06345039027242147,0.0013552544817333073,0.0013553998177981688,0.0013553479926277589,0.576723407270702,0.234041651501985,0.0013550855036398033
doc104,0.0013738176205972462,0.0013740174000304987,0.0013738673505361673,0.0013739451914334417,0.0013738469117861194,0.7333578464973685,0.2583988351188344,0.0013738239094136231
doc105,0.0015929251612875413,0.0015928554076376177,0.9888501894135276,0.0015927324711443342,0.0015929491089506536,0.0015926485088747042,0.0015928827795888797,0.001592817148988634
doc106,0.001730373915504678,0.0017306221142698527,0.0017305156203446194,0.4151259802776927,0.001730814624701375,0.11350428432079666,0.46271698453705346,0.001730424589636618
doc107,0.000488409537017239,0.0004884625876434692,0.15644501711544068,0.15678187706555755,0.6843310020419301,0.0004883968756335275,0.0004884433813020252,0.0004883913954754389
doc108,0.0022324187834012236,0.0022326052716766295,0.0022325399077622534,0.0022327447125164213,0.09263810747135605,0.21654131584213376,0.6796579414427522,0.0022323265684015673
doc109,0.0015435655898747504,0.2653698010467999,0.0015434879788874393,0.0015435979124268407,0.0015437058015031553,0.0015436467607973735,0.7253687688952508,0.0015434260144596866
doc110,0.000736542188956162,0.0007365091631344685,0.0007365333332200253,0.6121766882875413,0.2862180314184458,0.0007365231956749043,0.0007365108945809992,0.09792266151844621
doc111,0.002137580990693375,0.0021374904018465783,0.1654971626750615,0.0021372990293068435,0.8216789901881657,0.002137196982940406,0.0021371797238881477,0.0021371000080975784
doc112,0.022522840258444886,0.28376792821709,0.3284205109319304,0.0013552744188880612,0.12227256060134495,0.00135547621516565,0.23895006279375275,0.001355346563383346
doc113,0.0008491141130562928,0.0008491040904773707,0.0008490741317261734,0.14412506797236502,0.3290029304738808,0.0008491345744862603,0.522626555865298,0.0008490187787101499
doc114,0.0011016732702255735,0.10646239343928335,0.0011016375303490916,0.5239578995602701,0.24295576483539533,0.0011015271249633725,0.0011015973096249628,0.12221750692988824
doc115,0.0011016161512869493,0.0011019187331254348,0.0011015296396106676,0.15620928887273003,0.8371807816620487,0.0011017990258579554,0.0011015492607557994,0.0011015166545843868
doc116,0.23551916388945468,0.0993831160493317,0.016668118504370954,0.0008563871708244688,0.0008563192952401364,0.0008564091591395233,0.6450041202902698,0.0008563656413688026
doc117,0.0008349114104409686,0.8671717226439128,0.000834996504692095,0.0008349543483342494,0.1278187767447304,0.0008349672507729546,0.0008348798147700503,0.0008347912823463848
doc118,0.0011523383580700234,0.9919339070936698,0.001152358222219971,0.0011523238321445918,0.001152266113029399,0.0011523047082808737,0.0011522768117988897,0.001152224860786401
doc119,0.2330859356098969,0.5924676909738363,0.0014329390297625312,0.14807459266794104,0.0014331729771454198,0.0014331820938784604,0.0014330492021227667,0.020639437445416693
doc120,0.04977436864795173,0.6577055106879053,0.0009730430663098192,0.0009730903585548144,0.0009730749625170629,0.1342570332582187,0.1205725366956249,0.03477134232291771
doc121,0.0009636041609064301,0.0009637068888703242,0.0009635386333759434,0.0009635351072212853,0.0009636140921610844,0.0009635377787750205,0.0009635637241276387,0.9932548996145621
doc122,0.0015925507276131204,0.0015927035211109805,0.5890363869087035,0.0015927033731556464,0.14058806963490605,0.0015937094508181432,0.26241102623584406,0.0015928501478484989
doc123,0.0009636041609064301,0.0009637068888703242,0.0009635386333759434,0.0009635351072212853,0.0009636140921610844,0.0009635377787750205,0.0009635637241276387,0.9932548996145621
doc124,0.07460411866796055,0.0003707504315740368,0.4310691285300389,0.43224964942210586,0.0003706942622964706,0.00037072086782988326,0.06059413609069196,0.0003708017275022679
doc125,0.0007365512829053977,0.05307896949321351,0.04333117115227813,0.8999072261219527,0.0007365528903779063,0.000736511996761163,0.0007365792013899009,0.0007364378611213222
doc126,0.026830095468766635,0.001044162521701957,0.7600931060221683,0.0010442011208970732,0.20785622369934725,0.0010441181319906967,0.0010441635604070767,0.0010439294747209339
doc127,0.002959447177135431,0.979286049699357,0.0029593178660564617,0.0029591078040301514,0.0029591948438968817,0.0029588892409988053,0.0029591057256237534,0.002958887642901343
doc128,0.026830095468766635,0.001044162521701957,0.7600931060221683,0.0010442011208970732,0.20785622369934725,0.0010441181319906967,0.0010441635604070767,0.0010439294747209339
doc129,0.002959211357293341,0.2502291575714553,0.0029589459619916367,0.14262178854145616,0.002959433146619975,0.36689363655633495,0.002958919110332198,0.22841890775451634
doc130,0.0035980078410753776,0.49249905263030924,0.0035983396161779154,0.0035981378986935718,0.48591233773298026,0.003597835037686265,0.003598391050363799,0.00359789819271347
doc131,0.0005822225652844409,0.0959945257874866,0.11964494304411288,0.19041863806211498,0.5916130104249755,0.0005821782223063903,0.0005822325691622978,0.0005822493245568057
doc132,0.0014331056372574131,0.3320040638967621,0.0014330101224642215,0.6593977266062351,0.0014331068970547473,0.0014329949408022704,0.0014331704668160293,0.0014328214326082055
doc133,0.0003707411779524092,0.577892153577424,0.1143789649417444,0.04592556401724928,0.22457089343291572,0.03612025705263009,0.00037073425266161933,0.0003706915474226746
doc134,0.0009110384517981397,0.0009109990364081414,0.3888728803033159,0.0009109283812538885,0.4488950188736708,0.0009109447778883576,0.07167993510709988,0.08690825506856492
doc135,0.0016724808992199974,0.0016725982450206494,0.8540722865771632,0.0016725158215381943,0.11840635241307748,0.019158427150653475,0.0016726922315765595,0.001672646661750415
doc136,0.001022705632333822,0.0010228295898422732,0.12058387696725867,0.0010227653817575205,0.39849173967045176,0.0010227996293506582,0.4758106531166339,0.0010226300123713351
doc137,0.0017609640840131747,0.0017609894911475325,0.0017609833782546553,0.6854189066019851,0.0017611901217219218,0.0017609194813219024,0.3040147269279921,0.0017613199135635964
doc138,0.0009193969967503248,0.793135887617542,0.000919322554813214,0.11233375147314263,0.0009193567076147934,0.0009194003388541154,0.0009194352258363666,0.08993344908544665
doc139,0.0023929529525498826,0.002393151251667508,0.002393082368642518,0.7541254054920091,0.0023928346555334734,0.23151668280188012,0.002392831736740339,0.0023930587409770328
doc140,0.002008697250995214,0.0020087216909022224,0.002008413633349139,0.833031109506575,0.002008639523745696,0.0020085181632423484,0.00200838803858474,0.15491751219260552
doc141,0.0009923226083293811,0.2933055380909569,0.16985250369423666,0.29044074881983667,0.14920802814417283,0.0009923470123234354,0.09421629635796237,0.000992215272181841
doc142,0.0010550934317731548,0.18375510284860666,0.37938655562974005,0.0010551098822978858,0.2717164116984674,0.0010550966042799576,0.16092163499861553,0.0010549949062192289
doc143,0.0009366329659070257,0.2642914182411188,0.06536867721311478,0.5945045964473822,0.0009365145216395726,0.0009364866243757418,0.07208921806028024,0.000936455926181661
doc144,0.0016726047092076048,0.0016728444447735612,0.001672564672366355,0.0016726215254479284,0.2018082855437138,0.0016725817990250386,0.7881559203674413,0.001672576938024503
doc145,0.0026462123653815074,0.9814754382621512,0.0026464686545484744,0.0026461391599421013,0.002647055603044382,0.002646310995924016,0.002646461786205884,0.002645913172802459
doc146,0.0018252727276099774,0.16819619952953443,0.00182514066715951,0.8208527988323827,0.0018251612406236515,0.0018251429705855515,0.0018251067407692543,0.0018251772913349409
doc147,0.000871276364019686,0.0008712693238356867,0.000871338688140542,0.8863401152442272,0.10843218535633815,0.0008712041357451712,0.0008712606163327728,0.0008713502713608418
doc148,0.0011014406023168311,0.09315937037978149,0.1360246743778098,0.0011016430114659656,0.5581505493845718,0.20825927703284816,0.0011015629251797192,0.001101482286026275
doc149,0.0015200551133595919,0.9065568789207353,0.001520119330445783,0.001520273255541324,0.060745452330309,0.001520304488033804,0.0015203239573161912,0.025096592604259022
doc150,0.0013931604808915955,0.3861567872733354,0.14472480676164223,0.001393029945913257,0.1984730582783017,0.2650730347859214,0.001393200885565459,0.0013929215884289849
doc151,0.00033702303720561656,0.0003369970044221088,0.08016600933184609,0.2526293967445085,0.6655196181576767,0.00033697364024770025,0.0003369931486996597,0.00033698893539373716
doc152,0.0002996562452021664,0.23928502475347455,0.5374098236876175,0.0002996729973021659,0.0779762404138834,0.0879584100932612,0.00029966499588703673,0.05647150681337196
doc153,0.04950472602065021,0.0009109087109198807,0.0009108902911819701,0.0009110094220821668,0.0009109236347052081,0.0009109128054565667,0.8875413507423101,0.05839927837269385
doc154,0.001207938231617233,0.0012079349443176,0.0012080991309405922,0.73734824855428,0.2554038637927945,0.0012080493002142487,0.001208020591696039,0.001207845454139663
doc155,0.0013929296746149364,0.0013931069544134253,0.0013929677131553962,0.0013929824091983003,0.0013930006930493526,0.0013940123839347991,0.9902476624451559,0.0013933377264776356
doc156,0.001077818416970015,0.001078043004879514,0.04265482405222362,0.2527503479106287,0.0010778532623330775,0.0010778118817666971,0.6992055155586344,0.001077785912563932
doc157,0.0013740973817072436,0.5593151785884368,0.00137392748191056,0.0013738589481807355,0.25481535086498347,0.1789995776473336,0.001374159250929918,0.0013738498365177775
doc158,0.0009026565698429344,0.0009028599647739817,0.0009026584312489787,0.0009028012859628543,0.0009027644936812331,0.0009027390389419359,0.9936807099361696,0.0009028102793784261
doc159,0.03775197876044748,0.47554326561927496,0.07041487450224149,0.000637961353026757,0.10351720173681588,0.3108588425942562,0.0006379821591112883,0.0006378932748258137
doc160,0.08418237037707882,0.0011523657229286378,0.13810004917289212,0.0011523205658980921,0.001152293503011483,0.0011522691495602316,0.7719561384623311,0.0011521930462995895
doc161,0.08774895226851923,0.0007206904047046094,0.2066654982346303,0.0007207081345934102,0.05882602123305827,0.0007206036234293485,0.6438769800324866,0.0007205460685783613
doc162,0.00089466564497986,0.0008947650053217047,0.13837381271305296,0.09755860124676934,0.6508496726651052,0.1096390922631712,0.0008947451336151548,0.0008946453279845514
doc163,0.0008790065032922421,0.07554176582621082,0.5517553424367971,0.16384898452417349,0.0008789662610819973,0.20533819832310132,0.0008789079975773793,0.0008788281277655157
doc164,0.0008348940658221269,0.0008349020395732573,0.0008349127494009474,0.46218360592276053,0.0008349236825214419,0.0008348935383714327,0.5328070480766762,0.0008348199248740719
doc165,0.000954376525862944,0.661765918681244,0.170247993909805,0.0009543844161222194,0.035539312596538135,0.12862918792146774,0.0009544454959873969,0.0009543804529725911
doc166,0.0022837991543425405,0.984013450665769,0.0022835895585524416,0.002283952054512486,0.0022838250835754974,0.00228372398689527,0.002284013840421346,0.0022836456559314155
doc167,0.000894636392361633,0.000894687540860324,0.0008946748424515665,0.8061410487893474,0.11157260395001428,0.0778130473821198,0.0008946906911518983,0.0008946104116930552
doc168,0.0010440942629031612,0.001044133453206763,0.0010440002704198551,0.0010440892043459273,0.0010441434036083715,0.0010439942507357769,0.992691575705615,0.001043969449165144
doc169,0.0006379095485325433,0.5809409120449448,0.0006379099312757238,0.4152315914113382,0.0006379244531499954,0.0006378786988814755,0.0006378613657660453,0.0006380125461112632
doc170,0.00030889181229871673,0.18309035539434296,0.40290725377567294,0.29497251559912435,0.0003089213508987978,0.1070767812743157,0.000308924555792044,0.01102635623755448
doc171,0.0006907491960094202,0.16147092125663642,0.0006909027394000593,0.3947757359635722,0.11327896327735959,0.15808110966507383,0.0006907165822011307,0.17032090131974734
doc172,0.0017924663290758295,0.5741990012546584,0.0017926999850368258,0.06978532812384769,0.08944682762954954,0.0017926514311102121,0.2593985486255957,0.0017924766211257835
doc173,0.0006069583143084931,0.7987377508389147,0.0006069335396632531,0.0006069436209185359,0.13864869077456624,0.0006069618168197249,0.0006069612977474399,0.05957879979706165
doc174,0.0020086680637070304,0.0020084359008440546,0.16531514191532254,0.0020087367113470114,0.6909267623500915,0.0020084043688160477,0.002008473978059896,0.133715376711812
doc175,0.0008563212279611566,0.0008563164769620705,0.0008563632427403022,0.000856435067351446,0.0008564110289715001,0.000856542498100696,0.0008564463546788503,0.994005164103234
doc176,0.0008563212279611566,0.0008563164769620705,0.0008563632427403022,0.000856435067351446,0.0008564110289715001,0.000856542498100696,0.0008564463546788503,0.994005164103234
doc177,0.0017303532198915692,0.26759793359721334,0.0017304238060242253,0.001730333440989572,0.5037578199374327,0.2199921415916359,0.0017306310703563508,0.0017303633364562654
doc178,0.0017304009569438978,0.16560177647207153,0.16973772074266333,0.0017306584103542453,0.37120911081044083,0.0017307191775249408,0.28652924292496923,0.001730370505032043
doc179,0.0010895782535368611,0.0010896966094582356,0.0010896961251917459,0.3812917285222684,0.6121704088658102,0.0010895811099748908,0.001089737365752485,0.0010895731480071718
doc180,0.001761189439135725,0.0017610772087736407,0.24894326190898178,0.00176106599303595,0.7404908652542687,0.001760865594902531,0.0017608627689998358,0.0017608118319018735
doc181,0.00128575439827461,0.3158014586102072,0.0012857922856574005,0.5255167948045628,0.0012858141635121475,0.001285652688080804,0.1522532111877604,0.001285521861944753
doc182,0.0010779024251197746,0.0010779384600303496,0.0010779037592347845,0.8133222892707688,0.18021047674912413,0.001077887647713344,0.0010778080257369568,0.001077793662271848
doc183,0.0018591935720152347,0.0018593354127288573,0.0018594069554832265,0.16273164954763678,0.4227067829758382,0.2664860684493013,0.1169844943493804,0.025513068737616034
doc184,0.1341601192149553,0.38897592007412984,0.00182529054292456,0.19291417993736357,0.0018253503059462316,0.15095690382446042,0.0018254464532792367,0.12751678964694088
doc185,0.0008490323797668197,0.0008491230553886376,0.0008492666762044171,0.7762081332462428,0.11498911155341945,0.10455710211944755,0.0008491218038474315,0.0008491091656828126
doc186,0.0016186048825720188,0.17355109333710977,0.4166881677625022,0.4016674547089316,0.001618627244021498,0.0016184178667764146,0.001618751282291004,0.001618882915795368
doc187,0.0313811504363693,0.8207465472800688,0.00081447459891869,0.14379965675649256,0.00081451313558985,0.0008146126756363311,0.0008145959917199469,0.0008144491252045411
doc188,0.0016450617940403864,0.0016450909701726634,0.0016451354086283656,0.5897512244155582,0.0016451276036669087,0.001645087998901783,0.4003782691548515,0.0016450026541803033
doc189,0.0016185034174838586,0.0016185541312235168,0.0016183598378473473,0.001618465573274103,0.2821907272525484,0.001618963222115341,0.7080980998382305,0.0016183267272770884
doc190,0.000821238731909397,0.2731534687849768,0.6664727973966811,0.0008211996715266915,0.0008213002625905733,0.0008212389015044479,0.0008212168006758633,0.0562675394501351
doc191,0.0014754313300450966,0.0014754045226887673,0.0014751946231078862,0.41970082331448805,0.4593347583527211,0.11358793382901523,0.0014752099585209622,0.0014752440694128007
doc192,0.0010662685033226143,0.21683605832092745,0.0010662745570390484,0.0736061245713374,0.0010663216474135608,0.08578604989288731,0.619506268332776,0.001066634174296704
doc193,0.0011657676455852433,0.256155406261517,0.0011657158711947902,0.0011658943431165174,0.0011658477277313576,0.07017720309045275,0.6678385364030636,0.001165628657338781
doc194,0.0027183093373937574,0.5192175914172706,0.0027180174145269454,0.20718211976266462,0.08343938902075684,0.1792880689450848,0.002718549255686858,0.002717954846615473
doc195,0.0015679620352132253,0.6780049925383459,0.0015679598288858747,0.18655470947776173,0.03266986230475329,0.001567800490992724,0.0015678586679158737,0.09649885465613126
doc196,0.0017009997803381417,0.0017010169607753565,0.2020670056521144,0.0017012546360593494,0.0017011712159425067,0.0017009268965847838,0.7877267694946157,0.0017008553635697447
doc197,0.001618519144112601,0.6270371218722576,0.3121641995468007,0.00161860517702548,0.0016186431049099342,0.0016186168181654204,0.0016185739220877249,0.05270572041464046
doc198,0.04977436864795173,0.6577055106879053,0.0009730430663098192,0.0009730903585548144,0.0009730749625170629,0.1342570332582187,0.1205725366956249,0.03477134232291771
doc199,0.0013552911357845338,0.45698887576371394,0.0013553364317799978,0.0013552467540260825,0.31257399493633214,0.14869043980568392,0.07632553635841352,0.0013552788142658027
doc200,0.0022326064228727505,0.6759749288234741,0.1880561828932403,0.002232671380159869,0.0022326776455677167,0.12480544292244311,0.0022326342461411602,0.002232855666100952
doc201,0.0019688301593694074,0.7960912512999125,0.0019690418117291764,0.19209521823630965,0.001968822245537902,0.001968933764603698,0.001969013845808607,0.001968888636728928
doc202,0.0010333050936227983,0.0010333596657449604,0.0010333977395682987,0.6499076817831229,0.0010333137490887837,0.19141447268310435,0.15351129520399123,0.0010331740817566511
doc203,0.0012694419186552726,0.001269465455153918,0.5764087536266123,0.1396630073595943,0.24969859824768828,0.0012693674015844228,0.001269355738623053,0.02915201025208854
doc204,0.0013929296746149364,0.0013931069544134253,0.0013929677131553962,0.0013929824091983003,0.0013930006930493526,0.0013940123839347991,0.9902476624451559,0.0013933377264776356
doc205,0.0011016161512869493,0.0011019187331254348,0.0011015296396106676,0.15620928887273003,0.8371807816620487,0.0011017990258579554,0.0011015492607557994,0.0011015166545843868
doc206,0.026830095468766635,0.001044162521701957,0.7600931060221683,0.0010442011208970732,0.20785622369934725,0.0010441181319906967,0.0010441635604070767,0.0010439294747209339
doc207,0.0013553328267942556,0.0013557834580170283,0.0013552482880599785,0.0013552228043667857,0.4931339396856681,0.25954742456522345,0.24054166664387772,0.0013553817279926103
doc208,0.0005188153033851088,0.06972704093658932,0.25398470293109293,0.23055588369290814,0.44365712278802794,0.0005188336127251176,0.0005188344557573026,0.0005187662795141341
doc209,0.0008348480288520673,0.0008350131547712753,0.0008348494610427058,0.0008349925082839397,0.0008349580697782985,0.0008351663651161799,0.9941551931278414,0.0008349792843141485
doc210,0.0021370207206990732,0.0021371367323173413,0.002137418424783443,0.2536693685953761,0.2539542514510315,0.0021372909061556796,0.48169047710651436,0.0021370360631225408
doc211,0.0012535573497354656,0.20079943251554633,0.0012535089689052962,0.5987413691284829,0.0012534786664762376,0.001253323332065444,0.19419178001467804,0.0012535500241103227
doc212,0.002232858842437131,0.4699404692899881,0.044110665595623454,0.0022327106994775837,0.3162750649601797,0.002232975899732304,0.1607424419266459,0.0022328127859156427
doc213,0.0017936847982338816,0.07268742330982814,0.0017929007888862587,0.0017932868949508056,0.0017925430376916187,0.0017928378867050287,0.9165549425441469,0.0017923807395572712
doc214,0.00022848617498408014,0.3090925459384921,0.0002284834336084622,0.4997824779616342,0.18998260938137662,0.00022846108866562606,0.0002284689596572016,0.00022846706158169175
doc215,0.00046562050590094985,0.0004656596579804217,0.0004656488303969782,0.2196096305778723,0.7591820442049487,0.018880100974455583,0.0004656642192263122,0.00046563102921865754
doc216,0.22028548615785262,0.0019309232079971319,0.0019310248192205078,0.0019309521165981702,0.28601492686526275,0.001930717717614523,0.4840451820421238,0.0019307870733304578
doc217,0.003145747031613011,0.003145605532296824,0.0031457382446456656,0.15957426693790258,0.003146292925908962,0.003145420228368641,0.7076197349737917,0.11707719412547252
doc218,0.0015925622390830026,0.0015926015543766487,0.0015928033539093758,0.6848772451553736,0.3055664275409935,0.001592618632624758,0.0015929539103414735,0.0015927876132975334
doc219,0.0003208224455098731,0.0003208151153163345,0.13472440883491127,0.05890234867844584,0.8047692058882201,0.00032079483277935514,0.0003208191839265104,0.00032078502089072315
doc220,0.0004884310005386494,0.06275835069724017,0.0004883973952409564,0.02606610525169326,0.2665471025718072,0.5998057494220923,0.03504800413641004,0.008797859524977365
doc221,0.0045873853719981,0.3043195803860132,0.004587791787594228,0.0045882064624780585,0.6681525805538407,0.004588855791417195,0.004588390685365469,0.004587208961293045
doc222,0.0009193129378702333,0.19557747798854455,0.0009193118538628499,0.7989064034909571,0.0009193484421345944,0.0009193039367467661,0.0009193419773174495,0.0009194993725665184
doc223,0.000878879078820779,0.15257456674101444,0.000878922603909908,0.5564606631862047,0.28657006473943425,0.0008789503325068299,0.0008789109249225728,0.0008790423931865
doc224,0.0017305574664802318,0.5746565592420771,0.06375687109017984,0.13268051789243854,0.0017306021210614973,0.0017305450841822456,0.0017306636380176228,0.2219836834655629
doc225,0.0011657417779048413,0.846170367964554,0.0011659345741023856,0.1071417643468936,0.0011658872997146194,0.04085886119841953,0.0011657240982385878,0.001165718740172387
doc226,0.0005821772562925945,0.9959245744284577,0.0005821981106568167,0.00058216287684256,0.0005822557513387302,0.0005823009609198167,0.0005821880512015603,0.0005821425642901454
doc227,0.10684230673878503,0.3001513650174864,0.10076594840200302,0.0008421063646781598,0.17696948489264439,0.0008421756017824436,0.31274453997815654,0.0008420730044639835
doc228,0.0009278297354559641,0.0009278261689259376,0.0009277902685081924,0.0009278972327174488,0.0009278405696120976,0.000927803974876806,0.0009277640244961884,0.9935052480254073
