,topics0,topics1,topics2,topics3,topics4,topics5,topics6,topics7
doc0,0.035745375155969,0.0009110853092593376,0.0009110845253652205,0.0009109811569095359,0.0009110129293541014,0.0009109732376311844,0.0009110480441850607,0.9587884396413265
doc1,0.08726304740590886,0.4567739147701995,0.00042419869916768873,0.18900946023509957,0.26525688138282577,0.0004241665460560831,0.000424182761021226,0.00042414819972119683
doc2,0.20371950598091723,0.5642488884892307,0.1911059893827996,0.038526986808004024,0.0005996310093326516,0.0005996191658378072,0.0005996692558413369,0.0005997099080367705
doc3,0.0018944857698827058,0.3888712557351451,0.47762835904131345,0.0018942733450589614,0.12402845077301589,0.001894254150691408,0.0018943539050802064,0.0018945672798122769
doc4,0.18420539153712256,0.0035979734981325456,0.003598069074458161,0.453881039277506,0.3439245883794231,0.0035976255894573056,0.003597622715942674,0.0035976899279577487
doc5,0.0011015690094383413,0.24746031715323194,0.0011015276025090261,0.27405132677086125,0.3620431718391418,0.0011014907310270578,0.1120391664573079,0.0011014304364827213
doc6,0.0015201731741604635,0.0015201788203381267,0.6504777034363726,0.2088945865042932,0.0015202536177904439,0.0015202434003791733,0.13302681135246958,0.0015200496941964266
doc7,0.020148106487246437,0.6373065181052429,0.08668259857136584,0.0005442694978657411,0.03541491733076476,0.0005442031519481364,0.20999568560335583,0.009363701252210479
doc8,0.17781732098029832,0.29653704813702014,0.000565737812553511,0.36992803654713147,0.0005657473400013439,0.0005657132423745516,0.14109122839725627,0.012929167543364359
doc9,0.000982642030635255,0.15407788694777236,0.0009825641423217794,0.6207840479374171,0.0009824959277390905,0.20713187672354685,0.0009826649840207306,0.014075821306546752
doc10,0.4024552451499593,0.0014330541004349935,0.001433198097004237,0.5544359769587048,0.0014329453369647579,0.0014331189952369438,0.0014329146299877447,0.035943546731707215
doc11,0.09405601645178269,0.0005270271778380734,0.0005270033896661589,0.9027819474892232,0.0005269762898677639,0.0005270395065401537,0.0005269913055503375,0.0005269983895316757
doc12,0.05374308902770298,0.34591880922059587,0.41423400353314316,0.0006503797792665026,0.0006503879015990482,0.17049609581935643,0.0006504033002739173,0.013656831418062206
doc13,0.4888334542212159,0.10516821687366906,0.0007259099522446858,0.3055686274391357,0.0007258218530097687,0.09752631379750057,0.0007258484092233525,0.0007258074540009497
doc14,0.0005502266742085603,0.18340591632876255,0.0005502724596162525,0.6371620363054573,0.0005502787476844397,0.0005502110900278596,0.0005502509448681814,0.17668080744937487
doc15,0.035745375155969,0.0009110853092593376,0.0009110845253652205,0.0009109811569095359,0.0009110129293541014,0.0009109732376311844,0.0009110480441850607,0.9587884396413265
doc16,0.035745375155969,0.0009110853092593376,0.0009110845253652205,0.0009109811569095359,0.0009110129293541014,0.0009109732376311844,0.0009110480441850607,0.9587884396413265
doc17,0.7709959284015846,0.0010334296716162223,0.00103325805848711,0.0010334184821511958,0.18329892026030542,0.04053788209625619,0.0010332776506861534,0.001033885378913084
doc18,0.4890116465714718,0.25279839079476724,0.0011139333423149283,0.13868293731921127,0.0011137355076681402,0.0011138547272785777,0.11505171441471097,0.001113787322577215
doc19,0.13980291648238388,0.4500596751269957,0.00036803689978453407,0.37439873016748676,0.03426651091642103,0.00036806771180072294,0.00036808014975449175,0.0003679825453729511
doc20,0.46791596486241016,0.0013929827459785596,0.24836621931960337,0.0013931135458278658,0.0013929980718479862,0.2767528137408968,0.0013930559449217888,0.0013928517685132917
doc21,0.48585058339980985,0.0005082353329494403,0.0005082648025148519,0.0005082778138305393,0.40953254289391916,0.10207569990628286,0.000508230227069531,0.0005081656236237209
doc22,0.0021839777655005567,0.0021839647816628673,0.7169421470250147,0.0021839139889430676,0.12352888134770097,0.05534838044460088,0.0021838660458695426,0.09544486860070735
doc23,0.0007258970368482267,0.7660630758508236,0.11930944589764585,0.1109981230199673,0.0007258683262565468,0.0007259099728509777,0.0007258867961698116,0.0007257930994378535
doc24,0.20314670586979333,0.4218238396727124,0.07688284417340589,0.15038873346446277,0.1452738518381166,0.0008279916146961573,0.0008279639555234878,0.0008280694112893362
doc25,0.06220009812907851,0.29588105796815095,0.00047007209717942703,0.10611813934109562,0.00047005109896384296,0.00047000357970574085,0.5339203751215325,0.00047020266429337977
doc26,0.0009279618852410223,0.34677871951623773,0.0009279423793575649,0.0009280343359103528,0.647653488365281,0.0009279612296189662,0.0009279336079727386,0.0009279586803805969
doc27,0.0010022544781835823,0.06742410250205666,0.05044516898428805,0.0010023075121438393,0.001002295807089454,0.29898966468188376,0.5601946085595562,0.019939597474798537
doc28,0.5120957973809505,0.0003835367174447675,0.00038350034740475253,0.3407664312298843,0.00038357867682206284,0.04265993811799641,0.05974517637948972,0.0435820411500074
doc29,0.5927776764372829,0.0008419761231444336,0.0008418832880703379,0.3124690493075658,0.0008420234626186572,0.0008419938518578077,0.022500062327340607,0.06888533520211935
doc30,0.15799371084338565,0.3410455248481934,0.16442566378406256,0.0012694812694034705,0.0012693810759410525,0.0012693179182423902,0.3314576004714632,0.001269319789308191
doc31,0.0011796059352464229,0.19791629090124135,0.09793019150808238,0.3009672709955059,0.37283562964135014,0.0011794665684057735,0.026812127681750297,0.0011794167684177714
doc32,0.5361322987627654,0.10173760959510574,0.000992390661917341,0.000992418219621954,0.10383157518384278,0.25432888543555265,0.0009926618621163602,0.0009921602790777175
doc33,0.0017315145633495827,0.0017302753006132297,0.10354035075705702,0.803038393593704,0.0017303209866277982,0.0017310268252014906,0.0017303050906022188,0.08476781288284459
doc34,0.15445787364481378,0.00040696239773814474,0.02576067521133902,0.23128507731264744,0.564007534085441,0.00040691253808007333,0.023268052975967023,0.0004069118339735299
doc35,0.0014540448179760656,0.0014538995423083116,0.001453936508488312,0.989822943073319,0.0014537109448329777,0.0014538835378553566,0.0014537952087806808,0.001453786366439249
doc36,0.003877068177773831,0.0038772812623108816,0.0038770870056774108,0.7447311699097562,0.0038768192599791924,0.23200724350669794,0.003877091732454995,0.003876239145349593
doc37,0.29161902723583755,0.0014128693628345473,0.3600256006306362,0.0014127445126455788,0.12582575202034327,0.21687847575160282,0.001412831202142034,0.0014126992839581921
doc38,0.6062206453849217,0.23812828263136784,0.0008867202805970919,0.15121766146151275,0.0008867263013818776,0.0008866947440526618,0.0008866684458284926,0.0008866007503376134
doc39,0.13069979142495558,0.30839014463256015,0.1544974447621526,0.3382288997066575,0.02813061725808202,0.03954771698221636,0.0002527026169059748,0.00025268261646984203
doc40,0.0033564843089945646,0.5666405543641315,0.41321809012449157,0.0033570137961010257,0.0033564727016587837,0.0033569779978670803,0.0033567075115874785,0.0033576991951679656
doc41,0.0009453615743190174,0.2943667832159721,0.08553320619269658,0.19238993386910574,0.0685679762252011,0.0009456080587009138,0.0009453602117993989,0.35630577065220514
doc42,0.0010778103382171925,0.0010779457620922585,0.0010776986197952654,0.5430555541076088,0.0010777166395956911,0.0010779038652138245,0.0010778740217513177,0.4504774966457258
doc43,0.0017925939496334204,0.045298112787269654,0.0017925891706955153,0.6245657947496095,0.0017924543884865448,0.22255617637799607,0.10040984524668507,0.0017924333296242061
doc44,0.2553570660273633,0.2800269168506635,0.0014974196348747442,0.0014974125214525322,0.1452939349132059,0.0014973457296988033,0.3133327874664717,0.001497116856269563
doc45,0.28893107604740526,0.0007589610928557838,0.0007589382904763193,0.35988257610305696,0.0007588210177575793,0.29390278802730646,0.05424802746640546,0.0007588119547361703
doc46,0.2810986723408856,0.14879065092574167,0.029830983421087833,0.2567231661734018,0.23157720561782028,0.001269462959485427,0.049440667159321085,0.0012691914022563606
doc47,0.0011659817655177676,0.6870170722938566,0.13870641278752355,0.0011659591931662459,0.05933551259644981,0.11027719272882754,0.0011658590279182554,0.0011660096067403144
doc48,0.5700195838595925,0.16092061923359863,0.06182833515480759,0.0005890888436487779,0.05941183980292499,0.0005890720011984608,0.14605244436364812,0.0005890167405808123
doc49,0.0003369916726333966,0.5915334402883448,0.015984732706457654,0.326673411209592,0.06446038260395968,0.00033698472734690175,0.00033704720751983496,0.0003370095841459229
doc50,0.15565239594736652,0.00200835606278589,0.1662772674099373,0.0020084610956330475,0.2444878600854769,0.2471365755763932,0.1804207187621614,0.0020083650602458346
doc51,0.0009732578542432376,0.0009729849042790709,0.0009728354215944715,0.0009729369547439121,0.06707006585053685,0.0009728373771191568,0.000972946074256931,0.9270921355632263
doc52,0.8643019666358953,0.0010440633904000105,0.0010440626214345274,0.001044096436199878,0.0010440819487748138,0.0010440603723109838,0.1294330695991505,0.0010445989958338783
doc53,0.0025779872321562555,0.8160445858709946,0.10806405754202925,0.06300067720587521,0.0025779272828582943,0.002578127527935698,0.0025783492939349378,0.0025782880442158608
doc54,0.00218394659276998,0.9847124893629968,0.002183904160054195,0.0021839541497858206,0.0021837969281578613,0.002184006913390529,0.002184081451058658,0.0021838204417861935
doc55,0.0007259168416421672,0.8342039480099072,0.13463627816791446,0.0007259642372870684,0.027530304769352802,0.0007258879129699656,0.000725879511024878,0.0007258205499015681
doc56,0.09538834497582738,0.27848877864957905,0.0005721877998238048,0.28764500535330845,0.3361891137099632,0.0005721832693570259,0.0005722078149758468,0.0005721784271653295
doc57,0.001002151610724723,0.03941221368064695,0.24742751246327746,0.0010023015048453694,0.001002222162701754,0.18868224605217868,0.5204690411530741,0.001002311372550876
doc58,0.6140467399398183,0.001760909167398692,0.11434328620844048,0.001760883082330481,0.0017609483102273965,0.001761158110381274,0.2628050722235302,0.001761002957873138
doc59,0.03425321641939453,0.0013025320313070031,0.0013024148861607782,0.4156739981881393,0.3030940054592314,0.0013023668846604726,0.24176890657215122,0.0013025595589554416
doc60,0.3821369363632938,0.06469052458699615,0.36609310772318815,0.1032803126621875,0.0498676197413814,0.016152092923646163,0.0005057467771796082,0.017273659222127244
doc61,0.3291392651087775,0.0010550134842532298,0.00105525212748816,0.0010550153040006578,0.0010550251557914876,0.6645303410348666,0.0010550636568047716,0.0010550241280176463
doc62,0.0009732578542432376,0.0009729849042790709,0.0009728354215944715,0.0009729369547439121,0.06707006585053685,0.0009728373771191568,0.000972946074256931,0.9270921355632263
doc63,0.6044604987031036,0.0011657269019804929,0.0011657809260229635,0.0011657799451304973,0.21950283064665108,0.0011657588580286221,0.17020781827964368,0.0011658057394391221
doc64,0.0009732578542432376,0.0009729849042790709,0.0009728354215944715,0.0009729369547439121,0.06707006585053685,0.0009728373771191568,0.000972946074256931,0.9270921355632263
doc65,0.27838031268535646,0.48868960431799496,0.0375521483389837,0.039737554681236784,0.04698796431558507,0.0007365718300479159,0.0007366002738911013,0.10717924355690386
doc66,0.0007951527290408482,0.7738246870433432,0.0007951180811934269,0.0007951422005475448,0.13265710017843216,0.089542692361784,0.0007950888952020617,0.0007950185104567708
doc67,0.001152404163182499,0.8219649369974478,0.0011524954519511795,0.0011524259870400308,0.001152429158944312,0.1711204981230053,0.001152436135258432,0.0011523739831703053
doc68,0.10521190292820785,0.3731556303166941,0.17623115753684573,0.0006420715304216149,0.000641982051877474,0.11171965203397478,0.231755635793765,0.00064196780821357
doc69,0.0018943180840448432,0.0018946016838949648,0.0018942772115907724,0.20450944054970863,0.0018943881223827666,0.7841242936800226,0.0018944995485812945,0.001894181119774026
doc70,0.3548034645411291,0.36382642527057557,0.25327640430354653,0.0012384222749730106,0.0012378871556539975,0.0012379829818330611,0.0012378898630047753,0.023141523609284145
doc71,0.001520106253875265,0.5863855962913307,0.0015201026666210064,0.0015203647785911824,0.40449347891392506,0.0015200843469502052,0.0015203158461745687,0.001519950902531838
doc72,0.42528566362916814,0.15028640389476422,0.4164644172843539,0.0015928725179621707,0.0015927364789184103,0.0015928083844614048,0.0015926071192716457,0.0015924906911000698
doc73,0.6263938617501449,0.19699656082399472,0.0011935477141332884,0.0011936790186276118,0.0011934918760319576,0.17064183824352044,0.0011935881585211229,0.001193432415025915
doc74,0.27273478747373253,0.06114048782441408,0.6500671446057871,0.0007205649979505806,0.0007205944703321289,0.0007206944240647395,0.0007205973127373948,0.013175128890981555
doc75,0.37342733751836477,0.08392832547708601,0.0006546709507590088,0.13070140343899836,0.0006546854762044634,0.3587148479060172,0.0006546395655123989,0.051264089667057956
doc76,0.004203021419913685,0.0042024388556298545,0.4001893300763964,0.004202704621204541,0.004202501636501263,0.5745953768075169,0.004201956262349503,0.004202670320487836
doc77,0.0015205183343461126,0.08123139451960117,0.001520068280425168,0.8447925233657914,0.0015200916912123847,0.06637510349333853,0.001520078959147462,0.0015202213561378818
doc78,0.01766084885038,0.00120790390949197,0.001207841398680758,0.7670715579862859,0.0012078850466296746,0.20922813014560593,0.001207881148202237,0.0012079515147236546
doc79,0.16873625237775836,0.1233942089747414,0.0016729942212675456,0.3967256132840914,0.08502856126808037,0.22109726746234945,0.0016726054335667027,0.001672496978144761
doc80,0.1689420480383013,0.12939746932647325,0.0012857618329155398,0.1802302080494003,0.00128580038182753,0.0012855826690517033,0.5162875908858529,0.0012855388161775788
doc81,0.0019694310996032772,0.001968858509054576,0.001969049279381846,0.6667709812575408,0.0019689925961061507,0.3214151795100448,0.0019687621544459064,0.001968745593822665
doc82,0.010210923503876071,0.01020518007188977,0.010205434889965287,0.9285527322752651,0.010207993254272426,0.010206685351887046,0.010206459256214176,0.01020459139663017
doc83,0.001543705248414393,0.0015435785590430008,0.0015435070829514556,0.3661666758049241,0.0015436737588126466,0.6245718232855252,0.0015433642341603617,0.0015436720261687042
doc84,0.1721556007152862,0.0013372835944257839,0.44132010046344355,0.24550119316652846,0.0013372972890895536,0.1356742900883336,0.0013370719950361906,0.0013371626878565966
doc85,0.06426973917038775,0.6594549231660027,0.0009279669391765338,0.10679200417187372,0.16577187419427747,0.0009278226300609008,0.0009278007384385026,0.0009278689897824844
doc86,0.3168346861527432,0.0015676291728799977,0.001567699653586813,0.0015678758093934555,0.0015676485377308768,0.6737591735800297,0.0015676052442138424,0.0015676818494221186
doc87,0.1541399603137535,0.001393109550610756,0.001393096814123718,0.0013932247447778062,0.8375013748732539,0.0013930853732179041,0.001393033418795086,0.001393114911467151
doc88,0.001337365441665904,0.22932970354009746,0.7149994697109507,0.0013372734853694071,0.0013372401286908043,0.04898450890295825,0.0013372576922176668,0.0013371810980498978
doc89,0.36069743853235614,0.0056197271502835084,0.005619533492036393,0.6055836189610779,0.005620579207657554,0.005619412983670648,0.005619342054494549,0.0056203476184231846
doc90,0.18232852641691913,0.5372332612916623,0.15066178771867758,0.048089740947136125,0.000902863179744543,0.0009026588545817624,0.07897851304247015,0.0009026485488084446
doc91,0.0029589193015447314,0.002959297395516041,0.41122833248934954,0.251256928293923,0.0029591295324783774,0.3227191864260422,0.002959280823511875,0.00295892573763427
doc92,0.08340006802186542,0.0013196908355278677,0.21668197334343356,0.18213847722271073,0.5125009162974554,0.0013195797494364551,0.0013196352019651115,0.0013196593276054017
doc93,0.2562427693220159,0.3018106085956779,0.001475522886004331,0.32345670914358554,0.0014751812313551545,0.0014752432959179924,0.08481561363521734,0.029248351890225843
doc94,0.20437183444012635,0.24863380706235855,0.0007888059830745308,0.0007888879259060322,0.5430503061882603,0.0007887704927294543,0.0007888469483294324,0.0007887409592152966
doc95,0.3684290408692112,0.28630618382711154,0.10241970309312683,0.033657114474060716,0.0006106612217556593,0.04957795128235219,0.1583887750989321,0.0006105701334496859
doc96,0.0006032977539484513,0.49570247723067046,0.000603365969516045,0.19622980360102724,0.030605433826713636,0.2750490219625863,0.0006033470226734381,0.0006032526328643252
doc97,0.22977185987926882,0.0011937519272240346,0.2849844156747738,0.0011936123877522593,0.001193693831144062,0.4792757454976681,0.0011934946602384553,0.0011934261419304702
doc98,0.0006299337687640333,0.0006299074692050894,0.18852847585189628,0.0006298691143887121,0.15052006664787776,0.3195319239232074,0.338900013998462,0.0006298092261987132
doc99,0.09880298897908313,0.41892246563947444,0.2169809742311498,0.060020379718709035,0.0005109139075767422,0.08071751028121658,0.12353397654641103,0.0005107906963792966
doc100,0.0009923087915943009,0.933404066133419,0.06064197543240572,0.0009924327777647984,0.0009922583347925379,0.0009922690412499768,0.0009923838180610452,0.0009923056707124654
doc101,0.5699246511919484,0.0010122626425330167,0.0010124133075567721,0.0010123559293932893,0.001012279643361035,0.19486869607904955,0.20699676613360016,0.024160575072557804
doc102,0.5655689392840789,0.0026460211341008478,0.00264625963134814,0.3196869529552181,0.002646222230476004,0.10151349074477109,0.0026458892545747972,0.002646224765432072
doc103,0.3093283678225523,0.24532901871444157,0.06172902622575527,0.0005135017300106939,0.0005135417133882974,0.09433959287881792,0.28773352360061755,0.0005134273144164237
doc104,0.2814165926247988,0.5520340181472654,0.09570852090536408,0.0011392905610950897,0.06628399297321327,0.0011392592675531603,0.0011391968989573028,0.0011391286217529674
doc105,0.04496381103982542,0.0012081732287422373,0.3755414777824325,0.2871864883385531,0.21761938573576972,0.07106472471747904,0.0012080056779515233,0.0012079334792464234
doc106,0.22665108244220106,0.0011937607273007239,0.29390660011122616,0.0011935466437838875,0.04983303943051831,0.001193771412345834,0.4248345895380964,0.0011936096945276131
doc107,0.0030495450418070572,0.0030496141819273347,0.8220908297884583,0.00304928120224729,0.0030496059209594553,0.15961188840986454,0.003049461219237189,0.0030497742354990143
doc108,0.13336257650368985,0.0007366165453529464,0.1107831112710086,0.40787121645410035,0.29363127490362856,0.05214211936845718,0.0007365695978494209,0.0007365153559130878
doc109,0.3204778167583483,0.0045877859294042225,0.004587782937526862,0.5920669794384078,0.004587562975234935,0.004589076690730135,0.004587772850523761,0.06451522241982398
doc110,0.0017926940529118152,0.2603785239602479,0.11002722390716582,0.0017926582699709615,0.279309192158174,0.34311422690421595,0.0017925949181346018,0.0017928858291789225
doc111,0.0017609225482597389,0.0017609299666736108,0.7070573008633942,0.128437667717466,0.0707171139430139,0.08674390383912892,0.0017612149198361188,0.0017609462022275136
doc112,0.09558044372943385,0.0009109961182847807,0.0009109733659180617,0.0009111291964693549,0.0556870434592926,0.0009109987096113352,0.0009109760551702064,0.8441774393658198
doc113,0.09558044372943385,0.0009109961182847807,0.0009109733659180617,0.0009111291964693549,0.0556870434592926,0.0009109987096113352,0.0009109760551702064,0.8441774393658198
doc114,0.14957503499242022,0.8279139284999228,0.0012534066307574687,0.001253305261324099,0.0012532722035487147,0.0012533222618516544,0.001253354026537978,0.016244376123636953
doc115,0.0006678052636849342,0.5996873421309805,0.000667716593194001,0.11681571375545455,0.26304563491987204,0.0006676593708377753,0.017780360858822997,0.0006677671071532327
doc116,0.0015434994401989951,0.9012396728226543,0.001543595826094489,0.001543792273694468,0.08949868837543042,0.0015435570820176877,0.0015437028574095083,0.0015434913225002257
doc117,0.0007766295926034831,0.46900520933148315,0.05560955754302615,0.26355792808845585,0.20872097863467234,0.0007765459874707913,0.0007765856591490937,0.0007765651631391506
doc118,0.3888290873399356,0.14428708234957088,0.29094793804877706,0.16821190260786975,0.0019309626825486407,0.0019310528212729042,0.0019311893350618457,0.0019307848149632439
doc119,0.0008491063959557305,0.7361073813778857,0.07040804500210218,0.18923905840108987,0.0008490711247233501,0.0008491596551839951,0.0008491091640615503,0.0008490688789977739
doc120,0.23674685978879742,0.13895807019657588,0.001859287647232616,0.10545263251553792,0.0018593172033698586,0.5114051257311438,0.0018591359175408294,0.0018595709998015823
doc121,0.0025781899521988686,0.6412807955846995,0.002578050915200486,0.0025782758950661094,0.3432508062175886,0.002578081142538795,0.0025778975236879827,0.0025779027690195433
doc122,0.0013373253641619043,0.3834383837147684,0.10240501069200361,0.0013371475364333423,0.0013370482201937276,0.0013371585226657566,0.5074707793622499,0.0013371465875231569
doc123,0.001968919691726336,0.001968747838607688,0.001969193674372372,0.3753683933613181,0.001968662543057333,0.6128184570939497,0.0019686988438697263,0.001968926953098695
doc124,0.00030422866037224997,0.44660737259234334,0.31916054578261105,0.07172727940840495,0.00030423315958323676,0.1612879531926783,0.00030420294086499133,0.00030418426314186945
doc125,0.0022325385146828958,0.002232959546077868,0.5283281310421705,0.0022328417289855756,0.08555668565030095,0.18875736331552975,0.18842686047709778,0.002232619725154734
doc126,0.5922450172263553,0.0011391705263804446,0.0011392202733943502,0.0011392295832339317,0.21891916049412416,0.0011392010238219514,0.18313975508283645,0.0011392457898535544
doc127,0.489471948542347,0.43511807252732815,0.07172711196720469,0.000736629831041782,0.0007365291399800768,0.0007365636275194335,0.0007365751936643979,0.0007365691709145252
doc128,0.24916832154026036,0.38028458174492963,0.0005890507371213497,0.0005891262657942449,0.22562403135866735,0.1063754635669819,0.0005891259600897614,0.03678029882615539
doc129,0.36285069574214657,0.0031456699194838873,0.0031453861506875406,0.6182763534762626,0.0031458394006156068,0.00314552702651414,0.0031454942198003498,0.003145034064489257
doc130,0.08769562986292669,0.0016727896693320733,0.0016724827624650393,0.7571715331365324,0.14677010983463443,0.001672453957427773,0.0016725923008987557,0.0016724084757829183
doc131,0.00147581430680701,0.001475249511871825,0.001475277856141797,0.9896721013228291,0.0014753611802576655,0.0014754873321272174,0.0014754382099583646,0.00147527028000702
doc132,0.07474552139769482,0.46632478300659586,0.0011014550300949247,0.15369523301488083,0.001101796349594236,0.3008281070038997,0.0011015309601279705,0.0011015732371116621
doc133,0.001207917669227873,0.8385985793690145,0.0012079765244844406,0.0012080166485930269,0.1541537080205979,0.001207902930992208,0.001208097101246568,0.0012078017358434874
doc134,0.15852934095288845,0.15326192107581532,0.05863217521409929,0.536156967629235,0.09015070719100039,0.0010895941723606257,0.001089685574022171,0.0010896081905788148
doc135,0.13336257650368985,0.0007366165453529464,0.1107831112710086,0.40787121645410035,0.29363127490362856,0.05214211936845718,0.0007365695978494209,0.0007365153559130878
doc136,0.25681174156413533,0.0013196752265148836,0.2651799282334581,0.393602880515999,0.0013195539343964372,0.07912725028899323,0.0013195347500579715,0.0013194354864449823
doc137,0.0005890489634328035,0.13651782549436153,0.02840176722547789,0.7608982769372773,0.000589003038594396,0.07182598884329307,0.0005890465883856972,0.0005890429091772564
doc138,0.1592941303981863,0.002137134989361298,0.0021370701662918965,0.5927369050410185,0.0021369672138359893,0.23728324704813214,0.0021370161669956676,0.002137528976178211
doc139,0.0037323008870828317,0.3387737651992912,0.00373293497590718,0.5622803636818295,0.003732591961341486,0.08028319964766502,0.0037323940572875475,0.0037324495895953613
doc140,0.0026462425220193687,0.24903186772589717,0.25181012860824625,0.2559399394310711,0.1729841092600624,0.06229575138954564,0.002645931755036231,0.00264602930812191
doc141,0.5269472841828023,0.0023370931484827614,0.0023369182521544955,0.002337099380264261,0.3252492860215878,0.13611851584328802,0.0023369175177439783,0.0023368856536762346
doc142,0.3358189407059442,0.0014973337231814488,0.0014975102062123643,0.0014975101452893837,0.0014977113867951704,0.33694524947992527,0.31974840966429696,0.0014973346883551731
doc143,0.5269472841828023,0.0023370931484827614,0.0023369182521544955,0.002337099380264261,0.3252492860215878,0.13611851584328802,0.0023369175177439783,0.0023368856536762346
doc144,0.0009636732378064962,0.38172437651037316,0.0009636612056445853,0.16819123231454106,0.3169217710361712,0.0009636994228009159,0.12930775304484265,0.000963833227819935
doc145,0.001618442311603209,0.0016187126792521044,0.6419788365835222,0.08451902081728288,0.0016184807145545892,0.26540899784819255,0.0016190447143171608,0.0016184643312752412
doc146,0.002337065794670759,0.20445487293287876,0.18068848534944018,0.2598367893874104,0.2319151604380909,0.058473458223228705,0.0023372525486876645,0.059956915325592684
doc147,0.2895153906211561,0.4898602162439944,0.0014329487981787708,0.12029790056777948,0.0014329801556311407,0.09459474607570995,0.0014328734668186086,0.0014329440707315723
doc148,0.6180954415026748,0.003598465310478394,0.36031499366472286,0.003598329010505688,0.003598532390179017,0.0035984326347555137,0.0035980364698588946,0.0035977690168248846
doc149,0.0014537579328465743,0.7947137438060039,0.001453876722812739,0.0014539069676190667,0.14128645652159963,0.05673087476713564,0.0014537513945699163,0.0014536318874124885
doc150,0.0017925064658876485,0.3527101346554004,0.0017924789111108286,0.5894844823722076,0.001792478149994586,0.0017925840157330154,0.04884277963087492,0.0017925557987910484
doc151,0.4980143488721078,0.1287368707141104,0.001859254981305824,0.22872308445030518,0.0018595012674153786,0.0018590484722697115,0.13708896407160004,0.0018589271708857357
doc152,0.12422534281428074,0.0642958853764227,0.0008014525081053725,0.000801493994093235,0.8074713076724245,0.0008014382831427535,0.0008015342438106991,0.0008015451077199225
doc153,0.0013553092481736547,0.9905121779201391,0.0013555719910749143,0.0013553799328013046,0.0013553453862913047,0.0013555308856427837,0.0013552916784792205,0.0013553929573977286
doc154,0.0022839635997269937,0.0022837030965178534,0.22649764967456928,0.0022834437218054453,0.002283611406110867,0.3092593868585943,0.4528246906044382,0.002283551038237112
doc155,0.0005412247404009436,0.9182299317229923,0.0005412425160147949,0.0005412676996664849,0.0005411818730187412,0.0005412386156960627,0.0005412596652158905,0.07852265316699489
doc156,0.038935812670358304,0.6354532263217969,0.00036137654553919553,0.0003613772430922743,0.3238042289828243,0.0003613277455732104,0.00036133725130329993,0.00036131323951253544
doc157,0.0015438056679303455,0.00154352693867923,0.48691856416249824,0.0015435370799419957,0.13135877118624606,0.0015436001140702446,0.3740046342593162,0.0015435605913177778
doc158,0.6904554352478917,0.08378638545205831,0.0014538347346869528,0.0014540300691052513,0.0014539665310480884,0.001453811691367058,0.21848834851386056,0.00145418775998207
doc159,0.0024519979013937427,0.2095399814412708,0.40712372737939556,0.10168110374051965,0.0024514850664899774,0.002451561090179967,0.14670656016505498,0.12759358321569522
doc160,0.004033854890616692,0.8009362996876775,0.00403308337288256,0.1748644952748604,0.004033719569631528,0.004032955303203611,0.004032971463072559,0.004032620438055236
doc161,0.18826605650204606,0.0009027323615349859,0.32077456155418754,0.038400281541751576,0.0009028106574512078,0.3697447276021727,0.08010611478685753,0.0009027149939983685
doc162,0.0009730052622130224,0.7246157450306028,0.0009730723678078719,0.00097307949930444,0.0009728784276441097,0.0009730981702609998,0.26954617691369587,0.000972944328470874
doc163,0.5387757147848056,0.33262865820074544,0.0007706491256193817,0.0007706623315467943,0.060660229383189615,0.0007705642870370346,0.06485303729630221,0.0007704845907540528
doc164,0.0012856686234993774,0.001285688049765108,0.12906811229961465,0.7365858227009444,0.0012856548027544836,0.0012856869113930748,0.1279175710978911,0.0012857955141378416
doc165,0.6556026310394901,0.15613432347610723,0.0010779052479879246,0.001077937966844624,0.001077798762727963,0.0010777998823962138,0.18287386162264563,0.001077742001800226
doc166,0.0006589368842915518,0.5399895618214724,0.0006589151474415452,0.3116866195078787,0.0006589226216687851,0.05870276600758772,0.08698544181497475,0.0006588361946846347
doc167,0.48539999096042424,0.38402905997241593,0.0009366186544661155,0.0009366388090004894,0.125887978884313,0.0009365622786370281,0.0009366438353993842,0.0009365066053438735
doc168,0.036635384081029766,0.0007588884279230139,0.0007589416584913691,0.5556064748546521,0.04355149327935333,0.3611708361298991,0.0007590090700037115,0.0007589724986477059
doc169,0.000973039158449016,0.0009731530113847656,0.0009729709972604369,0.0009730546039278851,0.0009729985703183975,0.000972975819458,0.0009729693838143455,0.9931888384553871
doc170,0.000973039158449016,0.0009731530113847656,0.0009729709972604369,0.0009730546039278851,0.0009729985703183975,0.000972975819458,0.0009729693838143455,0.9931888384553871
doc171,0.00131955050342056,0.0013195035335247793,0.0013198925042585943,0.001319660461021048,0.001319493890253222,0.0013194344870879084,0.9907631624654413,0.0013193021549925282
doc172,0.005956253450097443,0.0059536765246930344,0.005953724447299049,0.6624748855738423,0.0059535480144875304,0.301801677611284,0.005952664331318469,0.005953570046978362
doc173,0.00200848130989624,0.0020089295325936354,0.8858264290801228,0.10212289184222509,0.0020082429723918406,0.002008529741936738,0.0020083297520303734,0.0020081657688033106
doc174,0.44141831720026503,0.5503384106608796,0.0013739951559167693,0.0013738446810133184,0.0013737516889246871,0.0013737630924805305,0.00137394285442133,0.0013739746660987836
doc175,0.5617125897255966,0.36446943137651633,0.0019692723217828324,0.0019693376824231994,0.001969030358004638,0.0019689690176334373,0.0019689973648792003,0.06397237215316375
doc176,0.4892983307502276,0.0013738961938237729,0.06067379104925428,0.001373814097154718,0.001373802265669844,0.44315854417064127,0.0013740146385626106,0.0013738068346657868
doc177,0.0008491063959557305,0.7361073813778857,0.07040804500210218,0.18923905840108987,0.0008490711247233501,0.0008491596551839951,0.0008491091640615503,0.0008490688789977739
doc178,0.5239146177703247,0.15911240977701846,0.3083202704388016,0.0017306336198954961,0.0017303676848445047,0.0017305245277380815,0.0017306097030371744,0.0017305664783399497
doc179,0.05671150681841898,0.002049602492021233,0.002049794013168708,0.3809886488232786,0.41415135540509324,0.002049429554123304,0.05812428238155313,0.08387538051234275
doc180,0.00034633801885811387,0.00034636517628049726,0.0003463403376963458,0.16047373761614003,0.08765656195722706,0.3954010033145989,0.3320474824960494,0.0233821710831498
doc181,0.38664076340433146,0.0007765816983821274,0.0007765410223194264,0.06172619333025652,0.12135368425786558,0.42717325246324594,0.0007765030932908564,0.0007764807303081535
doc182,0.5301783871174925,0.0010663722866658583,0.001066207086338918,0.0010662865745088522,0.4634235820130871,0.0010662353492335728,0.0010663392378276665,0.00106659033484539
doc183,0.11072354297866874,0.044760918767996795,0.2250768098200612,0.455676060477755,0.00081444670775101,0.16131927665245127,0.0008144953448319874,0.0008144492504840169
doc184,0.0009193021053876138,0.3359216486161663,0.44233991511541465,0.10743471608998838,0.0513242967902583,0.0602214785043753,0.0009193774589593515,0.0009192653194500126
doc185,0.07894760259745029,0.002646508098658015,0.610286972869999,0.0026458301789412542,0.002645768164522967,0.2975353424338319,0.0026463353276119494,0.002645640328984452
doc186,0.6593306008968396,0.05294735772537599,0.00034395707669541205,0.07886189910838944,0.18688160393202244,0.00034395754535523253,0.00034397843723511963,0.020946645278086887
doc187,0.8329240372760772,0.001208260757080279,0.001208071505929582,0.0012079207491405351,0.15982801840972335,0.0012078889112489782,0.0012079263272963517,0.001207876063503703
doc188,0.0015927811560345507,0.001592749662400359,0.001593058546346062,0.805434921742059,0.0015928086764004372,0.0015927579002333137,0.18500806880959164,0.0015928535069347576
doc189,0.0006589368842915518,0.5399895618214724,0.0006589151474415452,0.3116866195078787,0.0006589226216687851,0.05870276600758772,0.08698544181497475,0.0006588361946846347
doc190,0.15720943859457367,0.0013554961425789884,0.0013553341859798124,0.62867973840774,0.20733371407876647,0.0013553781146297518,0.0013554508161408153,0.0013554496595903258
doc191,0.0013553657716530315,0.20789366684297766,0.001355302606101016,0.4411364593307635,0.344193469691624,0.0013553019728347517,0.0013552480645714188,0.0013551857194747214
doc192,0.19971986198027458,0.0009826808702866991,0.08439251083265992,0.2511909064810537,0.39001245406302854,0.07173655065342198,0.0009825748878708146,0.000982460231403689
doc193,0.0006420349998866753,0.08686124799415855,0.09390875487906952,0.41659450254076896,0.0006420553946756798,0.32437201815775435,0.07633742066812141,0.0006419653655648128
doc194,0.004386837787260616,0.6923008696668335,0.1538986905942405,0.13186616809128685,0.0043867193846537705,0.004387124885452385,0.004386825800964967,0.004386763789307586
doc195,0.0030495287338441206,0.09938955752303717,0.0030494852084457604,0.0030505561510975245,0.003049376949836943,0.8823122696122319,0.0030497004685383342,0.0030495253529682948
doc196,0.002451552693285798,0.0024520370734517735,0.002451478684359367,0.558328258890392,0.002451528966788748,0.4269617483198136,0.0024517090120072297,0.0024516863599015042
doc197,0.0015436688492605805,0.0015436905309655496,0.0015436820369936369,0.8456011626290935,0.0015434901155453166,0.08153871781528751,0.0015437487520890832,0.06514183927076482
doc198,0.4201146926628265,0.0018592775525151505,0.0018590634929554388,0.0018590293197797744,0.0018591142714826866,0.27024339236381967,0.30034639162164006,0.0018590387149805896
doc199,0.2937882049261498,0.5092593346955424,0.002451366371886027,0.18469459499626067,0.0024515588448590477,0.002451686309020026,0.0024517729007888195,0.0024514809554930994
doc200,0.26500069631956463,0.7292175886284964,0.0009637335087705895,0.0009635842649974505,0.0009636934174389688,0.0009635598102760578,0.000963602398706879,0.0009635416517489756
doc201,0.5245300879929097,0.0018943359162046066,0.0018942158261724908,0.0018942009532892632,0.0018947497878709799,0.0018941925547510624,0.4641039756528946,0.001894241315907207
doc202,0.3495361527410277,0.5578488096934869,0.0019311637643131894,0.001930848749549686,0.001930797790684983,0.08296076108042608,0.0019308297223348439,0.001930636458176707
doc203,0.040681210984100484,0.0011937542256955105,0.3912901355525689,0.28088389749671694,0.21562868494515025,0.06793520906479705,0.0011935878960803897,0.0011935198348904342
doc204,0.0007951322967126803,0.8833763076546114,0.000795127478100549,0.04402678018630612,0.0007951123093612383,0.0007951368022851558,0.06862120380844391,0.0007951994641789371
doc205,0.3292477669914751,0.31414998837579844,0.001701085936157593,0.0017012580795328297,0.34809681577190593,0.001701037672107472,0.0017010525433625182,0.001700994629660144
doc206,0.12422534281428074,0.0642958853764227,0.0008014525081053725,0.000801493994093235,0.8074713076724245,0.0008014382831427535,0.0008015342438106991,0.0008015451077199225
doc207,0.00167264890356978,0.09077656551589303,0.34014541154295547,0.1414846763667551,0.42090301199331887,0.001672615726751457,0.0016725598721631634,0.001672510078593177
doc208,0.8676727199060625,0.0023929820699683277,0.002392902015115556,0.0023927151036474757,0.0023925963270039455,0.11796990871806587,0.002393001117306153,0.0023931747428301213
doc209,0.6665143930656743,0.0005755083103655556,0.0005755460428946129,0.0005755710716993057,0.2293298784853153,0.0005755523459599663,0.1012779919188586,0.0005755587592324201
doc210,0.0007706729975637328,0.0007706606007889666,0.0007706675960329758,0.0007706643508623215,0.13397867423452584,0.28936429728165,0.5490394357348146,0.024534927203761506
doc211,0.1876759824729811,0.0338568861937912,0.6121228070229602,0.000490729859871895,0.0004907570329795926,0.13858847230708207,0.0004907689378041676,0.02628359617252974
doc212,0.0009195007849731811,0.6909617665433414,0.08576415868561688,0.04688701935516115,0.1727093420807307,0.0009196128995883156,0.0009193287557818343,0.0009192708948065542
doc213,0.23490333132815272,0.2616618498863707,0.13069059644789907,0.00032711870632732366,0.0003271172297068205,0.3296397682795928,0.042123140597996295,0.0003270775239543156
doc214,0.002451533981722484,0.9828388849061951,0.0024514127911437348,0.002451570027913856,0.0024514747970747334,0.00245189979934479,0.002451396698754221,0.00245182699785096
doc215,0.4070580421642344,0.3073794017840213,0.00103342429639359,0.2803959274711625,0.00103330360489483,0.001033243670176325,0.0010333291050643298,0.001033327904052773
doc216,0.0012379683134762128,0.00123791999588792,0.5240534418976931,0.0012380579219389441,0.0012378838158393077,0.14453608661985454,0.32522064844915977,0.001237992986150231
doc217,0.6281916809276873,0.11673283910172906,0.17152543956006125,0.08122109427849208,0.0005822094812828993,0.000582166247547847,0.0005822387076837366,0.0005823316955158344
doc218,0.09307610262977553,0.7953406731888584,0.10770041509960826,0.0007765762494471303,0.000776543737364203,0.0007765778386508479,0.0007765816746568264,0.0007765295816388199
doc219,0.8167100665776462,0.0018941678730804105,0.0018942833304752616,0.0018942286654760599,0.17192457266964642,0.0018941979347337626,0.001894334994127711,0.001894147954814077
doc220,0.0810630864209165,0.6009776170733794,0.0012379718497850833,0.18030845081822977,0.13269919890892698,0.0012379318239994746,0.001237918121778652,0.0012378249829841678
doc221,0.21726431226224083,0.23598841007061833,0.0347722126181808,0.5106878141412534,0.00032180738759915033,0.0003218076958792458,0.00032184232821,0.0003217934960183622
doc222,0.0011263591918914014,0.04680611653580382,0.0011264063010006631,0.7479867908784755,0.0011264250939188908,0.19957523091298612,0.0011263618997221956,0.001126309186201432
doc223,0.7693699385807132,0.0006767598877382271,0.18934203042041364,0.0006767899833108584,0.0006767223731745465,0.0006769191850913841,0.03790417456106923,0.0006766650084888813
doc224,0.0012856686234993774,0.001285688049765108,0.12906811229961465,0.7365858227009444,0.0012856548027544836,0.0012856869113930748,0.1279175710978911,0.0012857955141378416
doc225,0.3204778167583483,0.0045877859294042225,0.004587782937526862,0.5920669794384078,0.004587562975234935,0.004589076690730135,0.004587772850523761,0.06451522241982398
doc226,0.000973039158449016,0.0009731530113847656,0.0009729709972604369,0.0009730546039278851,0.0009729985703183975,0.000972975819458,0.0009729693838143455,0.9931888384553871
doc227,0.000973039158449016,0.0009731530113847656,0.0009729709972604369,0.0009730546039278851,0.0009729985703183975,0.000972975819458,0.0009729693838143455,0.9931888384553871
doc228,0.32307365089489987,0.19687524801109607,0.0009454597273197315,0.15230496160674975,0.26290475169197597,0.06200507482696992,0.0009453853604258426,0.0009454678805628531
doc229,0.0014537829753113465,0.5188501718919112,0.4724265324877776,0.0014537236876738715,0.001453898439362266,0.0014538955136072355,0.0014541476599794136,0.001453847344377056
