,topics0,topics1,topics2,topics3,topics4,topics5,topics6,topics7,topics8,topics9
doc0,0.1711085494787539,0.0008404730188048101,0.822167400427411,0.0008404452657501636,0.0008405736543749105,0.0008405154289526681,0.0008404941158417444,0.0008404311393318635,0.0008405077867814609,0.0008406096839976068
doc1,0.0013336444598759506,0.0013336029703001258,0.0013337427233590991,0.0013336646055488676,0.0013338013397291189,0.3341389629343169,0.6374174507885776,0.019107890049341505,0.001333657313243408,0.0013335828157073934
doc2,0.0009261088842904468,0.0009260275907769895,0.0009260666957962398,0.0009262166408354745,0.0009261607023972731,0.0009261783440216885,0.9916647865637319,0.0009260172247371731,0.0009261332329821357,0.0009263041204306042
doc3,0.11403332289275092,0.0006758444244430202,0.2573591049264978,0.0006758158610561523,0.0006758099136499891,0.0006758995354856055,0.5197232038695384,0.0006757356095688159,0.0006758388536677154,0.10482942411334138
doc4,0.0018873322018939612,0.0018870329602998792,0.04299827890794696,0.17668572249122835,0.0018871843101773685,0.001887202644009544,0.6543893791197293,0.0018872197514411971,0.0018870716243111609,0.11460357598896234
doc5,0.12384983564314064,0.00033232311043457016,0.09887647741303812,0.0003323325804715993,0.00033229400454914113,0.6339363507597991,0.009770702987666894,0.0003322612319009189,0.00033231294351179747,0.13190510932548713
doc6,0.1181779865429167,0.0005320535140653501,0.0005320230704932216,0.0005320732191583345,0.0005320902621777337,0.1452655679557412,0.0005320948336207079,0.000531977447505594,0.5300924685831169,0.2032716645712042
doc7,0.0012052177960980022,0.22760135411373394,0.0012051838725096675,0.35914010356421616,0.0012050455301895145,0.404822506657302,0.001205128337189272,0.0012049986785936176,0.0012052502536597186,0.0012052111965080014
doc8,0.2485568327183805,0.6603082285887555,0.001000264242611062,0.001000173678796502,0.0010002459953173451,0.0010002996256714017,0.001000256434865638,0.08413318541045332,0.001000217283487614,0.0010002960216610945
doc9,0.0012661469281363376,0.001266105050013606,0.0012659784057694869,0.0012661285853985938,0.0012660814893524473,0.11808949573354421,0.0012663467983987154,0.0012667252111053225,0.46772272916044305,0.4053242626378383
doc10,0.004546249504857007,0.8971980883049328,0.06643063243420416,0.0045464702433264965,0.004546422668566587,0.004547209862905967,0.004546763361430716,0.004545720557019285,0.004546389454824823,0.004546053607932353
doc11,0.0009347223897223129,0.0009347255229420333,0.0009347100666922652,0.0009350239834041866,0.0009348289587453721,0.0009347148836559237,0.000934714408850481,0.991587199801932,0.0009346979301556445,0.0009346620538997968
doc12,0.0010003128518825699,0.0010003104593931333,0.00100035938030548,0.42885458423076356,0.30650156016923524,0.25764159982640283,0.0010002699918434965,0.0010002957660221942,0.0010004080365480928,0.0010002992876032453
doc13,0.0009347223897223129,0.0009347255229420333,0.0009347100666922652,0.0009350239834041866,0.0009348289587453721,0.0009347148836559237,0.000934714408850481,0.991587199801932,0.0009346979301556445,0.0009346620538997968
doc14,0.0012348914735752952,0.001234819349335611,0.0012351358900654988,0.0012350118576511223,0.0012349976449917215,0.3320332838033091,0.6291906605584616,0.030131530943115114,0.0012349219671119848,0.0012347465123828177
doc15,0.0012662208053269592,0.13755889191057122,0.001266207448573858,0.0012662718243125373,0.0012662425807622993,0.199948072246723,0.5691849356149904,0.001266168314100692,0.001266209487472799,0.08571077976716615
doc16,0.35781395924498993,0.2016804936777231,0.0008266227226661861,0.09314049956417902,0.0008266450290869545,0.04790450770562169,0.0008265656043298738,0.0008266189384665425,0.2953273622491365,0.0008267252638000065
doc17,0.148952586500118,0.11266267415711,0.0008931231588911672,0.0008930858290117332,0.0008930166267297605,0.19388395213321322,0.4060994447316727,0.0008930310816842531,0.0008931288356844163,0.13393595694588487
doc18,0.00454625119095474,0.3634121965145868,0.004546401790803606,0.30851476437706826,0.0045461565821305555,0.004546292966177339,0.29624786317177676,0.0045468927494210325,0.0045467348608959225,0.004546445796184958
doc19,0.9927400755636944,0.0008066778242935756,0.0008066600517682941,0.0008066333629686629,0.0008066379843960005,0.0008067804196261476,0.0008065979697833194,0.0008065797206646392,0.0008066825107226661,0.0008066745920822183
doc20,0.13331343796023457,0.0010529310314869938,0.13759735845724105,0.0010529126572199662,0.001052986492140383,0.0010529088090527124,0.4674068335031996,0.0010528501037604032,0.07285628077637975,0.1835615002092846
doc21,0.3343535072962949,0.0006062703775227825,0.03366607016962659,0.0006062343841857505,0.0006062584896148901,0.0006062523077220367,0.35768568066164047,0.024470775989104743,0.09423715720346089,0.1531617931208268
doc22,0.0014086727280166924,0.00140869485311486,0.4901174228285337,0.0014090172282540205,0.1875812346218006,0.0014088762419111498,0.18540342178176678,0.0014085662864901695,0.001408849615956234,0.12844524381415565
doc23,0.0005209039997101064,0.000520906152362465,0.0005208926024754254,0.9953119384943008,0.0005208967208050517,0.0005208982284499615,0.0005208944950097028,0.0005208546337004005,0.0005208969129170441,0.0005209177602693489
doc24,0.001266180514067973,0.051787619202042716,0.0012662386768396818,0.0012661750355829162,0.07082214732200989,0.23866952595139684,0.6311235378607957,0.0012661409921126245,0.0012662133397761445,0.0012662211053753032
doc25,0.6647655575786899,0.0006537548407221031,0.0006537814768513894,0.0006537446502714648,0.00065377202097539,0.22486355352305654,0.0006536835432621112,0.0006537135261447748,0.0006537355664866137,0.10579470327353964
doc26,0.0008698090631565142,0.6836470066567216,0.13133651425448867,0.0008697944726999303,0.0008698495329227451,0.0008698476247904465,0.0008697289264233164,0.0008697370027319575,0.03888627104692488,0.14091144141913992
doc27,0.0007938455675521804,0.04161483459656468,0.09182554354508177,0.34306697527137964,0.0007938796318413226,0.395775576891554,0.0007938384405478299,0.000793929267570707,0.0007938696847307214,0.12374770710317708
doc28,0.0018521779728918554,0.7513411226503756,0.0018522523852183702,0.0018520860788261472,0.0018522609386485633,0.0018521119102026973,0.0018523070016603356,0.001851946334826128,0.10657733671781158,0.1291163980095388
doc29,0.0010104038776991278,0.0010103416818597604,0.11268509667068449,0.07266848253694018,0.0010102707391320986,0.5447402130345529,0.00101040784799925,0.016919167128479913,0.0010103156358740855,0.24793530084677812
doc30,0.07701370100230719,0.09061938972136936,0.0012198420370580147,0.001219773743445411,0.001219936550591663,0.7671562074270168,0.0012197769246488864,0.001219639467355444,0.0012198736924297845,0.05789185943377753
doc31,0.21833455864013485,0.0008623457276377911,0.0008622653115059123,0.09234472045074524,0.0008622679092415036,0.33523446603753654,0.0008622287332908963,0.0008622514717825603,0.0008623064218455727,0.34891258929627905
doc32,0.001316326667563405,0.0013160801365488296,0.0013162173689630254,0.0013161158164264805,0.0013161997495581808,0.1727205145863653,0.0013160166022080368,0.0013160847006826015,0.33491516911104724,0.48315127526063695
doc33,0.29843002702985383,0.14310566760588575,0.0024397675332786866,0.0024397003629335317,0.506189546842314,0.0024395807963634763,0.002439803929822243,0.03763651958186959,0.0024398820106809943,0.0024395043069979656
doc34,0.00044654129708995974,0.00044654840431224504,0.00044655847946355935,0.6776701977407408,0.0004465717831645492,0.10211759608654127,0.2170864369243112,0.0004464720087248944,0.000446540899619584,0.0004465363760320993
doc35,0.0017862971173814254,0.1774243648933268,0.2551679077811756,0.0017862437382104464,0.231856679230935,0.32483402965181113,0.0017860387338738204,0.0017860748703446019,0.001786157935611298,0.0017862060473296914
doc36,0.0010874812685767955,0.5853552109628527,0.001087197964515474,0.001087093907842963,0.11133891855408,0.00108731156162131,0.001087190918150366,0.0010871272303238186,0.001087370809420597,0.29569509682261597
doc37,0.0008335449836136522,0.16794035702738078,0.0008334380593455383,0.0008334110096443584,0.0008334532674762514,0.0008335434355445862,0.0008334841506358819,0.0008333826163237396,0.0008335702909893864,0.8253918151590458
doc38,0.0005182986301939391,0.0005183512439662602,0.000518304916526596,0.06632030497022962,0.0005182837650291143,0.21056867069560906,0.0005182733630213588,0.0005181969794924761,0.0005183129721349675,0.7194830024637966
doc39,0.0952275517696408,0.1926259133383612,0.001031177673942096,0.0010312053254660795,0.17398931009334367,0.3137220890542598,0.00103112393838006,0.0010311533220977395,0.16585627783528298,0.05445419764922555
doc40,0.0004652860147472565,0.12034308180503958,0.0004651922045235436,0.0004652349806906726,0.0004652747128136914,0.00046523038931351,0.26087165715780936,0.00046516224071134677,0.08491885488851111,0.53107502560584
doc41,0.0017244289521963295,0.001724417226585055,0.0017242420561300574,0.9844805065853511,0.0017244824782964403,0.0017244184353860648,0.0017243978152427606,0.0017243103240018297,0.0017244396215748325,0.001724356505235435
doc42,0.0005495945091200507,0.0005495380806400005,0.0005495336251789972,0.0005495386159394896,0.0005495544539976024,0.9950540156756126,0.0005495447888839474,0.0005495847085142953,0.0005495620808487179,0.0005495334612643307
doc43,0.0006946387963119261,0.0006945829364286167,0.33356823155100845,0.07623021667712196,0.0006946589101231134,0.31447529476843744,0.055917035319431874,0.0006945275211905555,0.03777547226924591,0.17925534125070022
doc44,0.21067739742974137,0.0021278151135701324,0.6136432209790798,0.0021282428471943635,0.0021279866027009682,0.0021280878470063603,0.16078377333721727,0.002127785336042272,0.0021278652840547013,0.002127825223392951
doc45,0.0009261330330464993,0.26805143712771173,0.0009261315040977666,0.20128081881042306,0.0009261881783978456,0.0009262202930815746,0.40104550890547985,0.000926137951934474,0.0009261615931584859,0.1240652626026689
doc46,0.002041310350990728,0.002041202280596624,0.14537064415628878,0.22228220171805768,0.00204134592148875,0.6180583815957583,0.0020415080726881407,0.002040974365235375,0.0020411627755898007,0.0020412687633058423
doc47,0.18177090834866316,0.00046959487644737056,0.1909678078165317,0.11216776205596596,0.00046961071572241593,0.24174826685471454,0.10975294432148791,0.0004695376217064404,0.07420058782758979,0.08798297956117075
doc48,0.18069525537407555,0.1955534587935095,0.0013162449880052551,0.001316374967223318,0.0013163126094452044,0.001316136547377484,0.2478901425562744,0.0013160204144167503,0.36796381818211243,0.001316235567560068
doc49,0.0009711561716310418,0.0009710408570127708,0.9912608387514678,0.0009709974120253513,0.0009709797023417977,0.0009709646758751132,0.0009710593647645494,0.0009709517314753893,0.0009709983906088633,0.0009710129427972667
doc50,0.4931977547226876,0.0016133257316106168,0.2346994827072204,0.0016134612596717343,0.0016132574335114612,0.0016133399193121426,0.12643332438381388,0.0016135342830980886,0.13598938736092853,0.0016131321981454286
doc51,0.0015627656426766248,0.0015627534444681642,0.11881098313076392,0.18111920836673415,0.001562786489863137,0.0015628603964289878,0.6457782895952364,0.0015628548026770405,0.0015628212913724238,0.04491467683977929
doc52,0.0012824312952899593,0.4133531644732397,0.0012823235417078443,0.0012823280861965745,0.20139594277806908,0.1306131348661084,0.24694349107486596,0.001282280891679767,0.0012823986454107788,0.0012825043474320036
doc53,0.21857581949832594,0.0011114318008372535,0.001111498328179918,0.3652511242391314,0.0011114327822158594,0.23583484833988436,0.0011114218989583763,0.00111116705308053,0.17366994052255932,0.001111315536827146
doc54,0.0012503342953977764,0.0012503159091477156,0.15877182382893013,0.35231236347341627,0.07092067178422835,0.4104933370789755,0.0012503413032954327,0.0012501466241907463,0.001250262037717537,0.0012504036647004995
doc55,0.6567751598727766,0.0009177597488794542,0.000917734341870471,0.11861346155333563,0.0009176361710701491,0.16914429216678956,0.0009176245323263757,0.000917670754681603,0.0009176576280630211,0.04996100323020719
doc56,0.0033336878080593396,0.003334031516843765,0.003334689821688319,0.13534556570320933,0.003334243238933299,0.003334082627715762,0.3725417571355481,0.0033335701288468482,0.46877379080611076,0.0033345812130444663
doc57,0.10228838793637471,0.0006099333254493434,0.0006099436786257743,0.0006099036588546943,0.0006099167894001445,0.39031247475543135,0.0006099370156100445,0.000609828795623128,0.1843397067348054,0.31939996730982534
doc58,0.15639817101249154,0.0029421005932711145,0.15332758245897843,0.0029416201706856,0.22993487852405214,0.0029416876981539527,0.4426881713270315,0.0029420701557251808,0.0029419108579734053,0.002941807201637221
doc59,0.0304771057995017,0.0005850378607002806,0.7179678455986976,0.000584999823224888,0.0005849967679299299,0.20910443187784072,0.038940749435706384,0.000584941368126281,0.000584919348192314,0.000584972120080026
doc60,0.0024395278548696026,0.002439804876574319,0.002439674375471494,0.002439481667695072,0.002439544729934692,0.002439611144975434,0.0024393074641797167,0.0024400023843196275,0.0024393706162593944,0.9780436748857206
doc61,0.20932033572739986,0.44867244922545313,0.0005526050676207032,0.0005526484323571899,0.0005526164927993706,0.05443776249075301,0.0005526078575040456,0.2255281342331054,0.0005526037993403059,0.05927823667366698
doc62,0.0014495739447963755,0.8642638005126403,0.0014494622713227881,0.0014496079622712229,0.0014496668916542965,0.0014495157547451854,0.0014495855226635966,0.0014495909661614778,0.12413937852151018,0.001449817652234553
doc63,0.0031258398262645473,0.41754872318714437,0.003125614260737974,0.003125516251721869,0.23764960709458016,0.0031257009997987624,0.2202706820412521,0.10577695331326638,0.003125506232838993,0.0031258567923949155
doc64,0.0009260679551062677,0.0009260828714020017,0.0009261081559952793,0.0009260861982901174,0.0009260605322094039,0.0009260469706834301,0.0009261168546796477,0.9916651861805788,0.0009260272774062311,0.0009262170036489813
doc65,0.38394771407505723,0.0013892198307969604,0.0013893832349927977,0.6049383506170246,0.0013892778416075128,0.0013892167804185815,0.0013892334116370187,0.0013893658599234233,0.001389175292106571,0.0013890630564352435
doc66,0.0009260679551062677,0.0009260828714020017,0.0009261081559952793,0.0009260861982901174,0.0009260605322094039,0.0009260469706834301,0.0009261168546796477,0.9916651861805788,0.0009260272774062311,0.0009262170036489813
doc67,0.11407178891615966,0.002326461508750066,0.6120144812283341,0.002326347843364325,0.21276186362725305,0.002326552664694601,0.0023261129422738735,0.04719352311721276,0.0023264049378557733,0.0023264632141016947
doc68,0.0007301108515957988,0.0007300520438873607,0.0007301070634828732,0.0007301763846983777,0.0007301113649813724,0.14540770326811975,0.0007301722221280868,0.0007300749014675233,0.8487513722777765,0.0007301196218625231
doc69,0.09740251457317337,0.36832130147949127,0.44181316117862696,0.0010529330590196876,0.022526498619655496,0.06467198617690824,0.0010528585773812054,0.0010530310514240008,0.0010528016274246501,0.001052913656895205
doc70,0.21856637264762727,0.0006945701226718896,0.15719961620572295,0.0006945506215439312,0.0006945693413143685,0.20971830175858197,0.0006946509830060788,0.0006947736070090656,0.41034791123112935,0.0006946834813932035
doc71,0.000641204635849297,0.000641182073163276,0.000641127913615496,0.1683372305326582,0.0006411909651096798,0.0006412540710185375,0.0006411412657375229,0.0006411676264168182,0.0006412422948605223,0.8265332586215706
doc72,0.16076326083857248,0.0018523654540493475,0.487656711363902,0.0018523284866854648,0.0018522675428710679,0.0018525085856881277,0.0018523832934185358,0.07263817871039847,0.26782776961249255,0.001852226111922014
doc73,0.9927400755636944,0.0008066778242935756,0.0008066600517682941,0.0008066333629686629,0.0008066379843960005,0.0008067804196261476,0.0008065979697833194,0.0008065797206646392,0.0008066825107226661,0.0008066745920822183
doc74,0.004348502057804551,0.004348623938299842,0.004348188213403974,0.004348674432226449,0.4520437756609723,0.0043483014607740905,0.004348666432890078,0.004348132701088168,0.004348897473560688,0.5131682376289798
doc75,0.002326728601312836,0.48019712291539113,0.002326615809667068,0.14888948571571184,0.0023264318286249724,0.0023263868142054823,0.002326250000223063,0.05172080307851971,0.305233650379076,0.0023265248572678626
doc76,0.0006668074352942635,0.000666831777983363,0.2674583666642881,0.2681851871892409,0.0006668239549315947,0.40352058870110014,0.0006668215815844624,0.0006667236052406231,0.00066682092745751,0.056835028162878935
doc77,0.0018876589243031437,0.028864329105277583,0.0018871648216250555,0.08323329095990047,0.5555275620760628,0.0018872619467379219,0.29032240929461844,0.032615807152056205,0.0018873546915012974,0.0018871610279170277
doc78,0.413707370408282,0.000757791362270841,0.06291709164481088,0.0007578093314314116,0.10757340052283634,0.0007578352426310336,0.0007577388787902679,0.0007576860203093737,0.03811116879679103,0.3739021077918468
doc79,0.0013701703481625055,0.0013700638537548443,0.7857220767039648,0.0013700494679172919,0.0013700244274609324,0.0013700308768635145,0.20331746329869335,0.0013701059855995537,0.0013700567658875955,0.0013699582716958064
doc80,0.0018187177318602923,0.0018184509851481788,0.18931089306576204,0.4517235617241288,0.0018188400420293118,0.3462350268366912,0.0018186940701577828,0.0018184576222149466,0.001818621664107203,0.0018187362579000638
doc81,0.0017859416126853257,0.5790305480944786,0.0017858935875305951,0.0017859347472228887,0.1098075035715206,0.0017860679003864285,0.1885169679297916,0.1119291940322212,0.0017859672483495717,0.0017859812758131144
doc82,0.0014288900579550992,0.0014289001075437954,0.022097093942303556,0.7615367804994984,0.0014289830906628997,0.0014288723621933184,0.0014288051899670731,0.0014287024594626526,0.0014289246739281763,0.20636404761648502
doc83,0.3597668773593646,0.0015628219443642457,0.0015629782741794643,0.0015629121911331812,0.2369393603594551,0.00156306687139103,0.0015628911808919848,0.001562785610199476,0.3923534522876549,0.001562853921366048
doc84,0.00042558456509412716,0.0004255881168800018,0.00042557623120217984,0.9961697722416984,0.000425593383193366,0.00042558044898140896,0.00042557963195438247,0.00042554966538829324,0.00042558536091043036,0.00042559035469736246
doc85,0.06517729581378436,0.0008476339931910039,0.146991971832628,0.0008477660848618561,0.0008477556037653931,0.30685207936645137,0.0008477564039803504,0.0008476209569444809,0.10954719155324959,0.36719292839114354
doc86,0.0007814415584960421,0.0007813995491457484,0.0007815008424659555,0.3783968670915421,0.0007816039024122605,0.6153516288834225,0.0007814317361722414,0.0007812956964215332,0.0007814270778266237,0.0007814036620949319
doc87,0.0010872499941301107,0.0010871330301009128,0.0010871196483045696,0.001087241367337555,0.990215614789862,0.0010871948235760451,0.0010870896439795612,0.001087021501792652,0.0010871833215453147,0.0010871518793714615
doc88,0.0007875830350126268,0.0007876740164697044,0.0007875843571522381,0.07850160206835287,0.0007877010766492168,0.8344847295332484,0.000787599887204482,0.0007874814026157797,0.0007876776864239113,0.08150036693687071
doc89,0.001064028134139505,0.0010641473386095665,0.025628081988981238,0.0010642509749769335,0.0010641102111447135,0.18526311653159555,0.00106401045909627,0.0010641495014544686,0.7008413810904206,0.08188272376958118
doc90,0.0016953826407208725,0.0016952436106634312,0.13767702848569247,0.4008194737886757,0.001695445479670418,0.0016954855328789409,0.3116848651318456,0.0016952485727969487,0.13964655946930365,0.0016952672877519606
doc91,0.0012502956749715999,0.07910151330787399,0.0012502865088656618,0.2041680309371594,0.36968752908092223,0.286392495235557,0.0012503972400230005,0.0012501735218409802,0.0012503601922131335,0.054398918300572814
doc92,0.0016670393201579166,0.415172487535774,0.001667166206662046,0.3658866182195149,0.0016670925326159275,0.0016672545433491922,0.0016670378107253583,0.0016669962617241899,0.0016671930595534865,0.207271114509923
doc93,0.33826340979515274,0.002501018781018244,0.0025006517730432535,0.0025007933888440315,0.24267849905561129,0.0025007177387256353,0.11682448530754504,0.0025001282307757643,0.06143973706660925,0.22829055886267477
doc94,0.04754065469161911,0.6066567876677842,0.0010311388977179879,0.0010313289252173545,0.0010311048081759983,0.0010311476095614964,0.0010311368042661107,0.0010311629387820779,0.001031217380235427,0.3385843202766405
doc95,0.0015626595180150825,0.0015627145596623358,0.0015625853684514785,0.985935614194683,0.0015627990709214882,0.0015626492875646853,0.0015627123469503534,0.0015627530018772536,0.0015628328432133749,0.0015626798086609169
doc96,0.0014709267767918845,0.0014710317071030274,0.0014708984437329577,0.0014708827331770193,0.0014712433869822443,0.0014711837215938476,0.8055233561562292,0.023719843822962664,0.001471096790787234,0.16045953646063996
doc97,0.0020412217650260267,0.0020413582114137937,0.002041146804701948,0.06785933935780628,0.21547833311555628,0.0020411124340399384,0.5591497084398724,0.002041400448062195,0.1452648670974623,0.002041512326058969
doc98,0.0004927441422097506,0.0004927640311212511,0.0004928123325407431,0.43910259171369603,0.09126081618515938,0.000492826355830304,0.0004927715644216376,0.0004927797797814942,0.07479799705840522,0.39188189683683433
doc99,0.0004879188861994092,0.0004879834118626972,0.11015444340356009,0.4300963033551348,0.0004878878246026104,0.0004879601767890013,0.053953469626811336,0.00048805250417365063,0.32314643881736527,0.0802095419935012
doc100,0.0020006080484369516,0.23587641673554585,0.002000438018068958,0.0020005697448671317,0.0020005436111881414,0.0020003900183349146,0.7481196794273736,0.002000173954955397,0.0020005524785374723,0.0020006279626915624
doc101,0.3387425014218542,0.002273305835998484,0.0022734723816841707,0.002273381548270112,0.1503758443668133,0.25196628009927247,0.002273163339991026,0.16373555817333452,0.002273447550842757,0.08381304528193889
doc102,0.1444301049599012,0.0025007210584815512,0.5217018155865395,0.1688320026237308,0.0025007781035031105,0.0025008895666760985,0.002501022397061869,0.0025001702341301327,0.0025006031987812065,0.15003189227119443
doc103,0.0009711561716310418,0.0009710408570127708,0.9912608387514678,0.0009709974120253513,0.0009709797023417977,0.0009709646758751132,0.0009710593647645494,0.0009709517314753893,0.0009709983906088633,0.0009710129427972667
doc104,0.31436859442603227,0.6485950816188959,0.032337475996521384,0.00067125299583793,0.0006712544630299045,0.0006712930725737881,0.0006713338596509632,0.0006711925309299715,0.0006712813197556556,0.0006712397167722579
doc105,0.0027029400410603886,0.002703161731905593,0.0027035390722412477,0.0949061059910028,0.0027034598020934937,0.0027029877931509984,0.0027038255059981023,0.0027029080164911543,0.283576288881074,0.6025947831649822
doc106,0.11501512531488203,0.0013159964594418423,0.0013161059307230832,0.0013159678466156484,0.001316010882900313,0.0013160117164011502,0.8744567700306864,0.0013158642061560039,0.001316106905091127,0.0013160407071023683
doc107,0.002174682816808838,0.0021743549397451973,0.0021743727912116816,0.002174581060480843,0.0021745685809203856,0.002174425638964658,0.3130176825986963,0.0021741372538907496,0.6695868356371313,0.0021743586821501926
doc108,0.0010420371591849426,0.0010418654580786218,0.0010419935963342803,0.001042048948834968,0.0010419793167264057,0.001041927864150089,0.9906225887258174,0.0010418051807749994,0.0010418325527066816,0.0010419211973916177
doc109,0.00047408450650278307,0.08655474989898879,0.0004740981566706588,0.38610756284202774,0.29834646097955697,0.000474116894972901,0.06078470721486801,0.030834889761053523,0.13547527473692048,0.00047405500843794525
doc110,0.0011906833903738419,0.001190913756403802,0.19363314796820771,0.35099296447145023,0.22123109270294014,0.0011908568657187178,0.0011907176139315345,0.0011906099901450211,0.0011908439752326759,0.2269981692655961
doc111,0.0674267976958489,0.0007094598006411699,0.0007094445297892547,0.0007093028220954357,0.0007093451944977152,0.29425249930214115,0.5668058773037997,0.0007093784360590654,0.0007094321331778565,0.06725846278194944
doc112,0.002857319366440751,0.002857739277271929,0.002857544278265819,0.0028576802070470883,0.4507488530423348,0.002857694749972279,0.0028583889211753147,0.002857450997342145,0.20833780108346148,0.3209095280766885
doc113,0.5492620901164972,0.001234885171409489,0.0012349797398569864,0.0012349462291080698,0.0012348558829697275,0.0012348904102618145,0.0012349380006060494,0.0012348460305957785,0.33729080901668157,0.10480275940201324
doc114,0.03354061816867188,0.14057660071088202,0.3664589893133295,0.000819895211893376,0.09189029814302999,0.06274090731082088,0.27183020010025594,0.03050268850066673,0.0008198783647480739,0.0008199241757016514
doc115,0.3718355676084979,0.0018186450307602936,0.001818853609717384,0.17957475070511955,0.1287458338202445,0.3089321264222247,0.001818682142685383,0.001818254620576063,0.0018186029043551289,0.0018186831358190444
doc116,0.4479034271337448,0.0022230411412032525,0.24668517965859313,0.0022228167726390056,0.0022231197497819513,0.07015715608534939,0.221916968046266,0.002222710517052252,0.0022227592726888645,0.0022228216226814024
doc117,0.0006025862392975397,0.0006025824467996673,0.0006025924596398701,0.6054216404138338,0.042494921605487075,0.3478653600417191,0.0006026061744326938,0.0006024961107200998,0.0006025881522911119,0.000602626355779098
doc118,0.2797562867757721,0.0003534530055000616,0.2818116361831548,0.0003534426732726485,0.0003535162249006025,0.41883003295319876,0.00035344555775175947,0.00035344798180480136,0.0003534539133634895,0.017481284731280963
doc119,0.002273404158381484,0.7382191397960375,0.0022735683370444415,0.002273482764422582,0.002273263258785934,0.24359406654178584,0.0022732088153583994,0.002273049602243489,0.0022734939096273046,0.002273322816313055
doc120,0.0008334970987728678,0.0008335575011302414,0.0008334843314265431,0.2044277151865867,0.13988774236076973,0.0008335522423981773,0.0008334640800698548,0.0008334272208219105,0.2883742177046119,0.362309342273412
doc121,0.0031262296527426042,0.40883436900752174,0.45786371614865995,0.003125605463855889,0.003125471675412991,0.0031260513787875633,0.003125720935221779,0.1114213680946018,0.0031258546547064518,0.0031256129884892096
doc122,0.002564849069419877,0.4571938648549317,0.0025651813203078876,0.002564894546694439,0.22547492026783938,0.002564867915051054,0.2993763410158322,0.002565327718515524,0.0025646144634317736,0.002565138827976192
doc123,0.0014495739447963755,0.8642638005126403,0.0014494622713227881,0.0014496079622712229,0.0014496668916542965,0.0014495157547451854,0.0014495855226635966,0.0014495909661614778,0.12413937852151018,0.001449817652234553
doc124,0.0003833017706198137,0.1728699826188731,0.0003832715413869159,0.000383220305400415,0.0003832432099495794,0.2881517938139338,0.0003832598006537986,0.00038318699668095835,0.39020106402415977,0.14647767591834185
doc125,0.0009709887358356182,0.0009709965777613301,0.000970999332905244,0.0009711345402293677,0.0009710543797808442,0.0009710345099523503,0.00097104203643591,0.9912606994265074,0.000971050024351274,0.0009710004362404719
doc126,0.0009709887358356182,0.0009709965777613301,0.000970999332905244,0.0009711345402293677,0.0009710543797808442,0.0009710345099523503,0.00097104203643591,0.9912606994265074,0.000971050024351274,0.0009710004362404719
doc127,0.0674267976958489,0.0007094598006411699,0.0007094445297892547,0.0007093028220954357,0.0007093451944977152,0.29425249930214115,0.5668058773037997,0.0007093784360590654,0.0007094321331778565,0.06725846278194944
doc128,0.0013891584858979405,0.08987028541758633,0.0013892594823902156,0.0013892476138179137,0.1952015622827649,0.32322337725690203,0.001389156033613044,0.0013890758580120182,0.3833695832957631,0.0013892942732525594
doc129,0.001266156488707961,0.0012662556726269814,0.0012660412185165962,0.13782151384169636,0.0012662765696435185,0.0012661893468306287,0.11309343604144236,0.001266011657199486,0.7402219462318231,0.0012661729315129784
doc130,0.020445314872183838,0.0012347617117175337,0.49692297667404534,0.0012348974161048608,0.19375139268613828,0.0012348406399919545,0.2590287422765269,0.023677238736705394,0.0012347595745982386,0.001235075411987517
doc131,0.1995831060077866,0.0013515998926461779,0.0013517097674252594,0.0013515738987186867,0.14280799769797772,0.0013517614980692988,0.34248463552001995,0.02998347425638962,0.0013516597613510513,0.27838248169961555
doc132,0.0015626194400106415,0.0015626092905402387,0.001562799473559385,0.34269600135881617,0.21488034995519253,0.0015627540777023775,0.431484928417536,0.0015626086858602612,0.0015627143112098047,0.001562614989572607
doc133,0.0012661585372779596,0.0012660615736530413,0.0012660176821667503,0.38281176101694286,0.2807289923383088,0.0012662262263903152,0.0012661395284000376,0.0012660758269933386,0.136927258018679,0.19193530925118799
doc134,0.9927400755636944,0.0008066778242935756,0.0008066600517682941,0.0008066333629686629,0.0008066379843960005,0.0008067804196261476,0.0008065979697833194,0.0008065797206646392,0.0008066825107226661,0.0008066745920822183
doc135,0.22308117945802133,0.001064121505387843,0.2833144214826614,0.0010641359298172916,0.0010640624945287462,0.36416132461109174,0.12305850316474463,0.001064014059410087,0.0010640390559946992,0.0010641982383421795
doc136,0.0022732819586621152,0.0022731898598986784,0.0022734104331761304,0.002273371131468723,0.0022734119682224084,0.0022733217626475025,0.1802580145600826,0.0022732434535283567,0.8015555711860267,0.002273183686286672
doc137,0.0017547439333605941,0.0017549858597290012,0.00175472899077699,0.001754821409523707,0.0017549614053137114,0.0017548954952072888,0.9842060864251286,0.0017547174145393593,0.0017552597984013772,0.0017547992680192594
doc138,0.00028416650055023405,0.06689724564726252,0.00028416309358333074,0.21346699695821278,0.085926812757267,0.07625121210253318,0.0002841554662889637,0.00028413375515740823,0.020398914486513927,0.5359221992326306
doc139,0.3147673708511491,0.6480163391541728,0.03248569062557255,0.0006757887649364314,0.0006757907051313384,0.0006758297536488384,0.0006758704498107715,0.0006757279776164693,0.0006758159096297316,0.0006757758083319194
doc140,0.02855866974659667,0.13453029158954066,0.00036908723215744267,0.0003690964564258345,0.0003698248568777015,0.310021445635863,0.00036911256474224066,0.00036908989681061315,0.38138842152567753,0.14365496049530824
doc141,0.13064949075180243,0.46755614849757965,0.0013701053283731398,0.09858632239801467,0.001370328834169731,0.0013703393019300015,0.0013703666721258526,0.0013701095585966006,0.0013702001449049255,0.29498658851250303
doc142,0.0017861489004041631,0.0017860290847098842,0.0017860692888734752,0.47338236937472444,0.17250787310726307,0.0017864898382628361,0.06861041314197171,0.0017858800570654794,0.1908176427583071,0.08575108444841788
doc143,0.00042558456509412716,0.0004255881168800018,0.00042557623120217984,0.9961697722416984,0.000425593383193366,0.00042558044898140896,0.00042557963195438247,0.00042554966538829324,0.00042558536091043036,0.00042559035469736246
doc144,0.0019612913195382734,0.29448822896918786,0.0019610903113667657,0.0019611630553984295,0.0019609875525057998,0.001961217444953735,0.00196118897695729,0.001961561640826026,0.001961300871389784,0.689821969857876
doc145,0.18302320565116484,0.0009617822212403325,0.1464794963579806,0.37003541425288755,0.0009618294219186001,0.0009618106725835381,0.0009618267155444326,0.0009616599129688441,0.2616251539576382,0.03402782083607298
doc146,0.002326652914817766,0.0023259628615356197,0.0023260453736094174,0.002326104088461412,0.0023266472563617828,0.0023261204673957255,0.4634603055559078,0.0023258621030763744,0.002326051514194031,0.5179302478646399
doc147,0.0013702013036532997,0.08734014405814708,0.0013703806080277799,0.0013702590462249045,0.16233390153807492,0.43946487601009326,0.016401780875625868,0.0013701167702992515,0.20050198307770692,0.08847635671214683
doc148,0.11348555935295819,0.700630916186815,0.0027786404412284385,0.0027784723344524112,0.002778060712066333,0.002778524633204583,0.0027788984999052814,0.06309757210862661,0.002778429108498345,0.10611492662224478
doc149,0.0016672699446116262,0.001667341642676466,0.0016671359744000471,0.0016671437717723516,0.2231808102591425,0.3310921070993936,0.0016674250708550353,0.0016667927279265637,0.0016670553553123754,0.43405691815390945
doc150,0.0010310730264129367,0.9217755725799779,0.0010311339095090885,0.0010310649484094687,0.0010311939304261805,0.0010311386914747837,0.001031041027148636,0.0010312433223674162,0.0010312461482455235,0.06997529241602818
doc151,0.26287624884492844,0.0024393397991827725,0.46523561714594325,0.002440038010539718,0.0024396438818432994,0.0024400116192245546,0.1718584647043734,0.08539199294076313,0.002439352231620627,0.002439290821580751
doc152,0.4961164412334186,0.001235021069955389,0.001234776745237934,0.001234846066429784,0.0012348336865273036,0.0012348273699399166,0.001234752428545348,0.04220636379303177,0.4530332633217684,0.0012348742851456423
doc153,0.05630787573079357,0.0011366495184791587,0.001136606091871249,0.0011367386468700744,0.15054699412321434,0.12595313594638524,0.0011365681806058577,0.0011365176560578615,0.29465122824963447,0.36685768585608824
doc154,0.0030308733251926444,0.0030311233370963133,0.0030310400673061364,0.3655990015817234,0.0030309195617245436,0.0030309558497057716,0.0030309071264552714,0.003030886929420689,0.0030310990185969254,0.6101531932027783
doc155,0.02142347010393679,0.0007693805473175861,0.06092643207477649,0.0007694206982076823,0.25453273366730444,0.0007694342830572988,0.5991384111752558,0.0007693735989258506,0.0007693543732224133,0.060131989477995404
doc156,0.11501512531488203,0.0013159964594418423,0.0013161059307230832,0.0013159678466156484,0.001316010882900313,0.0013160117164011502,0.8744567700306864,0.0013158642061560039,0.001316106905091127,0.0013160407071023683
doc157,0.002174682816808838,0.0021743549397451973,0.0021743727912116816,0.002174581060480843,0.0021745685809203856,0.002174425638964658,0.3130176825986963,0.0021741372538907496,0.6695868356371313,0.0021743586821501926
doc158,0.02653162394241763,0.1033552624109199,0.28800293269095684,0.0016131841726207308,0.0016133321636461859,0.0016133297073207286,0.4328334909067047,0.0016133347621750543,0.00161339523186249,0.1412101140113757
doc159,0.20604118503203517,0.5228686270657438,0.002564804081593176,0.0025645324408725446,0.0025648057856546007,0.2531378409600941,0.0025648558595882808,0.0025642285660295943,0.0025645533378934925,0.002564566870495277
doc160,0.0009711561716310418,0.0009710408570127708,0.9912608387514678,0.0009709974120253513,0.0009709797023417977,0.0009709646758751132,0.0009710593647645494,0.0009709517314753893,0.0009709983906088633,0.0009710129427972667
doc161,0.00208383778336353,0.002083911386431777,0.17426284147203683,0.36982128755728855,0.3871498429480975,0.0020838337316327568,0.0020838361833952733,0.002083955303450063,0.05626303021484571,0.002083623419457989
doc162,0.5111729503298675,0.07575935282780806,0.002222738587570475,0.0022229151481779905,0.3648475694807615,0.002223002797673333,0.002222631811237169,0.03488309915291522,0.0022226962664842554,0.0022230435975044566
doc163,0.0018524499348536831,0.0018523524067131033,0.1433563776478895,0.0018522985065996078,0.21485432464257642,0.0018522246383742835,0.5266048967750854,0.0018525247718101307,0.10407032236750723,0.0018522283085906943
doc164,0.0007754131883587463,0.0007753772585514483,0.2101310642263351,0.0007753955617752123,0.000775386189193937,0.0007753812906274115,0.5151854516397982,0.013240718671595892,0.14704288520777206,0.11052292676599206
doc165,0.0010420371591849426,0.0010418654580786218,0.0010419935963342803,0.001042048948834968,0.0010419793167264057,0.001041927864150089,0.9906225887258174,0.0010418051807749994,0.0010418325527066816,0.0010419211973916177
doc166,0.0015154282055537406,0.0015156144418099749,0.5999789872249519,0.0015157448126791547,0.0015157438863069239,0.0015156704375530639,0.0015154218796485908,0.0015152674935311515,0.0015156336581132357,0.3878964879598522
doc167,0.0017244918235334264,0.0017245921738566336,0.5683503584648519,0.0017244013747176625,0.0017243713216647696,0.4178535276798535,0.0017245318413240665,0.001724421161847893,0.00172457744766432,0.001724726710685756
doc168,0.00099029484025153,0.0009902637108817893,0.37459277643564687,0.525183121720522,0.000990398209640484,0.000990309465099257,0.0009903553271407312,0.0009902403769699482,0.000990377838224364,0.09329186207562308
doc169,0.7667784179089489,0.0014926804479656235,0.0014927111768880737,0.0014927313987132915,0.0014927952774114125,0.00149283622275978,0.00149280787453407,0.0014926072836578797,0.22127974723883023,0.0014926651702908567
doc170,0.00303069961384442,0.003030847306854845,0.003030932891231727,0.0030309124531092252,0.0030310970123227964,0.0030310837369061138,0.41535664241635717,0.0030306845555329916,0.5603959108619045,0.0030311891519360723
doc171,0.15205318796960843,0.0010529450594207671,0.0010529900384321606,0.0010529127085202893,0.0898668481316776,0.0010529712116741634,0.29353379678893,0.02221401400007554,0.0010529591768377118,0.43706737491482345
doc172,0.00212841226383241,0.002128222214295652,0.0021285380233327955,0.1037432375619164,0.09397277717458344,0.210622925952883,0.578891265762731,0.0021278843443409993,0.002128280209263507,0.002128456492820896
doc173,0.016667400818311646,0.016670415607129025,0.016668114555334044,0.016669035222725875,0.016669085243459815,0.016670213201190432,0.016667848755613446,0.016667924266324474,0.4164159769765511,0.4502339853533601
doc174,0.0020003636299535743,0.9819967265928057,0.002000312677761253,0.002000380869092891,0.0020002525250243934,0.0020003968186708214,0.002000190713845522,0.0020002421108646345,0.002000431466067609,0.0020007025959136874
doc175,0.0020413313212955934,0.0020415184728642226,0.0020413534764498593,0.0020414136307258892,0.0020415100121342006,0.34078863079838373,0.14801179884753743,0.0020414725978235913,0.0020415396136251444,0.4969094312291605
doc176,0.0009615871776655999,0.0009616197690982721,0.0009616091542245283,0.0009615797668067026,0.0009615962429821064,0.0009616261312045551,0.0009615908110460395,0.9913455531834771,0.0009616084123072737,0.0009616293511878813
doc177,0.059211384693766286,0.0008697143096806522,0.0008697260934711,0.580151646216086,0.16115084437081276,0.0008697217382615968,0.0008697730644406835,0.0008696828358292957,0.0008698173390378004,0.19426768933861385
doc178,0.0009615871776655999,0.0009616197690982721,0.0009616091542245283,0.0009615797668067026,0.0009615962429821064,0.0009616261312045551,0.0009615908110460395,0.9913455531834771,0.0009616084123072737,0.0009616293511878813
doc179,0.2596947507107093,0.0020412615814643684,0.002041537693503232,0.002041321378289303,0.0020411859560010466,0.34146079162553267,0.16517850221308972,0.002040905103440078,0.0020415811544384345,0.2214181625835319
doc180,0.42863485963607784,0.0007300963426951899,0.0007301421160859122,0.2760315974281361,0.0007300773610519404,0.2902226930775339,0.0007301261722360842,0.000730233229112083,0.0007301066580951084,0.0007300679789757118
doc181,0.24566621856161533,0.0009093879038917135,0.27309135004624085,0.0009092534114946985,0.000909300559522042,0.4748772014638115,0.0009092709205398155,0.0009091887195573004,0.00090941130758364,0.0009094171057430876
doc182,0.758083856243174,0.0008622706891987729,0.0008622765151695013,0.059143162928723736,0.000862362336847192,0.0008623282676348161,0.14837732345312107,0.0008622884127551341,0.029221876375483388,0.0008622547778924029
doc183,0.002857910640673706,0.002857846217952698,0.002857701785284646,0.40618265603941106,0.5709542002701651,0.002858132978530428,0.002858363248713045,0.0028575488213995713,0.0028579017383385925,0.0028577382595311304
