,topics0,topics1,topics2,topics3
doc0,0.0009059672513583431,0.0009060815931743501,0.9972819482328712,0.0009060029225962208
doc1,0.10469881819818676,0.8945117709940705,0.0003946869818499857,0.00039472382589267595
doc2,0.0005835896092818279,0.849223538111955,0.06814366537702535,0.08204920690173781
doc3,0.0018053485887346184,0.7582118935473006,0.0018054491726947838,0.23817730869127005
doc4,0.42750037020124554,0.565455527034181,0.0035218262264353995,0.0035222765381380094
doc5,0.30897562764801906,0.49495918872387656,0.0010942345033541964,0.19497094912475002
doc6,0.17360913934422292,0.0015065629678391197,0.0015063006527005728,0.8233779970352375
doc7,0.0005394803005736248,0.7891875526978845,0.008098950952425337,0.2021740160491165
doc8,0.25457364118739045,0.613724741584987,0.01572543454250865,0.11597618268511387
doc9,0.8674917876085526,0.1137271388858109,0.01783204347539692,0.0009490300302394929
doc10,0.6237352963364052,0.32492877397439834,0.04993506100395848,0.0014008686852381642
doc11,0.9072893820044252,0.09167622247198899,0.0005172140023875004,0.0005171815211983545
doc12,0.000631468154654808,0.43647938634386846,0.02305025833264975,0.5398388871688271
doc13,0.49875039223322265,0.49982482321785693,0.0007123538509939256,0.0007124306979265523
doc14,0.6639135346675352,0.1102218671989095,0.22528436292115653,0.0005802352123986444
doc15,0.0009059672513583431,0.0009060815931743501,0.9972819482328712,0.0009060029225962208
doc16,0.0009059672513583431,0.0009060815931743501,0.9972819482328712,0.0009060029225962208
doc17,0.0737293038173359,0.924354125830217,0.0009584317137304005,0.0009581386387166321
doc18,0.09433193475921324,0.5209249050323005,0.0010824130056767349,0.3836607472028096
doc19,0.3134321742399289,0.6858414386026507,0.0003631783758506795,0.00036320878156985447
doc20,0.083961759515967,0.47864934429255496,0.0013813616966350656,0.4360075344948429
doc21,0.2841503081175786,0.6780178959483315,0.0005637488379776574,0.03726804709611222
doc22,0.002110386469661978,0.002110512589730218,0.002110323859501263,0.9936687770811066
doc23,0.0006563791056163842,0.9980309830250965,0.0006562957903212739,0.000656342078965792
doc24,0.17847739872690638,0.7980120483519252,0.0008520566783903136,0.022658496242778076
doc25,0.0004497818988026775,0.4227877553630916,0.013081148102772888,0.5636813146353328
doc26,0.04865426237035887,0.867832775901816,0.0009961205254824586,0.08251684120234272
doc27,0.15938316044110035,0.0010270368654510626,0.019335003989148163,0.8202547987043004
doc28,0.419595322294599,0.5118644372155574,0.035461035573051046,0.033079204916792414
doc29,0.29597281351816,0.6458467923687986,0.057349520318741014,0.000830873794300396
doc30,0.0012288523015030804,0.5204580789616223,0.0012291449148374809,0.47708392382203724
doc31,0.2943544030201249,0.6513759191429543,0.0011186687031156937,0.05315100913380506
doc32,0.35665991078681886,0.6414422682116119,0.0009488350616019815,0.0009489859399674405
doc33,0.9267198358500286,0.0017734542059148009,0.06973318061368358,0.0017735293303731928
doc34,0.34326428344507226,0.6235381007571996,0.0004177877647925535,0.03277982803293555
doc35,0.995675848518618,0.0014412594533582434,0.0014416948170062342,0.0014411972110174962
doc36,0.9894337743068762,0.0035223767311034415,0.0035217627300739313,0.0035220862319463495
doc37,0.1387146686446925,0.4179750234110355,0.001362618573795705,0.4419476893704763
doc38,0.12494228100170274,0.8733392679313343,0.000859196512134981,0.000859254554827902
doc39,0.3696982951664775,0.6298142682100165,0.0002437044045923146,0.00024373221891357526
doc40,0.09407345611547302,0.8991220170999834,0.0034023863208715284,0.0034021404636720896
doc41,0.325973296201518,0.310193218156592,0.3628566458745796,0.000976839767310485
doc42,0.5612759664331538,0.001082513466729467,0.43655905621170127,0.0010824638884155548
doc43,0.7437642505502496,0.0018056743707333476,0.0018054974310580004,0.25262457764795887
doc44,0.0012758126301338454,0.289329618599334,0.001275617648927246,0.7081189511216051
doc45,0.632718418481084,0.20508925417103857,0.0007386421212657977,0.16145368522661144
doc46,0.3391893818884978,0.6022409464479621,0.0011443257767693334,0.057425345886770646
doc47,0.13452051148402724,0.8632161844305987,0.0011316793447104423,0.0011316247406635573
doc48,0.0005145376722026158,0.555075221230917,0.0005144906112801254,0.4438957504856002
doc49,0.2575422850801034,0.6765626618746191,0.06556207021605018,0.00033298282922735763
doc50,0.2758822098319251,0.07606451231115191,0.0019845215380936004,0.6460687563188294
doc51,0.0009863712327419939,0.0009864544133028768,0.9970408830665873,0.000986291287367784
doc52,0.0010165712446935135,0.99694997614725,0.0010168824027180895,0.001016570205338446
doc53,0.08342505573094734,0.7269229076187144,0.06145060597114498,0.1282014306791933
doc54,0.002203238626551233,0.9933898626261394,0.0022035332524855977,0.002203365494823922
doc55,0.0007024435219571985,0.9978927560010925,0.0007023933190343471,0.0007024071579158944
doc56,0.2733040892711407,0.7255931629185611,0.0005513608125747203,0.0005513869977234108
doc57,0.16956120282583953,0.0010376797507685625,0.001037589468602047,0.8283635279547898
doc58,0.001683933755590003,0.6197042337453299,0.0016838521901089672,0.3769279803089711
doc59,0.47846590338375905,0.2924546525713891,0.0013269372563812977,0.22775250678847056
doc60,0.17459821997167216,0.5983096381014636,0.02090038299636859,0.2061917589304955
doc61,0.0010596443716656208,0.2534578813221746,0.0010594523971435741,0.7444230219090163
doc62,0.0009863712327419939,0.0009864544133028768,0.9970408830665873,0.000986291287367784
doc63,0.001157716804661914,0.7607844966911194,0.0011579362207258335,0.236899850283493
doc64,0.0009863712327419939,0.0009864544133028768,0.9970408830665873,0.000986291287367784
doc65,0.04294264838666324,0.7115174558422286,0.16551010188969523,0.08002979388141307
doc66,0.07779039116275163,0.9206987487589686,0.0007553742998792349,0.0007554857784004115
doc67,0.001106584805507863,0.8527521562774858,0.0011065853955891786,0.14503467352141727
doc68,0.05667669659141633,0.6024108246605433,0.0006436043263418905,0.3402688744216985
doc69,0.9942733368019885,0.0019087823789000309,0.0019087688833376757,0.0019091119357737528
doc70,0.001171333825180461,0.9716492559587232,0.026008136832971773,0.0011712733831244994
doc71,0.001529577715650445,0.9026268116858833,0.0015293068376496606,0.09431430376081662
doc72,0.00157781005985878,0.9068634792086071,0.001577450928468193,0.0899812598030659
doc73,0.001157760427397363,0.828777048235449,0.001157534944864978,0.16890765639228886
doc74,0.0006974894656714471,0.849895338914843,0.00069773043517954,0.14870944118430604
doc75,0.4880135229841903,0.26352247356499636,0.042729249947445314,0.205734753503368
doc76,0.6070142768793493,0.1367391013218058,0.25134379871372475,0.004902823085120187
doc77,0.900362630575718,0.09662425179447204,0.0015064498293390514,0.0015066678004708209
doc78,0.9964021969045965,0.001199235951864888,0.0011992755757430204,0.0011992915677956175
doc79,0.6033743810681463,0.3932000051624981,0.0017126322328001418,0.0017129815365554755
doc80,0.21067649109395892,0.3246528037461544,0.001275872699206,0.46339483246068075
doc81,0.9943807046522759,0.00187335055470812,0.0018728423111973608,0.0018731024818185512
doc82,0.9642792461103611,0.011908032209599023,0.011905562540397308,0.01190715913964247
doc83,0.9954806939051692,0.001506340548303747,0.0015066350398985251,0.0015063305066283046
doc84,0.5912388069105671,0.3418011492143163,0.0012921772414163561,0.06566786663370021
doc85,0.0008743997176603281,0.997376961043477,0.0008743291661707917,0.0008743100726919623
doc86,0.9057881614640713,0.09115306026703507,0.00152927620948394,0.001529502059409882
doc87,0.15767018238583333,0.8393169258244255,0.0015064960970318584,0.0015063956927093376
doc88,0.0012924276015594941,0.76565601463332,0.001292272988657854,0.23175928477646254
doc89,0.6043969024873603,0.2635295645010976,0.12716980171477407,0.0049037312967679
doc90,0.0009060143741151192,0.9972820394049322,0.0009058615932595899,0.0009060846276931766
doc91,0.3086326247059169,0.002674418977527634,0.0026741969962162052,0.6860187593203393
doc92,0.2426296395552475,0.4312038120902938,0.0012599444134930597,0.3249066039409657
doc93,0.3260592271920638,0.5064751501068422,0.0350700790872425,0.13239554361385156
doc94,0.04070710084987868,0.9577103491065445,0.0007912419435378839,0.0007913081000389304
doc95,0.004210330169244284,0.5818992440425963,0.0005734696112169349,0.41331695617694253
doc96,0.5897779667880934,0.3111387899689849,0.0006048022286804579,0.0984784410142414
doc97,0.13465759758852588,0.36330957141701703,0.0011442956156008772,0.5008885353788561
doc98,0.14703836656727534,0.0006315106164109512,0.0006313999357730448,0.8516987228805407
doc99,0.06650444215204347,0.7229002358305963,0.0005015749959074485,0.2100937470214528
doc100,0.0010711818427856356,0.8678840790616905,0.0010710579285153879,0.12997368116700847
doc101,0.13362459039701166,0.4874795945312055,0.02117334043732106,0.3577224746344618
doc102,0.4957685365721803,0.49915409201225425,0.002538741664910447,0.002538629750655171
doc103,0.0005093029890826588,0.44730491783563736,0.0005092424444428483,0.5516765367308372
doc104,0.001082545519227389,0.9967523984002461,0.0010825160448205734,0.0010825400357058817
doc105,0.3881515866647955,0.48526869166036496,0.0011443436038091092,0.12543537807103056
doc106,0.0011994153100544228,0.3928208030640739,0.0011993000680577553,0.6047804815578138
doc107,0.1154203170594683,0.5208830417075149,0.002907501489790425,0.36078913974322635
doc108,0.5190153639303313,0.41855607742874074,0.0007611694511856383,0.061667389189742364
doc109,0.9158416307293342,0.004903547169536442,0.07435184440126133,0.004902977699868161
doc110,0.5487321609553271,0.4472983602844851,0.0019847806282337916,0.0019846981319541542
doc111,0.17277296185698993,0.19992179168863738,0.0018053383549384518,0.6254999080994342
doc112,0.06516607796910584,0.08139117515095252,0.852519925803043,0.000922821076898565
doc113,0.06516607796910584,0.08139117515095252,0.852519925803043,0.000922821076898565
doc114,0.0012921683665839158,0.9787484677777398,0.018667105080135013,0.0012922587755410764
doc115,0.08140967752984327,0.9172944882819827,0.0006479733370492545,0.0006478608511249668
doc116,0.0015531744155163727,0.9953401506561638,0.0015533323393494322,0.001553342588970492
doc117,0.21825829563287197,0.7801464208374438,0.0007976422336834241,0.0007976412960008394
doc118,0.2072240094352324,0.45102012842858086,0.0018385405789351943,0.33991732155725146
doc119,0.17502955370313728,0.7844524737153584,0.0396731556088615,0.0008448169726427813
doc120,0.5813340686613628,0.3155239514363781,0.10126884462238428,0.001873135279874804
doc121,0.0024162554348873956,0.9927517244980639,0.002415981986762208,0.002416038080286507
doc122,0.00129219518507918,0.49925529658380574,0.0012922918834601836,0.49816021634765484
doc123,0.9941623585863725,0.0019457940977214675,0.0019459353123933846,0.0019459120035126283
doc124,0.21691307808893356,0.7489520511441148,0.00029468651098820087,0.03384018425596347
doc125,0.002155686469371072,0.0021555371061309967,0.0021555863254916242,0.9935331900990064
doc126,0.0011444864377354786,0.7469567032010251,0.0011446848167730177,0.2507541255444663
doc127,0.0007279978393211381,0.9978159246867582,0.0007280576416665759,0.0007280198322542192
doc128,0.21682020020857853,0.7288685044331443,0.05372079981935091,0.0005904955389263521
doc129,0.7546406600987361,0.23918502633492164,0.0030867655038120017,0.0030875480625304178
doc130,0.8257659047349893,0.17080893260677005,0.0017125307549696025,0.00171263190327093
doc131,0.9956131690214073,0.00146225078424659,0.0014623093417095825,0.0014622708526366027
doc132,0.26636199416553535,0.5336463151980809,0.0010708610157913064,0.1989208296205925
doc133,0.0011992963731737524,0.9271833198545056,0.001199147677108603,0.07041823609521185
doc134,0.6003813870919357,0.3974992628462679,0.0010595889417707317,0.0010597611200256563
doc135,0.5190153639303313,0.41855607742874074,0.0007611694511856383,0.061667389189742364
doc136,0.6423273444597933,0.3551842371764077,0.0012441483233379047,0.001244270040460918
doc137,0.8607811150883541,0.13807176072352909,0.0005735625279934116,0.0005735616601234414
doc138,0.9350657002443405,0.06071388984827541,0.0021102512855604846,0.0021101586218236134
doc139,0.693759315358645,0.2986621078078757,0.003789672021361459,0.0037889048121178366
doc140,0.43523811786958055,0.5591106952900806,0.0028255733430413675,0.002825613497297283
doc141,0.26904139556421963,0.7265524188570881,0.0022030411813121716,0.002203144397380075
doc142,0.28972166668911553,0.32781694750919876,0.0014838935754100922,0.3809774922262754
doc143,0.26904139556421963,0.7265524188570881,0.0022030411813121716,0.002203144397380075
doc144,0.30517360191565573,0.5393042000575436,0.001083206039770077,0.1544389919870304
doc145,0.15708763945611087,0.0016029387614912211,0.001602767256323864,0.8397066545260741
doc146,0.3693340107837165,0.5816263655330696,0.04656347573711227,0.002476147946101534
doc147,0.3155257736504994,0.6816325350422043,0.0014209610329551493,0.0014207302743412154
doc148,0.0036512865715538343,0.9890475951585126,0.003650207108611809,0.0036509111613217335
doc149,0.13028847303277066,0.7254029336473049,0.1429993273926217,0.0013092659273027595
doc150,0.5794706694901061,0.4168515425241378,0.001838789443121052,0.001838998542635168
doc151,0.15180478970412106,0.8446483076429027,0.0017732472554659062,0.0017736553975103671
doc152,0.0007977222966223018,0.7669688840440512,0.012145889299459686,0.22008750435986682
doc153,0.0013626695098064728,0.9959113838287593,0.001363257278606427,0.0013626893828276268
doc154,0.002674459630466623,0.1545650538271069,0.002674477756506543,0.84008600878592
doc155,0.000509282382442969,0.8283153468160747,0.17066607509234466,0.0005092957091378078
doc156,0.00033747816167831114,0.99898763118143,0.0003374310341989516,0.0003374596226929109
doc157,0.001577990457389804,0.001578017165285818,0.0015775828108940601,0.9952664095664303
doc158,0.0013816604064948628,0.995855001966913,0.0013817411523091986,0.0013815964742827911
doc159,0.1465604790418263,0.5727968971364457,0.15060982763514788,0.13003279618658006
doc160,0.003939201490066071,0.9881856193521406,0.003937438114388697,0.003937741043404586
doc161,0.40394015295175695,0.17300987320899516,0.0009059098406922513,0.42214406399855564
doc162,0.0009313326116668604,0.6178727343653172,0.00093129992483335,0.38026463309818276
doc163,0.0007333422269368865,0.9978000741629756,0.000733212060252842,0.0007333715498347302
doc164,0.8599821935466873,0.001259774911706796,0.0012598615533807006,0.13749816998822514
doc165,0.0010376658885865538,0.8600264279019717,0.0010375135183950592,0.13789839269104673
doc166,0.3959874583428569,0.5116839027489569,0.0006520313072943653,0.0916766076008917
doc167,0.0009313818372588287,0.914015456577812,0.0009312883769423614,0.08412187320798684
doc168,0.9363920392916195,0.0007789958125825855,0.0007790536165912454,0.06204991127920669
doc169,0.0009767533856071247,0.0009767323150135074,0.9970698148293861,0.0009766994699934345
doc170,0.0009767533856071247,0.0009767323150135074,0.9970698148293861,0.0009766994699934345
doc171,0.0015776462019798545,0.001577967442076732,0.00157756606753848,0.995266820288405
doc172,0.9836928848669825,0.00543608686132313,0.0054357771469141485,0.0054352511247802325
doc173,0.11551316421357935,0.3107325590449413,0.0019843610957715812,0.5717699156457078
doc174,0.0013442841170318695,0.9474697276446689,0.049841588030726594,0.0013444002075727293
doc175,0.0019460881376284233,0.9088630094686216,0.0872447932199908,0.0019461091737591198
doc176,0.09703328377692534,0.4842897870462401,0.0014007958148382052,0.41727613336199637
doc177,0.17502955370313728,0.7844524737153584,0.0396731556088615,0.0008448169726427813
doc178,0.0017128120616450215,0.8877776632123754,0.0017127713483973672,0.10879675337758214
doc179,0.6789691191341701,0.21148559685930646,0.1073894364224453,0.00215584758407816
doc180,0.49932866985951274,0.0003592877518886639,0.026956064037056183,0.4733559783515424
doc181,0.6573417374623243,0.34107570699916834,0.0007912126668418635,0.0007913428716655428
doc182,0.0011851766737043076,0.950347841525868,0.0011852961553844427,0.04728168564504314
doc183,0.670810164555685,0.3275945620656057,0.0007976274896476155,0.0007976458890616074
doc184,0.17398710982254623,0.6561336173186781,0.0008666780062284625,0.1690125948525471
doc185,0.002748385722617645,0.1905574624298561,0.002747475565735187,0.8039466762817911
doc186,0.08527996250126256,0.8976756671986903,0.016722103544485827,0.0003222667555613692
doc187,0.001326515129935412,0.9960203551664061,0.0013264337881687784,0.0013266959154898921
doc188,0.8605824808455448,0.0014841430674963653,0.0014840656101650163,0.13644931047679398
doc189,0.3959874583428569,0.5116839027489569,0.0006520313072943653,0.0916766076008917
doc190,0.6696965570856988,0.3277517094054757,0.0012757942765643496,0.0012759392322610425
doc191,0.47536858073657656,0.5219428497446867,0.001344254013866558,0.0013443155048701303
doc192,0.4316284679068967,0.5664914312741998,0.000939969517077307,0.0009401313018261918
doc193,0.8011707907003369,0.0006695706751903233,0.0006695244219261855,0.1974901142025465
doc194,0.15943111933327844,0.8316376506523758,0.004465946058527455,0.004465283955818304
doc195,0.7496879075801289,0.00299481037212537,0.07786024523543508,0.16945703681231078
doc196,0.9921855897421926,0.002604894688925808,0.0026047493832279337,0.0026047661856535443
doc197,0.9319660198802214,0.0014413627396950442,0.06515126230167816,0.001441355078405599
doc198,0.0019462043821511488,0.3675846868286498,0.0019458851086668668,0.6285232236805323
doc199,0.0023050183007648833,0.8719729282114278,0.12341715683986329,0.0023048966479439197
doc200,0.0009489114366522368,0.9971530777764651,0.0009490039691302279,0.0009490068177524921
doc201,0.0018385419295208622,0.4693220449480412,0.0018385261860917367,0.5270008869363463
doc202,0.0018731462972246889,0.8718285805494053,0.0018728194216495408,0.12442545373172055
doc203,0.37376859566680465,0.4830272550159576,0.001131397446394261,0.1420727518708436
doc204,0.0007790594459574124,0.935533701194325,0.06290820015021392,0.0007790392095037309
doc205,0.0017736591299124152,0.9946795559879829,0.001773334445207862,0.0017734504368969275
doc206,0.0007977222966223018,0.7669688840440512,0.012145889299459686,0.22008750435986682
doc207,0.06677402121337489,0.9300705978523077,0.0015775561880505909,0.0015778247462667453
doc208,0.0020667295220809035,0.42855247075182346,0.0020666791878281767,0.5673141205382675
doc209,0.040330526509948825,0.7551628482869492,0.0005975127355128157,0.2039091124675891
doc210,0.22368725194446895,0.0853861839926227,0.0007979013629243592,0.6901286626999841
doc211,0.0004665047873452985,0.4580354430221946,0.055714086070161345,0.4857839661202987
doc212,0.0008979451304760479,0.9973063099973227,0.0008978161662594291,0.0008979287059417925
doc213,0.1819614090402853,0.45884005531445077,0.00031812167452367757,0.3588804139707402
doc214,0.002475766264423477,0.8946931757126284,0.10035521195154211,0.0024758460714059353
doc215,0.13363075666854207,0.8643153340741072,0.001026982938020385,0.0010269263193301514
doc216,0.0012289723628215647,0.0012289650098863143,0.0012288265938155823,0.9963132360334765
doc217,0.0005768734658520488,0.9982693362926404,0.0005769333505788904,0.0005768568909289024
doc218,0.0007227383792471928,0.9978317738981383,0.000722753772908728,0.0007227339497059527
doc219,0.0017425597287736207,0.8850629457754431,0.0017423704621133164,0.11145212403367005
doc220,0.09277273121635361,0.9048848853351706,0.0011711236861728287,0.001171259762302804
doc221,0.41052047981405565,0.5888551496738729,0.000312176177915367,0.0003121943341560162
doc222,0.9967869976276302,0.00107109391354052,0.0010708965741658889,0.0010710118846633794
doc223,0.0006563802034530929,0.9980310377180843,0.000656235022493217,0.0006563470559694626
doc224,0.8599821935466873,0.001259774911706796,0.0012598615533807006,0.13749816998822514
doc225,0.9158416307293342,0.004903547169536442,0.07435184440126133,0.004902977699868161
doc226,0.0009767533856071247,0.0009767323150135074,0.9970698148293861,0.0009766994699934345
doc227,0.0009767533856071247,0.0009767323150135074,0.9970698148293861,0.0009766994699934345
doc228,0.23851327245940465,0.759690881543334,0.0008979235357244966,0.000897922461536918
doc229,0.0014208669569906152,0.9359295653065572,0.0014207517591796489,0.06122881597727239
doc230,0.22392265615982812,0.7744430935285973,0.0008170756279769036,0.000817174683597647
doc231,0.31290798241265305,0.6112981576473099,0.0005118415217900616,0.07528201841824705
doc232,0.0012923968090958965,0.932939951586238,0.0012920832968607516,0.06447556830780524
doc233,0.0013816604064948628,0.995855001966913,0.0013817411523091986,0.0013815964742827911
doc234,0.7778727600554536,0.1947003267766552,0.026944633260472896,0.00048227990741837856
doc235,0.17502955370313728,0.7844524737153584,0.0396731556088615,0.0008448169726427813
doc236,0.0006159194460555045,0.8506806676789621,0.0006159098321075385,0.1480875030428749
doc237,0.9871759470135802,0.00427504425971058,0.004274019039713046,0.004274989686996103
doc238,0.9976808989770198,0.0007730190234242979,0.000772922501627804,0.0007731594979281261
doc239,0.0022531754700366867,0.0022529373709589294,0.002252417578077904,0.9932414695809265
doc240,0.2516759512057586,0.0015295816819657414,0.001529324229630058,0.7452651428826456
doc241,0.23671258161708034,0.645856263262361,0.11691658577606627,0.0005145693444923021
doc242,0.19483917197913606,0.8041675129749917,0.0004966662010834968,0.0004966488447888754
doc243,0.0008447867137463512,0.9974657442376627,0.0008446975989783061,0.0008447714496127015
doc244,0.9957976300644462,0.0014008473062986138,0.0014007429310244652,0.0014007796982305287
doc245,0.0003994607255232647,0.57011650552867,0.007052225452348793,0.4224318082934579
doc246,0.7154412220127541,0.21409830933400537,0.001292320445507151,0.06916814820773357
doc247,0.35688815430920784,0.6410993097260684,0.0010062506910746565,0.0010062852736490242
doc248,0.5691261177342323,0.42712775964929683,0.0018729672901175154,0.0018731553263533487
doc249,0.5900218887685419,0.3012856475325846,0.002066627795155353,0.10662583590371813
doc250,0.3367649952678258,0.0026743509308244503,0.002673906850012536,0.6578867469513372
doc251,0.22157056964536193,0.7727780698911587,0.0028254257591399053,0.002825934704339514
doc252,0.000509282382442969,0.8283153468160747,0.17066607509234466,0.0005092957091378078
doc253,0.0018385419295208622,0.4693220449480412,0.0018385261860917367,0.5270008869363463
doc254,0.036821295947630374,0.54891735788558,0.0011186444268416655,0.413142701739948
doc255,0.5740068039237517,0.22711579873159463,0.19420359492825384,0.004673802416399835
doc256,0.0006437153901030992,0.9980690180383912,0.0006435964717232853,0.0006436700997824462
doc257,0.0009864964393286246,0.9970405223632425,0.0009864741477895742,0.000986507049639411
doc258,0.0016840078607660125,0.33569892419943503,0.001683962708880159,0.6609331052309187
doc259,0.03836308494180947,0.6918739259215375,0.00048692523356778065,0.26927606390308517
doc260,0.43023983034751595,0.5639439731937791,0.002908293370540001,0.00290790308816509
doc261,0.0007913912253849365,0.9177600312561129,0.0007913098580535872,0.08065726766044855
doc262,0.000914269063196037,0.6929170031668332,0.0009142332759595511,0.3052544944940112
doc263,0.3696982951664775,0.6298142682100165,0.0002437044045923146,0.00024373221891357526
doc264,0.0015295924482097412,0.0015294688695350357,0.0015292522344406711,0.9954116864478145
doc265,0.001553277575071846,0.4591413634766613,0.05729808110702493,0.482007277841242
doc266,0.28858260718085127,0.5826332389112351,0.12738321536797942,0.001400938539934224
doc267,0.0012758442773671168,0.001275762061170825,0.0012757556275071755,0.996172638033955
doc268,0.07735462655498657,0.9202753147436765,0.0011849484685760466,0.0011851102327610117
doc269,0.000348051180698082,0.5443712074720992,0.000348015880188333,0.45493272546701435
doc270,0.0017735356453727267,0.7103544330895393,0.0017733828332583404,0.28609864843182975
doc271,0.0008667890695918112,0.3346067293499517,0.000866719542599798,0.6636597620378566
doc272,0.002155592414686889,0.4349084784641655,0.002156231192000318,0.5607796979291473
doc273,0.0015776971903520966,0.995267290711675,0.0015773564113859158,0.0015776556865870566
doc274,0.9621416903270469,0.0008040858149089258,0.036250157541539686,0.000804066316504492
doc275,0.8009994904186365,0.19781963681602197,0.000590385142245843,0.000590487623095613
doc276,0.5468208126247811,0.4515177567998038,0.0008306595065263506,0.0008307710688886882
doc277,0.22511744094523303,0.7742030380100065,0.00033976001374427957,0.00033976103101618035
doc278,0.6052584406458306,0.36517172753198623,0.027414148974930958,0.0021556828472521082
doc279,0.5740068039237517,0.22711579873159463,0.19420359492825384,0.004673802416399835
doc280,0.0009767533856071247,0.0009767323150135074,0.9970698148293861,0.0009766994699934345
doc281,0.0009767533856071247,0.0009767323150135074,0.9970698148293861,0.0009766994699934345
doc282,0.0037892619552590046,0.5023548889676568,0.0037895640861738563,0.4900662849909104
doc283,0.0008979451304760479,0.9973063099973227,0.0008978161662594291,0.0008979287059417925
doc284,0.11415613479934877,0.0008106255798946371,0.0008105000773429519,0.8842227395434136
doc285,0.000914269063196037,0.6929170031668332,0.0009142332759595511,0.3052544944940112
doc286,0.0008520436343361535,0.766700841103052,0.00085186276177258,0.23159525250083923
doc287,0.9910160570570068,0.002994801183045965,0.0029945856928768125,0.0029945560670704315
doc288,0.05933431881731776,0.9400656868139884,0.0002999944973014505,0.0002999998713924384
doc289,0.6085041747040024,0.3157733601831609,0.07468489573609727,0.0010375693767393813
doc290,0.8881251476593253,0.11080728496983783,0.0005337289532535846,0.0005338384175834842
doc291,0.0007279868957885433,0.7961024062677854,0.0007282192251718737,0.20244138761125408
doc292,0.19461743153796762,0.6085023408326617,0.000428567652354903,0.19645165997701577
doc293,0.4595865807549581,0.4984415717633429,0.041167764201063044,0.0008040832806359814
doc294,0.19367724337758166,0.8057707636991029,0.00027599954660406325,0.0002759933767112424
doc295,0.748546960021099,0.22664791810132995,0.024467642763990032,0.0003374791135809594
doc296,0.0007790709195219587,0.9976627650947266,0.0007791716092477883,0.0007789923765038234
doc297,0.0008308751232031219,0.9975074976293907,0.0008307934272146603,0.0008308338201913849
doc298,0.28249891715498354,0.7156891584488425,0.0009059090833322988,0.0009060153128416275
doc299,0.4052325310650038,0.0030875440034735494,0.003086945887458412,0.5885929790440642
doc300,0.23170229445585402,0.72439049584172,0.0010483527417871844,0.04285885696063874
doc301,0.8198999067232572,0.0005638148239954569,0.0005637713305533438,0.1789725071221941
doc302,0.9976988734839329,0.0007670498935973749,0.0007670119812460161,0.0007670646412238524
doc303,0.996444125113752,0.0011853201941049872,0.001185276960060239,0.0011852777320827046
doc304,0.49703711557476304,0.498353487969472,0.0023044831956193007,0.002304913260145694
doc305,0.8163800745058284,0.046639172227849454,0.0005575172020928235,0.13642323606422935
doc306,0.5682450524205772,0.4262590038506402,0.002748072373096473,0.002747871355685917
doc307,0.5940169714335387,0.4052293066074223,0.00037683041208061945,0.0003768915469583699
doc308,0.001484075990271676,0.9955479926419271,0.0014838539847756916,0.001484077383025638
doc309,0.002253235924125943,0.748004120789058,0.0022526637000761197,0.24748997958674004
doc310,0.000501643353177516,0.9664040249643802,0.032592698776087795,0.000501632906354433
doc311,0.7317103877974466,0.26674362667428186,0.0007729279717177757,0.000773057556553701
doc312,0.0003994607255232647,0.57011650552867,0.007052225452348793,0.4224318082934579
doc313,0.22511744094523303,0.7742030380100065,0.00033976001374427957,0.00033976103101618035
doc314,0.0032902462786922747,0.9901295378970048,0.0032898955010030994,0.0032903203232998134
doc315,0.09316109497909406,0.9061944520434793,0.00032220977291765897,0.000322243204508941
doc316,0.2386727005903229,0.7604397463889766,0.00044372938693326355,0.0004438236337672842
doc317,0.04814275667630334,0.17048911316813856,0.0005638372881228558,0.7808042928674352
doc318,0.000451813441860457,0.0004518000703465611,0.00045172477311374937,0.9986446617146792
doc319,0.11487754080390793,0.5958007088200011,0.11306937425213387,0.17625237612395708
doc320,0.08054994127635447,0.91743745157151,0.0010063339977281996,0.001006273154407113
doc321,0.0008667645911834684,0.9973996889152907,0.0008667609798151616,0.0008667855137104682
doc322,0.324407562071927,0.6746184908014704,0.0004869457016633426,0.00048700142493928367
doc323,0.0020664447825369616,0.6160379811930359,0.0020663316255795545,0.3798292423988476
doc324,0.001016516059722906,0.9969504772138236,0.0010164602072863381,0.0010165465191671209
doc325,0.0011991769300289826,0.868656642620168,0.0011991558556638195,0.1289450245941391
doc326,0.8126285743053681,0.18624371253539448,0.0005638211951501276,0.0005638919640874428
doc327,0.0006437411912822218,0.9980689868413676,0.0006436016835664908,0.0006436702837837353
doc328,0.40212937546093513,0.2907508617726306,0.15988646275864082,0.1472333000077935
doc329,0.5468208126247811,0.4515177567998038,0.0008306595065263506,0.0008307710688886882
doc330,0.7294377661135942,0.21676580657402647,0.05307364320771109,0.0007227841046683869
doc331,0.1002267999889142,0.8608303406895115,0.0008670303744526017,0.03807582894712172
doc332,0.10618377441763925,0.27390979506655616,0.00046431400113968043,0.6194421165146649
doc333,0.05131744016954189,0.0009313454075595496,0.946819900545143,0.0009313138777555804
doc334,0.05131744016954189,0.0009313454075595496,0.946819900545143,0.0009313138777555804
doc335,0.48921209870773197,0.3573887641268672,0.0006159019768105904,0.1527832351885902
doc336,0.000451813441860457,0.0004518000703465611,0.00045172477311374937,0.9986446617146792
doc337,0.2311461157644359,0.7679818102853545,0.0004359912773521679,0.0004360826728575329
doc338,0.001048354262990429,0.996854812461477,0.0010482885861788746,0.0010485446893537403
doc339,0.05933431881731776,0.9400656868139884,0.0002999944973014505,0.0002999998713924384
doc340,0.5060364866577293,0.0018055344153822346,0.0018056052266037085,0.4903523737002847
doc341,0.6085041747040024,0.3157733601831609,0.07468489573609727,0.0010375693767393813
doc342,0.001082500767931878,0.9967526218799684,0.0010823618756632557,0.0010825154764364517
doc343,0.9981745590301577,0.0006085871646664078,0.0006083348596055615,0.000608518945570301
doc344,0.9947722269519221,0.0017425543333966541,0.0017426695782795185,0.0017425491364017514
doc345,0.6639485510157246,0.16968676385086093,0.0019845926554890314,0.16438009247792537
doc346,0.09316109497909406,0.9061944520434793,0.00032220977291765897,0.000322243204508941
doc347,0.3633417863319526,0.3036012671740372,0.0387663340284212,0.29429061246558913
doc348,0.2488484488105189,0.330188540535983,0.0008039823109500904,0.420159028342548
doc349,0.001909162175961505,0.3712033752950265,0.0019087872535448105,0.6249786752754671
doc350,0.21362016410232507,0.7770697003871225,0.00892455827366101,0.0003855772368915119
doc351,0.29085372679200167,0.6923228815428829,0.01616273251446442,0.0006606591506510228
doc352,0.07146740892988303,0.9259141676891298,0.0013092534204959768,0.001309169960491161
doc353,0.0019846040694564506,0.9940461757849857,0.001984544145556041,0.001984676000001892
doc354,0.17822373128497238,0.8199641062622334,0.000906142070168242,0.0009060203826259997
doc355,0.09401855006759424,0.9034296798855477,0.00127599269859064,0.0012757773482673525
doc356,0.996266927536589,0.001244157580676264,0.0012439499592721093,0.0012449649234627111
doc357,0.45113261413853345,0.29219422740298495,0.05424634586453412,0.2024268125939476
doc358,0.9616711802591329,0.0008978739535620196,0.03653292365174319,0.0008980221355617396
doc359,0.6795571634528208,0.31572514248977795,0.0023586633933430743,0.0023590306640580167
doc360,0.8881251476593253,0.11080728496983783,0.0005337289532535846,0.0005338384175834842
doc361,0.9198561574585248,0.001742735806338213,0.07665817928856593,0.0017429274465709623
doc362,0.8198999067232572,0.0005638148239954569,0.0005637713305533438,0.1789725071221941
doc363,0.8748016858346601,0.1219403363949709,0.001628864030326865,0.0016291137400421003
doc364,0.16168065848528937,0.8372903823199208,0.00051445105786326,0.0005145081369265383
doc365,0.7414093902837037,0.1648327961671242,0.09084997606841141,0.0029078374807606383
doc366,0.22511744094523303,0.7742030380100065,0.00033976001374427957,0.00033976103101618035
doc367,0.000501643353177516,0.9664040249643802,0.032592698776087795,0.000501632906354433
doc368,0.5940169714335387,0.4052293066074223,0.00037683041208061945,0.0003768915469583699
doc369,0.002155592414686889,0.4349084784641655,0.002156231192000318,0.5607796979291473
doc370,0.22854906202272518,0.7694968326203433,0.000977262402873037,0.0009768429540584957
doc371,0.0015776971903520966,0.995267290711675,0.0015773564113859158,0.0015776556865870566
doc372,0.001048354262990429,0.996854812461477,0.0010482885861788746,0.0010485446893537403
doc373,0.26525537005397204,0.002825583625059156,0.0028253531116379017,0.7290936932093309
doc374,0.002110576277460014,0.9936692774849812,0.002109869451396162,0.0021102767861626084
doc375,0.0004075720191343059,0.7115597166320645,0.0004075529514572423,0.2876251583973439
doc376,0.0007442548572986627,0.9977673785461691,0.0007441455433085744,0.0007442210532236578
doc377,0.9013552748076017,0.0026048637193546967,0.002604479283972565,0.09343538218907105
doc378,0.0035223546154581026,0.76653274798881,0.2264229712792386,0.0035219261164933886
doc379,0.129110738194434,0.8693667671597001,0.0007612424886273604,0.0007612521572384994
doc380,0.1186920974229509,0.8800123007330335,0.0006477758628578393,0.0006478259811577208
doc381,0.23933005402829935,0.31936223821037124,0.0007912773348299323,0.4405164304264995
doc382,0.0011317868090357146,0.0011315901343515306,0.0011314620406097104,0.996605161016003
doc383,0.000844811063504614,0.9974656503803607,0.0008447317173951063,0.0008448068387396599
doc384,0.36481615045762766,0.6334943380202589,0.0008447189239697594,0.0008447925981436231
doc385,0.0860141696835236,0.91269855173215,0.0006436212688352445,0.0006436573154912924
doc386,0.1071743684837552,0.8901004444548326,0.0013624986766935594,0.001362688384718725
doc387,0.8663423866637864,0.000773031251651594,0.09322323261742838,0.03966134946713381
doc388,0.0798632870625406,0.6257529287274475,0.05532948945719014,0.23905429475282175
doc389,0.9897932304987971,0.0034023822314407544,0.0034023588521210455,0.0034020284176411414
doc390,0.10676019130035315,0.7380985071039254,0.0015531415037948874,0.15358816009192644
doc391,0.0015778169760384657,0.9120950429830198,0.08474940344126802,0.0015777365996736726
doc392,0.1706345376310472,0.0008448400071533746,0.8276756704142996,0.0008449519474998512
doc393,0.1706345376310472,0.0008448400071533746,0.8276756704142996,0.0008449519474998512
doc394,0.0008238867943371938,0.9975280524411961,0.0008237961094272839,0.0008242646550394787
doc395,0.07206350339793909,0.9268632488755905,0.0005366198699119421,0.0005366278565584717
doc396,0.0015777965901435512,0.995266446813595,0.0015779237350917862,0.0015778328611697407
doc397,0.10618377441763925,0.27390979506655616,0.00046431400113968043,0.6194421165146649
doc398,0.0005225954183255403,0.998432295224424,0.0005225400823417853,0.0005225692749086082
doc399,0.28869848928017694,0.22518742475996115,0.0006926748896558748,0.485421411070206
doc400,0.9073106273817121,0.08907821273274259,0.0018053960833067648,0.0018057638022384893
doc401,0.001529690275863177,0.9954112830085406,0.0015294762959959342,0.0015295504196001146
doc402,0.0013092575566023242,0.41584677365532735,0.0013093461962209612,0.5815346225918494
doc403,0.12081063063839964,0.7647355555342626,0.002538506932833487,0.11191530689450424
doc404,0.0035223546154581026,0.76653274798881,0.2264229712792386,0.0035219261164933886
doc405,0.0007387967853375211,0.9977838286546475,0.0007386493088083783,0.0007387252512065182
doc406,0.14964509121704372,0.4384579493300371,0.0004267007393913925,0.41147025871352766
doc407,0.0023588859811894823,0.9929232926672045,0.0023586300930401533,0.002359191258565766
doc408,0.07864909366944135,0.8666165196689957,0.05440793500018733,0.00032645166137565564
doc409,0.07804271645233074,0.8677809027852259,0.05374965727562756,0.00042672348681592015
doc410,0.07146740892988303,0.9259141676891298,0.0013092534204959768,0.001309169960491161
doc411,0.35002438930554347,0.0012758903907020165,0.0012757890009487125,0.6474239313028057
doc412,0.0011577204381293233,0.8379108566046736,0.0011576168859938753,0.15977380607120326
doc413,0.38288108112367875,0.6143560369280359,0.0013813685842591337,0.0013815133640261966
doc414,0.06033178947537012,0.856466207647395,0.0009226538808563882,0.08227934899637857
doc415,0.39454555156827986,0.6014849034668687,0.0019849224185218605,0.0019846225463295113
doc416,0.2722007675681044,0.7251808463316745,0.001309147334608793,0.0013092387656124605
doc417,0.07990167330623674,0.915147012158637,0.0024755165870327506,0.0024757979480935503
doc418,0.8748016858346601,0.1219403363949709,0.001628864030326865,0.0016291137400421003
doc419,0.9866039251767011,0.004465694406147603,0.004465169471510115,0.004465210945641136
doc420,0.8198999067232572,0.0005638148239954569,0.0005637713305533438,0.1789725071221941
doc421,0.9866039251767011,0.004465694406147603,0.004465169471510115,0.004465210945641136
doc422,0.7148608455609579,0.2791501598885747,0.0029944201980591414,0.002994574352408254
doc423,0.0014210377637853143,0.9957376193080626,0.0014206080759792137,0.0014207348521728751
doc424,0.001577695879013822,0.21971147420029466,0.0015778134450772537,0.7771330164756143
doc425,0.8126285743053681,0.18624371253539448,0.0005638211951501276,0.0005638919640874428
doc426,0.3201664063740329,0.3463842667592704,0.001228813290513819,0.33222051357618304
doc427,0.0011713107601657668,0.15624124975012313,0.0011712411917827674,0.8414161982979284
doc428,0.0011444243417181091,0.4258063071676694,0.0011443378411756231,0.5719049306494369
doc429,0.001441172539122295,0.8147728503295164,0.0014411919564616988,0.18234478517489977
doc430,0.6639485510157246,0.16968676385086093,0.0019845926554890314,0.16438009247792537
doc431,0.00124400002589806,0.9962680066063039,0.001244003889666661,0.0012439894781313156
doc432,0.1283332568934707,0.11478942299356458,0.0008899625502171421,0.7559873575627476
doc433,0.07269607133476011,0.924752266214172,0.0012757949380829152,0.0012758675129849524
doc434,0.0007975958968408346,0.7347357677268451,0.0007976285453242995,0.2636690078309897
doc435,0.0011712311960109262,0.9964862391507132,0.0011711382338593166,0.0011713914194165054
doc436,0.0008239399811029123,0.6423550709046862,0.000823847785904076,0.3559971413283069
doc437,0.08712424137580624,0.9039449867666741,0.0044649312857186685,0.004465840571801134
doc438,0.001656152999544179,0.9950317919209173,0.0016559708493680497,0.0016560842301704046
doc439,0.002252783619258041,0.7740985903418867,0.0022526241695457524,0.22139600186930947
doc440,0.843924009087815,0.15112431514776686,0.0024756289997081523,0.0024760467647099264
doc441,0.003290151952324901,0.3859224667471697,0.0032896643232273814,0.6074977169772781
doc442,0.8640708454126301,0.1346897094943043,0.000619651333008863,0.0006197937600567549
doc443,0.7867946720941122,0.06160170912585341,0.0010484073837199815,0.15055521139631428
doc444,0.0010269746295531105,0.0010269247422798032,0.9969192372565685,0.0010268633715985898
doc445,0.0010269746295531105,0.0010269247422798032,0.9969192372565685,0.0010268633715985898
doc446,0.129110738194434,0.8693667671597001,0.0007612424886273604,0.0007612521572384994
doc447,0.10546977973841624,0.8545444714474283,0.03932942078328276,0.0006563280308727834
doc448,0.0014838980078250331,0.9955474110800544,0.0014846455681877275,0.0014840453439328581
doc449,0.7358639538075002,0.26071052428534236,0.001712692471597652,0.0017128294355597054
