,topics0,topics1,topics2,topics3
doc0,0.9972316289672969,0.0009229260728938915,0.0009226931095199863,0.0009227518502893347
doc1,0.00040102277454618653,0.00040109827533309277,0.0004010788583721097,0.9987968000917486
doc2,0.015579354023497822,0.24888896795019907,0.0005835886459101215,0.7349480893803929
doc3,0.0018386878185920098,0.41706985708969996,0.0018386077080028238,0.5792528473837053
doc4,0.0035218052832636454,0.1351761490694048,0.46002711708654237,0.4012749285607891
doc5,0.0010942226840287696,0.0010942944850454261,0.12478073831865027,0.8730307445122756
doc6,0.0015062620113925112,0.8622143783943469,0.13477288064632165,0.001506478947939108
doc7,0.008623599332207242,0.026157684572581476,0.04186475749247055,0.9233539586027407
doc8,0.015466954548816575,0.12180459341072475,0.2895856977372715,0.5731427543031872
doc9,0.022271346780097484,0.0009864420569330493,0.8249110686418182,0.1518311425211513
doc10,0.04641698807685413,0.44748284775189306,0.5046792770618603,0.0014208871093926321
doc11,0.0005172467161897974,0.08102441079154782,0.7971970726771347,0.1212612698151277
doc12,0.014352795327703751,0.5537402262030621,0.06905260265562795,0.3628543758136063
doc13,0.0007174866764219677,0.6081787267526452,0.20064662039435924,0.1904571661765736
doc14,0.2722913150621886,0.0006606897126048875,0.49985461836705997,0.22719337685814647
doc15,0.9972316289672969,0.0009229260728938915,0.0009226931095199863,0.0009227518502893347
doc16,0.9972316289672969,0.0009229260728938915,0.0009226931095199863,0.0009227518502893347
doc17,0.000996731439871281,0.9119263176008812,0.0860805750919982,0.000996375867249541
doc18,0.0010708675707693045,0.7167270694839607,0.0010710344852119227,0.2811310284600581
doc19,0.0003618671812143015,0.08121090898869812,0.20278423603395287,0.7156429877961347
doc20,0.0014006765704409464,0.9957974523118439,0.0014010577076866706,0.0014008134100286413
doc21,0.0005605896234969963,0.7634834641880925,0.16151090205384566,0.07444504413456483
doc22,0.002203504046693792,0.657526730028785,0.3380665786063832,0.0022031873181379415
doc23,0.000727967153243935,0.0007280039897705068,0.00072801058446421,0.9978160182725214
doc24,0.0008520809421894617,0.29875323454352104,0.000852062968655855,0.6995426215456336
doc25,0.010373139003529899,0.14664261051000546,0.42348378251591146,0.4195004679705532
doc26,0.0010268095122569372,0.17833145447555523,0.001027061946928066,0.8196146740652599
doc27,0.02501345163197332,0.055963207056989574,0.7809952048821508,0.13802813642888623
doc28,0.03988966543836134,0.47003146735338674,0.36005602342696175,0.13002284378129025
doc29,0.06452037794995293,0.6667440294232295,0.26789779874601194,0.000837793880805615
doc30,0.001244074784974251,0.23437512387830559,0.09066266253490152,0.6737181388018186
doc31,0.0011575015229420612,0.0011577427759645173,0.3314785059219054,0.666206249779188
doc32,0.000948869171166245,0.6550724294320011,0.13331221238893762,0.2106664890078952
doc33,0.0796265220212287,0.0017128146783400447,0.9169478559295718,0.0017128073708594176
doc34,0.00040591149884618903,0.08794677739947918,0.220258928980088,0.6913883821215866
doc35,0.03889621773804775,0.0014413502543157,0.9582211400840992,0.0014412919235373375
doc36,0.0035214556648601363,0.0035224554665553636,0.643078265805976,0.3498778230626085
doc37,0.00136263142544845,0.6161087679318219,0.3094729209472032,0.07305567969552637
doc38,0.0008592524779855331,0.69291577348967,0.0008593961183196077,0.3053655779140249
doc39,0.0002473148032548463,0.195603421856652,0.2427557842375317,0.5613934791025614
doc40,0.003522828703856361,0.0035219578830574154,0.00352230928842811,0.9894329041246581
doc41,0.3759639741032077,0.0009768305290026383,0.2709258111611208,0.35213338420666895
doc42,0.46280660703036897,0.0011064415650451332,0.5349805174648942,0.0011064339396916795
doc43,0.0018386971325681813,0.0018387788815712282,0.9115966332268722,0.0847258907589884
doc44,0.0012921527396522027,0.679750116319235,0.17577214642215358,0.14318558451895916
doc45,0.0007386446658881625,0.4166817057802849,0.5818408835584226,0.0007387659954045524
doc46,0.001157544751496419,0.28901919301973,0.3373895628633769,0.3724336993653968
doc47,0.001131636565319462,0.001131535502155741,0.08513632755785404,0.9126005003746708
doc48,0.0005171819147728597,0.8378938782148114,0.0005172347227689464,0.16107170514764674
doc49,0.00033522038395864787,0.00033519579086163626,0.15992689281138175,0.8394026910137979
doc50,0.0019845035840994982,0.30668428380606844,0.6893465432711209,0.0019846693387112627
doc51,0.9969812739793913,0.0010063198051324404,0.0010061691035362507,0.0010062371119399975
doc52,0.001016988646688016,0.9969498178527015,0.0010165992756910288,0.0010165942249193947
doc53,0.00267506559883604,0.0026744306731712915,0.08440978539264636,0.9102407183353463
doc54,0.0022031459831183845,0.002203248625340843,0.002203221556866268,0.9933903838346745
doc55,0.0007073502329401279,0.0007074010652071584,0.0007073816450633239,0.9978778670567894
doc56,0.0005669866011912782,0.05966870878089082,0.16133855123009636,0.7784257533878216
doc57,0.0010483835666739434,0.0010485431453056391,0.7347784109209811,0.26312466236703935
doc58,0.0016838309887200135,0.8280955740007944,0.1685366739316886,0.0016839210787969116
doc59,0.0013267596986111076,0.0013266136331090512,0.42702058761860145,0.5703260390496784
doc60,0.021411066870634394,0.6267585136677951,0.20073689659954075,0.15109352286202968
doc61,0.0010594516532366539,0.7776773746704232,0.22020372888570966,0.0010594447906304453
doc62,0.9969812739793913,0.0010063198051324404,0.0010061691035362507,0.0010062371119399975
doc63,0.0011850876758411363,0.9964443328548032,0.001185257489697707,0.0011853219796580253
doc64,0.9969812739793913,0.0010063198051324404,0.0010061691035362507,0.0010062371119399975
doc65,0.14314070503477253,0.4014590960396331,0.0007731005519413638,0.45462709837365306
doc66,0.0007441513765235781,0.061543837976921846,0.0658800186399054,0.8718319920066492
doc67,0.0011318970176974245,0.0011315368477089543,0.0011316634414152479,0.9966049026931785
doc68,0.0006394813144885231,0.18053158966643928,0.14179199774741205,0.6770369312716601
doc69,0.0019086299396412804,0.0019087555804234487,0.9942738067358131,0.0019088077441221055
doc70,0.02318670151570573,0.4661742901968766,0.0011851516373672332,0.5094538566500504
doc71,0.0014838482307927923,0.0014839514452773747,0.0014841162968009137,0.9955480840271289
doc72,0.001602695547760785,0.8186349849429855,0.001603164285861931,0.17815915522339174
doc73,0.0011711000838673265,0.7691726590390036,0.0011712861580026877,0.2284849547191265
doc74,0.0006977208827710255,0.9337470526305839,0.0006974743396768188,0.06485775214696823
doc75,0.044540252076068015,0.4845949477201405,0.47020848624451445,0.0006563139592770027
doc76,0.3298038237513152,0.3829992256370225,0.282040592096092,0.005156358515570225
doc77,0.0015532631767625864,0.051020969635071745,0.8570323788810436,0.09039338830712208
doc78,0.0012139060176405046,0.03826015440336118,0.9593120918589215,0.00121384772007688
doc79,0.0016836756494829816,0.2091038665445638,0.6102400675306384,0.17897239027531478
doc80,0.0012597621647095242,0.14762789594842687,0.6045566807399149,0.2465556611469487
doc81,0.001984395782978806,0.13059097583106205,0.8654401357197057,0.0019844926662535944
doc82,0.01190557555219406,0.01191061734793034,0.964276794801624,0.011907012298251633
doc83,0.09796307058138977,0.0015066626510765234,0.8990238610257136,0.0015064057418198936
doc84,0.0012922364307789912,0.6731811289799442,0.3242342824233725,0.001292352165904216
doc85,0.0008820067023493286,0.04515554336964466,0.0008820404930043243,0.9530804094350017
doc86,0.0015062163133593297,0.5133877550768681,0.48359975330517213,0.0015062753046005072
doc87,0.0015295012911668991,0.47646806480195586,0.15671653024669252,0.36528590366018465
doc88,0.0012922318776259715,0.669591111928578,0.0012923580827335955,0.3278242981110624
doc89,0.11146987587427401,0.38071636950657,0.5026572923880852,0.005156462231070838
doc90,0.000897723784327548,0.139990816633096,0.0008978640436525453,0.8582135955389238
doc91,0.0029945340498699095,0.2860377453962312,0.707972478821984,0.0029952417319150217
doc92,0.001144478211630153,0.09230975368606903,0.37462189465176216,0.5319238734505386
doc93,0.03651622791446664,0.23899875800172538,0.34112162458878625,0.38336338949502174
doc94,0.000810476046092674,0.15439633020180862,0.0008106015752656986,0.843982592176833
doc95,0.0005701947602448681,0.6480646808492272,0.1463749343110216,0.20499019007950628
doc96,0.0005975370860557748,0.0005975129895955946,0.5157688132062227,0.4830361367181259
doc97,0.0011575214976386973,0.8224617196991165,0.09144475159607482,0.08493600720716989
doc98,0.0006083665110267001,0.37712987777728796,0.6216532973541234,0.0006084583575619094
doc99,0.0005015698456237655,0.15640470762278783,0.0876164973414454,0.7554772251901429
doc100,0.0010942745970057533,0.0010943315800371824,0.0010943448996358458,0.9967170489233212
doc101,0.02157336233608838,0.7302076056147419,0.24725170029390914,0.0009673317552606422
doc102,0.0025386638536662805,0.6675722846921365,0.3273503425304052,0.002538708923792067
doc103,0.0005066799865983651,0.591451158444311,0.21482258210594465,0.19321957946314602
doc104,0.001118789970064438,0.3169192391634783,0.001118804902195917,0.6808431659642613
doc105,0.0011711591828960843,0.07989834544274112,0.42205503285205764,0.4968754625223052
doc106,0.0011850839750946712,0.7022644398449642,0.29536526670779106,0.0011852094721500523
doc107,0.0030871281826899168,0.17855050526682206,0.416252288730441,0.402110077820047
doc108,0.0007611640559157927,0.2866923670788405,0.5350349232431296,0.17751154562211394
doc109,0.08044040526456955,0.3518291079057052,0.5628274486365203,0.0049030381932050155
doc110,0.002024945190404956,0.0020249221749228836,0.503323434854473,0.49262669778019924
doc111,0.0018384615490247933,0.38787934294676335,0.5007846588398472,0.10949753666436456
doc112,0.8543082122867934,0.14379354543308834,0.0009491018964999843,0.0009491403836182119
doc113,0.8543082122867934,0.14379354543308834,0.0009491018964999843,0.0009491403836182119
doc114,0.018436369516954557,0.18422192232588136,0.001309101491086452,0.7960326066660777
doc115,0.0006609050761090601,0.0006606502494428529,0.0006606938682791546,0.998017750806169
doc116,0.0015775943771861704,0.0015775267120111615,0.0015776185066859127,0.9952672604041167
doc117,0.0007851286916929213,0.0007851478738372691,0.000785197704952128,0.9976445257295177
doc118,0.0018729471617441125,0.48705290689429936,0.24033000174750335,0.27074414419645315
doc119,0.0008520665799836135,0.0008520237616051216,0.0008520734867791898,0.9974438361716321
doc120,0.10995011527879378,0.3311966933396058,0.45993453005253127,0.09891866132906928
doc121,0.0024160264180805094,0.0024161716149825223,0.0024161139269878807,0.9927516880399491
doc122,0.001326609860857942,0.0013266676600627858,0.2716831480098033,0.725663574469276
doc123,0.001984544677607295,0.0019850082511614106,0.9940459915221398,0.0019844555490916506
doc124,0.00029555497872405743,0.15201205216806443,0.16191950310637507,0.6857728897468364
doc125,0.0022031706457800444,0.5101942712953743,0.48539932297429356,0.0022032350845520585
doc126,0.0011712118895845077,0.9964859682906801,0.0011713813279535703,0.0011714384917816492
doc127,0.0007280078042638368,0.47320951149068596,0.0007279718800266923,0.5253345088250234
doc128,0.05028560836721403,0.30456940984678094,0.054050962719889455,0.5910940190661157
doc129,0.002907256527677795,0.34717120394553325,0.6470136576831991,0.002907881843589935
doc130,0.001712563764724697,0.08523881271597052,0.6802385940551148,0.23281002946418997
doc131,0.0014622916826168757,0.0014624801947724253,0.9956129493427135,0.001462278779897093
doc132,0.00108248735759206,0.35336088301944035,0.150197727178227,0.49535890244474073
doc133,0.0012136745014675028,0.0012137681333228342,0.0012138023527909164,0.9963587550124187
doc134,0.0010165178574169406,0.19966744059374594,0.469908732229509,0.32940730931932816
doc135,0.0007611640559157927,0.2866923670788405,0.5350349232431296,0.17751154562211394
doc136,0.0012756860527643643,0.5554361559338777,0.4420121390360511,0.0012760189773067462
doc137,0.0005639040890817743,0.0005638291532544321,0.8314222667089166,0.16745000004874713
doc138,0.0021103907688991,0.23609456446118016,0.7596848384136144,0.0021102063563062084
doc139,0.11399526103553231,0.003938029989321127,0.4416593254845452,0.4404073834906014
doc140,0.002748035051603713,0.22800313149380294,0.3935294949253815,0.37571933852921174
doc141,0.0023046267990835725,0.7877102212903951,0.002304777390344122,0.2076803745201772
doc142,0.0014622130760334692,0.5613903713327657,0.4356849672827055,0.001462448308495298
doc143,0.0023046267990835725,0.7877102212903951,0.002304777390344122,0.2076803745201772
doc144,0.001049397986452126,0.0010485012258126787,0.3053862748909669,0.6925158258967682
doc145,0.0016559311497762492,0.6713084343518785,0.3253795755301314,0.0016560589682139374
doc146,0.04913012128895013,0.0023590892562006865,0.44805376327222385,0.5004570261826253
doc147,0.001462449578968809,0.239856594531458,0.16804278061570926,0.590638175273864
doc148,0.0034018739099392786,0.5382160355218856,0.003402623403554317,0.4549794671646208
doc149,0.0013628350332484925,0.0013626843861377375,0.053701137896193706,0.94357334268442
doc150,0.001909173479629025,0.0019087935228858746,0.4883644197184335,0.5078176132790516
doc151,0.001838447445799129,0.457312874885911,0.16194221793452845,0.3789064597337614
doc152,0.011778548048414052,0.08947764575181696,0.10233556913029666,0.7964082370694723
doc153,0.0013638165438997945,0.001362662821597787,0.0013626254431760004,0.9959108951913264
doc154,0.0023591105656267804,0.2611844260527796,0.7340972717304599,0.002359191651133751
doc155,0.12809981598010975,0.0005308858689113586,0.0005308916270137282,0.8708384065239653
doc156,0.000345578873154537,0.0003456278106920908,0.00034562004492118834,0.9989631732712321
doc157,0.0016030133271150075,0.5454510006521789,0.3350747991002726,0.11787118692043354
doc158,0.0014210609464411176,0.6386775025791862,0.001420889126854122,0.3584805473475186
doc159,0.13078499535723664,0.23769916258922094,0.22353287340917208,0.40798296864437045
doc160,0.0039374322787399715,0.003938032392980491,0.003938025838972866,0.9881865094893066
doc161,0.0009142073561159665,0.4748878750779705,0.5232836056421948,0.0009143119237188643
doc162,0.0009313445128011772,0.0009313165629243491,0.08957275083292485,0.9085645880913495
doc163,0.0007496966123283792,0.4855509192805005,0.0007498180581710696,0.5129495660489999
doc164,0.0012288715342613338,0.0012289102049980077,0.9963133653599054,0.0012288529008352457
doc165,0.0010374918903808441,0.5643885127305336,0.0010376596538322887,0.43353633572525324
doc166,0.0006436147667165716,0.0006436577328561401,0.35267766002064793,0.6460350674797795
doc167,0.000931283269134738,0.5410099237797291,0.0009313600569435879,0.45712743289419255
doc168,0.0007913089419549897,0.047403815107029804,0.9510135859549487,0.0007912899960665758
doc169,0.9970113354576345,0.0009961979451240963,0.0009962167778676172,0.0009962498193737954
doc170,0.9970113354576345,0.0009961979451240963,0.0009962167778676172,0.0009962498193737954
doc171,0.0014621621750458794,0.061575507792023684,0.7079828603344,0.22897946969853045
doc172,0.005436147091268562,0.22183878944202148,0.7672889379733548,0.0054361254933551805
doc173,0.002024523192421528,0.9939251509191755,0.002025088178281947,0.0020252377101211694
doc174,0.0013630362882754382,0.46753129842780344,0.001362612529084537,0.5297430527548365
doc175,0.08053745466037823,0.529835608545447,0.001984671706922092,0.3876422650872528
doc176,0.0013443120426373232,0.9217979117301355,0.07551345526536933,0.0013443209618578362
doc177,0.0008520665799836135,0.0008520237616051216,0.0008520734867791898,0.9974438361716321
doc178,0.0017128062064532992,0.7106244369542347,0.0017128298116731867,0.2859499270276388
doc179,0.06635858760702731,0.002110430208977939,0.6266495378723155,0.3048814443116793
doc180,0.025105684661930246,0.000359292680513756,0.8900506102185896,0.08448441243896651
doc181,0.000791223818726746,0.5796617231758788,0.41875572646320486,0.0007913265421895823
doc182,0.04880005120150814,0.8859950259560615,0.0011995763763422164,0.06400534646608813
doc183,0.000817234764413303,0.27677517979167987,0.49330192540948165,0.22910566003442523
doc184,0.0008819783678642112,0.000882109164227242,0.24569299981233944,0.7525429126555692
doc185,0.0027474915144903396,0.5449143173087578,0.2742060455608768,0.178132145615875
doc186,0.015041749248243162,0.7114220500773771,0.0003275448886263419,0.27320865578575326
doc187,0.0013264506068364176,0.9960204124772729,0.001326468010981596,0.0013266689049090798
doc188,0.0015294457298242478,0.0015294811638605107,0.9059549667111857,0.0909861063951296
doc189,0.0006436147667165716,0.0006436577328561401,0.35267766002064793,0.6460350674797795
doc190,0.001292317259229194,0.09515336612423304,0.6610283099236052,0.2425260066929326
doc191,0.001259592587901421,0.0012597199502809861,0.3236381420207908,0.6738425454410267
doc192,0.0009399804656244731,0.21636682389596062,0.3865426146630538,0.39615058097536116
doc193,0.0006520437170189571,0.036902166541709726,0.8609919098119777,0.10145387992929361
doc194,0.004465369167938706,0.004465245897910102,0.004465832566990661,0.9866035523671606
doc195,0.0893619898158008,0.002994719494396402,0.9046481983176341,0.0029950923721686956
doc196,0.0025387960259178016,0.0025386090277929193,0.9923835205657432,0.0025390743805460826
doc197,0.08798059047587065,0.0015530793847275198,0.9089130737299491,0.0015532564094526639
doc198,0.001873107429410253,0.6829869971178714,0.313266625347973,0.0018732701047454864
doc199,0.0024760867684060542,0.2015461978897812,0.0024760874049704743,0.7935016279368422
doc200,0.0009580306965195549,0.20481771273553417,0.0009579977778157728,0.7932662587901305
doc201,0.0017733268911326733,0.5807966640970705,0.4156564980975783,0.0017735109142184974
doc202,0.0019456554479475366,0.5630457939741297,0.001945901675156999,0.4330626489027658
doc203,0.0011576037702259495,0.06911157041950101,0.41611037573855103,0.5136204500717221
doc204,0.0007790099674686808,0.0007790148723222404,0.0007790072876827864,0.9976629678725264
doc205,0.0017126525279337207,0.5361113454799932,0.0017128738409899536,0.4604631281510831
doc206,0.011778548048414052,0.08947764575181696,0.10233556913029666,0.7964082370694723
doc207,0.0016290738820578749,0.0016292200981217698,0.0016291875155433832,0.9951125185042771
doc208,0.0020666328478519034,0.9938001885968845,0.0020666699252201016,0.002066508630043567
doc209,0.0005905685622274451,0.8633882418817451,0.13543068804432026,0.000590501511707229
doc210,0.0008173931259198335,0.000817259375853097,0.7756082407255384,0.2227571067726887
doc211,0.004657480499469599,0.9386081925415883,0.00048224366857201083,0.05625208329036999
doc212,0.0008819749854346279,0.021811464063167425,0.0008820995801884244,0.9764244613712094
doc213,0.00031813649105113585,0.5605730354249656,0.2705074669529567,0.16860136113102647
doc214,0.0024764512692746596,0.0024758486936748434,0.0024756490963367115,0.9925720509407138
doc215,0.001059636031201832,0.2999203537245099,0.00105965605788282,0.6979603541864055
doc216,0.0012137628686346106,0.3915796967202765,0.6059926394346273,0.0012139009764615411
doc217,0.0005736792925119166,0.657774206587765,0.0005735542930312611,0.34107855982669183
doc218,0.0007670335742613587,0.06038547479840509,0.0007670386019121752,0.9380804530254213
doc219,0.001602745371288166,0.9951902359770564,0.001603246396565861,0.0016037722550895869
doc220,0.00117117883803226,0.0011713227366221073,0.0011713705217232997,0.9964861279036223
doc221,0.000318127846820878,0.21017862095433162,0.2580526720902208,0.5314505791086266
doc222,0.0010708601287300512,0.0010709104506518824,0.8874999658275053,0.11035826359311277
doc223,0.0006478013672464748,0.9980563753742587,0.0006479222607738389,0.0006479009977208947
doc224,0.0012288715342613338,0.0012289102049980077,0.9963133653599054,0.0012288529008352457
doc225,0.08044040526456955,0.3518291079057052,0.5628274486365203,0.0049030381932050155
doc226,0.9970113354576345,0.0009961979451240963,0.0009962167778676172,0.0009962498193737954
doc227,0.9970113354576345,0.0009961979451240963,0.0009962167778676172,0.0009962498193737954
doc228,0.0009313621362809473,0.363305835286848,0.13691263930135275,0.4988501632755183
doc229,0.0014209131270896294,0.0014209030847360735,0.0726352149540822,0.9245229688340921
doc230,0.0008376115715612343,0.07520219536629377,0.09245545049238131,0.8315047425697636
doc231,0.0004941327328143055,0.0004941876592651829,0.29464979490302884,0.7043618847048916
doc232,0.0012920797478488605,0.9961231923322611,0.0012923432647375555,0.001292384655152551
doc233,0.0014210609464411176,0.6386775025791862,0.001420889126854122,0.3584805473475186
doc234,0.02626955224374918,0.31941865587169493,0.653834099581845,0.00047769230271092923
doc235,0.0008520665799836135,0.0008520237616051216,0.0008520734867791898,0.9974438361716321
doc236,0.0006196613586118575,0.3517527470217267,0.0006197306351169106,0.6470078609845444
doc237,0.0042742198920611525,0.5199076101553516,0.4715440695929683,0.00427410035961899
doc238,0.0007729441686054097,0.05526054882270317,0.9431935613486467,0.0007729456600447468
doc239,0.0023586975191078824,0.3864593571785197,0.6088225752325804,0.002359370069791932
doc240,0.0013264478203237216,0.0013266594669724026,0.5484755102190013,0.4488713824937025
doc241,0.09197490972030295,0.504879226363554,0.2131718298000444,0.18997403411609876
doc242,0.000501613457664475,0.3327771754293034,0.0005016654312053367,0.6662195456818268
doc243,0.000859228577952509,0.0008594078194447552,0.0008592890960191109,0.9974220745065836
doc244,0.0012286850493438755,0.0012287459134992188,0.9963137989813701,0.001228770055786928
doc245,0.00040120245180966983,0.5352452932874133,0.0004010912310645777,0.46395241302971246
doc246,0.0012597652936677775,0.2543412049256978,0.6318522984977633,0.11254673128287125
doc247,0.001006293278903113,0.24256412738581834,0.21996680517403203,0.5364627741612464
doc248,0.001872987652721192,0.5517867625946469,0.4444670846323426,0.00187316512028931
doc249,0.002155664320020276,0.08412403289488077,0.6089848748963916,0.30473542788870733
doc250,0.002747347296810091,0.45669017557547736,0.5378140691256472,0.002748408002065428
doc251,0.0029072940414841112,0.9912768056088368,0.0029078861324909008,0.0029080142171881
doc252,0.12809981598010975,0.0005308858689113586,0.0005308916270137282,0.8708384065239653
doc253,0.0017733268911326733,0.5807966640970705,0.4156564980975783,0.0017735109142184974
doc254,0.001144237130928364,0.9193540331782232,0.07835721714385427,0.0011445125469943408
doc255,0.2019603445649155,0.0046744635637661755,0.30494293810066037,0.48842225377065784
doc256,0.0006519784176693077,0.0006520513452320611,0.0006520603236955645,0.9980439099134031
doc257,0.0009962463427149277,0.6202102937453866,0.000996285075095982,0.3777971748368025
doc258,0.0016560297527789952,0.7557481416839847,0.24093977166121078,0.0016560569020255382
doc259,0.0004990658388066421,0.33179684369702345,0.1845851020391048,0.4831189884250651
doc260,0.002995303623602137,0.0029950365745699827,0.35541408936611396,0.6385955704357139
doc261,0.0007790624932951274,0.7470726335198974,0.08240353434569161,0.16974476964111587
doc262,0.0009227204394135595,0.000922846971109828,0.0009227881040876323,0.997231644485389
doc263,0.0002473148032548463,0.195603421856652,0.2427557842375317,0.5613934791025614
doc264,0.0014839140866799347,0.20275646358207172,0.7942752995809763,0.00148432275027184
doc265,0.0015533596118815617,0.001553213558037513,0.14146611986477595,0.855427306965305
doc266,0.14626251351397737,0.4080737541160883,0.26824837050656747,0.17741536186336673
doc267,0.0012287215620587683,0.3756295565070641,0.6219129220782256,0.0012287998526517667
doc268,0.0011849461837469854,0.0011852464416180664,0.001185203979184986,0.9964446033954499
doc269,0.00034802264620949317,0.3558262833040018,0.24877345129989656,0.3950522427498922
doc270,0.00177338332469752,0.7747100839380632,0.0017736881189253859,0.22174284461831398
doc271,0.0008667370043010342,0.706873767629845,0.2913926417810024,0.0008668535848516017
doc272,0.00215622608122853,0.7908710712480448,0.13002138889387094,0.0769513137768558
doc273,0.001602651979752337,0.9951912668838319,0.0016029697162951927,0.001603111420120584
doc274,0.03586227225339093,0.000749849636890361,0.9626380116146265,0.0007498664950921534
doc275,0.0005869376637177687,0.2475070067821848,0.7513190523380538,0.0005870032160437076
doc276,0.000817105368858502,0.3577754448880118,0.3401435806426528,0.3012638691004769
doc277,0.0003432539421973835,0.15631516412416724,0.14720247752142873,0.6961391044122067
doc278,0.025466845458243625,0.49008265050246536,0.48238373700936354,0.002066767029927478
doc279,0.2019603445649155,0.0046744635637661755,0.30494293810066037,0.48842225377065784
doc280,0.9970113354576345,0.0009961979451240963,0.0009962167778676172,0.0009962498193737954
doc281,0.9970113354576345,0.0009961979451240963,0.0009962167778676172,0.0009962498193737954
doc282,0.003939448556416637,0.1809118164551023,0.003938156368110002,0.811210578620371
doc283,0.0008819749854346279,0.021811464063167425,0.0008820995801884244,0.9764244613712094
doc284,0.0007975796447201664,0.21511792059686194,0.6930900061943667,0.0909944935640513
doc285,0.0009227204394135595,0.000922846971109828,0.0009227881040876323,0.997231644485389
doc286,0.0008591546314917703,0.997422113320449,0.0008593401950903336,0.0008593918529688615
doc287,0.003402283174986578,0.00340287540403396,0.989792383025494,0.0034024583954854848
doc288,0.00030548953835554167,0.15943133944151874,0.0003055158224537882,0.839957655197672
doc289,0.07672827140266328,0.0010165159094716648,0.4905727024631221,0.4316825102247429
doc290,0.0005337328658633239,0.0005337210541358278,0.9043651520631082,0.0945673940168926
doc291,0.0007280586964680466,0.6134448284432308,0.0007280103239191803,0.3850991025363821
doc292,0.00042855582984329175,0.3115547422634326,0.27989530972107146,0.4081213921856528
doc293,0.044221545528761244,0.25935275191459883,0.4023121791725583,0.29411352338408164
doc294,0.00028303390535208765,0.049492365265482195,0.09750880837958434,0.8527157924495814
doc295,0.02563480031780914,0.12179949116104369,0.677080576554912,0.17548513196623514
doc296,0.0007916397412672203,0.25966630011500136,0.000791332786390834,0.7387507273573406
doc297,0.0008519407400060678,0.8137602455297199,0.0008519879365497027,0.18453582579372438
doc298,0.0009059402921838202,0.7603031312155991,0.2378848805817968,0.0009060479104203453
doc299,0.0030868893211382195,0.7909928552723222,0.20283315666453308,0.0030870987420063374
doc300,0.0010268155036379674,0.2288711207153733,0.20682407788271293,0.5632779858982758
doc301,0.0005767939786555417,0.0005768790297087748,0.9982694913444456,0.0005768356471901819
doc302,0.0006878795940828086,0.0006879252337749854,0.997936288195087,0.0006879069770552376
doc303,0.019043646636460815,0.0011711784363948826,0.9786140481636408,0.001171126763503493
doc304,0.0022029594871239514,0.0022032662414976233,0.48419195660726455,0.5114018176641139
doc305,0.0005483477464497851,0.000548523929450267,0.9983547078696013,0.0005484204544985676
doc306,0.0026047531482215488,0.22939923488125935,0.5144345828508436,0.2535614291196755
doc307,0.0003796987383274443,0.2098372773907577,0.4385364901312788,0.35124653373963605
doc308,0.001462194063398891,0.8012139279548653,0.0014623802801205258,0.1958614977016152
doc309,0.002252839218152604,0.08276689258316114,0.14260426963464373,0.7723759985640424
doc310,0.039672980252360664,0.652223509598576,0.0005041603271796342,0.30759934982188375
doc311,0.0007789472645521753,0.0007790600235020259,0.6505353926046605,0.34790660010728525
doc312,0.00040120245180966983,0.5352452932874133,0.0004010912310645777,0.46395241302971246
doc313,0.0003432539421973835,0.15631516412416724,0.14720247752142873,0.6961391044122067
doc314,0.0032898393072838847,0.6951060333937518,0.003290261766216485,0.29831386553274786
doc315,0.00032117503389842507,0.46553407140621283,0.0003212235121267715,0.533823530047762
doc316,0.0004417622435256383,0.592436070819438,0.226521031842339,0.18060113509469727
doc317,0.0005801609059378673,0.004953615125939935,0.5855180664723719,0.4089481574957503
doc318,0.00044569295847072653,0.00044576713282575784,0.7619166892392822,0.23719185066942117
doc319,0.11479917787933384,0.23738612725323313,0.10151133347334487,0.5463033613940882
doc320,0.0010376668016291815,0.2775607257618434,0.0010376535156630703,0.7203639539208643
doc321,0.0009059614379816112,0.5981024855916245,0.0009059740006563085,0.4000855789697376
doc322,0.0004893371786016094,0.26364104096361424,0.26049990670413065,0.4753697151536535
doc323,0.0020245356034810807,0.9939256855280355,0.002024954413245507,0.0020248244552379373
doc324,0.001026950654765064,0.0010271318885959424,0.001026956187005862,0.9969189612696331
doc325,0.001228632023459692,0.8080274021683821,0.001228755364926229,0.18951521044323197
doc326,0.0005638017832228198,0.0005638526874350045,0.8120627123869286,0.18680963314241356
doc327,0.0006650083224246465,0.8468503693260447,0.0006650726804038103,0.15181954967112668
doc328,0.13582384646389925,0.2516276717910467,0.5049506883919973,0.10759779335305676
doc329,0.000817105368858502,0.3577754448880118,0.3401435806426528,0.3012638691004769
doc330,0.06043111811559414,0.0007279652695346376,0.5838953434832014,0.35494557313166997
doc331,0.0008596409294195897,0.8972863819142024,0.10099459536158403,0.0008593817947940129
doc332,0.0004708714764127273,0.6786290031105418,0.3204291814442142,0.000470943968831257
doc333,0.9971795441476885,0.000940083567987523,0.0009401960223868632,0.0009401762619370615
doc334,0.9971795441476885,0.000940083567987523,0.0009401960223868632,0.0009401762619370615
doc335,0.0006084106680003552,0.1503712124363064,0.4938792552271285,0.3551411216685648
doc336,0.00044569295847072653,0.00044576713282575784,0.7619166892392822,0.23719185066942117
doc337,0.0004340922582762243,0.5698279059670405,0.20834103161561512,0.221396970159068
doc338,0.0010593761731222406,0.0010595408156962949,0.00105947454458354,0.996821608466598
doc339,0.00030548953835554167,0.15943133944151874,0.0003055158224537882,0.839957655197672
doc340,0.001629248502791693,0.0016292325529707332,0.822626481180502,0.17411503776373563
doc341,0.07672827140266328,0.0010165159094716648,0.4905727024631221,0.4316825102247429
doc342,0.0011063172810115425,0.9966806436193346,0.0011064583676687592,0.0011065807319851004
doc343,0.0006083450454444999,0.023171380366664152,0.97561184800666,0.0006084265812313814
doc344,0.001838875547775035,0.0018385128957785779,0.7855733839060282,0.2107492276504182
doc345,0.0019460168284305768,0.39741753901174726,0.5986901676534031,0.0019462765064190302
doc346,0.00032117503389842507,0.46553407140621283,0.0003212235121267715,0.533823530047762
doc347,0.000560667904721707,0.0005606696954929835,0.37158691644363273,0.6272917459561526
doc348,0.0007975688863831002,0.6757867440320998,0.32261798371227185,0.0007977033692451852
doc349,0.001742577060818919,0.0017426921033541708,0.2431187810397706,0.7533959497960563
doc350,0.007335216582032826,0.26533993227219166,0.06431273341996356,0.663012117725812
doc351,0.01581759648789261,0.5181015718103222,0.23568871927077356,0.2303921124310116
doc352,0.0013266199972842567,0.29831895188310315,0.0013267379231598185,0.6990276901964527
doc353,0.0020664481790231737,0.99380028951067,0.0020665476022856404,0.002066714708021087
doc354,0.0009142089166216005,0.3482952711381171,0.000914358219519917,0.6498761617257414
doc355,0.0012922661499803257,0.0012922315413146624,0.0012923835207129615,0.9961231187879921
doc356,0.0012922595529408758,0.0012929919176220338,0.996122409042917,0.0012923394865199174
doc357,0.051127248160980444,0.0016031236882140035,0.5411240241541425,0.40614560399666305
doc358,0.04320753518466749,0.000837787631590316,0.9377269397551384,0.018227737428603678
doc359,0.002252423189243288,0.0022527605249123917,0.5781793882630377,0.4173154280228065
doc360,0.0005337328658633239,0.0005337210541358278,0.9043651520631082,0.0945673940168926
doc361,0.0900069690179493,0.001742768954586358,0.9065073974383449,0.0017428645891194206
doc362,0.0005767939786555417,0.0005768790297087748,0.9982694913444456,0.0005768356471901819
doc363,0.001628915303085937,0.22605034139216182,0.7706915116373392,0.0016292316674129746
doc364,0.0005118217698235577,0.41458487122851617,0.0005119372193057125,0.5843913697823544
doc365,0.1302200154653737,0.17134139024886857,0.5331158681669579,0.16532272611879975
doc366,0.0003432539421973835,0.15631516412416724,0.14720247752142873,0.6961391044122067
doc367,0.039672980252360664,0.652223509598576,0.0005041603271796342,0.30759934982188375
doc368,0.0003796987383274443,0.2098372773907577,0.4385364901312788,0.35124653373963605
doc369,0.00215622608122853,0.7908710712480448,0.13002138889387094,0.0769513137768558
doc370,0.02021059927424732,0.22765954276926081,0.0009581523488537592,0.7511717056076381
doc371,0.001602651979752337,0.9951912668838319,0.0016029697162951927,0.001603111420120584
doc372,0.0010593761731222406,0.0010595408156962949,0.00105947454458354,0.996821608466598
doc373,0.002747911295506008,0.00274817961681022,0.8630526812306853,0.13145122785699842
doc374,0.0020662507361613636,0.12070047468238583,0.0020666723295749553,0.8751666022518778
doc375,0.00041260819337278856,0.0004126466330464723,0.028466673304221025,0.9707080718693597
doc376,0.000784999350756357,0.27663433690615313,0.0007851318318245066,0.721795531911266
doc377,0.002674250731573982,0.002675052090984606,0.9919756839423292,0.0026750132351122994
doc378,0.12600828291720764,0.00365019164951331,0.0036503666494903777,0.8666911587837887
doc379,0.000785197582016817,0.3185013758991386,0.05066519144562726,0.6300482350732174
doc380,0.0006606142219718616,0.5024979454273376,0.08681103133759485,0.4100304090130956
doc381,0.0007729130526218971,0.0007730583269604563,0.4925136196561777,0.5059404089642399
doc382,0.0011064171158315706,0.0011065756827102733,0.7531532626527133,0.24463374454874492
doc383,0.0008519043349725753,0.07061038971640314,0.0008519711282637116,0.9276857348203607
doc384,0.0008447155141006428,0.095503777411153,0.2563304044368701,0.6473211026378762
doc385,0.0006477874896618625,0.37016089453199696,0.000647825601336801,0.6285434923770044
doc386,0.0014837872532204204,0.0014839822632867147,0.0014842918559964556,0.9955479386274965
doc387,0.1054187324108802,0.0008520847269827507,0.8928770904784016,0.0008520923837355033
doc388,0.03329644019571601,0.19806481236514856,0.11014275223269006,0.6584959952064455
doc389,0.0032906746255569174,0.2507147482242897,0.7427043790583899,0.003290198091763481
doc390,0.0015777152904724197,0.06307972826489021,0.0015778673599625937,0.9337646890846748
doc391,0.001506671228355079,0.00150641691047695,0.0015064538624275459,0.9954804579987404
doc392,0.8258242074503857,0.0008743932808244806,0.1724269721826395,0.0008744270861503894
doc393,0.8258242074503857,0.0008743932808244806,0.1724269721826395,0.0008744270861503894
doc394,0.0010268054317000039,0.0010269427074784036,0.001026979819266461,0.9969192720415552
doc395,0.0005395158948242507,0.664142223348648,0.07326199945713321,0.26205626129939463
doc396,0.0015777910553857403,0.5264782550095081,0.0015776810990617855,0.47036627283604426
doc397,0.0004708714764127273,0.6786290031105418,0.3204291814442142,0.000470943968831257
doc398,0.0005280503120667501,0.13396788475426616,0.0005280859638496901,0.8649759789698174
doc399,0.0006975704723531067,0.6475695661372138,0.3510352825659392,0.0006975808244938705
doc400,0.001773331569689589,0.15936349149062526,0.8370896295279059,0.0017735474117792378
doc401,0.001529452048161611,0.5291674411811707,0.0015295059564118018,0.4677736008142559
doc402,0.0013095575833296832,0.8091793130161063,0.061525399119830196,0.12798573028073357
doc403,0.002538502743724393,0.31439420950037317,0.10811967920127172,0.5749476085546308
doc404,0.12600828291720764,0.00365019164951331,0.0036503666494903777,0.8666911587837887
doc405,0.0007788854575433973,0.2799183272405656,0.0007790189574813995,0.7185237683444097
doc406,0.0004230774980269267,0.2790322010375611,0.3127902369122985,0.40775448455211355
doc407,0.002358642784052742,0.24943767369571582,0.002358885402043029,0.7458447981181884
doc408,0.06168613042079207,0.00032227482080857204,0.0003222651752211676,0.9376693295831783
doc409,0.00041785146249787356,0.12159394088954134,0.00041783122867637365,0.8775703764192844
doc410,0.0013266199972842567,0.29831895188310315,0.0013267379231598185,0.6990276901964527
doc411,0.0012138135358067232,0.0012138768499552163,0.6604623614616705,0.3371099481525675
doc412,0.001171180062276425,0.0011712619774192667,0.0011713095076371929,0.9964862484526672
doc413,0.0013625672052244378,0.0013628294177167304,0.332110736550564,0.6651638668264948
doc414,0.0009312312062000277,0.0009313198606940454,0.06645516645733583,0.9316822824757701
doc415,0.002110429411640656,0.24526550825054144,0.293353829668706,0.4592702326691119
doc416,0.0013442976529627203,0.729238643689673,0.2680724496606769,0.0013446089966875283
doc417,0.002538349715405852,0.10749496486394257,0.0025387273894903815,0.8874279580311613
doc418,0.001628915303085937,0.22605034139216182,0.7706915116373392,0.0016292316674129746
doc419,0.004465520421356125,0.00446620750961608,0.9866027582288063,0.0044655138402214835
doc420,0.0005767939786555417,0.0005768790297087748,0.9982694913444456,0.0005768356471901819
doc421,0.004465520421356125,0.00446620750961608,0.9866027582288063,0.0044655138402214835
doc422,0.00290740081106557,0.44030018870442245,0.5538843824265903,0.0029080280579217876
doc423,0.0014007235794475435,0.0014010295965453028,0.0014009410068962053,0.9957973058171109
doc424,0.001484190507547785,0.6240059281123479,0.3730258023184262,0.0014840790616780196
doc425,0.0005638017832228198,0.0005638526874350045,0.8120627123869286,0.18680963314241356
doc426,0.0011712829472498864,0.0011712999201530588,0.504227868506532,0.49342954862606514
doc427,0.001144469856927212,0.17059334781253258,0.509890042054314,0.3183721402762262
doc428,0.0011443194137649687,0.996566786321733,0.0011445539242125955,0.0011443403402893407
doc429,0.001441178784581773,0.33623708862820295,0.0014411963676416767,0.6608805362195737
doc430,0.0019460168284305768,0.39741753901174726,0.5986901676534031,0.0019462765064190302
doc431,0.0012286991685774306,0.001228788578226057,0.001228699430557412,0.9963138128226391
doc432,0.0008744420749964252,0.028378738271617077,0.6990667960084849,0.2716800236449016
doc433,0.0013265703959699222,0.36339183786056256,0.0013266830296829349,0.6339549087137846
doc434,0.0007975806103945026,0.43883980143970536,0.1384070588987808,0.42195555905111937
doc435,0.0011710652733177055,0.0011712086265308237,0.0011712749619932207,0.9964864511381583
doc436,0.0008238879185487102,0.4074738334081638,0.10846894368191812,0.48323333499136933
doc437,0.004673500149904877,0.5702639273203101,0.004675214950085381,0.4203873575796996
doc438,0.0016560156588205088,0.2506165194162507,0.001656053643173518,0.7460714112817552
doc439,0.0022525230381806056,0.9932422126942595,0.0022526251321624458,0.00225263913539743
doc440,0.002475560897610173,0.4116426412280855,0.5834061529602951,0.0024756449140091977
doc441,0.0031848316714514183,0.990443877136485,0.0031857811188697903,0.003185510073193786
doc442,0.0006083415752243166,0.10458636926605896,0.770062564727482,0.12474272443123466
doc443,0.0010268959738841288,0.15447292058257092,0.8434732474401327,0.0010269360034122097
doc444,0.996854852049683,0.0010483530645721446,0.0010483762419354207,0.0010484186438094235
doc445,0.996854852049683,0.0010483530645721446,0.0010483762419354207,0.0010484186438094235
doc446,0.000785197582016817,0.3185013758991386,0.05066519144562726,0.6300482350732174
doc447,0.042503937890007025,0.14740231047794755,0.04560114453410622,0.7644926070979391
doc448,0.0015306920616863942,0.13226573073494977,0.0015292394860832816,0.8646743377172806
doc449,0.0016838186356502147,0.0016843205093430439,0.7756790162632621,0.2209528445917447
doc450,0.0006479075801557177,0.0006478359734270456,0.214115966876342,0.7845882895700752
