,topics0,topics1,topics2,topics3
doc0,0.0009143122684471784,0.0009142382680356304,0.0009143338345421134,0.9972571156289751
doc1,0.9988250864809365,0.00039166930546326756,0.00039163308001876213,0.0003916111335814197
doc2,0.5882702375435939,0.0005801942172073937,0.31520031533979803,0.09594925289940076
doc3,0.2961006025710323,0.0018053525871559906,0.7002886843879653,0.0018053604538463782
doc4,0.6889193452044889,0.3040369555704012,0.0035219726625385734,0.0035217265625712944
doc5,0.754461578307746,0.17825143966635545,0.06619271684685919,0.0010942651790394956
doc6,0.0015064428681992978,0.24540795865333495,0.7515792567775226,0.0015063417009433338
doc7,0.27236912166245597,0.000522577877888285,0.717922633658077,0.009185666801578875
doc8,0.6859402828943835,0.21516015034245645,0.0815582414691602,0.017341325293999798
doc9,0.07500326434440081,0.9074528853656988,0.0009490846584455862,0.01659476563145479
doc10,0.0013444477585269792,0.703993828032472,0.24757852720328774,0.04708319700571328
doc11,0.11007517855008794,0.8888957437305071,0.0005145377355657027,0.0005145399838393476
doc12,0.09187562913462237,0.0006355037367724587,0.8733727874658658,0.03411607966273936
doc13,0.44221784536597564,0.5563674046454499,0.0007074348706192658,0.0007073151179552156
doc14,0.07653431126665484,0.6481769206444326,0.04296214758087766,0.23232662050803488
doc15,0.0009143122684471784,0.0009142382680356304,0.0009143338345421134,0.9972571156289751
doc16,0.0009143122684471784,0.0009142382680356304,0.0009143338345421134,0.9972571156289751
doc17,0.49645081693896237,0.0009963571867668553,0.4884667993278613,0.014086026546409534
doc18,0.13786831327892415,0.18896732101447378,0.6720819170022228,0.001082448704379325
doc19,0.7407826786143117,0.2585064131090834,0.00035546806396765046,0.00035544021263715354
doc20,0.0014009727346200797,0.12539485730548589,0.871803489354057,0.0014006806058370425
doc21,0.49508123812694477,0.1593872046381366,0.34496461153374663,0.0005669457011721353
doc22,0.0021558740595499664,0.14640109321042366,0.8492871857040171,0.0021558470260091517
doc23,0.9981746165575982,0.000608462289544318,0.0006084806787459981,0.0006084404741114321
doc24,0.8940513236181158,0.0008744016356575172,0.10419986226151184,0.0008744124847148112
doc25,0.41785528418122403,0.000447764977825279,0.560854660606032,0.020842290234918657
doc26,0.99691905953285,0.0010271149279171322,0.0010270338301772532,0.0010267917090555545
doc27,0.0010485407399546433,0.1837757867464981,0.7927589648050947,0.022416707708452544
doc28,0.4980118432373124,0.39660163783234437,0.07108573113990896,0.03430078779043429
doc29,0.43372611113794446,0.26270719577532636,0.24586430216069036,0.057702390926038793
doc30,0.321900828248149,0.0011851771994322244,0.6300864252883008,0.04682756926411801
doc31,0.7788090944596167,0.17075882340848433,0.04931337610738379,0.0011187060245151732
doc32,0.3143134677406797,0.24067269317692844,0.44406496513481236,0.0009488739475795301
doc33,0.0016838314938698701,0.9116165152730351,0.0016840123654588495,0.08501564086763624
doc34,0.8068789810584573,0.19229230141464088,0.0004143900481197477,0.0004143274787820387
doc35,0.0014207839417366265,0.9957373163623555,0.0014207378402893809,0.0014211618556183548
doc36,0.00352240596715004,0.9894341417214335,0.0035220833039483817,0.003521369007468112
doc37,0.06735094200563649,0.24256643020806942,0.6887383535301536,0.001344274256140614
doc38,0.3612811163677352,0.16449210419413163,0.47335250139301105,0.0008742780451221615
doc39,0.3822198203983153,0.3475201633913393,0.2700186007595658,0.00024141545077962034
doc40,0.41304762759777525,0.0032908208160604313,0.5803713797353052,0.0032901718508591454
doc41,0.0009313832126409733,0.44232285017388956,0.10085427852182205,0.45589148809164737
doc42,0.0009580540652933166,0.6439808506912817,0.0009580909889680733,0.3541030042544567
doc43,0.0018055973542281149,0.8235348511371843,0.1728541245698616,0.0018054269387260326
doc44,0.0011713524743773083,0.0011713144944576522,0.9964862708316887,0.0011710621994762789
doc45,0.0007387175133547993,0.5607771028265546,0.4377455263477457,0.0007386533123448825
doc46,0.7269524759761674,0.270705114320083,0.0011712732075308957,0.001171136496218603
doc47,0.7968175237639588,0.07375952693837716,0.08077025393377303,0.04865269536389114
doc48,0.21843969769435023,0.0005041528418011539,0.7805520068448181,0.0005041426190306329
doc49,0.7894124215514136,0.19513217124412952,0.00034206873809679674,0.015113338466360062
doc50,0.1419339890428166,0.31448470484987945,0.5415566152076785,0.0020246908996254176
doc51,0.000996348479258882,0.000996165252763126,0.0009961344614045989,0.9970113518065733
doc52,0.26855985206839156,0.001016520034680677,0.7075277324879672,0.02289589540896056
doc53,0.6121416468927406,0.07822237157171162,0.21934757273603897,0.09028840879950861
doc54,0.9936691287722046,0.002110243285018937,0.002110291963363472,0.0021103359794130807
doc55,0.8547152726583399,0.0006926924649474081,0.14389936656670227,0.0006926683100104797
doc56,0.8542992016724388,0.1445980453016847,0.0005513814624765017,0.0005513715633999917
doc57,0.0010485126162755104,0.2863383060315111,0.7115647659374682,0.0010484154147452416
doc58,0.0017425114481626396,0.0017424531181541038,0.9947725713562218,0.001742464077461461
doc59,0.5735561529376777,0.4238249832596558,0.0013093994719603828,0.0013094643307060762
doc60,0.30840610747295577,0.21240402017421298,0.4544972585268382,0.024692613825992867
doc61,0.0010594986666301184,0.0010596707898355697,0.996821378416983,0.001059452126551401
doc62,0.000996348479258882,0.000996165252763126,0.0009961344614045989,0.9970113518065733
doc63,0.44807611099673333,0.0011712448156287224,0.5495814018172661,0.0011712423703719188
doc64,0.000996348479258882,0.000996165252763126,0.0009961344614045989,0.9970113518065733
doc65,0.2475896732637713,0.038852284834852965,0.4862744839413996,0.22728355795997607
doc66,0.9977334731941494,0.0007555457570572328,0.000755551094915457,0.0007554299538779449
doc67,0.7526639369371785,0.0010826021766637756,0.24517089505435216,0.0010825658318056306
doc68,0.21038919836494516,0.1252730322553538,0.663694107280083,0.0006436620996179077
doc69,0.0019459173768986173,0.9941623820629372,0.0019459462201332205,0.001945754340031
doc70,0.2845793751101856,0.0011188646403735064,0.6897339532326705,0.024567807016770467
doc71,0.9515592469163405,0.00150641087049784,0.0454281256787147,0.0015062165344469467
doc72,0.3417610046239044,0.0015532977612489679,0.6551326851758279,0.0015530124390185883
doc73,0.15331526576718835,0.001185217592864581,0.8443143981150574,0.0011851185248895999
doc74,0.0006786175006177978,0.0006785388849190976,0.9641789087786843,0.03446393483577892
doc75,0.0006478252118591385,0.4485088812874814,0.5097980878390602,0.041045205661599214
doc76,0.14586003040442935,0.844332768041131,0.0049032591670770415,0.004903942387362451
doc77,0.12643942529178215,0.87040512486332,0.0015777840696879688,0.0015776657752097705
doc78,0.001157599938772736,0.996527173014082,0.0011576063204275908,0.0011576207267175948
doc79,0.21932137006742658,0.6451044289245563,0.13391804348478994,0.0016561575232271304
doc80,0.3259416368784066,0.2345097765542841,0.43822192287038475,0.0013266636969243857
doc81,0.001909357196081225,0.994272945754529,0.0019090864906782382,0.001908610558711509
doc82,0.013517596458235418,0.9594480064823037,0.01351977204608448,0.013514625013376417
doc83,0.0015294143039481377,0.9954115681698252,0.0015294457746437195,0.0015295717515828404
doc84,0.001275907796398849,0.44925264590849934,0.5481957416761042,0.001275704618997627
doc85,0.9975484137896568,0.0008171588540227022,0.0008172487459069772,0.0008171786104136085
doc86,0.0014839655962303048,0.7050956487868267,0.2919365409924781,0.001483844624464708
doc87,0.9270841091945897,0.0697603589049238,0.0015777238871425821,0.0015778080133438022
doc88,0.032426948075825204,0.0012923933573490687,0.9649884387377994,0.0012922198290262808
doc89,0.4238795086525314,0.43773982343778217,0.005156719856094825,0.13322394805359147
doc90,0.3131015402652984,0.0008979278926905789,0.6851027048145959,0.000897827027415165
doc91,0.05586466270271703,0.46894536910773893,0.47271437928507726,0.0024755889044667844
doc92,0.40730077914954654,0.3676144607623217,0.22396585576491493,0.0011189043232170616
doc93,0.3628152594418248,0.26928484577646294,0.3239673061320806,0.04393258864963174
doc94,0.9976446653430908,0.0007851675377950401,0.0007851434275362255,0.0007850236915778787
doc95,0.16552022415421597,0.053364105156517815,0.7805389030263932,0.0005767676628730193
doc96,0.21882042418763706,0.6723149739468083,0.10823704275269143,0.0006275591128630973
doc97,0.08705487958279032,0.06575521349432763,0.8459760043696204,0.0012139025532616767
doc98,0.04833272928062303,0.25337515187006654,0.6976485139685114,0.000643604880799061
doc99,0.2772789064053762,0.03673185852248895,0.6854999193956859,0.0004893156764489366
doc100,0.6118181932674704,0.001094432562823286,0.38599294511051224,0.0010944290591941457
doc101,0.0009961974532797647,0.0826263950754888,0.8951282426470217,0.021249164824209667
doc102,0.0026745827540418997,0.41367643215292654,0.5809746191447402,0.0026743659482913068
doc103,0.19708997335085524,0.0005067565398757371,0.8018965849924377,0.0005066851168314096
doc104,0.5617555818993127,0.0011064785285939747,0.4360315041091616,0.001106435462931788
doc105,0.1691687466468105,0.32504857407360466,0.5047002579628462,0.0010824213167386514
doc106,0.0012139157927585768,0.04223994346469625,0.9553322743271232,0.0012138664154220564
doc107,0.28773153821388536,0.15534158645809784,0.5540194487496151,0.0029074265784019716
doc108,0.5501619865618301,0.4483270316891133,0.0007555556123286888,0.0007554261367280924
doc109,0.005156345304176349,0.9065364186997718,0.005156894631430931,0.08315034136462084
doc110,0.29071578492301553,0.5180607705702408,0.1891984904980926,0.0020249540086511764
doc111,0.12004972388995362,0.2075285641767046,0.6706483981809714,0.0017733137523702543
doc112,0.12475104150673498,0.0009314893835850044,0.0009314343365249139,0.8733860347731551
doc113,0.12475104150673498,0.0009314893835850044,0.0009314343365249139,0.8733860347731551
doc114,0.722936565250779,0.0012921863155738484,0.25571985813776593,0.02005139029588115
doc115,0.9980436453250917,0.000652116104073749,0.0006520301054279495,0.0006522084654065086
doc116,0.995547930806648,0.0014840123365153252,0.001483973105809122,0.0014840837510274982
doc117,0.8851280942125531,0.11330160450606631,0.0007851203619842973,0.0007851809193962533
doc118,0.27659194302877077,0.12356311231238697,0.597936219955476,0.0019087247033661575
doc119,0.8084676202512185,0.11973352705185597,0.0008520242651817318,0.07094682843174378
doc120,0.0019090492443591127,0.47169861660407325,0.36772042163144336,0.15867191252012433
doc121,0.9927518133980958,0.0024161124649644955,0.002416081132552124,0.0024159930043875376
doc122,0.27861780910516387,0.0014207328835397401,0.7185405381351834,0.0014209198761129475
doc123,0.0017423728783245683,0.9947724922852581,0.001742552135792629,0.0017425827006246689
doc124,0.43327503211224033,0.17468422818644846,0.3917469151123133,0.0002938245889978552
doc125,0.002252761934100211,0.17148350336187515,0.8240110546597628,0.002252680044261926
doc126,0.4556054002074106,0.0011712512826788236,0.5420521034942131,0.0011712450156973688
doc127,0.28983699873166807,0.0007442433717799726,0.7086744968883149,0.0007442610082372219
doc128,0.6761066554310164,0.1385797281096103,0.11988373225508275,0.06542988420429051
doc129,0.31595933349508215,0.6774600876569187,0.003290692211290353,0.0032898866367087457
doc130,0.28209214033005137,0.7144827211781395,0.0017125921428030096,0.0017125463490061496
doc131,0.001462248898558484,0.9956132010752975,0.0014622856492271022,0.0014622643769169484
doc132,0.4796179076907548,0.32469397036972264,0.19463970204155198,0.001048419897970644
doc133,0.8743805673357993,0.0011992801527251182,0.12322098690762674,0.001199165603848803
doc134,0.4019912655911305,0.5202622270151196,0.07669804035621675,0.0010484670375332837
doc135,0.5501619865618301,0.4483270316891133,0.0007555556123286888,0.0007554261367280924
doc136,0.14427099822193076,0.6014272876845671,0.25302591182466966,0.0012758022688325063
doc137,0.08828056164219134,0.910735837315286,0.0004917941536762967,0.0004918068888464506
doc138,0.0021558664502267437,0.8522871576155394,0.14340133408699188,0.002155641847241923
doc139,0.3625272133265297,0.6298944033107247,0.0037887298808497913,0.0037896534818959208
doc140,0.3248307726427953,0.5268104165734772,0.14568438626100746,0.002674424522720228
doc141,0.8340980375788355,0.16159058943436613,0.0021558282457020423,0.002155544741096405
doc142,0.0014840326849240304,0.2724391202314689,0.7245928530060776,0.0014839940775295678
doc143,0.8340980375788355,0.16159058943436613,0.0021558282457020423,0.002155544741096405
doc144,0.6157615476777762,0.2982768498792281,0.08491252178169473,0.0010490806613009528
doc145,0.0015530892338624486,0.2709857613913193,0.725908188381341,0.0015529609934772873
doc146,0.5688671380582816,0.38668084362610367,0.002359261381132255,0.04209275693448236
doc147,0.7325776403142149,0.2646590662317281,0.0013815888038175375,0.0013817046502393802
doc148,0.47483376065773103,0.0032907232216556055,0.5185854917050395,0.003290024415573801
doc149,0.7661882927813395,0.12314855154564489,0.0013815968947033348,0.1092815587783123
doc150,0.4086923683029471,0.5878819004747424,0.0017128701170134636,0.0017128611052971837
doc151,0.6706860157558537,0.0018057007829803229,0.3257029879479528,0.0018052955132131438
doc152,0.9866162549622319,0.0008040743604275669,0.0008041233535218434,0.011775547323818622
doc153,0.906404339640167,0.0013626308280870784,0.09086964974245103,0.0013633797892950367
doc154,0.002674326534857951,0.0026747501972874273,0.9919765086959695,0.002674414571885063
doc155,0.42572873367978065,0.0004991241617125793,0.0004991597054846754,0.573272982453022
doc156,0.9990333196895326,0.0003222276481004596,0.0003222373263646917,0.0003222153360023698
doc157,0.001529432314000869,0.001529420184336461,0.9954118214283502,0.0015293260733125844
doc158,0.34354357918985723,0.0014010524112164965,0.6536541413148955,0.001401227084030725
doc159,0.31831938232129603,0.1573768041686105,0.30143028937997873,0.22287352413011474
doc160,0.9881867671584574,0.003938127868582085,0.0039376712194968315,0.0039374337534636965
doc161,0.00096735820892849,0.48688679295618925,0.511178595857355,0.0009672529775272198
doc162,0.0009313956877645875,0.0009313687419200923,0.997205895255439,0.0009313403148763378
doc163,0.7596850393977228,0.000761210957215481,0.23879262533688445,0.0007611243081773536
doc164,0.0011993707518549305,0.9964016956201077,0.0011994957029546267,0.0011994379250826425
doc165,0.7444577451805999,0.0010165959264964366,0.2535092217238225,0.0010164371690810348
doc166,0.5965463342541547,0.4021579919273609,0.000647872395581197,0.0006478014229032006
doc167,0.733193709178616,0.0009313762105396756,0.26494362966129725,0.0009312849495470475
doc168,0.0007730174348066442,0.9976807901962101,0.0007730720831625928,0.0007731202858206002
doc169,0.0009863404923709095,0.0009863859653705211,0.000986300554854958,0.9970409729874037
doc170,0.0009863404923709095,0.0009863859653705211,0.000986300554854958,0.9970409729874037
doc171,0.0015778714569860543,0.001577852268608269,0.995266798106071,0.001577478168334655
doc172,0.005156428248997312,0.9845325786576857,0.005155503122627382,0.0051554899706895444
doc173,0.0019847051259830827,0.13036449573255476,0.8656663238442365,0.001984475297225799
doc174,0.18936375558106866,0.0013626376729027902,0.6851302689456532,0.12414333780037524
doc175,0.5073210191166005,0.0019461994580938667,0.3871679681608359,0.10356481326446969
doc176,0.0014009311873785938,0.0014011465897354296,0.99579703523362,0.0014008869892660225
doc177,0.8084676202512185,0.11973352705185597,0.0008520242651817318,0.07094682843174378
doc178,0.34257323954539387,0.00171293534453636,0.6540010700610243,0.0017127550490454826
doc179,0.624194947677207,0.3090410095837524,0.0021555772290670575,0.06460846550997365
doc180,0.000378325448287509,0.6876678303218284,0.27181719332863774,0.04013665090124628
doc181,0.0007851788138066604,0.5544788678708652,0.44395093324690726,0.0007850200684208442
doc182,0.7963047947426449,0.0012138448264708843,0.20126736458693847,0.0012139958439455806
doc183,0.04864024937500073,0.6818651185862085,0.26872164171380913,0.0007729903249817606
doc184,0.31018196586718233,0.1268498900016875,0.5620938937407655,0.0008742503903645871
doc185,0.002747699643310898,0.0027486148124700968,0.9917561973162202,0.0027474882279988973
doc186,0.704752032136748,0.026815571923780906,0.2524599915890024,0.01597240435046864
doc187,0.12541560711028357,0.001362759660507735,0.8718589181042637,0.001362715124944903
doc188,0.12193211211788574,0.8406730086991459,0.0014841120352028381,0.03591076714776568
doc189,0.5965463342541547,0.4021579919273609,0.000647872395581197,0.0006478014229032006
doc190,0.372630923122863,0.624817418715488,0.001275822828023921,0.0012758353336248356
doc191,0.6702383957887461,0.3271087267833731,0.0013264532819561073,0.0013264241459245922
doc192,0.6403377573619539,0.3577820844072064,0.0009401817398642128,0.0009399764909755575
doc193,0.0006695766161198423,0.8067184830458803,0.19194244199303223,0.0006694983449675719
doc194,0.7743781466754965,0.004465906791444337,0.21669034187158115,0.00446560466147797
doc195,0.0029947808653279138,0.8374024252090754,0.10541496143204071,0.05418783249355602
doc196,0.0026746723472621733,0.991976560627247,0.0026744553616041187,0.0026743116638865603
doc197,0.0014841095651906395,0.9283591692811517,0.001484180956125354,0.06867254019753236
doc198,0.0019460222799425311,0.0019462205109806203,0.9941618181824031,0.0019459390266737132
doc199,0.8386707733981249,0.002605008368949266,0.0026050754567441005,0.15611914277618158
doc200,0.8327516350439269,0.0008820537438057233,0.15148796640076387,0.01487834481150351
doc201,0.14706413346282057,0.002252756329509682,0.8484302197328085,0.002252890474861091
doc202,0.42680167782239453,0.0019089086990044229,0.5693808715654233,0.0019085419131777853
doc203,0.16067260064813366,0.31817844133543904,0.520078126539661,0.0010708314767663397
doc204,0.7282924159305176,0.0007913275727886754,0.15691160007217786,0.1140046564245159
doc205,0.9946797942372398,0.0017734595918785857,0.0017735116682620732,0.0017732345026195255
doc206,0.9866162549622319,0.0008040743604275669,0.0008041233535218434,0.011775547323818622
doc207,0.9954805812541165,0.0015064955129704294,0.0015066793099629658,0.0015062439229500697
doc208,0.0021101641597625104,0.002110139070275241,0.9936694063216165,0.0021102904483457936
doc209,0.24688428518965677,0.05271976242919693,0.6997875318789031,0.0006084205022433042
doc210,0.1562182310902776,0.293437627857962,0.5495399565082104,0.0008041845435500262
doc211,0.0004754247826713773,0.00047536101705146375,0.9228731296117592,0.07617608458851796
doc212,0.9974219735799152,0.0008593507802036315,0.0008593532861345051,0.0008593223537464845
doc213,0.0574799086513945,0.25188332241033257,0.6903165683812666,0.0003202005570063221
doc214,0.7796543015097097,0.002475666698732772,0.002476012831353129,0.21539401896020435
doc215,0.8750686636792555,0.0010825942888865224,0.12276620935666296,0.0010825326751950869
doc216,0.0012597665442294073,0.11828889673539641,0.8791916393192386,0.0012596974011355668
doc217,0.652983359603585,0.0005702880914028035,0.3458759011341106,0.0005704511709015115
doc218,0.791892782422498,0.0006975287829121918,0.2067120916184704,0.0006975971761193388
doc219,0.34480006553867193,0.001742487322124664,0.6517150370214768,0.0017424101177266485
doc220,0.9965666400422077,0.0011445268018404622,0.0011444762813154037,0.0011443568746366056
doc221,0.5872673973812572,0.41214663660130924,0.0002929958512067691,0.00029297016622670827
doc222,0.0010945299814050706,0.9967167448607968,0.0010944177940373373,0.0010943073637607527
doc223,0.19017291000251496,0.0006606752977256398,0.8085058132294387,0.0006606014703205869
doc224,0.0011993707518549305,0.9964016956201077,0.0011994957029546267,0.0011994379250826425
doc225,0.005156345304176349,0.9065364186997718,0.005156894631430931,0.08315034136462084
doc226,0.0009863404923709095,0.0009863859653705211,0.000986300554854958,0.9970409729874037
doc227,0.0009863404923709095,0.0009863859653705211,0.000986300554854958,0.9970409729874037
doc228,0.7811509933955912,0.21705307267158885,0.0008979662424576482,0.0008979676903623531
doc229,0.49400353528701474,0.0013627588036879312,0.5032710619533152,0.0013626439559821274
doc230,0.7673448190441526,0.2310470976472838,0.0008040966060585667,0.0008039867025049796
doc231,0.6377968704122038,0.25092493175071723,0.11079363568524705,0.0004845621518319237
doc232,0.33587617875787046,0.0012923152237144233,0.6615394007579004,0.0012921052605148445
doc233,0.34354357918985723,0.0014010524112164965,0.6536541413148955,0.001401227084030725
doc234,0.00047095958534665793,0.8073847239183638,0.1643195438646452,0.027824772631644373
doc235,0.8084676202512185,0.11973352705185597,0.0008520242651817318,0.07094682843174378
doc236,0.7446201250553832,0.000597503441366542,0.25418481210786875,0.0005975593953813563
doc237,0.004274333733522764,0.6398284194961058,0.35162317272793203,0.004274074042439428
doc238,0.0007554270142794443,0.9977337161873017,0.0007554621825795713,0.0007553946158393254
doc239,0.002203252694534777,0.22724864786377913,0.7683452964047055,0.0022028030369806084
doc240,0.13457138998808124,0.32109875307146524,0.5427766952087412,0.0015531617317122728
doc241,0.7234891749575821,0.17022181112802073,0.0005119390728370548,0.1057770748415601
doc242,0.7923171278599849,0.2067668706066068,0.00045801295253304587,0.0004579885808753361
doc243,0.963980134342473,0.0007975977908064098,0.034424719054237926,0.0007975488124826989
doc244,0.0012440364313558592,0.996268039395182,0.0012439851734667969,0.0012439389999952173
doc245,0.165805670494227,0.0003963027174327669,0.8193920670188286,0.01440595976951174
doc246,0.2150809938496583,0.6010588863529909,0.1826462010245676,0.001213918772783157
doc247,0.737857951598633,0.26012950350903136,0.0010063077831406403,0.0010062371091950908
doc248,0.0018732236140322652,0.5455375713899587,0.45071623901803587,0.0018729659779731058
doc249,0.42806836995219405,0.5677980963920735,0.0020668988001767753,0.0020666348555557503
doc250,0.002604599834513662,0.4493329334569823,0.545458201250462,0.002604265458042124
doc251,0.6734516181749935,0.11297232347745914,0.21097143586525913,0.0026046224822882953
doc252,0.42572873367978065,0.0004991241617125793,0.0004991597054846754,0.573272982453022
doc253,0.14706413346282057,0.002252756329509682,0.8484302197328085,0.002252890474861091
doc254,0.0011443955855659827,0.0011443790217280153,0.9965669970593174,0.0011442283333886487
doc255,0.37690830974664485,0.39516781271112805,0.004903220216294714,0.22302065732593238
doc256,0.998081392576145,0.0006395659957522418,0.000639532717575937,0.0006395087105269001
doc257,0.619382677923659,0.00091435418793785,0.3787886888150481,0.0009142790733552415
doc258,0.0016839996723513892,0.0016840659653634532,0.994947856119414,0.0016840782428712198
doc259,0.6617102019600739,0.031771938117194476,0.3060162773691137,0.0005015825536179396
doc260,0.8567802770936905,0.1374037247542988,0.00290788053970114,0.002908117612309612
doc261,0.7562285309936974,0.000797648045592872,0.24217618749299105,0.0007976334677188333
doc262,0.0008899657324119585,0.0008898811244965977,0.9973302908707208,0.0008898622723707217
doc263,0.3822198203983153,0.3475201633913393,0.2700186007595658,0.00024141545077962034
doc264,0.0014841906283575028,0.3406354127968297,0.656396477153739,0.0014839194210736532
doc265,0.3086202019022047,0.038319632861553994,0.5475726027009747,0.10548756253526662
doc266,0.07572734919699943,0.24478921061729778,0.534457977849147,0.14502546233655586
doc267,0.001400931873124805,0.0014010360622927422,0.9957971175300613,0.001400914534521199
doc268,0.6373557537074876,0.0011852227657871246,0.3602740620548972,0.0011849614718280222
doc269,0.4429608301194465,0.00034685407098415975,0.556345483071044,0.0003468327385253099
doc270,0.18153036129543015,0.0018387449478365165,0.814792365727453,0.0018385280292802842
doc271,0.000874395395326873,0.0008743433406271121,0.9973769753996224,0.0008742858644236206
doc272,0.0021558566997942987,0.002156352493737483,0.9935319961508466,0.00215579465562161
doc273,0.7263709276920971,0.0016028990459438087,0.27042353134388547,0.0016026419180735997
doc274,0.000785131743261825,0.9705783293609458,0.0007851685946095191,0.02785137030118299
doc275,0.00058023457897633,0.8145718218058917,0.18426778894296847,0.000580154672163488
doc276,0.4436710207446838,0.5546946740914032,0.0008172217769934739,0.0008170833869196416
doc277,0.8273514357304074,0.17198262553960014,0.00033296978501026574,0.00033296894498221385
doc278,0.3675499845750684,0.6033307273530609,0.002066838079998586,0.02705244999187222
doc279,0.37690830974664485,0.39516781271112805,0.004903220216294714,0.22302065732593238
doc280,0.0009863404923709095,0.0009863859653705211,0.000986300554854958,0.9970409729874037
doc281,0.0009863404923709095,0.0009863859653705211,0.000986300554854958,0.9970409729874037
doc282,0.5385079925188843,0.003938392325556983,0.33083558413663644,0.1267180310189223
doc283,0.9974219735799152,0.0008593507802036315,0.0008593532861345051,0.0008593223537464845
doc284,0.0008378328844708192,0.23284473707169948,0.765479712716281,0.0008377173275486591
doc285,0.0008899657324119585,0.0008898811244965977,0.9973302908707208,0.0008898622723707217
doc286,0.0008377958748033477,0.041571061408260584,0.9567534992897931,0.0008376434271428805
doc287,0.002748021260970197,0.9917565436940867,0.002747615648078044,0.0027478193968650958
doc288,0.9991106183683961,0.00029647919121463375,0.00029646802439874597,0.0002964344159905094
doc289,0.2808655003113362,0.6408840343681657,0.0009864228026196123,0.07726404251787844
doc290,0.11402928215132528,0.8848974942952447,0.0005366154349526742,0.000536608118477379
doc291,0.35500338582045193,0.0007073875271380364,0.6211693642141539,0.023119862438256325
doc292,0.6783959078946589,0.15766508939545426,0.1547327791522883,0.009206223557598483
doc293,0.23159805304394376,0.4347330931049025,0.2793067066272762,0.054362147223877715
doc294,0.8921069736018313,0.10734406037620416,0.00027448268931373125,0.00027448333265079624
doc295,0.3464523558294433,0.6299092293474242,0.0003420868510913871,0.02329632797204112
doc296,0.936833027332533,0.0007851348915653783,0.061596481868080796,0.0007853559078206956
doc297,0.40653611419489566,0.00083778160215006,0.5917884350468751,0.0008376691560793142
doc298,0.6337512865448016,0.19164486710639103,0.17369792026642214,0.0009059260823850824
doc299,0.003087193249158279,0.2659116426262379,0.7279142333278381,0.003086930796765672
doc300,0.5772062974864436,0.284492595123402,0.13728473225230792,0.0010163751378464495
doc301,0.0005575599403712919,0.8559428468361917,0.14294210979359215,0.0005574834298446804
doc302,0.0007023948249114628,0.9978928179064617,0.000702433020852638,0.0007023542477740066
doc303,0.001185302396437138,0.9964440890679315,0.0011852711371515459,0.0011853373984798746
doc304,0.4206775144441651,0.574604497201332,0.0023591987140711254,0.0023587896404318456
doc305,0.05806030866769367,0.8927922285463848,0.04860504826001134,0.0005424145259101919
doc306,0.4444594900749136,0.5501914278973632,0.002674508634913777,0.0026745733928094963
doc307,0.49527714921547306,0.503960496832649,0.00038121026845831747,0.0003811436834197073
doc308,0.54603755093889,0.001506458248022417,0.45094978177517575,0.001506209037911972
doc309,0.777062152025306,0.0022033225520775757,0.21853139567866844,0.0022031297439479305
doc310,0.6531068731336048,0.0005041551444819269,0.30847144788209013,0.037917523839823046
doc311,0.3085802905915358,0.6897852946988126,0.0008172656107452014,0.0008171490989064199
doc312,0.165805670494227,0.0003963027174327669,0.8193920670188286,0.01440595976951174
doc313,0.8273514357304074,0.17198262553960014,0.00033296978501026574,0.00033296894498221385
doc314,0.11839217954101917,0.003290266537066394,0.8750276485151243,0.0032899054067902517
doc315,0.9257261158214901,0.053749409047776184,0.02020737128516446,0.0003171038455691479
doc316,0.8570615902439623,0.14205088590335033,0.00044379632312969655,0.0004437275295575499
doc317,0.34455499258218825,0.17722765132624851,0.477619787507616,0.0005975685839472487
doc318,0.00045592524915862096,0.12092912813417486,0.8781590945463569,0.0004558520703097158
doc319,0.3827823764586587,0.07727742323614684,0.3689730702588043,0.17096713004639016
doc320,0.8712853228035713,0.001059641033825867,0.1265954204948597,0.0010596156677433195
doc321,0.04361768419194994,0.0008821300408886354,0.9546182023226065,0.0008819834445548963
doc322,0.5127195320135314,0.2720108602681905,0.21478965435656777,0.0004799533617104714
doc323,0.0020667811194381267,0.0020664307558153085,0.9938004013099804,0.0020663868147662145
doc324,0.9968545994692961,0.0010484320884978082,0.0010485150638713753,0.0010484533783345783
doc325,0.0012139717568494135,0.0012137293036247013,0.9963585293262759,0.0012137696132500256
doc326,0.25856709765292807,0.7402988815503814,0.000567021406294034,0.0005669993903964756
doc327,0.47291720452596026,0.0006315111665673817,0.5258198722791456,0.0006314120283268089
doc328,0.0006832895331265982,0.4917505826895211,0.30866682181614735,0.19889930596120495
doc329,0.4436710207446838,0.5546946740914032,0.0008172217769934739,0.0008170833869196416
doc330,0.14138227366433345,0.8170915477421968,0.0006927268598564618,0.040833451733613295
doc331,0.8835351773242964,0.0008744005746556153,0.11471580257115388,0.0008746195298940777
doc332,0.00046437206846113976,0.17962193015000463,0.8194493805294777,0.00046431725205657923
doc333,0.0009400506455157831,0.0009402467783743876,0.0009401197736360299,0.9971795828024738
doc334,0.0009400506455157831,0.0009402467783743876,0.0009401197736360299,0.9971795828024738
doc335,0.29486424652301435,0.5018825243630599,0.20263733138892706,0.0006158977249986625
doc336,0.00045592524915862096,0.12092912813417486,0.8781590945463569,0.0004558520703097158
doc337,0.8666045646212727,0.13252339059285967,0.00043605525147524425,0.0004359895343922745
doc338,0.43702889438857007,0.001048352656913061,0.5608744434584154,0.0010483094961013873
doc339,0.9991106183683961,0.00029647919121463375,0.00029646802439874597,0.0002964344159905094
doc340,0.2928044594950618,0.5384168171662344,0.16712263759637463,0.0016560857423293233
doc341,0.2808655003113362,0.6408840343681657,0.0009864228026196123,0.07726404251787844
doc342,0.001082554669898002,0.0625457825487221,0.935289289341673,0.0010823734397068206
doc343,0.000608485235252658,0.9981746279746176,0.0006085470718105016,0.0006083397183191664
doc344,0.0017735410689091518,0.9946796346491026,0.0017733217191024547,0.001773502562885832
doc345,0.002025117372646087,0.5970315777288506,0.39891853456211207,0.0020247703363910972
doc346,0.9257261158214901,0.053749409047776184,0.02020737128516446,0.0003171038455691479
doc347,0.35476719891149694,0.42231691367480584,0.16988409091663814,0.05303179649705898
doc348,0.0007790145484875553,0.3071670019275565,0.691275053381663,0.0007789301422929649
doc349,0.47266909585014644,0.0019847528973093143,0.5233614593873854,0.0019846918651586646
doc350,0.9100249477685479,0.08128997989838967,0.0003856005405189816,0.008299471792543438
doc351,0.4800472523659624,0.2502229800926049,0.2520003604252565,0.017729407116176318
doc352,0.9961720522601415,0.0012760891984102691,0.0012759040124942652,0.0012759545289538642
doc353,0.0019089877169634303,0.0019088171143789993,0.9942735188430986,0.0019086763255591055
doc354,0.8743841628363758,0.09534567373187348,0.0009401628137937792,0.029330000617956965
doc355,0.996220705065836,0.0012597943126294515,0.0012596720786153853,0.001259828542919153
doc356,0.001259781591404944,0.9962205480927836,0.0012600626888124666,0.0012596076269989329
doc357,0.178364805367725,0.5109965117223281,0.16120276250488963,0.14943592040505727
doc358,0.0007730867098163081,0.9813512943249768,0.0007730053387960456,0.01710261362641094
doc359,0.4600242034260014,0.5348986407026618,0.002538741141770968,0.0025384147295657244
doc360,0.11402928215132528,0.8848974942952447,0.0005366154349526742,0.000536608118477379
doc361,0.001742606574626526,0.9255549124108963,0.0017429311342080042,0.07095954988026922
doc362,0.0005575599403712919,0.8559428468361917,0.14294210979359215,0.0005574834298446804
doc363,0.11324870918501932,0.8834932122403337,0.0016291777975110276,0.0016289007771359317
doc364,0.8643227795954312,0.1346534581953129,0.0005119408735860092,0.0005118213356698306
doc365,0.0029080020376433856,0.6585847766105742,0.25473428038684937,0.08377294096493301
doc366,0.8273514357304074,0.17198262553960014,0.00033296978501026574,0.00033296894498221385
doc367,0.6531068731336048,0.0005041551444819269,0.30847144788209013,0.037917523839823046
doc368,0.49527714921547306,0.503960496832649,0.00038121026845831747,0.0003811436834197073
doc369,0.0021558566997942987,0.002156352493737483,0.9935319961508466,0.00215579465562161
doc370,0.8325446766604775,0.10613502252629736,0.060379796240171986,0.0009405045730531871
doc371,0.7263709276920971,0.0016028990459438087,0.27042353134388547,0.0016026419180735997
doc372,0.43702889438857007,0.001048352656913061,0.5608744434584154,0.0010483094961013873
doc373,0.0028254605651092182,0.24141760201855353,0.7529315060557148,0.0028254313606223356
doc374,0.993800512265374,0.0020666636309757142,0.002066575301280822,0.0020662488023695286
doc375,0.25526512297468157,0.0004059257546483347,0.7439230347801093,0.0004059164905607839
doc376,0.6637137470289215,0.0007612260936256525,0.33476389214111774,0.0007611347363349883
doc377,0.00253897816869493,0.9923836971481991,0.0025389321949675476,0.0025383924881383388
doc378,0.49139993178078367,0.0035223147360307354,0.11795830490248295,0.3871194485807027
doc379,0.4534448798693172,0.1223111506275944,0.4234941737217756,0.0007497957813128683
doc380,0.8758599723727682,0.06706515031623662,0.05642286053681281,0.0006520167741822388
doc381,0.7312685332540508,0.21120907710089573,0.05669167532524048,0.0008307143198128895
doc382,0.0010485828573870127,0.07191944754130963,0.9259834974654679,0.001048472135835474
doc383,0.9973997051180508,0.000866762538384314,0.0008668447453672014,0.0008666875981976552
doc384,0.596781740502978,0.2885742618881798,0.11385265070262598,0.0007913469062162405
doc385,0.9270348266712822,0.07167778381818454,0.0006437283630134401,0.0006436611475197844
doc386,0.9959117696975208,0.0013629961628672648,0.0013626681402293304,0.0013625659993826123
doc387,0.0007442691408342279,0.9182623245031668,0.0007443324568745194,0.08024907389912432
doc388,0.47138713055593134,0.21733810576286747,0.2630547984087347,0.04821996527246643
doc389,0.0034023288057808657,0.989793024811266,0.0034023477623968796,0.0034022986205563973
doc390,0.9954115063983267,0.0015295077525271934,0.0015295892139492843,0.0015293966351968553
doc391,0.7584171666073309,0.16026765327070713,0.0014840562453636325,0.07983112387659828
doc392,0.0008593165861489098,0.14560350375953154,0.0008593421299894195,0.8526778375243301
doc393,0.0008593165861489098,0.14560350375953154,0.0008593421299894195,0.8526778375243301
doc394,0.9976812267630019,0.0007729322195157717,0.0007729613657563623,0.0007728796517260095
doc395,0.580277096149477,0.0005366495535921111,0.4186496412254295,0.0005366130715012111
doc396,0.28641805641172285,0.0015533054696254922,0.7104754560210113,0.0015531820976403415
doc397,0.00046437206846113976,0.17962193015000463,0.8194493805294777,0.00046431725205657923
doc398,0.998448506470221,0.0005171676747065581,0.0005171888500494085,0.0005171370050230672
doc399,0.0006740748059310146,0.40445918935432873,0.5941926675521092,0.0006740682876309503
doc400,0.0018055421077789887,0.8740172430535402,0.12237187334003005,0.0018053414986507802
doc401,0.6793611190045798,0.0014840985190435192,0.31767067332810855,0.0014841091482681932
doc402,0.07170294010358878,0.0012599074020009442,0.9257769659387952,0.0012601865556150496
doc403,0.778411969964059,0.0024761466086734483,0.2166362954754845,0.002475587951782941
doc404,0.49139993178078367,0.0035223147360307354,0.11795830490248295,0.3871194485807027
doc405,0.6581375504258327,0.0007554787907694285,0.3403515852591087,0.0007553855242891916
doc406,0.29674052352903046,0.2105141293985565,0.49231123171586927,0.00043411535654372076
doc407,0.565342156790772,0.002358811298960377,0.42994034498508543,0.0023586869251822065
doc408,0.9333469309043636,0.00032226674153554074,0.01710104207796479,0.049229760276136
doc409,0.8473291852779585,0.07525054356636117,0.00042315417886032403,0.07699711697681988
doc410,0.9961720522601415,0.0012760891984102691,0.0012759040124942652,0.0012759545289538642
doc411,0.42079926870266915,0.4313346107172084,0.1465395577756316,0.001326562804490763
doc412,0.7275187495398554,0.08194910672142312,0.18943781726918066,0.0010943264695408774
doc413,0.6522549032567805,0.34494339382258665,0.0014009778346337689,0.0014007250859988689
doc414,0.7009350005450189,0.0008900084190416933,0.2972851241693769,0.0008898668665624583
doc415,0.7119111706654976,0.2840390845766476,0.002024712538322784,0.002025032219532107
doc416,0.6344960482171703,0.18121718979447024,0.18299451873177874,0.0012922432565806911
doc417,0.992383998207398,0.002538826091446179,0.0025388035503919413,0.002538372150763967
doc418,0.11324870918501932,0.8834932122403337,0.0016291777975110276,0.0016289007771359317
doc419,0.004674221082465497,0.985977227373443,0.004674737771498353,0.004673813772593318
doc420,0.0005575599403712919,0.8559428468361917,0.14294210979359215,0.0005574834298446804
doc421,0.004674221082465497,0.985977227373443,0.004674737771498353,0.004673813772593318
doc422,0.15437773377301245,0.6499346576233052,0.19278021263996933,0.002907395963712938
doc423,0.9957378295445309,0.0014208220776417554,0.0014207339048997762,0.0014206144729274534
doc424,0.0015533602425596977,0.11671538243853972,0.8801779642958201,0.0015532930230806512
doc425,0.25856709765292807,0.7402988815503814,0.000567021406294034,0.0005669993903964756
doc426,0.6924883675901115,0.30505389018340584,0.0012289006267405004,0.0012288415997421948
doc427,0.0011577016987629495,0.0904936207138054,0.9071909558474723,0.0011577217399594262
doc428,0.001157574468205186,0.001157667926230412,0.9965272301274906,0.0011575274780739285
doc429,0.49642053833369415,0.0014411474613209281,0.50069715658067,0.0014411576243147613
doc430,0.002025117372646087,0.5970315777288506,0.39891853456211207,0.0020247703363910972
doc431,0.9662955993111346,0.0012137861841570005,0.03127686501240994,0.0012137494922984323
doc432,0.17277388326608906,0.28243257010049905,0.5438956407857694,0.0008979058476425802
doc433,0.7751788850551529,0.0012441558670304373,0.222332900283064,0.0012440587947525374
doc434,0.2913294326531338,0.0008377338709648905,0.7069948914192894,0.0008379420566119143
doc435,0.9966056268384234,0.0011314517805470115,0.0011315613944021048,0.0011313599866275266
doc436,0.560352768819741,0.0008172019979379144,0.4380129069293853,0.00081712225293562
doc437,0.9859752978030117,0.004676837197995217,0.00467436879957185,0.004673496199421194
doc438,0.6190336355573113,0.0016839610227616956,0.37759843369368085,0.0016839697262460854
doc439,0.0022529183357923714,0.0022527424901772793,0.9932417774484495,0.002252561725580746
doc440,0.0026047066715833007,0.7234650497410614,0.27132572084572726,0.00260452274162811
doc441,0.003185443200264353,0.003185349008680495,0.9904443283646015,0.0031848794264537315
doc442,0.1685802996700886,0.8181055449309401,0.012705803637871698,0.0006083517610995147
doc443,0.001048511381325675,0.8251421776340466,0.1727609276980366,0.001048383286590979
doc444,0.0010376454999495312,0.0010376049769533259,0.0010375028053549154,0.9968872467177423
doc445,0.0010376454999495312,0.0010376049769533259,0.0010375028053549154,0.9968872467177423
doc446,0.4534448798693172,0.1223111506275944,0.4234941737217756,0.0007497957813128683
doc447,0.5689562116828561,0.08915271187542323,0.30329806950962984,0.03859300693209074
doc448,0.9954801232752535,0.0015062124360630097,0.0015065601756400543,0.0015071041130433791
doc449,0.26797930607366355,0.7285952427696141,0.0017127761444314907,0.0017126750122909086
