,topics0,topics1,topics2,topics3,topics4,topics5,topics6,topics7
doc0,0.0008867492672127321,0.0008867061200039505,0.0008866891565013716,0.0008867970039246331,0.0008866762051975666,0.742059538946433,0.000886761475988912,0.25262008182473794
doc1,0.11452974405404726,0.2751897766784473,0.001432968246039419,0.0014330227231505426,0.0014328035265931411,0.27709552248184305,0.16054685526469634,0.16833930702518285
doc2,0.0010124743406005473,0.16075377341528796,0.0010123473655555607,0.036160228221225985,0.0010122970165691446,0.048840827467399574,0.24375596937304736,0.5074520828003138
doc3,0.12788548083759702,0.0007312219887652784,0.0007311457006586428,0.0007312485439282259,0.0007310831639655758,0.46519918225675394,0.0007311904108195567,0.40325944709751166
doc4,0.4944541448750804,0.22753503374677403,0.0018591079912971035,0.001859178079477288,0.0018597099004068114,0.0018591150792378812,0.0018593044302843498,0.26871440589744217
doc5,0.3523189679823889,0.049823316302896645,0.00033705785683968024,0.18123773607808025,0.00033697765151996165,0.3865425034200913,0.0003369928613549635,0.029066447846828363
doc6,0.3537508730208418,0.0005243100935506669,0.0005242301422570399,0.20814169835500287,0.0005241941222252115,0.08199030849183822,0.3540200988876744,0.0005242868866098554
doc7,0.0012080441470490452,0.46557724458592487,0.001207880166745051,0.1748750616823089,0.0012079391791472867,0.353507752283002,0.0012080820003948682,0.0012079959554280122
doc8,0.0010441956603072875,0.0010440096597165186,0.001044110808654732,0.4598842674029411,0.16092389062011264,0.37397128337344504,0.001044107461315412,0.0010441350135072965
doc9,0.14474908671475342,0.16552878751069683,0.0013372626476375524,0.4320350484809847,0.0013373927968703527,0.08497234571282365,0.16870289956222437,0.0013371765740089962
doc10,0.005953826463803711,0.005954337010814051,0.005953386280089582,0.958324381404324,0.005953169712624252,0.0059538232551734575,0.005953585642962296,0.005953490230208767
doc11,0.0009729439574455745,0.04292568042756862,0.0009729949342393865,0.0009729645491434545,0.8972085330376411,0.055000686417633116,0.0009730451648156589,0.0009731515115130386
doc12,0.09821047096680234,0.8285339987418315,0.0009108733181372817,0.0009109963471186114,0.0009112170261706674,0.0009110507394052366,0.03412218422785849,0.035489208632675906
doc13,0.0009729439574455745,0.04292568042756862,0.0009729949342393865,0.0009729645491434545,0.8972085330376411,0.055000686417633116,0.0009730451648156589,0.0009731515115130386
doc14,0.0013740441899352523,0.4494255670292357,0.0013738816225508162,0.0013738828919232272,0.0013738225581710819,0.30179054682018014,0.12495589033799549,0.11833236455000828
doc15,0.0012857777244962435,0.267246742759498,0.0012857064020025983,0.24210995776440503,0.0012857138881228719,0.0012857786116301027,0.0012858659824702334,0.4842144568673749
doc16,0.0008079298541571612,0.18889015106530313,0.0008079286262597719,0.0008080255147843161,0.0008079115430678949,0.8062621921198516,0.0008079957171947287,0.0008078655593813102
doc17,0.3766414721074317,0.0009365793829072785,0.0009365797492164382,0.25554644914005176,0.0009365508831327812,0.16210578755322663,0.0009366192432261769,0.20195996194080723
doc18,0.14711559347948364,0.8240310195998551,0.004808437660382262,0.004809010034300149,0.004809209100464974,0.004809206163412501,0.00480873126275432,0.00480879269934705
doc19,0.0008789354417502256,0.0008790917050134955,0.0008790452114076427,0.24251086195906235,0.0008788949156865303,0.7522151285506538,0.0008790050608656708,0.0008790371555603455
doc20,0.001022801378130279,0.1228620071049419,0.0010228353297333601,0.3440634224158653,0.0010228057210760729,0.15045810893434383,0.0010228412066428574,0.37852517790926643
doc21,0.08069893477535053,0.0005960927457020834,0.10211555693087476,0.14751958314826052,0.02269557504617319,0.04961124019629452,0.054283231404130466,0.542479785753214
doc22,0.44732747869489153,0.13778222132007173,0.0013931004104186762,0.0013933274173028372,0.0013930022893572926,0.0013930899708340739,0.16415991093145083,0.24515786896567296
doc23,0.12569299784274007,0.677292575665575,0.000562742076001914,0.0005625689224862128,0.0005624749317846168,0.0005625778328290194,0.19420153031006615,0.0005625324185170664
doc24,0.4628210093963605,0.04179226873722472,0.0013738942681367397,0.001374080846751934,0.0013740740795564123,0.0013739130128427438,0.3602567096297223,0.12963405002940467
doc25,0.0007207254137582865,0.05786100416572421,0.0007206445847115863,0.19862969015333443,0.0007205871013310338,0.7399060431463239,0.0007206366423520548,0.0007206687924645268
doc26,0.0008280032241634921,0.000828014586273334,0.0008280388285492885,0.9029981943252572,0.0008280128475526506,0.09203357398464944,0.0008281899096060215,0.0008279722939485417
doc27,0.0007827090652903282,0.5730631783715577,0.0007827129196303378,0.1487333753050207,0.038549260199183824,0.23652336757320183,0.0007827044354348498,0.0007826921306804273
doc28,0.001792604787075599,0.0017923888242663013,0.001792370622286485,0.9299968192327,0.0017922962514462532,0.0017924364095722087,0.05924853639972652,0.0017925474729267288
doc29,0.3461814856316204,0.13698121162248655,0.0010778394179632353,0.17698108176358374,0.025154442049723974,0.31146833861467227,0.0010777577090537152,0.0010778431908962647
doc30,0.361065350821451,0.06788321813929613,0.0012534581800005158,0.0012536236208665777,0.0012533117649877236,0.5647842708095965,0.0012534643790819194,0.0012533022847196137
doc31,0.13346090229965749,0.11228987284952446,0.36200028376275395,0.3888524483888071,0.0008491582230331655,0.0008491498098990305,0.0008491390154900827,0.0008490456508347832
doc32,0.0013196031722657797,0.3606781428283094,0.0013195904364951357,0.6314044907665814,0.0013194716209159016,0.0013197530779199783,0.0013195176483698954,0.0013194304491424105
doc33,0.0026461182380175608,0.2670247386520122,0.061364922219297645,0.16376395178710942,0.06637007025170125,0.3155064984705519,0.002646586719032797,0.12067711366227733
doc34,0.04311848911675319,0.9275046101809069,0.00047678012971730515,0.0004767830033188769,0.00047669160415714863,0.0004768063721264911,0.0004768291332764598,0.0269930104597436
doc35,0.0017609434755619852,0.20162011961718207,0.0017611170863920025,0.20971301749009696,0.0017609771533801282,0.46814251684833197,0.0017608759052492344,0.11348043242380557
doc36,0.0010123426181850733,0.0010123364086781544,0.001012322965139189,0.8641546599229161,0.0010124161308691668,0.11503089210430785,0.015752634736507273,0.0010123951133972696
doc37,0.0008014438638676781,0.0008014814622105375,0.0008014794377708087,0.9943897506691528,0.0008013521965956419,0.0008014520913486085,0.0008015544804991924,0.000801485798554589
doc38,0.034231594176938863,0.2210328350187807,0.0005134635780098109,0.7421681574217355,0.0005134298198558277,0.0005135027146859419,0.0005135175236097575,0.0005134997463836749
doc39,0.0011015704485455465,0.0867366861749193,0.1737474217207639,0.48346796206336035,0.0011016480299718653,0.1838404290313135,0.06890265975362657,0.0011016227774989864
doc40,0.021691459223338004,0.00047227901682007217,0.00047224616292305385,0.5913749096594929,0.00047220386934742963,0.022197266097529228,0.2646191229348317,0.09870051303571764
doc41,0.0019308402659920035,0.38808709006145903,0.001931531471142823,0.0019309281917361837,0.0019308480693451373,0.0019307637654366757,0.600327144197074,0.0019308539778142757
doc42,0.2499860427987456,0.09083621890530616,0.0006220086228908988,0.000622065063028787,0.12986809228272433,0.526821502767688,0.000622047615116072,0.0006220219445000562
doc43,0.2967284241167155,0.24246146139968666,0.4106187753335896,0.04755563767304354,0.0006588554245652679,0.0006589440323711231,0.0006589617475244795,0.0006589402725036195
doc44,0.002336913261383743,0.0023370816041991542,0.002336888793598543,0.0023367994180116935,0.002336599265610908,0.35800228861977956,0.0023367636935525825,0.6279766653438639
doc45,0.09103033511254306,0.5911817383008857,0.0010021887358335503,0.11544184954022632,0.0010022856546875757,0.0010023288428529702,0.19833698900490904,0.001002284808061853
doc46,0.2681166813537291,0.2115996198227489,0.001792493671375403,0.0017926101057062788,0.0017922136156181322,0.5113215149266106,0.0017923601794601338,0.0017925063247515225
doc47,0.5439701371432646,0.2519421007394335,0.06649014565140574,0.015887673348122175,0.0004836053259721764,0.12025900060766458,0.0004836807411937841,0.00048365644294338337
doc48,0.09928488047721888,0.0013026644833772174,0.0013025008757611394,0.3509955254549508,0.0013022881482252237,0.15514604700076884,0.31370706217343214,0.07695903138626574
doc49,0.0009921822154071774,0.0009922542102181562,0.0009922310902470606,0.0009923727007245182,0.0009921746990463173,0.2924790990491937,0.000992299472649918,0.7015673865625133
doc50,0.0015204998222126697,0.0015200800458194212,0.5037427625421919,0.0015200190655491298,0.0015201022173633063,0.0015201751221408189,0.0015202573126815867,0.4871361038720412
doc51,0.0017305582168676609,0.4665750103063703,0.0017303681614283264,0.08306167439804571,0.0017305946398250623,0.0017304621880613715,0.001730674851271389,0.4417106572381302
doc52,0.10047892802172627,0.001618529445339876,0.0016184640795362227,0.21928585085509106,0.001618291737710568,0.34468277894934396,0.3290784628812405,0.0016186940300115687
doc53,0.0010441674950850783,0.21725415607453694,0.0010439661082475103,0.0010441191512032709,0.0010438801583590159,0.7137610768974745,0.06376457340425602,0.0010440607108377167
doc54,0.15490919639923958,0.8374749215497985,0.0012692436767596323,0.0012693056206814356,0.0012692120943830069,0.00126947419912744,0.0012692030180410639,0.001269443441969096
doc55,0.0009923805137670928,0.1995023272078439,0.05571563706607219,0.07597560813681188,0.000992224094288253,0.5769561612061214,0.0009922420078754364,0.08887341976721994
doc56,0.49801086075181256,0.10048559332389453,0.003247304221723251,0.003247781989572017,0.0032469605670559323,0.003247396399087617,0.38526644547309263,0.003247657273761545
doc57,0.09518226241514606,0.0006220859554437665,0.0006219948236245956,0.5129500920583328,0.0006219752147330275,0.22964492354569901,0.12451556612727159,0.03584109985974928
doc58,0.0032477321377559396,0.0032477377671956804,0.0032475312363619475,0.00324767744927654,0.003247579818355412,0.4126599381153479,0.003247392693988405,0.5678544107817182
doc59,0.18787453084149727,0.2699822698757444,0.0006298394055392398,0.0006299087995916773,0.0006298701246852974,0.5389938576717894,0.000629832062213907,0.0006298912189385991
doc60,0.0024516943823079448,0.05534796407197543,0.0024515531332813725,0.7309747692585867,0.0024521599141129505,0.0024520736415566393,0.20141851489824844,0.002451270699930435
doc61,0.0006338395418505724,0.0006339269790700809,0.019402190724911724,0.45014647372947436,0.10183686271653941,0.426079008950153,0.0006338560367848741,0.0006338413212160276
doc62,0.0013739495048715438,0.0013739974823978867,0.0013739420927537864,0.8573096900550252,0.0013740770884082,0.0013740006496034652,0.1344464058823594,0.0013739372445804824
doc63,0.0033563743945439484,0.0033564851529482177,0.0033567254302831226,0.33020230329930894,0.13300639784928817,0.0033563429137244034,0.0033570439127378437,0.5200083270471653
doc64,0.0009635824254417786,0.0009636710972397259,0.0009635938364586695,0.0009636952750664316,0.9932541588923409,0.0009635675307455882,0.0009637572422697431,0.0009639737004371976
doc65,0.0014126258887555807,0.4841489509641662,0.0014127401639693505,0.0014126029657519435,0.0014127638377323544,0.5073747968454179,0.0014127583611773132,0.0014127609730295123
doc66,0.0009635824254417786,0.0009636710972397259,0.0009635938364586695,0.0009636952750664316,0.9932541588923409,0.0009635675307455882,0.0009637572422697431,0.0009639737004371976
doc67,0.38923701886298817,0.2833953549072403,0.002451394437135148,0.08180914308856686,0.0024518123662270862,0.23575229457621039,0.00245149157179643,0.002451490189835606
doc68,0.0007531966218492806,0.080912978660823,0.18125919512516503,0.0007532826680973388,0.0007531553624442212,0.5433447640943453,0.19147018055193252,0.0007532469153433614
doc69,0.2185483788425172,0.001139330508803774,0.001139142930637928,0.10806242196858426,0.0011392892388595146,0.5248364417501071,0.0011391882388305835,0.1439958065216596
doc70,0.14777365383353003,0.0007103527466194964,0.0007103878448900938,0.0007104213733976658,0.000710395430400373,0.6347963823445244,0.2138780112452098,0.0007103951814280955
doc71,0.000622023338129821,0.18956444306968306,0.0006220229959255586,0.5920349804577324,0.0006220015066869083,0.0006220969139087492,0.21529047377978103,0.0006219579381525253
doc72,0.19292393262226423,0.0015201643921926866,0.5782348653531781,0.0015199959021512395,0.0015203180919827054,0.001520116855414563,0.0015205195750727816,0.22124008720774369
doc73,0.0008789354417502256,0.0008790917050134955,0.0008790452114076427,0.24251086195906235,0.0008788949156865303,0.7522151285506538,0.0008790050608656708,0.0008790371555603455
doc74,0.005320872767712524,0.005320035642537519,0.005319496489319238,0.005321922137279639,0.005320491783473757,0.005320355917268515,0.9627560018164751,0.005320823445933585
doc75,0.002183797429220841,0.11679488916630018,0.22464394109626862,0.5857008191079667,0.0641247551072879,0.002184019847965298,0.002183998141484389,0.002183780103505992
doc76,0.16372787347251455,0.08643922115252928,0.7167025641024443,0.0006144183429593902,0.0006143065150816176,0.030672838066428166,0.0006143509465679939,0.0006144274014748606
doc77,0.0020083618452946643,0.6462225960364278,0.0020083397337124307,0.002008338656353724,0.0020082561380157815,0.0020088197330607968,0.2209633160429056,0.12277197181422912
doc78,0.0007705905773314075,0.0007706377195406008,0.0007705357824985271,0.287673285521375,0.0007705424522567856,0.5894543218166047,0.11901947908842088,0.0007706070419719722
doc79,0.0770365888690505,0.0015434561288473147,0.0015434772622568487,0.0015434240508973758,0.0015433140567444987,0.0015436710905551547,0.0015434455835671003,0.9137026229580811
doc80,0.001859346320255182,0.5346040341935213,0.4542404774876675,0.0018593959614089848,0.0018590276099610397,0.0018594225578932736,0.001859087945539748,0.0018592079237529822
doc81,0.0017608931605484215,0.00176095417587236,0.37041584640896147,0.0017611183701723256,0.17328883637482997,0.0017609233680890006,0.3825230665117941,0.06672836162973246
doc82,0.0014537218097160159,0.7518023412038997,0.0014537729456758888,0.23947425399128439,0.0014537944017622626,0.0014539565439528061,0.0014537506221477192,0.001454408481561343
doc83,0.0017926540669657345,0.22302804029275858,0.0017925547007586003,0.0017925932546018492,0.0017923245336326041,0.4129511955643894,0.26759195616532105,0.08925868142157209
doc84,0.10235925989121306,0.6677488597045584,0.0004657842279673646,0.00046565942108135186,0.0004655843049251444,0.0004656601409077846,0.2275635569736016,0.0004656353357452849
doc85,0.1841191315552641,0.13711013205962702,0.0008791111318010512,0.5087983445169706,0.000878894052625539,0.1253169064380988,0.0008790629160665838,0.04201841732954634
doc86,0.0008492042246271742,0.6054089210518226,0.20466405440819652,0.05447838192829997,0.0008489631401059815,0.13205235285572062,0.0008490493409468395,0.0008490730502802543
doc87,0.0011795389272855415,0.7289728315751985,0.050367250265718755,0.001179508648232344,0.001179365221971208,0.0011794598747584236,0.21476261736437213,0.0011794281224629139
doc88,0.4040885928113818,0.19584245303920528,0.1963920578361879,0.20052161900029616,0.0007888783705596672,0.0007888609180094246,0.0007887599255591287,0.0007887780988006205
doc89,0.0635736778707977,0.02617993394528501,0.0010895359750767559,0.3916791593716313,0.001089533735954306,0.1554440068728548,0.35985461087007153,0.001089541358328492
doc90,0.25656463114475914,0.4721584921771662,0.0017307200584177906,0.0017304006766918107,0.0017304280678853033,0.001730460815410403,0.1309032584501002,0.13345160860956912
doc91,0.001302426699533789,0.0013024347490071418,0.001302367961188319,0.0013025034775431719,0.0013022109929401566,0.31174560894101744,0.6804400919141064,0.0013023552646635927
doc92,0.0017303789622763281,0.2718944837153103,0.133814344985081,0.5856385764057929,0.0017303520467072816,0.0017307126084773689,0.0017307537046507638,0.0017303975717042586
doc93,0.002513080509345488,0.40611277065432566,0.0025128813605787854,0.21472681201887803,0.0025127484221254296,0.2129890901047705,0.15611924538975544,0.0025133715402206594
doc94,0.0009635913399817991,0.04786547982342382,0.0009636207808500489,0.866316475879493,0.0009635609529021204,0.04365674207316338,0.0009636529069614276,0.038306876243224396
doc95,0.0015926361404073226,0.5119036332082715,0.0015928383973985054,0.001592712576392444,0.0015926954172653044,0.001592543417877389,0.4785403944896326,0.0015925463527549585
doc96,0.1319585246537487,0.0013933452776669038,0.001393139072251388,0.0013931436749617019,0.00139296569722085,0.0013931393706460473,0.3124793343214953,0.548596407932009
doc97,0.0020923146503617103,0.002092758679841009,0.002092315717174003,0.002092509531705932,0.002092588569691846,0.002092476585351435,0.766617646193991,0.22082739007188312
doc98,0.0004932072600559581,0.5458206134458461,0.0004931907994557982,0.2045939450710791,0.0004933102905738665,0.0004932269629241372,0.24711927616882046,0.0004932300012445402
doc99,0.21623209761589768,0.0005383757733773744,0.3134335769579007,0.04812049300325498,0.0005383492922539732,0.0005383928730927672,0.3105896481124437,0.1100090663717787
doc100,0.0022326262306347046,0.20694010224598694,0.002232491922670924,0.0022326776666527276,0.0022324413894228646,0.0022327844950020565,0.20892698186906578,0.572969894180564
doc101,0.0027178711884459426,0.0027182719286542654,0.2602231648592059,0.14608383794994675,0.0027181836029019765,0.5801023834921019,0.00271831781660832,0.002717969162135055
doc102,0.30490804841823627,0.18848872222197738,0.0025779958672411986,0.2169297585512696,0.002577392245537723,0.27936211700508856,0.002577895062227369,0.002578070628422002
doc103,0.0009921822154071774,0.0009922542102181562,0.0009922310902470606,0.0009923727007245182,0.0009921746990463173,0.2924790990491937,0.000992299472649918,0.7015673865625133
doc104,0.0007588839836446696,0.057033337971462934,0.0007589027533518204,0.39894312625951667,0.0007588374579394524,0.4555178439126062,0.0007589177286019143,0.08547014993287617
doc105,0.00295918540110451,0.0029593512896610905,0.0029591063614852644,0.6186616966419394,0.0029588444371619776,0.002958944370299635,0.36358311418204287,0.0029597573163051777
doc106,0.08646198525230156,0.0013930654903571745,0.001393102282999218,0.0013930974376214229,0.0013928611353625276,0.0013931707926879806,0.06064722317768917,0.8459254944309809
doc107,0.20004828659455365,0.27439372955377905,0.00209266222199442,0.0020927379417884887,0.002092409689958519,0.002092611138795816,0.002092633705444638,0.5150949291536855
doc108,0.0010898454765379294,0.10254314099540754,0.001089589562635169,0.0010895357016566215,0.0010894791096646287,0.3604224397812119,0.17473174143784131,0.35794422793504477
doc109,0.05095700432379551,0.5397619340856865,0.1927131914661692,0.0004837131967046649,0.035381012762353954,0.05305606419867834,0.09371516607389735,0.03393191389271443
doc110,0.19171075297255524,0.6110207698513033,0.001165841921047819,0.19143967197530787,0.0011656600123037045,0.0011657376800138163,0.0011658170793097927,0.0011657485081583035
doc111,0.6113943668955479,0.0007103677298641234,0.0007103843950198396,0.037766393464041106,0.0007103416063904237,0.06318792974497438,0.0007104393488156262,0.2848097768153466
doc112,0.0029595094262311306,0.00295901447882831,0.0029589254788115614,0.34520990536591134,0.002958982982438964,0.0029589491161348055,0.6370349378960063,0.0029597752556375983
doc113,0.31028372620131883,0.0012379669162318192,0.0688970689930531,0.0012380171475422893,0.0012378892461208438,0.4252672322397519,0.190600106472249,0.001237992783732278
doc114,0.2587278592052599,0.0009636842614763253,0.0009636047951836874,0.0009637222114874524,0.028613840818456655,0.14047587220683908,0.06295596234831653,0.5063354541529804
doc115,0.001825442485208525,0.3313205487901328,0.001825265870663883,0.1036717255099995,0.0018249553547668353,0.5558816032924694,0.0018251027866956371,0.0018253559100635116
doc116,0.0024516565842967056,0.0024516257333000065,0.0024515285538198902,0.002452106101743766,0.002451935535473992,0.4601661794278571,0.002451872611924832,0.5251230954515838
doc117,0.0005926052349214017,0.7763946385636731,0.0005925304186084329,0.0005926533382296973,0.000592553627147661,0.22004970984972544,0.0005926598472671648,0.0005926491204271986
doc118,0.1338358829206812,0.0003587973794842372,0.00035875631392670777,0.061705271784260884,0.0003587499046792704,0.7436034385114896,0.0003587616109670006,0.059420341574511155
doc119,0.07277885232769746,0.0021375477337803534,0.002137450130930953,0.7418391112610835,0.0021373653294329653,0.17469543763482756,0.0021370854439659763,0.0021371501382811673
doc120,0.0008348669970754286,0.35778124069849265,0.0008350349754841613,0.2944783934296646,0.0008348488416306784,0.0008348987372615251,0.3435658847314692,0.0008348315889217065
doc121,0.0029593587543284843,0.002959300482230359,0.002958930922399343,0.3106939841271674,0.0889154853227648,0.5855941442413579,0.002959388106580281,0.002959408043171231
doc122,0.1385913154028631,0.0024517608685426786,0.0024517314005515125,0.43963115615902193,0.14338659901826836,0.0822569354511162,0.1887787916885594,0.0024517100110768683
doc123,0.0013739495048715438,0.0013739974823978867,0.0013739420927537864,0.8573096900550252,0.0013740770884082,0.0013740006496034652,0.1344464058823594,0.0013739372445804824
doc124,0.3339456380807896,0.025561719756701642,0.00037773101395355946,0.4899276704427575,0.0003777090045300347,0.08670254152136152,0.06272928660949345,0.00037770357041277654
doc125,0.001002354257835491,0.08036422468091652,0.0010021964489755454,0.0010022541618797942,0.9136220259062202,0.0010023010405782323,0.0010022402671734452,0.0010024032364208282
doc126,0.001002354257835491,0.08036422468091652,0.0010021964489755454,0.0010022541618797942,0.9136220259062202,0.0010023010405782323,0.0010022402671734452,0.0010024032364208282
doc127,0.6113943668955479,0.0007103677298641234,0.0007103843950198396,0.037766393464041106,0.0007103416063904237,0.06318792974497438,0.0007104393488156262,0.2848097768153466
doc128,0.33090969096039313,0.0012228812585999272,0.42594470246341554,0.23703145806959558,0.0012227000855889862,0.0012228540943411328,0.0012228704650603859,0.0012228426030052256
doc129,0.0012534926384474676,0.0012535780101906987,0.0012533806301332031,0.0012535139568082023,0.0012534183331902008,0.2567458445708317,0.7357333834567271,0.00125338840367146
doc130,0.27451489758034053,0.10549785665779977,0.0013024631317556847,0.0013023962483715735,0.0282076068413199,0.001302321138799246,0.0013025359019534593,0.5865699224996598
doc131,0.0013930982287827889,0.0013931331702154934,0.0013930025686947312,0.21572850492016257,0.025766339973286444,0.37668080196909426,0.3762520412202106,0.0013930779495529527
doc132,0.0020923264346724944,0.9853535345091704,0.002092199245922868,0.0020921847952761505,0.002092437372580463,0.002092487463114955,0.002092284434350918,0.002092545744911687
doc133,0.001269467047238032,0.44646457033898146,0.08224032679260979,0.09199335960528013,0.0012693970058454704,0.0012694269907858645,0.3742241157370008,0.0012693364822583455
doc134,0.0008789354417502256,0.0008790917050134955,0.0008790452114076427,0.24251086195906235,0.0008788949156865303,0.7522151285506538,0.0008790050608656708,0.0008790371555603455
doc135,0.0010896466505152583,0.0010896166296337285,0.0010896735875886724,0.0010896922190398997,0.0010896377014975112,0.6673046602207026,0.0010895016266081648,0.32615757136441403
doc136,0.0022837512100608377,0.2540314808384253,0.0022839208623481057,0.13032182368718803,0.002283583594531097,0.4685241153843794,0.0022839482370217807,0.1379873761860455
doc137,0.08602028904317494,0.21990398015981602,0.0017608710628946905,0.001761122204869871,0.0017608031934780958,0.0017610349126550206,0.6852707185754574,0.0017611808476540476
doc138,0.0151434351334809,0.39729407357464247,0.00029270799004846125,0.5860992483566847,0.0002926143023349088,0.0002926472721249466,0.00029263832047602035,0.0002926350502077355
doc139,0.0007646862038921285,0.06480378313793836,0.0007647045189148582,0.40251619222638474,0.0007646398873420941,0.44424160308432836,0.0007647191208138544,0.08537967182038551
doc140,0.00035878211265434856,0.0003587517188546664,0.23839919200622323,0.5039487504778413,0.022319876273986305,0.23389710256018492,0.0003587978565845329,0.00035874699367081665
doc141,0.0014330187311221963,0.146340673136743,0.0014328912871398724,0.6897598853115893,0.0014329613830939129,0.15673447955299824,0.0014330891101811323,0.0014330014871325
doc142,0.002009143042250561,0.6290239226659621,0.0020084643348218956,0.0020085121920948965,0.0020082183133345363,0.0020086931227800914,0.35892454114203787,0.0020085051867181443
doc143,0.10235925989121306,0.6677488597045584,0.0004657842279673646,0.00046565942108135186,0.0004655843049251444,0.0004656601409077846,0.2275635569736016,0.0004656353357452849
doc144,0.01980563240450631,0.0019688413633482463,0.001968726212137971,0.9683805529167429,0.001969485585946813,0.001968891740731313,0.00196884303316651,0.0019690267434201484
doc145,0.0009730728648453326,0.26856946481495436,0.0009731747699688946,0.0009730772533363962,0.0009728763751153675,0.3953605084600994,0.33120485456638354,0.0009729708952967943
doc146,0.2791794720969475,0.002646367052066984,0.07418718565044943,0.5030936723138553,0.0026458479274439448,0.0026461824284489902,0.132954553816743,0.0026467187140449587
doc147,0.09412238539620882,0.0012693878220716777,0.07396252991811039,0.3554785453818469,0.0012692794396116397,0.21052511163958515,0.26210340988392006,0.0012693505186453739
doc148,0.0028750467994137266,0.002874684570069651,0.0028741493186794915,0.7753048220326513,0.20744880514607777,0.0028741787632094746,0.0028739667883988544,0.0028743465814996282
doc149,0.13137513266662287,0.404659477327052,0.0017011096136682004,0.4554599562239537,0.0017008205166189217,0.0017012006249602872,0.0017012728071410799,0.0017010302199829048
doc150,0.0010550081328616601,0.0010550679201727223,0.0010550105702443182,0.46997883502152626,0.0010552951794346095,0.19277697828557472,0.3319687996132898,0.0010550052768958278
doc151,0.0023930104876677535,0.0023930147151959365,0.0023926902144214128,0.002392552890970989,0.04926832752989922,0.4112405206699892,0.002392639332916311,0.5275272441589391
doc152,0.0012227907038706721,0.0012227795906721314,0.127901576724903,0.2461270374110537,0.035645839653201256,0.5854343274384801,0.0012228905378284924,0.001222757939990627
doc153,0.0011657601680811435,0.3045706070639791,0.0011657209859528962,0.4894655399047977,0.0011657392162413621,0.08821295805362007,0.11308795045303646,0.0011657241542912052
doc154,0.0023930216890137358,0.00239307680977608,0.2774282861212017,0.642340230863392,0.00239266078989494,0.002392691292041918,0.0023927840231921355,0.06826724841148735
doc155,0.0008420112562588863,0.1815736936124258,0.0008419486499732238,0.0921271618697302,0.0008418874643836987,0.0008420080409694119,0.0008420834774180762,0.7220892056288407
doc156,0.08646198525230156,0.0013930654903571745,0.001393102282999218,0.0013930974376214229,0.0013928611353625276,0.0013931707926879806,0.06064722317768917,0.8459254944309809
doc157,0.20004828659455365,0.27439372955377905,0.00209266222199442,0.0020927379417884887,0.002092409689958519,0.002092611138795816,0.002092633705444638,0.5150949291536855
doc158,0.00161879718830525,0.0016184331341594987,0.0016183767057133837,0.227067427336298,0.001618469009739587,0.0016184535381525375,0.0016184568514536531,0.7632215862361781
doc159,0.38096685747531955,0.002717927149838776,0.0027177896853731393,0.0027186056999469427,0.0027176370552526386,0.6027252854451286,0.002717976280667791,0.002717921208472532
doc160,0.0009921822154071774,0.0009922542102181562,0.0009922310902470606,0.0009923727007245182,0.0009921746990463173,0.2924790990491937,0.000992299472649918,0.7015673865625133
doc161,0.0022325358174827546,0.9843708237411457,0.002232573611361037,0.002232560496597516,0.0022329430043279332,0.002232998187908911,0.0022326584259284173,0.002232906715247751
doc162,0.0023929749742531174,0.6801348164188653,0.0023926855295053396,0.0023930198315604183,0.03285271764994604,0.18912673246264458,0.08831417880868417,0.002392874324541035
doc163,0.0017924648549794723,0.00179254386022763,0.001792508885965589,0.0017925991874265686,0.0017927897123391856,0.08072807101064342,0.3697191327264605,0.5405898897619577
doc164,0.16034313355628785,0.0007103894943895205,0.0007104416822882488,0.043250020195448796,0.011530459682216273,0.0007103644300661485,0.026156085843709792,0.7565891051155935
doc165,0.0010898454765379294,0.10254314099540754,0.001089589562635169,0.0010895357016566215,0.0010894791096646287,0.3604224397812119,0.17473174143784131,0.35794422793504477
doc166,0.31966188159810216,0.39234476343277985,0.0015927961919009717,0.28002980952059614,0.001592644480849226,0.0015927092366314385,0.0015926888475863434,0.0015927066915537838
doc167,0.7262523622426237,0.0017011993672340407,0.0017012340858552357,0.0017012054553577794,0.0017009830374257761,0.2635409318089003,0.0017010457859227418,0.0017010382166804071
doc168,0.1755720395956408,0.228222195945107,0.1652036529018125,0.0010663724395211316,0.00106627991209413,0.0010663158846347025,0.0010663835257682319,0.4267367597954217
doc169,0.0014126482428379705,0.0014127833017273052,0.2374436113275841,0.0014126042518988917,0.0014125297087663358,0.7540803041881888,0.0014127785637127865,0.0014127404152838418
doc170,0.0721716180453229,0.0027940090278240127,0.002793858464096017,0.002793730838889796,0.0027938055161783374,0.0027936719472586302,0.9110645078566445,0.002794798303785751
doc171,0.0010552445335074475,0.0010550972215237575,0.0010551877049274276,0.45388092322225265,0.020408358106530966,0.08683716107914322,0.22827857253652803,0.20742945559558637
doc172,0.0019311265319543114,0.001931074339617411,0.001931063416790924,0.0019312180834947534,0.0019306413403204798,0.0019310995853042484,0.4644889700375774,0.5239248066649406
doc173,0.012823706087252855,0.012823538567352119,0.012829047713746674,0.9102331324950448,0.012822341910531042,0.01282378525890752,0.012821946078600292,0.012822501888564675
doc174,0.002183674223896411,0.002183948445408758,0.002183716723280017,0.7724468156344734,0.002183738734999291,0.21445034984734532,0.002183950385520988,0.002183806005075898
doc175,0.1557629970057577,0.12162637186866566,0.0021371567089759113,0.3501779359157567,0.002137526286696095,0.002137396663309404,0.36388324285313256,0.002137372697705912
doc176,0.0010226416723461062,0.0010225942379039215,0.0010226199913421022,0.0010226432792864967,0.9928416087473281,0.0010226248391656634,0.0010226680568755854,0.0010225991757521302
doc177,0.0008712172439901898,0.7810361597622048,0.0008711952680469265,0.0008712296956793251,0.0008712886243317227,0.0008712887231169086,0.21373634113061377,0.0008712795520163071
doc178,0.0010226416723461062,0.0010225942379039215,0.0010226199913421022,0.0010226432792864967,0.9928416087473281,0.0010226248391656634,0.0010226680568755854,0.0010225991757521302
doc179,0.6154490724235618,0.002050059229176381,0.0020498486666392897,0.29605745129615996,0.002049373452764574,0.002049837292005775,0.0020495701725475233,0.07824478746714474
doc180,0.2828138276579509,0.40144071464820286,0.0007705972230945707,0.000770641950944816,0.0007704577582947817,0.28499909913120497,0.027664049163595463,0.0007706124667118238
doc181,0.2740247628425018,0.01246760245660382,0.0008490657112181191,0.1063340624975972,0.0008489977687394405,0.6037773108206642,0.000849101012834386,0.0008490968898410285
doc182,0.001002256583135251,0.16698622607042393,0.0010022279180632774,0.0010022653984629165,0.0010022169736088606,0.6581855950941944,0.001002323533627665,0.1698168884284837
doc183,0.0029592632075574558,0.979284509693627,0.0029590319419661795,0.0029599063341160772,0.002958819457925088,0.0029595155663446854,0.0029592594154487692,0.0029596943830146843
doc184,0.0010550708300362162,0.7882285112997004,0.03239969739194426,0.0010550837245231791,0.0010549952376642444,0.0010550369585882481,0.17409657671027903,0.0010550278472644331
doc185,0.0012227907038706721,0.0012227795906721314,0.127901576724903,0.2461270374110537,0.035645839653201256,0.5854343274384801,0.0012228905378284924,0.001222757939990627
doc186,0.006332204546911916,0.0063306893289738694,0.006332322654231055,0.9556839405029676,0.00632922743137496,0.006330382577357113,0.006330887587741053,0.00633034537044248
doc187,0.4388344145510426,0.0016452623614477949,0.00164495949001444,0.0016451265291431503,0.0016454747066184843,0.19168166333547662,0.36125777304960827,0.001645325976648565
doc188,0.002283675839597463,0.0022836425117678002,0.6833027964525122,0.0022836712281967125,0.002283477195007035,0.2575197740688945,0.04775895149039062,0.0022840112136336055
doc189,0.0007476317863339422,0.09206555434906412,0.7832364950846735,0.0007476268499904611,0.0007476353120260126,0.0007475851158009136,0.0007475712496125798,0.12095990025249845
doc190,0.0042023507437556114,0.004203152158896446,0.004202333230930424,0.004202498866995355,0.00420245367963783,0.19827301027095864,0.004202515454678564,0.7765116855941472
doc191,0.0005161302681483673,0.0005161567351662686,0.057721258583039864,0.2378469921118974,0.0005160505160505687,0.53637685237037,0.06799215750194332,0.09851440191338412
doc192,0.0013554042916035297,0.5029011150631312,0.4889664637528234,0.0013555058406005125,0.0013554790823500848,0.0013553648073958025,0.0013553537182956741,0.0013553134437998386
doc193,0.05782182664960029,0.6603204850449633,0.00040204684895683715,0.11970168609574834,0.056452753538935,0.10449713065692598,0.00040204375823017525,0.00040202740663997663
doc194,0.001269278990370194,0.0012692670647638034,0.0012692395669693767,0.15055302114970212,0.001269303208029976,0.0012692887497434673,0.46540731380273187,0.37769328746768915
doc195,0.10235925989121306,0.6677488597045584,0.0004657842279673646,0.00046565942108135186,0.0004655843049251444,0.0004656601409077846,0.2275635569736016,0.0004656353357452849
doc196,0.08736982877241237,0.0014751563711813192,0.6764775838046925,0.22877600448968322,0.0014753168834603706,0.0014752998649183984,0.001475362474670557,0.001475447338981331
doc197,0.0017009884409338416,0.273957619826986,0.0017010317120146727,0.6423897318068789,0.0017010707543708146,0.0017009462817299422,0.07514761396686384,0.0017009972102218077
doc198,0.0011658558460079153,0.0011657982591025144,0.0011657079612562022,0.23262562733713227,0.001165761672165505,0.5884888803825261,0.17305643978966145,0.0011659287521479256
doc199,0.001645033976505113,0.3492716680923844,0.001645136249724173,0.06787337911855239,0.0016448645849088408,0.001645523269338905,0.5746291047996421,0.0016452899089439705
doc200,0.44421876901348994,0.002008354911993276,0.0020087470849417754,0.002008710936804603,0.0020081869920877916,0.2737541698895812,0.06391202774566106,0.21008103342544027
doc201,0.0010442586640820475,0.056039781738970576,0.0010440016930691547,0.5873284265298915,0.0010442161407067233,0.001043996154725467,0.3514111280160495,0.0010441910625050206
doc202,0.0010663510153101478,0.27817513653944725,0.07960467276942249,0.2542865658360315,0.0010661424853271562,0.0010663708351994507,0.3836684915995145,0.0010662689197475116
doc203,0.0019689562444139682,0.33415158737305556,0.0019689083179872213,0.6540345903898029,0.001968907764387315,0.00196909438061873,0.001968965705752087,0.001968989823982196
doc204,0.001520201633108941,0.17363654147903654,0.6613066635644578,0.0015201232473952629,0.0015199511397080714,0.15745621783595123,0.0015201950956082713,0.001520106004733858
doc205,0.06482038669750016,0.0011525206674507249,0.0011522423002241439,0.0011522509561357926,0.00115236523626999,0.0011524829903617091,0.6289151539978058,0.3005025971542516
doc206,0.0021374294163600265,0.4281706064804614,0.0021373544754821052,0.21000503530073164,0.002137409625385294,0.06457073776689053,0.2887040461717917,0.00213738076289721
doc207,0.05782182664960029,0.6603204850449633,0.00040204684895683715,0.11970168609574834,0.056452753538935,0.10449713065692598,0.00040204375823017525,0.00040202740663997663
doc208,0.291643309108706,0.6943347377996485,0.0023370937798247175,0.002336870082171897,0.0023367587053843646,0.0023371841375547844,0.0023369906835857836,0.0023370557031238788
doc209,0.0017012214519473525,0.0017011150148599262,0.001701147096334256,0.182858764965583,0.0017009292061865963,0.4444840213316451,0.2864528633935792,0.07939993753986441
doc210,0.26625361902025485,0.11645963162575954,0.0024513537439039,0.0024517004182939756,0.0024510931259849942,0.0024513626750676844,0.6050299278474516,0.002451311543283298
doc211,0.0029595094262311306,0.00295901447882831,0.0029589254788115614,0.34520990536591134,0.002958982982438964,0.0029589491161348055,0.6370349378960063,0.0029597752556375983
doc212,0.0005926052349214017,0.7763946385636731,0.0005925304186084329,0.0005926533382296973,0.000592553627147661,0.22004970984972544,0.0005926598472671648,0.0005926491204271986
doc213,0.1610336472307711,0.0007206263598797944,0.0007206792173495526,0.04791350041505269,0.011783601241785596,0.0007206006491920985,0.025984538354627183,0.751122806531342
doc214,0.0023371232789290053,0.2610747442868673,0.002337271558200633,0.12353893079503446,0.002336948587077361,0.47621418645496305,0.002337301902010092,0.12982349313691818
doc215,0.4522676531162742,0.0007532333472509856,0.0007532256102980277,0.0007532237056063599,0.0007532454582129378,0.24922128345176614,0.29474486820811435,0.0007532671024769428
doc216,0.00218378440934417,0.9847121418849919,0.0021838222605621038,0.0021838120933912104,0.002184171175860765,0.0021842167927534455,0.0021839106886694212,0.0021841406944267737
doc217,0.2435146313853646,0.0006379019061187253,0.0006379813410043049,0.19955874202067497,0.0006379037782672756,0.0006378796260458526,0.394374213290263,0.16000074665226133
doc218,0.091863137577271,0.6036175532867142,0.0024515363819841286,0.002451441809484661,0.0024515713231986302,0.0024517003775949868,0.12027798569992715,0.1744350735438252
doc219,0.0012535020543410697,0.0012534907157659523,0.0012535419408002955,0.06491225584180876,0.0012532583635977976,0.31085658880546235,0.6179640399855036,0.0012533222927201336
doc220,0.004587765291350395,0.4388744316585647,0.004587851285789428,0.004588787870204402,0.004589194973188365,0.004588944420581413,0.5335942936734441,0.004588730826877227
doc221,0.29211117084373295,0.317455088194138,0.0015435241009483457,0.0015435015303309444,0.0015434735598883432,0.21702727780643333,0.16723228052641917,0.001543683438109028
doc222,0.0029591790154544035,0.9098543965090615,0.0029589576446816044,0.0029593202955852807,0.0029588090794096934,0.0029589750512911427,0.002959322806970419,0.07239103959754602
doc223,0.001475408198295189,0.28522637429301645,0.293485633801276,0.0014753475111247006,0.0014753664943437277,0.0014753417398199176,0.4139112270925742,0.0014753008695498491
doc224,0.1201044406805801,0.0005188332890954268,0.0005187973420336428,0.000518776688855029,0.0005187192860940642,0.8767828862512587,0.0005187899214437744,0.0005187565406392481
doc225,0.1478425827597734,0.0010895885694811303,0.14061311120815564,0.0010895656492666674,0.0010894619785365386,0.7060964682240599,0.001089519194326784,0.001089702416399868
doc226,0.2724588707385794,0.2808991017006213,0.0009027201362938965,0.0009027859736886456,0.0009026943613339992,0.0009028231481204094,0.4421282060089129,0.0009027979324493852
doc227,0.00033475850458210884,0.17191618015572424,0.00033475732299486716,0.0003347688640470565,0.00033470806484709636,0.8260752179951416,0.00033485228386359497,0.00033475680879944134
doc228,0.0029592632075574558,0.979284509693627,0.0029590319419661795,0.0029599063341160772,0.002958819457925088,0.0029595155663446854,0.0029592594154487692,0.0029596943830146843
doc229,0.0013195177712611243,0.0013197669737807615,0.0013195048567396736,0.9146291241522685,0.07745326691824546,0.0013195290507411791,0.0013197910058740082,0.0013194992710892776
