,topics0,topics1,topics2,topics3
doc0,0.6718520172812398,0.32641451986353653,0.0008666905560722583,0.0008667722991515236
doc1,0.6733294177371554,0.3237880128015043,0.0014411395214307442,0.0014414299399096197
doc2,0.20068831407654894,0.7188893418606895,0.0009489389871865566,0.07947340507557489
doc3,0.4797479827767419,0.5187854455699578,0.0007332183935988998,0.0007333532597015259
doc4,0.10506101553756238,0.8911925575015435,0.0018732881735797741,0.0018731387873144525
doc5,0.7001653652503896,0.05045886958725529,0.0003432130586426377,0.24903255210371236
doc6,0.1943512081939047,0.11987784013487202,0.0005225378728144185,0.6852484137984088
doc7,0.8438685824429094,0.0012138486355719093,0.001213803271391828,0.15370376565012672
doc8,0.1989134754475237,0.0010376645303534356,0.15334415079579977,0.646704709226323
doc9,0.4019262200572042,0.0013627528729702586,0.0013627471927726662,0.595348279877053
doc10,0.006099327668897471,0.006098825216107172,0.006098338689728901,0.9817035084252664
doc11,0.09260410058311318,0.0009674153385549256,0.905461111445818,0.0009673726325139263
doc12,0.8655445976942835,0.05739080335551095,0.000914251731846781,0.07615034721835871
doc13,0.09260410058311318,0.0009674153385549256,0.905461111445818,0.0009673726325139263
doc14,0.8100178286487879,0.18721906362437396,0.0013814812393486639,0.0013816264874894867
doc15,0.19665051325779195,0.6768896605441022,0.0012758669934042402,0.12518395920470163
doc16,0.9554496420574119,0.0008105269820860629,0.0008105727713283756,0.04292925818917357
doc17,0.1761244611958693,0.5302294512091557,0.0009400535963457127,0.29270603399862927
doc18,0.9852897859885789,0.004903077549028306,0.0049039981143426505,0.004903138348050215
doc19,0.6871642172013358,0.0008593272479090264,0.000859280418618232,0.3111171751321369
doc20,0.2116833509670409,0.3955479844190861,0.0010709838166732,0.3916976807971997
doc21,0.0006084675776335927,0.7519879610495138,0.02359728394019427,0.22380628743265826
doc22,0.2156765013028026,0.6480082910144416,0.001381444336516874,0.1349337633462389
doc23,0.7088820192648497,0.07606276303023975,0.0005834879166608775,0.21447172978824974
doc24,0.0013446002156429749,0.6962386794225094,0.0013445146157506937,0.301072205746097
doc25,0.8074725713477833,0.0007073742542840533,0.0007073352170887597,0.19111271918084402
doc26,0.0009060926897240974,0.0009060282790765861,0.0009060074994360567,0.9972818715317633
doc27,0.8558647479312339,0.0008040613384184328,0.04047469031045786,0.10285650041988974
doc28,0.00194587525304883,0.0019460572577947163,0.0019457242104486663,0.9941623432787078
doc29,0.5613867672326557,0.16964009833989868,0.02407221457356422,0.24490091985388146
doc30,0.9439003378619818,0.0012599390638823986,0.0012595804064938429,0.053580142667641946
doc31,0.5515253799664213,0.0008520272827561937,0.0008519941859745688,0.4467705985648479
doc32,0.32786408678704193,0.001259648438264748,0.001259633457510112,0.6696166313171832
doc33,0.6088963054489585,0.15564945064417943,0.04127008243512856,0.19418416147173356
doc34,0.9512451709259554,0.04780856981540383,0.000473084000164477,0.000473175258476395
doc35,0.7835657324190624,0.0018056817562696842,0.0018056278397169101,0.212822957984951
doc36,0.001026940840069475,0.0010268875216505975,0.0010268680654058864,0.9969193035728741
doc37,0.0008040064213247791,0.0008040303993195322,0.000803927092637697,0.997588036086718
doc38,0.22229795505184208,0.0005171825257179198,0.0005171356879031598,0.7766677267345369
doc39,0.29906595986894,0.0011577213106325399,0.0011576984891533948,0.6986186203312741
doc40,0.00047999719158463934,0.18289296955356696,0.0004799023536779914,0.8161471309011704
doc41,0.4280752835879496,0.0019088728709611936,0.0019086493498950846,0.5681071941911942
doc42,0.7208080751720368,0.0006315067152319603,0.13766344694310007,0.14089697116963124
doc43,0.48027287576241384,0.23323640148105174,0.14226642456423716,0.14422429819229726
doc44,0.42880981205857854,0.5668787974182641,0.0021559474629559068,0.0021554430602014635
doc45,0.7222945377311197,0.0009963265903202942,0.0009962656037968167,0.2757128700747631
doc46,0.994583341431185,0.0018058498126469797,0.0018051668466349587,0.0018056419095330131
doc47,0.5879006651682009,0.28856286765634226,0.021969641084836636,0.10156682609062016
doc48,0.1791143378542517,0.23762932904428252,0.0013090888317098621,0.581947244269756
doc49,0.000996361917410781,0.8094049001988545,0.0009961520898899294,0.18860258579384467
doc50,0.0016561427504847546,0.8743810416072411,0.12230682608683256,0.0016559895554414965
doc51,0.4822372625662435,0.5142153414715341,0.0017736952624187094,0.0017737006998036382
doc52,0.2108720669785083,0.4082244825778938,0.0016288446193895895,0.3792746058242083
doc53,0.9155672018820125,0.0010375839240873864,0.0010373818595404382,0.08235783233435964
doc54,0.9962678381054233,0.001244175463202115,0.0012439702330720997,0.001244016198302646
doc55,0.9045621603106214,0.09344520078305572,0.0009962289011100037,0.0009964100052127665
doc56,0.00329060141987859,0.8058641928831662,0.003289682933209535,0.1875555227637455
doc57,0.1363912669160254,0.12237802190064842,0.0006235204371221038,0.7406071907462042
doc58,0.11738933688682346,0.877261666057648,0.0026745541392698335,0.002674442916258729
doc59,0.9980437697905223,0.0006520927665022567,0.0006520338589491437,0.0006521035840261395
doc60,0.0024765207993036158,0.0024757817942917316,0.0024762343644062477,0.9925714630419985
doc61,0.3393271156870843,0.0006314586435920079,0.10783676341219009,0.5522046622571336
doc62,0.00134438978818828,0.001344404445318404,0.0013444319826761615,0.995966773783817
doc63,0.003402169173584185,0.45346918030580846,0.11604652552021186,0.42708212500039544
doc64,0.0009490324498858852,0.000949230493694058,0.9971526205140316,0.0009491165423884769
doc65,0.9956764764539955,0.0014411663268472346,0.0014412460766288838,0.0014411111425284649
doc66,0.0009490324498858852,0.000949230493694058,0.9971526205140316,0.0009491165423884769
doc67,0.9923834246066934,0.0025389282087943032,0.0025388061545290816,0.002538841029983342
doc68,0.9579483749084369,0.0007612725184743956,0.0007611855393108775,0.04052916703377778
doc69,0.5278093524036906,0.4196067045683684,0.0011713058651688635,0.05141263716277215
doc70,0.6693575270461624,0.027489964916894743,0.0007174949096943785,0.3024350131272484
doc71,0.12798715302831004,0.0006314012107417041,0.0006314110263804735,0.8707500347345678
doc72,0.1138166534174561,0.8104356548742778,0.0741701002474568,0.0015775914608094166
doc73,0.6871642172013358,0.0008593272479090264,0.000859280418618232,0.3111171751321369
doc74,0.005435789816204215,0.005436260152097377,0.00543618217261773,0.9836917678590806
doc75,0.26663884953420514,0.0022032125530145044,0.058217366930215515,0.6729405709825649
doc76,0.6142118014578076,0.13934251995767868,0.24583349407139674,0.0006121845131168413
doc77,0.7585568433214791,0.23755119404625646,0.0019458531438224132,0.0019461094884421048
doc78,0.5368517205783147,0.00077900712980468,0.0007789528371740277,0.4615903194547067
doc79,0.0015776068096996158,0.9952674106637401,0.0015774410220304046,0.0015775415045298205
doc80,0.8154112474721353,0.0018389449321752527,0.18091093005879783,0.0018388775368915339
doc81,0.001773500244728555,0.2455946015697185,0.30457207700222877,0.4480598211833242
doc82,0.8131617197505715,0.0014412362331032685,0.0014413308354311843,0.18395571318089407
doc83,0.6895321947404495,0.08974680920712877,0.0017423542007077204,0.2189786418517139
doc84,0.6868280117632979,0.06956682369604934,0.0004868991172046696,0.24311826542344817
doc85,0.31832931634512635,0.07213234069203762,0.0009059451856691692,0.6086323977771669
doc86,0.9511236086097156,0.0008520070376765795,0.0008521259162737928,0.047172258436334
doc87,0.8504280529869394,0.0011993005241187336,0.001199158291327207,0.14717348819761458
doc88,0.6480428399260995,0.0007913863364739654,0.0461475434828823,0.3050182302545442
doc89,0.17691278950689582,0.0010944161701310735,0.0010942542766060328,0.8208985400463671
doc90,0.4628698958327892,0.5337046561891239,0.0017126195387508574,0.001712828439336074
doc91,0.27740555145334633,0.0012924275586246683,0.0012921584926968213,0.7200098624953323
doc92,0.2788666585270563,0.0017126301600648597,0.0017125668083209566,0.7177081445045579
doc93,0.6115724714420607,0.002538708190676228,0.002538239186902518,0.38335058118036064
doc94,0.07454037302452472,0.0009767628113006696,0.000976730176249072,0.9235061339879255
doc95,0.6360508247219948,0.0016290602491286009,0.0016290658868372504,0.36069104914203926
doc96,0.0014011446230240974,0.8910640372051638,0.0014007503075622876,0.1061340678642497
doc97,0.002155889743502871,0.6517968999726199,0.002155894781137487,0.34389131550273966
doc98,0.5284256760658297,0.0004941993546377393,0.0004942059804439741,0.47058591859908866
doc99,0.08372204459745639,0.3760741535134702,0.0716240474144467,0.46857975447462674
doc100,0.23059268803269703,0.7649016455428534,0.002252617802562594,0.0022530486218869583
doc101,0.7511268852708038,0.0026743487967241532,0.0026746486720206682,0.24352411726045126
doc102,0.6896136040245362,0.20495165900219176,0.0026739178750200387,0.10276081909825202
doc103,0.000996361917410781,0.8094049001988545,0.0009961520898899294,0.18860258579384467
doc104,0.6144681545882659,0.0007555005383394028,0.0007554265869339435,0.3840209182864606
doc105,0.0029077491878407324,0.18145816497622652,0.03523532392081073,0.780398761915122
doc106,0.001400963979346543,0.9957974880606874,0.0014006644279701043,0.001400883531996014
doc107,0.2983155392506723,0.6971789950924527,0.0022526125263574517,0.0022528531305174896
doc108,0.48716773315004175,0.5106193719126619,0.0011063960083536224,0.001106498928942706
doc109,0.8296917048881699,0.051489787237545284,0.01962395649977305,0.0991945513745117
doc110,0.7783402901335472,0.0011712708094302523,0.0011711658172829107,0.21931727323973965
doc111,0.0007024473616754698,0.8635617578937385,0.0007024389326904929,0.13503335581189566
doc112,0.002907362368343891,0.31553477972128563,0.0029075339113101765,0.6786503239990603
doc113,0.6146424378754419,0.16567634741094386,0.0012922919290809171,0.2183889227845332
doc114,0.12085604929706449,0.8503369069982213,0.027884255052541176,0.0009227886521730987
doc115,0.9943809661874873,0.0018731464393724182,0.001872804961207143,0.0018730824119331415
doc116,0.3812331819111604,0.6142603126359041,0.002253163916543479,0.0022533415363919108
doc117,0.9982180128855969,0.0005940754976648877,0.0005939249085584532,0.0005939867081796706
doc118,0.798067568786775,0.11366836491318374,0.0003592834294947526,0.08790478287054655
doc119,0.18552243098859156,0.0021558040601127614,0.0021557241501537596,0.8101660408011419
doc120,0.3235057023543496,0.0008238687241041222,0.0008238221670518459,0.6748466067544944
doc121,0.4856888844287606,0.002994994559409909,0.11790345729807114,0.3934126637137584
doc122,0.09599528585186723,0.18029178982347907,0.13170582544128068,0.5920070988833729
doc123,0.00134438978818828,0.001344404445318404,0.0013444319826761615,0.995966773783817
doc124,0.1430568155458854,0.21206378453036945,0.00037542442090491825,0.6445039755028402
doc125,0.08241322856938937,0.0009864536593397434,0.9156139165690923,0.0009864012021785563
doc126,0.08241322856938937,0.0009864536593397434,0.9156139165690923,0.0009864012021785563
doc127,0.0007024473616754698,0.8635617578937385,0.0007024389326904929,0.13503335581189566
doc128,0.15137682271217687,0.5248833817911469,0.1249358843004903,0.19880391119618598
doc129,0.2514046622460795,0.11850245091953496,0.001292222593548957,0.6288006642408366
doc130,0.12139879900486347,0.8511779409586254,0.026163491784714547,0.0012597682517964618
doc131,0.40099131266022064,0.0014413186028809984,0.027692025102066933,0.5698753436348313
doc132,0.9936696413017924,0.0021103409937104655,0.002110096010945133,0.002109921693552128
doc133,0.6033649289190088,0.001275806875094046,0.0012757596722853567,0.3940835045336119
doc134,0.6871642172013358,0.0008593272479090264,0.000859280418618232,0.3111171751321369
doc135,0.6923746610240225,0.3054601097370876,0.001082617526830707,0.0010826117120592115
doc136,0.711153489632683,0.16422441292384024,0.002252711260256819,0.12236938618321995
doc137,0.2804440376013991,0.7160708067189494,0.001742453247151951,0.0017427024324995228
doc138,0.39526379455687544,0.0002929677809743949,0.0002929560731288285,0.6041502815890214
doc139,0.612319197564751,0.0007612508937458003,0.0007611766678171469,0.38615837487368626
doc140,0.3009495509034297,0.0003605725663105301,0.06407882553345647,0.6346110509968033
doc141,0.29352847470112836,0.0014207448003323417,0.0014208070319838013,0.7036299734665554
doc142,0.7337259446761136,0.002025133181804225,0.002024441909058885,0.26222448023302325
doc143,0.6868280117632979,0.06956682369604934,0.0004868991172046696,0.24311826542344817
doc144,0.0019459100306223336,0.0019463434019046323,0.0019461051148942567,0.9941616414525787
doc145,0.6270171737870593,0.03987070944345775,0.0009961611104084426,0.33211595565907426
doc146,0.002675232700269554,0.30679650604613445,0.002674107021353675,0.6878541542322424
doc147,0.37596111100580415,0.0012598820382418174,0.018279571441676485,0.6044994355142774
doc148,0.0028257315083332793,0.0028258597260549826,0.17889518054927336,0.8154532282163384
doc149,0.4303177314452071,0.0017127875281419357,0.001712463368199084,0.5662570176584519
doc150,0.0010709966562270404,0.001070858115952498,0.00107139114590956,0.9967867540819109
doc151,0.33518539973946554,0.594508360328172,0.06776787419110751,0.0025383657412549176
doc152,0.5201008299854282,0.0012922883502317131,0.04350669044114122,0.43510019122319893
doc153,0.32880365630829617,0.0011850310943078964,0.001185047299348258,0.6688262652980477
doc154,0.002538793790043138,0.17849821753073628,0.002538501405260275,0.8164244872739603
doc155,0.12301441675222231,0.8753774538271436,0.0008039979375096927,0.0008041314831242931
doc156,0.001400963979346543,0.9957974880606874,0.0014006644279701043,0.001400883531996014
doc157,0.2983155392506723,0.6971789950924527,0.0022526125263574517,0.0022528531305174896
doc158,0.001628977997807454,0.8619986296122116,0.00162909270686779,0.13474329968311322
doc159,0.7340532073305079,0.002826030890580155,0.0028252725168865646,0.2602954892620253
doc160,0.000996361917410781,0.8094049001988545,0.0009961520898899294,0.18860258579384467
doc161,0.9932411207788575,0.002252946231436526,0.002253162336520622,0.0022527706531852735
doc162,0.8875716148982135,0.002415914152807409,0.026305996850470564,0.08370647409850858
doc163,0.0019089553003859207,0.7198219994252472,0.0559786949245715,0.22229035034979538
doc164,0.0007226853986623364,0.9875516674807013,0.011002877965667205,0.0007227691549691936
doc165,0.48716773315004175,0.5106193719126619,0.0011063960083536224,0.001106498928942706
doc166,0.5520810778787498,0.14350463135200597,0.0016028194825725107,0.3028114712866717
doc167,0.6638138348529735,0.332760606444697,0.001712589551658528,0.0017129691506709845
doc168,0.3975446570398225,0.6001923012641507,0.0011315238423025757,0.0011315178537243326
doc169,0.9954812590252843,0.0015063319468373816,0.001506143863947741,0.0015062651639305028
doc170,0.002907904923407937,0.6525025604363555,0.0029074071556301076,0.34168212748460647
doc171,0.0010945074741621024,0.3596557120675225,0.019837201683073576,0.6194125787752418
doc172,0.0019461434519911964,0.9941619801025051,0.0019456951070957109,0.001946181338407946
doc173,0.01351817898208806,0.013516138815677137,0.013515095870744953,0.9594505863314898
doc174,0.0020667136737322514,0.0020664859654046927,0.0020664177997698307,0.9938003825610932
doc175,0.23635091557769003,0.0021557941949448553,0.002155973680999334,0.7593373165463658
doc176,0.0010061672200654336,0.0010061701982127767,0.996981481098173,0.0010061814835487196
doc177,0.8039614781845273,0.0008820170831932764,0.0008820675567840045,0.19427443717549545
doc178,0.0010061672200654336,0.0010061701982127767,0.996981481098173,0.0010061814835487196
doc179,0.13234986348783048,0.5505264269772353,0.0020244658009013175,0.31509924373403303
doc180,0.9182221771363128,0.08028942839206213,0.0007440943829025793,0.0007443000887224528
doc181,0.6685371593574353,0.11678570020727523,0.0008376263187537278,0.21383951411653576
doc182,0.9968871580881373,0.001037690846499403,0.0010375498074508308,0.0010376012579125596
doc183,0.9910160698643617,0.0029947770177810996,0.0029941941021625687,0.002994959015694446
doc184,0.8836977979721291,0.001070901490289299,0.0010708269185345403,0.11416047361904691
doc185,0.5201008299854282,0.0012922883502317131,0.04350669044114122,0.43510019122319893
doc186,0.006495161333865169,0.006495456769059079,0.00649368991624381,0.9805156919808319
doc187,0.33301751240629895,0.46704898329160066,0.0017127399111511264,0.19822076439094918
doc188,0.8213023378261484,0.002416274409937138,0.0024159355747376317,0.17386545218917676
doc189,0.599116931723245,0.18121336598587848,0.21892540281701128,0.0007442994738651915
doc190,0.322817551920103,0.6686341984854212,0.004274033657462501,0.0042742159370133355
doc191,0.6190362865023727,0.1595065992314152,0.0005171283988217163,0.2209399858673904
doc192,0.9545832117849442,0.001362722689296305,0.04269113958637668,0.0013629259393827988
doc193,0.7969134056462049,0.00039630502842944506,0.05637952512888501,0.14631076419648062
doc194,0.0012757765654225718,0.49841675474596825,0.001275775362208137,0.49903169332640096
doc195,0.6868280117632979,0.06956682369604934,0.0004868991172046696,0.24311826542344817
doc196,0.1459849026867789,0.1842293485841834,0.03598675798889005,0.6337989907401477
doc197,0.2063889760172562,0.001655959198982634,0.0016562133182044631,0.7902988514655567
doc198,0.5203917992332278,0.06465734549100872,0.0011851070251395032,0.41376574825062407
doc199,0.3093787060192789,0.2186767209424991,0.0016287306485843261,0.47031584238963753
doc200,0.1891454493990265,0.6507760181927913,0.002024582453065632,0.1580539499551167
doc201,0.0010376819349984477,0.05126882283226843,0.001037667944826546,0.9466558272879065
doc202,0.3396837694351582,0.0010708447405892902,0.0010707161903699505,0.6581746696338825
doc203,0.3626710095136539,0.0019845872251259035,0.001984515777700007,0.6333598874835201
doc204,0.9953407507104584,0.0015531302279882758,0.001552966948903305,0.0015531521126498512
doc205,0.0011316350079152776,0.7558889137566731,0.0011315663501205928,0.24184788488529116
doc206,0.641403342423955,0.002110268511347005,0.002110252696932194,0.3543761363677657
doc207,0.7969134056462049,0.00039630502842944506,0.05637952512888501,0.14631076419648062
doc208,0.9932416887494556,0.0022529497811427475,0.0022527064224226977,0.002252655046978873
doc209,0.16087834308448853,0.43112058672645825,0.0017125916666143647,0.4062884785224388
doc210,0.1392492214402273,0.26215374301766764,0.002538271067738199,0.5960587644743669
doc211,0.002907362368343891,0.31553477972128563,0.0029075339113101765,0.6786503239990603
doc212,0.9982180128855969,0.0005940754976648877,0.0005939249085584532,0.0005939867081796706
doc213,0.0007332826223375591,0.9873035736188962,0.011229773064397826,0.0007333706943684642
doc214,0.7312386254746348,0.1506234476692813,0.0023046269361860884,0.11583329991989777
doc215,0.27182336840218785,0.5218772828495054,0.0007554327538301891,0.20554391599447655
doc216,0.9933900503532768,0.002203286229333485,0.002203513165211696,0.002203150252178026
doc217,0.0006832428228699589,0.5285626187444119,0.0006832052383491463,0.47007093319436893
doc218,0.9086317688695691,0.0025389201002983404,0.0025387289334213615,0.08629058209671125
doc219,0.26437435725247177,0.0012757802674504294,0.0012756449976130868,0.7330742174824647
doc220,0.6938449389155151,0.29680496436338805,0.004674447613005209,0.004675649108091571
doc221,0.6904892564347387,0.30640414094253626,0.0015532596338918342,0.001553342988832965
doc222,0.9109790073266103,0.08303173357702971,0.002994268305976571,0.0029949907903835224
doc223,0.5382580039972686,0.16052797643235864,0.03401570867405518,0.2671983108963176
doc224,0.9984072960968116,0.0005309287074415716,0.0005308440139652788,0.0005309311817815079
doc225,0.9965666273305296,0.0011445962890228388,0.0011443269886427295,0.0011444493918048543
doc226,0.4164145028689927,0.22466707309178352,0.0009312787978867977,0.357987145241337
doc227,0.999001128247588,0.00033295966535201374,0.000332929684879358,0.0003329824021807449
doc228,0.9910160698643617,0.0029947770177810996,0.0029941941021625687,0.002994959015694446
doc229,0.0012922843180323347,0.0012922544028664959,0.0012924873683695635,0.9961229739107316
doc230,0.24723992369023765,0.0009400619911410299,0.0009400255229365046,0.7508799887956848
doc231,0.0019090797042628067,0.001908839650514843,0.0019087434059247804,0.9942733372392976
doc232,0.0010061672200654336,0.0010061701982127767,0.996981481098173,0.0010061814835487196
doc233,0.9979915481623604,0.0006695323713920143,0.0006694134877770439,0.0006695059784705618
doc234,0.0010061672200654336,0.0010061701982127767,0.996981481098173,0.0010061814835487196
doc235,0.9940463293962445,0.001984691937925573,0.001984272555009076,0.0019847061108209593
doc236,0.0014010794472268222,0.9957971260219456,0.0014008062886883671,0.0014009882421392003
doc237,0.5973635815479094,0.30339149963866174,0.09804554482213779,0.001199373991290987
doc238,0.8689723498269388,0.1287386864976587,0.0011445144816277545,0.001144449193774778
doc239,0.6904892564347387,0.30640414094253626,0.0015532596338918342,0.001553342988832965
doc240,0.6408904305760172,0.011185144339738568,0.16506176470687123,0.1828626603773731
doc241,0.8674717984587522,0.0010062915727593314,0.13051550223961847,0.0010064077288699095
doc242,0.1099543342638758,0.3348720625728012,0.00044771078166859816,0.5547258923816543
doc243,0.9948615603436166,0.001712733182679215,0.0017128076165217226,0.0017128988571824383
doc244,0.7664137188764221,0.0009963820220221737,0.23159359742980773,0.0009963016717479776
doc245,0.5875770541532699,0.002252704904758888,0.26882499603536997,0.14134524490660122
doc246,0.3093787060192789,0.2186767209424991,0.0016287306485843261,0.47031584238963753
doc247,0.6617177690419245,0.0003296934986006442,0.01720460314382506,0.3207479343156498
doc248,0.866657089061484,0.1299172747266816,0.0017127997620944879,0.0017128364497398863
doc249,0.11830282355398729,0.43914653163513884,0.024037792259652833,0.41851285255122106
doc250,0.246137702725645,0.29192820259530433,0.2666152646265886,0.19531883005246214
doc251,0.5592786955139786,0.438623719635386,0.0010489897247574257,0.0010485951258779333
doc252,0.8262372984606323,0.0007672033009777654,0.0007671765854864122,0.17222832165290355
doc253,0.26437435725247177,0.0012757802674504294,0.0012756449976130868,0.7330742174824647
doc254,0.6510244100740984,0.0014207496267921312,0.0014205588935360474,0.3461342814055734
doc255,0.0008172399636393632,0.9975484496964971,0.0008170907121986812,0.0008172196276649007
doc256,0.01351817898208806,0.013516138815677137,0.013515095870744953,0.9594505863314898
doc257,0.0017428612281126965,0.0017424564182249183,0.02282948197762012,0.9736852003760422
doc258,0.0015532575419308443,0.0015539358076835147,0.00155318214219308,0.9953396245081926
doc259,0.0012287918360632695,0.08479687350703019,0.0012287631307073624,0.9127455715261992
doc260,0.32080296764588095,0.4404247478871387,0.0017126357910142026,0.23705964867596616
doc261,0.0010595602457178165,0.5440179157953078,0.0010594731167000446,0.45386305084227435
doc262,0.3265665875358192,0.6243289856296562,0.0481179780605879,0.000986448773936669
doc263,0.9267952459426881,0.002024869639428583,0.002024496919220905,0.06915538749866237
doc264,0.8171660690487034,0.1794660043720362,0.0016838353349422624,0.0016840912443182184
doc265,0.13234986348783048,0.5505264269772353,0.0020244658009013175,0.31509924373403303
doc266,0.9113451532045618,0.002155620370214681,0.0021555965484310134,0.08434362987679239
doc267,0.002304623456176592,0.29931157195066677,0.13208539553619836,0.5662984090569583
doc268,0.07599555947847883,0.5245764239126266,0.0011574830890691485,0.3982705335198255
doc269,0.9669440317711698,0.0010828314495900987,0.0010824545299897323,0.03089068224925036
doc270,0.23579472442548166,0.0897951557512144,0.0044652356436474605,0.6699448841796565
doc271,0.0010061672200654336,0.0010061701982127767,0.996981481098173,0.0010061814835487196
doc272,0.8287765465475744,0.0011314738243881036,0.0011314615289873993,0.16896051809905016
doc273,0.9917553609241043,0.002747929213775548,0.0027483870547038752,0.00274832280741645
doc274,0.7537304351993799,0.24453605007630147,0.0008667381858851336,0.0008667765384334241
doc275,0.9968211061994553,0.0010595144892343849,0.0010598454198163067,0.0010595338914940577
doc276,0.00125971495611738,0.9962206936047358,0.0012597090244984962,0.0012598824146484871
doc277,0.2819371429365777,0.7148046629732588,0.0016291577528303291,0.0016290363373331405
doc278,0.39613964096462556,0.0009312848001689902,0.0009311935811824563,0.601997880654023
doc279,0.0012922843180323347,0.0012922544028664959,0.0012924873683695635,0.9961229739107316
doc280,0.0010061672200654336,0.0010061701982127767,0.996981481098173,0.0010061814835487196
doc281,0.0010061672200654336,0.0010061701982127767,0.996981481098173,0.0010061814835487196
doc282,0.760928959800787,0.04663514035747253,0.001048329035388575,0.1913875708063519
doc283,0.9941625234629156,0.0019459358493008206,0.001945726522223677,0.00194581416556008
doc284,0.5216876553998365,0.47684569032190083,0.0007332953520233544,0.0007333589262393545
doc285,0.0008744078290662011,0.0833631315014074,0.000874436623608192,0.9148880240459182
doc286,0.8074725713477833,0.0007073742542840533,0.0007073352170887597,0.19111271918084402
doc287,0.9097893726972193,0.08580462462515805,0.0022030386392843646,0.00220296403833831
doc288,0.7091839589579988,0.0016291169416424586,0.0016292670278403502,0.28755765707251835
doc289,0.5829336376799364,0.029261002272182157,0.17343619951616038,0.21436916053172092
doc290,0.19595896969729637,0.0013266914158420304,0.0013265015898101344,0.8013878372970515
doc291,0.8328624678380111,0.1633913527740447,0.0018731025885711581,0.001873076799372987
doc292,0.9968211061994553,0.0010595144892343849,0.0010598454198163067,0.0010595338914940577
doc293,0.0036502852154571197,0.003650596274746521,0.003650231286774556,0.9890488872230219
doc294,0.8639843682991315,0.1348061579368783,0.0006047003769882713,0.0006047733870018266
doc295,0.002304623456176592,0.29931157195066677,0.13208539553619836,0.5662984090569583
doc296,0.6617177690419245,0.0003296934986006442,0.01720460314382506,0.3207479343156498
doc297,0.6287293408645113,0.3666612317086072,0.0023047254770135386,0.0023047019498679227
doc298,0.26700318102077325,0.0010595565835441701,0.0010596116920345252,0.7308776507036481
doc299,0.8158467098897232,0.0009313947897078087,0.0009312326532466921,0.1822906626673223
doc300,0.7131512545822964,0.001326543920906723,0.034702137067777174,0.25082006442901966
doc301,0.8022720490544893,0.1959791805776241,0.0008743361960751736,0.0008744341718114105
doc302,0.6069054112565163,0.001214008074576376,0.039392782116835966,0.35248779855207135
doc303,0.0012287918360632695,0.08479687350703019,0.0012287631307073624,0.9127455715261992
doc304,0.8422393630381493,0.0015532295913342447,0.1546541124249009,0.0015532949456155516
doc305,0.4994694462661645,0.000967523982790263,0.000967253332797109,0.49859577641824826
doc306,0.8502348097390733,0.0006650477245641351,0.14843504833519772,0.0006650942011648012
doc307,0.0015532575419308443,0.0015539358076835147,0.00155318214219308,0.9953396245081926
doc308,0.002305242742288818,0.0023050827866900785,0.002304772107342012,0.993084902363679
doc309,0.9979915481623604,0.0006695323713920143,0.0006694134877770439,0.0006695059784705618
doc310,0.8568269145775401,0.13928112615958452,0.0019459427214570998,0.0019460165414181584
doc311,0.19595896969729637,0.0013266914158420304,0.0013265015898101344,0.8013878372970515
doc312,0.6863943170204464,0.001094367844305147,0.001094177272249573,0.3114171378629988
doc313,0.000922725344547757,0.9972319865517533,0.0009226707626786607,0.0009226173410203859
doc314,0.0014624125806718493,0.9956131763733727,0.0014621581613067794,0.0014622528846485274
doc315,0.8120546037149254,0.11975195637971865,0.06577714497197659,0.0024162949333792223
doc316,0.0414156815310858,0.33399474958753184,0.0261803283116808,0.5984092405697016
doc317,0.9932416120286017,0.002252824533678481,0.0022523701325871796,0.0022531933051326575
doc318,0.0007670502767646441,0.997698978027739,0.0007669788448276446,0.0007669928506686287
doc319,0.756807935615191,0.24017941634104678,0.0015061266841090214,0.0015065213596532944
doc320,0.9577566098228438,0.0008377878434293908,0.0008376666423469652,0.04056793569137963
doc321,0.8709769061786118,0.12520541228665893,0.0019088005303952184,0.0019088810043341375
doc322,0.5082957985433638,0.001421017543241573,0.22409164490274053,0.2661915390106541
doc323,0.0029944920122445453,0.20912145435383395,0.0029945113354032703,0.7848895422985182
doc324,0.2358160646505144,0.5025231049604608,0.000922694575507498,0.26073813581351724
doc325,0.001275794623220315,0.9961728582346651,0.0012756304134124033,0.0012757167287022306
doc326,0.002475653032904713,0.9925729420762213,0.0024755993499162906,0.0024758055409577207
doc327,0.8965038269547836,0.002604926223684363,0.0026050384019623766,0.09828620841956964
doc328,0.00036059634614193903,0.9657834562595392,0.00036055793204173444,0.03349538946227713
doc329,0.001016450606155849,0.21060327181872787,0.001016434156451929,0.7873638434186644
doc330,0.559689044598441,0.43699871659787765,0.0016562098234927615,0.0016560289801885568
doc331,0.8006274900300333,0.050878886669769065,0.0002782831993747999,0.14821534010082285
doc332,0.1487134233049657,0.2171700368166565,0.20101332892568274,0.43310321095269516
doc333,0.909149826838887,0.0006879495004132199,0.0006878604400580322,0.08947436322064194
doc334,0.39613964096462556,0.0009312848001689902,0.0009311935811824563,0.601997880654023
doc335,0.0012922843180323347,0.0012922544028664959,0.0012924873683695635,0.9961229739107316
doc336,0.08862175554071884,0.45916807437183066,0.0010268174679725559,0.4511833526194779
doc337,0.0010061672200654336,0.0010061701982127767,0.996981481098173,0.0010061814835487196
doc338,0.0010061672200654336,0.0010061701982127767,0.996981481098173,0.0010061814835487196
doc339,0.4357854621313586,0.07621759405733514,0.0009863977658293704,0.4870105460454769
doc340,0.4515843929304438,0.23891069241881926,0.00047540334344417376,0.3090295113072927
doc341,0.21300327086608492,0.5674278523118264,0.0005281450084701532,0.21904073181361847
doc342,0.8641053836977334,0.0008667747410972834,0.0008666589235141581,0.13416118263765534
doc343,0.5547847029329581,0.0009227446906686237,0.0009227135117175365,0.4433698388646558
doc344,0.7456177685462552,0.00038412012718857884,0.0003843168569155747,0.2536137944696408
doc345,0.8324936804651758,0.061854463070226594,0.0004379484500399626,0.10521390801455761
doc346,0.45668718570315237,0.000379743433615201,0.0003798274664074693,0.5425532433968251
doc347,0.09049218225534833,0.02551862516596563,0.0013090668800359842,0.8826801256986502
doc348,0.3356037365973784,0.5541166013581919,0.0003433632389656403,0.10993629880546396
doc349,0.47148166858294793,0.00038264935211402716,0.0003826139822698303,0.5277530680826683
doc350,0.0011188060586812042,0.7290708441352067,0.00111865890917298,0.2686916908969392
doc351,0.8288262367051077,0.000583622491470733,0.0005835101201205464,0.17000663068330082
doc352,0.0004731313637161548,0.998580629558216,0.00047313093020913687,0.0004731081478586256
doc353,0.6617177690419245,0.0003296934986006442,0.01720460314382506,0.3207479343156498
doc354,0.18171634078846635,0.7796316259818123,0.03696800083132323,0.0016840323983980724
doc355,0.8017202091998672,0.036134671270721265,0.0010065581138176956,0.16113856141559377
doc356,0.8967208745117561,0.0010485645289646144,0.0010483531710896046,0.10118220778818973
doc357,0.9974440001250532,0.0008519506539787988,0.0008520272201584125,0.0008520220008095565
doc358,0.7799410546405043,0.08805370676777033,0.07454037459784404,0.05746486399388129
doc359,0.3132600404036757,0.17222690018278536,0.12478201864562159,0.3897310407679172
doc360,0.00081713450366045,0.000817153345691048,0.0008170748657429439,0.9975486372849055
doc361,0.1530012271906325,0.001326570947314114,0.0013264295585408213,0.8443457723035126
doc362,0.0004708666167933863,0.00047090116544801203,0.013558298006409585,0.985499934211349
doc363,0.19269367966217577,0.002907719907133032,0.0029074513328206934,0.8014911490978704
doc364,0.19595896969729637,0.0013266914158420304,0.0013265015898101344,0.8013878372970515
doc365,0.09182934018626471,0.0008978714041604285,0.0008977558980881874,0.9063750325114867
doc366,0.9983987051899554,0.0005337790050483504,0.0005337625982112227,0.0005337532067850604
doc367,0.9388529391022117,0.0012922343938550909,0.05856252259711182,0.0012923039068213405
doc368,0.0023049313561201087,0.0023048861917557457,0.04357471635820527,0.9518154660939189
doc369,0.933001973296254,0.0637398091057572,0.0016288905189311075,0.001629327079057814
doc370,0.0011189268337281869,0.9966434221972903,0.0011186912474330417,0.0011189597215483565
doc371,0.003650315208505967,0.989048013375511,0.003650858719212408,0.003650812696770601
doc372,0.0015066051160282016,0.0015064762866778749,0.0015064252157787244,0.9954804933815152
doc373,0.06685995770874792,0.5455700534548614,0.0014207138256765075,0.38614927501071417
doc374,0.3626900563957005,0.07701158806204648,0.0006395743389510709,0.5596587812033019
doc375,0.00036059634614193903,0.9657834562595392,0.00036055793204173444,0.03349538946227713
doc376,0.0004731313637161548,0.998580629558216,0.00047313093020913687,0.0004731081478586256
doc377,0.0014207337905308367,0.939842828452883,0.05731568098199628,0.0014207567745898534
doc378,0.7746052827719536,0.14558957462979977,0.0012758393970138879,0.07852930320123257
doc379,0.9221716112170871,0.07686367792471098,0.00048240223295997205,0.00048230862524191513
doc380,0.07020701163659732,0.44016183129611913,0.0010708868459199793,0.48856027022136356
doc381,0.0016289971344120515,0.9492388198431749,0.04750287507621144,0.001629307946201584
doc382,0.002066575833167984,0.9938005925935458,0.002066361643707267,0.0020664699295788484
doc383,0.8335656940847254,0.0473345736385378,0.00038706832191398734,0.1187126639548229
doc384,0.3383293100805505,0.4953981719509764,0.0016840429449123846,0.16458847502356086
doc385,0.25300559038556075,0.598304756466958,0.0014838251199180109,0.14720582802756313
doc386,0.0006650363399708502,0.7068118842396932,0.0006649676700320952,0.29185811175030385
doc387,0.29807216885792687,0.0013444942142908517,0.0896405925011281,0.6109427444266542
doc388,0.4515843929304438,0.23891069241881926,0.00047540334344417376,0.3090295113072927
doc389,0.7789126372194759,0.0009581428752847366,0.0009583649617081266,0.2191708549435311
doc390,0.3820175724463279,0.0015776663162592197,0.001577352096922239,0.6148274091404906
doc391,0.0009673236672949584,0.04041791411279492,0.957647320133308,0.0009674420866021349
doc392,0.0009673236672949584,0.04041791411279492,0.957647320133308,0.0009674420866021349
doc393,0.9936691327100656,0.0021100928424496604,0.002110316278112003,0.0021104581693728156
doc394,0.7351595685905687,0.0005734816385679718,0.0005735045574673672,0.2636934452133958
doc395,0.40813937978238124,0.0012758449061122223,0.3422580032974143,0.24832677201409228
doc396,0.6997260231885647,0.0006606526961765329,0.0006606718501562525,0.2989526522651025
doc397,0.09985455255673965,0.8751626953979214,0.001171214279229198,0.023811537766109964
doc398,0.45867421874570136,0.3623239287495197,0.0013265549505647298,0.17767529755421424
doc399,0.3893317909412232,0.0018055531238925788,0.0018051759031599177,0.6070574800317242
doc400,0.17511138843759763,0.07590705670408306,0.0004248881613368928,0.7485566666969825
doc401,0.389474748746035,0.3304876150233658,0.0024755845985823663,0.2775620516320168
doc402,0.0027477895263592128,0.1537386462676398,0.0027483661677211602,0.8407651980382798
doc403,0.0017128317454392719,0.0017127806881795985,0.0017125501390521556,0.9948618374273289
doc404,0.006098988145966245,0.2857138596971015,0.006099117172486984,0.7020880349844453
doc405,0.0005544551343175067,0.6647718659186863,0.0005543721143175679,0.33411930683267865
doc406,0.6895945048778761,0.3081167983431349,0.0011443093187317973,0.0011443874602572427
doc407,0.7111114988685903,0.0006047704392424552,0.12981183572770624,0.15847189496446104
doc408,0.608184589198866,0.1651262873462986,0.0011188310823900484,0.22557029237244536
doc409,0.040064669996406385,0.8611972328938976,0.09763160333406642,0.001106493775629774
doc410,0.43126258922655836,0.06287886700236157,0.08299195954436801,0.42286658422671203
doc411,0.9974436968843343,0.0008521022941627775,0.0008521166156634796,0.0008520842058395195
doc412,0.9955479122430306,0.0014842156555697258,0.0014837875770867205,0.0014840845243128847
doc413,0.0031858611949908606,0.0031860912720840747,0.00318500162371739,0.9904430459092076
doc414,0.001094340751499864,0.001094446453645533,0.0010947518234395155,0.9967164609714151
doc415,0.08862175554071884,0.45916807437183066,0.0010268174679725559,0.4511833526194779
doc416,0.0016559632661054897,0.2948448988883583,0.0016559591420567848,0.7018431787034793
doc417,0.4357854621313586,0.07621759405733514,0.0009863977658293704,0.4870105460454769
doc418,0.67522050741196,0.0011064488343600432,0.3224861390184909,0.001186904735189001
doc419,0.0025389285611579922,0.0025389686186348993,0.0025385352684963477,0.9923835675517106
doc420,0.001945957373195006,0.9941623043608013,0.0019458530214118848,0.0019458852445917816
doc421,0.0013266043319522859,0.9960204339213147,0.001326428741387471,0.001326533005345719
doc422,0.5252412551968686,0.0014011447320716928,0.22101842364532487,0.25233917642573483
doc423,0.8401792867117618,0.15739285479985818,0.0012138289117952876,0.0012140295765848096
doc424,0.0029944920122445453,0.20912145435383395,0.0029945113354032703,0.7848895422985182
doc425,0.002475653032904713,0.9925729420762213,0.0024755993499162906,0.0024758055409577207
doc426,0.0015066051160282016,0.0015064762866778749,0.0015064252157787244,0.9954804933815152
doc427,0.4515843929304438,0.23891069241881926,0.00047540334344417376,0.3090295113072927
doc428,0.7695586771820534,0.22462663452617435,0.0029073172721514836,0.0029073710196208516
doc429,0.7673058010697233,0.22894808889305285,0.001872996450494186,0.0018731135867296246
doc430,0.836230065716968,0.1608875566225334,0.0014411351990103155,0.0014412424614882492
doc431,0.8907792358668468,0.002538633625209829,0.00253885265623931,0.10414327785170402
doc432,0.0005904731413707776,0.7561055296202368,0.0005904009945945145,0.24271359624379782
doc433,0.5653953595652376,0.04293836393478631,0.00047996776155241925,0.3911863087384238
doc434,0.9296409127845229,0.0011315353338288005,0.02031753213514514,0.04891001974650328
doc435,0.8338166179985129,0.0017426136108428534,0.16269798033064636,0.0017427880599977016
doc436,0.000996188425982525,0.9970114809915553,0.0009961000585953228,0.0009962305238668996
doc437,0.9939252406815758,0.002025054962890398,0.0020249590671596045,0.0020247452883740786
doc438,0.4074200317706714,0.48610679780809307,0.0016291122906193203,0.1048440581306162
doc439,0.9209621670039851,0.07808688045513941,0.000475520928602665,0.00047543161227271637
doc440,0.005436743235853506,0.9041326517133763,0.0849941020540223,0.005436502996747922
doc441,0.9955476101789309,0.0014840374288923634,0.0014843343836614467,0.0014840180085151213
doc442,0.8358596439681016,0.0011065336412194174,0.0011067901546466467,0.1619270322360322
doc443,0.521655603834236,0.0014839781963750854,0.08557275346902816,0.39128766450036084
doc444,0.001006187005590703,0.05364503039605228,0.9443425201034538,0.0010062624949033498
doc445,0.42261533693526393,0.0029081516832927846,0.002907605814724389,0.5715689055667188
doc446,0.001006187005590703,0.05364503039605228,0.9443425201034538,0.0010062624949033498
doc447,0.001381472557464778,0.9958555661648367,0.0013815097410985213,0.0013814515366000907
doc448,0.0009314362477800524,0.0009314143097993509,0.0009313159921198724,0.9972058334503007
doc449,0.6340866949762324,0.0014413646937324045,0.0014411032392692956,0.3630308370907659
