,topics0,topics1,topics2,topics3
doc0,0.9985937428731816,0.00046877968558395187,0.0004687301084111437,0.00046874733282324703
doc1,0.0019089534296350527,0.9942734263381336,0.0019087286822301649,0.0019088915500010961
doc2,0.09968149973205302,0.8105007267461062,0.08691004893580019,0.0029077245860405043
doc3,0.9951909375702191,0.0016031566417040262,0.0016029987073773052,0.0016029070806994423
doc4,0.9459730318006306,0.00032330097239579653,0.0003232773127589767,0.0533803899142145
doc5,0.09131907574167585,0.3818681571037296,0.011325225956494728,0.5154875411980999
doc6,0.29062347252600135,0.005156458606845383,0.0051547537947811035,0.6990653150723721
doc7,0.48208219320571805,0.0009401109017702904,0.08334110125747603,0.4336365946350356
doc8,0.589795703566568,0.0009312716391952161,0.0009314633365705495,0.4083415614576663
doc9,0.12436986970457665,0.0017425471904752002,0.2113563150231415,0.6625312680818066
doc10,0.10694085507409706,0.001228853844763938,0.0012287083684498295,0.8906015827126891
doc11,0.0005974851541556733,0.0005974752851934351,0.0005974474073489484,0.9982075921533019
doc12,0.0008519769619920169,0.7119434991982314,0.000852074395418461,0.2863524494443582
doc13,0.000922786253549084,0.000922640038670973,0.997231841780883,0.0009227319268969648
doc14,0.000922786253549084,0.000922640038670973,0.997231841780883,0.0009227319268969648
doc15,0.0021560081998304365,0.0021558798806864837,0.0021555191727596836,0.9935325927467235
doc16,0.6518251521191958,0.11648230100095612,0.0008519500772095036,0.2308405968026386
doc17,0.9975281117534447,0.0008239304053205122,0.0008238921939590606,0.000824065647275794
doc18,0.18909395934812706,0.0009313003111380698,0.0009313601200691758,0.8090433802206657
doc19,0.19464486645670123,0.07712056022767773,0.0005669911572473609,0.7276675821583737
doc20,0.0035218356054989063,0.0035220625399960317,0.0035212863342057982,0.9894348155202992
doc21,0.49503837188905847,0.0014413252688541182,0.001441412841553973,0.5020788900005335
doc22,0.0029946152733532393,0.002995057071399049,0.0029943162946791894,0.9910160113605686
doc23,0.0008821004587552728,0.9973537353011831,0.0008820287787812908,0.0008821354612802946
doc24,0.0017425812137898944,0.19927085059787794,0.09482757054518244,0.7041589976431497
doc25,0.0042750047360480695,0.3142699589919879,0.004274200219940245,0.6771808360520238
doc26,0.0013267265093834402,0.4996043802482527,0.0013265967018197345,0.4977422965405441
doc27,0.0010270069215622805,0.9098278352704732,0.0010268796150522874,0.08811827819291222
doc28,0.1813204757689584,0.6809910237929556,0.002825917428510139,0.13486258300957576
doc29,0.8077188055708661,0.1870712504354859,0.0026047463049303,0.002605197688717839
doc30,0.09190589374263664,0.8115128693211193,0.023151893562869254,0.07342934337337483
doc31,0.10435065221829848,0.7526221833334493,0.0004754037737786245,0.14255176067447364
doc32,0.6966270980549036,0.0010376007549983452,0.10301441063914156,0.19932089055095645
doc33,0.0011188730848684938,0.5405627587544622,0.0011187021421715903,0.4571996660184977
doc34,0.04709270991285369,0.9519188487406411,0.0004942167847583077,0.0004942245617467692
doc35,0.6150320743932272,0.001214107344550923,0.0012138320976599858,0.3825399861645618
doc36,0.6812600166356642,0.1611810265742635,0.0012439872920253774,0.156314969498047
doc37,0.169265818012389,0.6288233077897614,0.00086667954368513,0.20104419465416457
doc38,0.09122874909215303,0.0009227527233961069,0.030653233306777793,0.8771952648776731
doc39,0.3365291387897361,0.002252762561030903,0.10184900835853186,0.5593690902907013
doc40,0.2786919118497747,0.3193115217301941,0.0015063496114693725,0.40049021680856167
doc41,0.362273978851834,0.07499896172901324,0.0006274123201143144,0.5620996470990384
doc42,0.730987033751268,0.167372294539951,0.0011313507402492915,0.10050932096853188
doc43,0.6797695569661905,0.0005513982446736423,0.073412644406783,0.24626640038235292
doc44,0.0011851431316188966,0.409142870082354,0.0011851359049969091,0.5884868508810303
doc45,0.0020246179572526233,0.5553560174132138,0.0020252196305214224,0.44059414499901206
doc46,0.3243019662715263,0.44002050922071073,0.0019086780435454958,0.23376884646421742
doc47,0.0005974851541556733,0.0005974752851934351,0.0005974474073489484,0.9982075921533019
doc48,0.8013098219411694,0.001742643741791963,0.0017423449389384119,0.1952051893781003
doc49,0.001094492700893676,0.10155127920500666,0.001094274615557208,0.8962599534785425
doc50,0.8876244691944066,0.11057994942779467,0.0008977395104148946,0.000897841867383854
doc51,0.3375250175220151,0.0008448862715158001,0.09530014205094677,0.5663299541555225
doc52,0.0005145664241302951,0.20910963018608653,0.0005145174316601654,0.7898612859581231
doc53,0.9956760695280757,0.0014413246898326067,0.0014413060844210347,0.0014412996976706585
doc54,0.045533573083514155,0.5303431850892009,0.02789739783900527,0.39622584398827965
doc55,0.001326641427981749,0.08033663228602307,0.03888647793496343,0.8794502483510317
doc56,0.23443267914646,0.7643278498257933,0.0006197188927400284,0.0006197521350065915
doc57,0.6997092981872379,0.07571357451932177,0.0009961546109818332,0.22358097268245852
doc58,0.9346140394644361,0.06382786349756636,0.0007790775484991753,0.0007790194894985819
doc59,0.9894311813374042,0.0035232549279749785,0.003522594425713429,0.0035229693089074417
doc60,0.001805572311775263,0.001805636626728709,0.0018056412944414044,0.9945831497670546
doc61,0.9972056260472316,0.0009313684051628192,0.0009315639633506822,0.0009314415842548805
doc62,0.571886096288755,0.0017129356137193512,0.001712631574073717,0.424688336523452
doc63,0.8114868845019826,0.0013092960716951194,0.11203370650494687,0.07517011292137538
doc64,0.7292678749528688,0.26830397119904126,0.0012140848315392967,0.001214069016550625
doc65,0.48208219320571805,0.0009401109017702904,0.08334110125747603,0.4336365946350356
doc66,0.38043191644029745,0.03670898869945073,0.00032016456507455475,0.5825389302951773
doc67,0.000922786253549084,0.000922640038670973,0.997231841780883,0.0009227319268969648
doc68,0.000922786253549084,0.000922640038670973,0.997231841780883,0.0009227319268969648
doc69,0.0024759005594070806,0.9925716506897558,0.0024767245549772872,0.0024757241958597276
doc70,0.0025386938477938484,0.14618298619220854,0.002538718592796256,0.8487396013672014
doc71,0.30763871132624754,0.0023588145944891774,0.0023586935719567166,0.6876437805073067
doc72,0.07139790914497045,0.9268221409181507,0.0008900352618380146,0.0008899146750408304
doc73,0.0007554972170551427,0.8186171835363573,0.009021899862956696,0.1716054193836308
doc74,0.531122360356827,0.0023590798772526577,0.002359011229261375,0.4641595485366589
doc75,0.21065676443317827,0.0012444474927687339,0.0012439144838364358,0.7868548735902166
doc76,0.4251356346174303,0.27105254580181626,0.0011575392326323667,0.3026542803481211
doc77,0.25444680462317903,0.7416613999154936,0.0019457540775614898,0.0019460413837657845
doc78,0.19636062868198323,0.000804027866787295,0.0008040596385631467,0.8020312838126663
doc79,0.4161032658631561,0.5702065573393196,0.0005198705642334273,0.013170306233290817
doc80,0.1639409344524765,0.001946149015171772,0.0019458861813814016,0.8321670303509704
doc81,0.19669255385590384,0.256695660406272,0.002825561172217142,0.543786224565607
doc82,0.5083384733500879,0.0009142530671427648,0.0009142661519919577,0.48983300743077735
doc83,0.9942732958977928,0.0019089545755491377,0.0019086956994397734,0.0019090538272182166
doc84,0.6437639503382332,0.0014009458387922722,0.1246478844915516,0.23018721933142297
doc85,0.051008875072064544,0.3776771502175917,0.0007023654720584723,0.5706116092382852
doc86,0.34391185392468276,0.37976916032099395,0.001908695340169254,0.27441029041415393
doc87,0.0012759136909842028,0.7112163874323767,0.001275730897462241,0.2862319679791769
doc88,0.37536297569029403,0.12720073286206668,0.00202447038502733,0.4954118210626119
doc89,0.45755684396600255,0.081496439053238,0.0011064203761734087,0.45984029660458603
doc90,0.0017127587800676457,0.09192317404340081,0.2729571158540567,0.6334069513224748
doc91,0.9982181354352628,0.0005939665131138516,0.0005938997391419442,0.000593998312481524
doc92,0.0007227431561312711,0.0007226709750912179,0.0007230324109193177,0.9978315534578581
doc93,0.6163489732539276,0.0006740326915950534,0.032060761459061685,0.3509162325954157
doc94,0.0008105863682060755,0.0008108148895618708,0.0008104853779395978,0.9975681133642924
doc95,0.6797695569661905,0.0005513982446736423,0.073412644406783,0.24626640038235292
doc96,0.00694749473137284,0.006947451645759507,0.006945486844305526,0.9791595667785622
doc97,0.04709270991285369,0.9519188487406411,0.0004942167847583077,0.0004942245617467692
doc98,0.558389985151456,0.0008520261175623127,0.0008518898491107964,0.43990609888187077
doc99,0.5398899703992552,0.2593065640053643,0.001553081003757108,0.19925038459162342
doc100,0.7700649837757901,0.0005544300227630032,0.0005543937477782298,0.2288261924536687
doc101,0.6626227969302851,0.0009313951312877585,0.0009312564749206364,0.3355145514635065
doc102,0.0015775681052102378,0.7348916946104982,0.0015782650300154514,0.26195247225427615
doc103,0.9985937428731816,0.00046877968558395187,0.0004687301084111437,0.00046874733282324703
doc104,0.9975281117534447,0.0008239304053205122,0.0008238921939590606,0.000824065647275794
doc105,0.28782302088381007,0.33169875625795087,0.0012137630446092096,0.3792644598136298
doc106,0.0034024844169662713,0.9897932345801753,0.0034018111297788125,0.0034024698730796277
doc107,0.491220799366992,0.5080339100721589,0.0003726308323293929,0.0003726597285196646
doc108,0.34786497169023184,0.40482302573817464,0.001016393504931693,0.24629560906666187
doc109,0.2086125608697069,0.4279292819598124,0.0009580912003077067,0.3625000659701731
doc110,0.6886325289522693,0.3100285139872599,0.0006694547816818079,0.0006695022787888786
doc111,0.43635341913095094,0.00035675007708470567,0.010939293375133427,0.5523505374168309
doc112,0.9930858145678454,0.0023050504904623265,0.0023043447788022834,0.002304790162890058
doc113,0.392804878428752,0.282470396976128,0.0014209073076802354,0.3233038172874396
doc114,0.9978776391511966,0.0007075588879321049,0.0007073928140006137,0.0007074091468706527
doc115,0.9941611776084631,0.0019459852806875712,0.001946486803228855,0.0019463503076204611
doc116,0.9904425776824956,0.0031858499895087472,0.003185950607858889,0.0031856217201367155
doc117,0.6030305431690978,0.21795376477084433,0.17536495274618014,0.0036507393138778023
doc118,0.2544959134113671,0.002253103445621734,0.0022528432779926897,0.7409981398650184
doc119,0.7424936289636144,0.0007612070003181454,0.0007612546901527726,0.25598390934591475
doc120,0.0036506568835488937,0.18807068002314134,0.0036503582248074108,0.8046283048685023
doc121,0.0003018578261427137,0.00030187255586965425,0.00030181927137918723,0.9990944503466085
doc122,0.0014009464059467997,0.37118273818903935,0.001400826737337773,0.6260154886676762
doc123,0.0009399944853439073,0.0009400340610048488,0.9971798613200156,0.0009401101336355955
doc124,0.0009399944853439073,0.0009400340610048488,0.9971798613200156,0.0009401101336355955
doc125,0.3506156304997409,0.6339754786806187,0.01387952277392696,0.001529368045713351
doc126,0.9961227690220971,0.0012923794239406076,0.0012924818986518036,0.001292369655310527
doc127,0.762193600596234,0.0019461148201626282,0.0019458312977266193,0.23391445328587676
doc128,0.9553513856574464,0.04067925617385404,0.001984826052885743,0.0019845321158137677
doc129,0.07441914815309686,0.9229962359021238,0.0012922395288241166,0.0012923764159552232
doc130,0.0019087051542126593,0.0019087917906682101,0.029955667614765598,0.9662268354403536
doc131,0.996854837237076,0.0010483784980064733,0.001048335445690123,0.0010484488192274764
doc132,0.26071930610521904,0.0013446282244404398,0.0013442573430417937,0.7365918083272988
doc133,0.0011713129928171326,0.8967457674251867,0.0011712425804801775,0.100911677001516
doc134,0.7599610160305141,0.0010063221197993816,0.0010062168587117728,0.23802644499097478
doc135,0.7138613764528743,0.0008448205752931028,0.09929264451276335,0.18600115845906925
doc136,0.001506409391593603,0.4704303967594008,0.0015063054321277352,0.5265568884168779
doc137,0.0011189084205645576,0.9966433612437827,0.001118743409839531,0.0011189869258132292
doc138,0.08035565535431194,0.5859323187382933,0.0016027168341322484,0.33210930907326247
doc139,0.5593723846951262,0.06518749335969116,0.0011313216562161253,0.37430880028896657
doc140,0.0023590211799531745,0.09337312631936968,0.0023588430983585073,0.9019090094023186
doc141,0.21404098772455762,0.0012923821048294159,0.07223367082839008,0.712432959342223
doc142,0.30763871132624754,0.0023588145944891774,0.0023586935719567166,0.6876437805073067
doc143,0.4251356346174303,0.27105254580181626,0.0011575392326323667,0.3026542803481211
doc144,0.25243409626963914,0.3229537047235794,0.0014623958527060661,0.42314980315407535
doc145,0.4803004301278263,0.0012287738658739418,0.1827694452403976,0.3357013507659021
doc146,0.001602855472829869,0.0016028513002296684,0.02529830017135007,0.9714959930555903
doc147,0.0006395966115040545,0.0006395371734395288,0.02642300237766721,0.9722978638373891
doc148,0.25444680462317903,0.7416613999154936,0.0019457540775614898,0.0019460413837657845
doc149,0.30790466916365644,0.4218263002217828,0.021663008006541397,0.24860602260801934
doc150,0.6746914544176684,0.0009400508178454265,0.0009400718474188581,0.3234284229170673
doc151,0.002305002812519432,0.0023045819992730805,0.0023045610703975633,0.9930858541178099
doc152,0.0024161985483239844,0.6322053429923727,0.0024158680940451214,0.3629625903652582
doc153,0.00260538315504196,0.9921855728300759,0.0026046167974437475,0.0026044272174384603
doc154,0.0513510894885414,0.4441176094164715,0.0015062904675576011,0.5030250106274294
doc155,0.22201405562617726,0.6794302133064297,0.0020663113081403526,0.0964894197592527
doc156,0.0024759005594070806,0.9925716506897558,0.0024767245549772872,0.0024757241958597276
doc157,0.0013265922600500988,0.6594171918695814,0.0013264781092324762,0.3379297377611361
doc158,0.10983362983160326,0.0664290141339786,0.0022525575063234065,0.8214847985280948
doc159,0.0015777205698092197,0.04618349935846941,0.02456221863543925,0.9276765614362821
doc160,0.8235282372013599,0.17570353835197167,0.0003840839521681815,0.0003841404945000694
doc161,0.0010944421069650871,0.9476494306104889,0.05016170749607911,0.0010944197864669316
doc162,0.6357850352845245,0.0004753990368752187,0.00047539910080176537,0.3632641665777987
doc163,0.3525666884437255,0.5974766415533126,0.0008592218093818199,0.049097448193580175
doc164,0.863550158373089,0.13458712038816129,0.0009313439325635046,0.0009313773061860993
doc165,0.0004917384155701271,0.6099060293403702,0.0004917995370417563,0.38911043270701795
doc166,0.169308559400154,0.7200745836578801,0.00043036759448837825,0.11018648934747753
doc167,0.08620514562514879,0.7773863165593892,0.0005454049296968623,0.13586313288576518
doc168,0.0018054418595517868,0.735389533745498,0.0277912551273291,0.235013769267621
doc169,0.7521828175320258,0.18556795659891345,0.0008977451388109246,0.06135148073024987
doc170,0.13646747202044435,0.4387151961828812,0.001006217689843617,0.42381111410683087
doc171,0.005155981310822649,0.005155984778046986,0.005155010713316364,0.9845330231978139
doc172,0.5435063217634019,0.0012288959935720352,0.1085934062694957,0.3466713759735304
doc173,0.1249288066380174,0.36008477455510507,0.001381424601064494,0.5136049942058131
doc174,0.4503232841245158,0.0011189209834171895,0.0011189697302625406,0.5474388251618044
doc175,0.1114447374972762,0.20906371239487623,0.0007174100964197499,0.6787741400114279
doc176,0.12968093983571854,0.23061873011747702,0.0005768023766368839,0.6391235276701676
doc177,0.000922947286761301,0.0009226243661801545,0.9972317685540126,0.0009226597930458862
doc178,0.000922947286761301,0.0009226243661801545,0.9972317685540126,0.0009226597930458862
doc179,0.9958553679938386,0.0013815394048196526,0.0013814383958370134,0.001381654205504618
doc180,0.3906455559973112,0.6061992636395795,0.0015774007187337841,0.0015777796443754908
doc181,0.000656331590050547,0.09354070035667421,0.0006563055873522027,0.905146662465923
doc182,0.9518767022114285,0.03964655595056835,0.00811350919520349,0.0003632326427996617
doc183,0.0004917384155701271,0.6099060293403702,0.0004917995370417563,0.38911043270701795
doc184,0.0011993181257964767,0.8920339122721599,0.0011992084640191887,0.10556756113802436
doc185,0.001094345657872879,0.02663066425023745,0.02501224022691375,0.9472627498649759
doc186,0.00230448707654213,0.5449930391042709,0.0023047003722945734,0.4503977734468924
doc187,0.0029947517464252293,0.002994803700593048,0.11636889687819728,0.8776415476747844
doc188,0.0029947517464252293,0.002994803700593048,0.11636889687819728,0.8776415476747844
doc189,0.0023051178306992943,0.0843856352789086,0.0023047060130750143,0.911004540877317
doc190,0.8044056835176908,0.19406011196732798,0.0007670795081428011,0.0007671250068384609
doc191,0.9965668543221619,0.001144440892765775,0.0011443257568736931,0.0011443790281986932
doc192,0.994772560654555,0.0017424796360904053,0.001742449546098116,0.0017425101632563994
doc193,0.8820530870303818,0.0010062809461389272,0.11593429395233791,0.001006338071141371
doc194,0.0022030014530388916,0.08440799911495031,0.002203117929515362,0.9111858815024955
doc195,0.003290985452979694,0.6773096896656385,0.003290532413156615,0.3161087924682253
doc196,0.3482474960922849,0.13163851399527163,0.0013624778650484,0.518751512047395
doc197,0.7346018126053896,0.21711636940374063,0.0011995175830091839,0.04708230040786057
doc198,0.0027477468365217817,0.002748491218421925,0.0027478535695128438,0.9917559083755435
doc199,0.9982181354352628,0.0005939665131138516,0.0005938997391419442,0.000593998312481524
doc200,0.25805969940036333,0.001984856790524107,0.001984809111879825,0.7379706346972327
doc201,0.000996314854161778,0.0009962017035305922,0.0009961704695943473,0.9970113129727133
doc202,0.001602855472829869,0.0016028513002296684,0.02529830017135007,0.9714959930555903
doc203,0.8352842017348724,0.0023591175695764893,0.0023587590674703095,0.15999792162808077
doc204,0.37312821037286603,0.0012922537680829127,0.0012922078318482852,0.6242873280272029
doc205,0.0011064419704042122,0.12664403853400402,0.1779782721939786,0.694271247301613
doc206,0.8920157485771811,0.1061719240308038,0.0009062344925630279,0.0009060928994520666
doc207,0.0006395966115040545,0.0006395371734395288,0.02642300237766721,0.9722978638373891
doc208,0.00032970351406895113,0.17145307475948143,0.00650740521324338,0.8217098165132062
doc209,0.002476156517283681,0.9925724129472759,0.0024757055455394607,0.0024757249899009168
doc210,0.011906985874494559,0.011906850618846363,0.011905091685603034,0.964281071821056
doc211,0.1621631626876959,0.11587447349545495,0.000761152028021066,0.7212012117888281
doc212,0.08620514562514879,0.7773863165593892,0.0005454049296968623,0.13586313288576518
doc213,0.9961232906292424,0.001292320034263546,0.0012921334841324227,0.001292255852361462
doc214,0.15147451248816612,0.8465330554734802,0.0009961656614234124,0.0009962663769301756
doc215,0.7760163385752671,0.0020246457529205174,0.066922410768132,0.15503660490368038
doc216,0.002826072700266959,0.9915227106176563,0.002825728553593227,0.002825488128483627
doc217,0.9991185116580709,0.00029383494217040423,0.00029381061906448124,0.00029384278069422416
doc218,0.9954116728529993,0.0015294457778284509,0.0015294883555483179,0.0015293930136239765
doc219,0.0039382399727398675,0.23702114361465607,0.0039376155058146785,0.7551030009067894
doc220,0.6375920278662263,0.19338268210911283,0.000678542963148407,0.16834674706151262
doc221,0.2567784082637749,0.35896190788967136,0.0009674180420833767,0.3832922658044704
doc222,0.004902933522674911,0.004903782470819661,0.004902858839433946,0.9852904251670715
doc223,0.5606172063440602,0.11282327537128978,0.1466328222949599,0.17992669598969013
doc224,0.0014624428312251937,0.0014629954154391147,0.11365629965949897,0.8834182620938367
doc225,0.0010166192516747503,0.0010164119224468833,0.028723498020359707,0.9692434708055186
doc226,0.19164418980348133,0.0006785796616520937,0.23137935949005836,0.5762978710448082
doc227,0.12720602149705582,0.002252775721891261,0.0022526045856234946,0.8682885981954294
doc228,0.0008978554891684917,0.0008979333317402419,0.9973064312756756,0.0008977799034156797
doc229,0.002826013803214289,0.30225703003277754,0.002825363877189326,0.6920915922868188
doc230,0.0008978554891684917,0.0008979333317402419,0.9973064312756756,0.0008977799034156797
doc231,0.6515847824787568,0.0011993912496231615,0.03521925727128554,0.3119965690003345
doc232,0.645032410405591,0.0006121912119004568,0.000612196527767275,0.35374320185474123
doc233,0.8107956874071398,0.047198252792779546,0.0006436704687957711,0.1413623893312849
doc234,0.24740709138397426,0.7466033950394784,0.002994349858134806,0.0029951637184124223
doc235,0.9976259599029094,0.000791403923269309,0.0007912510263166603,0.0007913851475046442
doc236,0.0002921530941235698,0.00029217201182536647,0.0002921212910995809,0.9991235536029516
doc237,0.000573603069151646,0.000573612375239034,0.000573490709643055,0.9982792938459663
doc238,0.3435732056876238,0.22511623269766345,0.0023585956812089137,0.4289519659335038
doc239,0.7910979330856764,0.14066339797620883,0.0007386597687244614,0.06750000916939027
doc240,0.9104502836237707,0.08813494872853353,0.0007073710916876223,0.0007073965560082645
doc241,0.6743295980060671,0.0009490535780856876,0.0009489000703819785,0.32377244834546515
doc242,0.0014009464059467997,0.37118273818903935,0.001400826737337773,0.6260154886676762
doc243,0.16855142922962046,0.06986023238031921,0.07331424497094456,0.6882740934191157
doc244,0.3797963177359289,0.002674462560970979,0.0026750572443873777,0.6148541624587127
doc245,0.37882859982598416,0.24562322865174166,0.0012137947672050068,0.3743343767550693
doc246,0.35888022072052916,0.09022486001168716,0.001026887928138905,0.5498680313396448
doc247,0.0015533382908583617,0.0015532743385571358,0.001553028470456122,0.9953403589001284
doc248,0.35453938196040496,0.0009060181139149621,0.016239985637800873,0.6283146142878793
doc249,0.9982181354352628,0.0005939665131138516,0.0005938997391419442,0.000593998312481524
doc250,0.3723669524669448,0.001577630122932584,0.0015775226111204737,0.6244778947990021
doc251,0.0010376310246924107,0.9968870439019162,0.0010376920784617254,0.001037632994929561
doc252,0.45811330110103854,0.0014840556137440735,0.0014840348657171394,0.5389186084195001
doc253,0.4840579129884699,0.0014207868426889519,0.0014206476349235106,0.5131006525339178
doc254,0.0019087637369184084,0.0019088042854435998,0.0019086595344693644,0.9942737724431687
doc255,0.0017425812137898944,0.19927085059787794,0.09482757054518244,0.7041589976431497
doc256,0.0006395966115040545,0.0006395371734395288,0.02642300237766721,0.9722978638373891
doc257,0.07671873928632146,0.9215014651504476,0.0008897958778758989,0.0008899996853549111
doc258,0.0023591960336311855,0.8492217515308659,0.0023592228373286914,0.14605982959817437
doc259,0.5017296727736544,0.0020665269495393234,0.00206647307020212,0.49413732720660397
doc260,0.0005253373560338637,0.7824482550221159,0.036471813085505095,0.18055459453634504
doc261,0.0015295342550180266,0.21550441960538932,0.0015293413865530919,0.7814367047530395
doc262,0.0005975248923633036,0.9982073525042954,0.0005975541037107622,0.0005975684996306041
doc263,0.12032532141601306,0.5897080882216643,0.0016289286288081856,0.28833766173351444
doc264,0.0019458870128086897,0.9941622866022253,0.0019458035040986568,0.0019460228808673439
doc265,0.8069052539813523,0.19208130169479418,0.0005067108769447793,0.0005067334469088188
doc266,0.29931534085073463,0.5945713204997342,0.10537996802325235,0.0007333706262787182
doc267,0.6121211032422479,0.0008667516953577713,0.0008667578081387905,0.3861453872542555
doc268,0.3886614331179301,0.001683840112186432,0.12898196605349674,0.48067276071638665
doc269,0.9979219946757321,0.0006927086904294557,0.000692623867409861,0.0006926727664286113
doc270,0.19626188770262132,0.7812568454532091,0.0004917359502451263,0.02198953089392465
doc271,0.9033942500779598,0.0021102898948461794,0.002109829497320145,0.09238563052987385
doc272,0.0005836270896496415,0.7127366839218594,0.0005835929354141076,0.2860960960530768
doc273,0.10905259834725686,0.5108216123112279,0.0019843075799426367,0.3781414817615726
doc274,0.0027476954410438357,0.002747986665257852,0.002747473352854936,0.9917568445408433
doc275,0.43386550410422015,0.5590910854082836,0.0035214729927521764,0.0035219374947440324
doc276,0.0019086530256669611,0.0019088179964568573,0.0019087688282986425,0.9942737601495775
doc277,0.0007851936167753875,0.0007850869026111333,0.0007850288671359759,0.9976446906134775
doc278,0.0009400837290982575,0.16905052206811175,0.06927224854174627,0.7607371456610438
doc279,0.12976834558674374,0.0007670473946234564,0.07652675653577294,0.7929378504828598
doc280,0.0006831624177188133,0.06598937303998771,0.0006831612701735977,0.9326443032721199
doc281,0.0009226943178577798,0.9293309445156447,0.0009227191322380825,0.06882364203425957
doc282,0.0008978554891684917,0.0008979333317402419,0.9973064312756756,0.0008977799034156797
doc283,0.0008978554891684917,0.0008979333317402419,0.9973064312756756,0.0008977799034156797
doc284,0.09740009224005564,0.3856086850712777,0.015914085287199158,0.5010771374014674
doc285,0.6692475095189382,0.0007333082844744916,0.01052959454672254,0.3194895876498649
doc286,0.18765897210231314,0.5370103406556681,0.0020665332661399314,0.2732641539758789
doc287,0.0012289127098125319,0.47759832539283564,0.0012288657962988662,0.519943896101053
doc288,0.19131751025778482,0.0011578239225672584,0.0011576008349157105,0.8063670649847322
doc289,0.10856280724042702,0.25326474962313433,0.00043595299179126964,0.6377364901446473
doc290,0.695314386532497,0.30210114760588935,0.0012921689486930612,0.0012922969129206025
doc291,0.0021102943403081185,0.3849780509776797,0.0021102077157931177,0.6108014469662191
doc292,0.5063061842462997,0.13432079508734723,0.0019093037966360674,0.3574637168697169
doc293,0.17311853884665476,0.5045887405738204,0.0004846123561624149,0.32180810822336237
doc294,0.0015065516570393436,0.1319779713237629,0.0015062696842666255,0.8650092073349311
doc295,0.35272817550392765,0.0011995084181171663,0.0011993334317539474,0.6448729826462012
doc296,0.0009962992765984997,0.9069366610982245,0.0009961250067054954,0.09107091461847154
doc297,0.5182553546418858,0.0008520464450173667,0.0008519838079105578,0.48004061510518625
doc298,0.2948999445687149,0.0013816079689443217,0.0013813885804819603,0.7023370588818587
doc299,0.9982181354352628,0.0005939665131138516,0.0005938997391419442,0.000593998312481524
doc300,0.029132680784605906,0.0005639089772716315,0.000563826292925465,0.969739583945197
doc301,0.2517917170856199,0.10032471635823294,0.0037881832816350994,0.644095383274512
doc302,0.0016027596941011108,0.45903240313994464,0.0016031121952982015,0.537761724970656
doc303,0.41502256693854295,0.4890637363294633,0.00033861108650237937,0.09557508564549139
doc304,0.3219792748390703,0.0008307015935607588,0.06304429980876607,0.6141457237586029
doc305,0.21404098772455762,0.0012923821048294159,0.07223367082839008,0.712432959342223
doc306,0.0006395966115040545,0.0006395371734395288,0.02642300237766721,0.9722978638373891
doc307,0.000996345285622913,0.575527525496469,0.0009962752248270504,0.4224798539930811
doc308,0.5079985154407083,0.2552168421216905,0.0007912915660918781,0.2359933508715094
doc309,0.9967870105419876,0.0010710693179321034,0.0010709643330756395,0.001070955807004776
doc310,0.16463409305610546,0.8322107244313065,0.0015774594992274099,0.0015777230133605942
doc311,0.00274855260825914,0.7914683998352008,0.0027480418941555704,0.20303500566238458
doc312,0.9948618111500259,0.001712729336040034,0.0017126549301860977,0.0017128045837480049
doc313,0.0014398868024989118,0.031513782423688116,0.0004822459833951111,0.9665640847904178
doc314,0.0012441340360122108,0.9962675291466373,0.0012442110690409857,0.0012441257483094875
doc315,0.3744406040733106,0.17631666940568524,0.0009059424581308031,0.44833678406287325
doc316,0.0010063358337376357,0.9969809908434215,0.0010064084986655165,0.0010062648241753616
doc317,0.0010595740240133423,0.9968213854240525,0.0010595107017351804,0.0010595298501987608
doc318,0.9945831827263798,0.0018056846498848479,0.001805205240859103,0.0018059273828763022
doc319,0.3072900413903287,0.3478777899683986,0.003938283177579334,0.3408938854636934
doc320,0.6335766910720684,0.08319983239618006,0.16623574848282618,0.11698772804892535
doc321,0.8477789715904868,0.004465821293837242,0.14328931319315455,0.0044658939225213825
doc322,0.7678553650278087,0.229931595065721,0.0011065004852970882,0.0011065394211731952
doc323,0.0010268388926414442,0.07421733261361785,0.9237287827077578,0.0010270457859827302
doc324,0.0010268388926414442,0.07421733261361785,0.9237287827077578,0.0010270457859827302
doc325,0.33947873264033035,0.3493839258975283,0.0006314652963762497,0.3105058761657651
doc326,0.796644958155925,0.001199367882057377,0.0011992080745124424,0.20095646588750518
doc327,0.001805544953112713,0.9945834757919123,0.001805304479424879,0.001805674775550045
doc328,0.40914906533241796,0.1662631688980447,0.0016836264502175233,0.4229041393193199
doc329,0.001400905412308413,0.691339577728984,0.0014008714642741297,0.30585864539443347
doc330,0.6174094820521993,0.22713880368136996,0.0013272148797302719,0.1541244993867005
doc331,0.000554473339619413,0.8407278554990416,0.0005545103564185859,0.1581631608049204
doc332,0.9711454631999418,0.00961763096134835,0.009618117010789635,0.0096187888279201
doc333,0.483286905330924,0.0031853343783754726,0.003185640715454179,0.5103421195752463
doc334,0.7952046406664578,0.20214189360373747,0.0013267930654677306,0.0013266726643371793
doc335,0.9987919235244449,0.0004027099472350634,0.00040263655991258754,0.0004027299684073934
doc336,0.38547193492965715,0.1045614142675531,0.0024156293143596905,0.5075510214884299
doc337,0.37007639149136246,0.0006650374798110184,0.23125791411186358,0.39800065691696296
doc338,0.5386204584532098,0.3481425023680974,0.0010830585527332023,0.11215398062595942
doc339,0.3586427214529332,0.40181765503139033,0.0014009962926854053,0.238138627222991
doc340,0.1515700499278541,0.44795190560485276,0.0012439282486753835,0.3992341162186178
doc341,0.0010269965573258932,0.7761081853415382,0.01589368580514856,0.2069711322959875
doc342,0.0011187718603255993,0.6592463964389266,0.0011187018195012684,0.3385161298812465
doc343,0.002825386274618165,0.8806491171968746,0.1136995905348195,0.002825905993687799
doc344,0.9982181354352628,0.0005939665131138516,0.0005938997391419442,0.000593998312481524
doc345,0.0009143099316306475,0.13567970343041633,0.0009142743498368764,0.862491712288116
doc346,0.1604823608096657,0.0009400442740111659,0.0009401614210531189,0.83763743349527
doc347,0.002907822264205821,0.0029088256060409165,0.0029083424477710676,0.9912750096819822
doc348,0.3887998379267068,0.0004799827908883951,0.00047988972258032413,0.6102402895598246
doc349,0.32957520781285476,0.0007442609968933465,0.0007441868578096019,0.6689363443324422
doc350,0.0006520101823921121,0.969294012485622,0.0006521520311341988,0.029401825300851656
doc351,0.3320366368711258,0.0014842853688105825,0.0014840364949401544,0.6649950412651234
doc352,0.0017129197776410022,0.07436370159345766,0.0017129164028179713,0.9222104622260833
doc353,0.8375302808382292,0.07774208060482267,0.0005905479482782396,0.08413709060866985
doc354,0.4315849675087096,0.2968755573135497,0.0010707945581053067,0.2704686806196353
doc355,0.588477171652575,0.12690840554035623,0.070567210322867,0.2140472124842019
doc356,0.21540896070991455,0.6202288389150716,0.0012596389720340676,0.16310256140297985
doc357,0.20545845597733206,0.47918864894442137,0.0010165240715377197,0.31433637100670886
doc358,0.000817256247656688,0.8894787455572986,0.0008172046861508153,0.10888679350889399
doc359,0.0004754099039082052,0.5803400941973134,0.00047535243634873016,0.4187091434624297
doc360,0.8025995523510308,0.0010485312538206701,0.0010484060078553492,0.19530351038729318
doc361,0.320958497605779,0.001684078513957202,0.0016842921854975993,0.6756731316947663
doc362,0.648408552527888,0.0008899249734554221,0.04014023108607465,0.3105612914125819
doc363,0.14901455651182224,0.8485868202770851,0.0011992317818496692,0.0011993914292429974
doc364,0.4902301768803062,0.0017735856609699533,0.0017736694520598703,0.5062225680066639
doc365,0.0006315395850703389,0.8156478524139956,0.0006314491521839043,0.18308915884875013
doc366,0.7122005460931617,0.001628956061472351,0.001629039991423145,0.2845414578539429
doc367,0.0008307410718894342,0.05794908114472907,0.033373521680229355,0.9078466561031522
doc368,0.24463363184945958,0.0022528824018990716,0.002253106712424738,0.7508603790362165
doc369,0.11660408681681243,0.0010165767321025515,0.0010165504753924112,0.8813627859756926
doc370,0.0009312771126920359,0.000931248823491025,0.9972061829363633,0.0009312911274536624
doc371,0.0009312771126920359,0.000931248823491025,0.9972061829363633,0.0009312911274536624
doc372,0.375674907313341,0.0009400308652924852,0.0009399276477208906,0.6224451341736456
doc373,0.18573194261152992,0.17511953960222262,0.03679106449845819,0.6023574532877893
doc374,0.02703988759849676,0.8580640175291439,0.000976737110070634,0.11391935776228886
doc375,0.2667529800606641,0.27090347149210936,0.054232995921091806,0.4081105525261348
doc376,0.23774285456343536,0.7602033769757274,0.00102682329782892,0.0010269451630082395
doc377,0.8740077197435249,0.0017735503729941562,0.0017731403498794714,0.12244558953360142
doc378,0.9475517981539977,0.0006121502087893608,0.051223855179012116,0.000612196458200824
doc379,0.9975879197524358,0.0008040568015674071,0.0008039493351606255,0.0008040741108362567
doc380,0.604680078209653,0.17632657896547232,0.0013265128154153747,0.21766683000945938
doc381,0.4133512000447937,0.0013444241173093765,0.0013444308790399584,0.583959944958857
doc382,0.4204733487451942,0.2750085949428197,0.0011992239507793748,0.30331883236120666
doc383,0.5816224662885915,0.41724343831810606,0.0005669941750940245,0.0005671012182085054
doc384,0.8441903374608831,0.0046745119985334375,0.004675646081188601,0.14645950445939487
doc385,0.3853044274557991,0.6120770201268844,0.0013092346789017088,0.0013093177384147063
doc386,0.9222838666066477,0.0005225820564191851,0.03466220334296071,0.042531347993972374
doc387,0.41337815538990746,0.002110301513691958,0.0021099727997260596,0.5824015702966744
doc388,0.5485931987509982,0.0016029640864193627,0.0016033139743264965,0.4482005231882558
doc389,0.001228892143131993,0.7732679457755438,0.00122865176048262,0.22427451032084153
doc390,0.5683626188835711,0.0996213546927265,0.0009580133795559355,0.3310580130441466
doc391,0.1422866527863485,0.0013815506005691596,0.001381681516482681,0.8549501150965997
doc392,0.486991002922273,0.30642555051999215,0.0010830685285611423,0.20550037802917373
doc393,0.9982181354352628,0.0005939665131138516,0.0005938997391419442,0.000593998312481524
doc394,0.42618761610364814,0.001483943740301992,0.0014838369739785479,0.5708446031820713
doc395,0.0004732218190813351,0.00047320547988983943,0.0004731143646586173,0.9985804583363702
doc396,0.0026744018044247233,0.8912452690235287,0.1034056545143666,0.002674674657679981
doc397,0.6495532889105239,0.0006314978593117491,0.03652296533882419,0.3132922478913402
doc398,0.0018387441373806839,0.001838610814810651,0.05223357167041049,0.9440890733773982
doc399,0.0014624088963851296,0.08360226243334715,0.03762194028628986,0.8773133883839779
doc400,0.0015532852469113771,0.08825233262773637,0.0015531844832208277,0.9086411976421314
doc401,0.6991527255611626,0.0011444964283191337,0.00114425610412924,0.29855852190638915
doc402,0.2484649481549834,0.19694133749126916,0.001872975273947536,0.5527207390797999
doc403,0.34180533740784963,0.4827517428543217,0.0004579562311858696,0.17498496350664278
doc404,0.0013444510525504713,0.7871619016781914,0.044334939921875656,0.16715870734738247
doc405,0.001118902772693966,0.6722237906121724,0.0011189342067362258,0.3255383724083974
doc406,0.995797077961278,0.0014008003183275711,0.0014009231467323347,0.0014011985736620684
doc407,0.9965272272094566,0.0011576269612200217,0.0011574798771191424,0.0011576659522041068
doc408,0.0019846819026475586,0.6056746361295413,0.001984644362133375,0.39035603760567783
doc409,0.8903561770836237,0.10724507494128706,0.0011993519468633423,0.0011993960282258864
doc410,0.9986507247890102,0.000449740999418113,0.00044974410421562297,0.0004497901073560641
doc411,0.0004027153532575243,0.0004026603125756952,0.00040261158969711214,0.9987920127444697
doc412,0.887998107366721,0.0024159257273720248,0.10716998976697042,0.002415977138936535
doc413,0.0006785852493001545,0.9230040230021374,0.0006787071333159149,0.07563868461524653
doc414,0.4021614518933375,0.5960099548082217,0.0009143177462684741,0.0009142755521723478
doc415,0.08067526719290616,0.0005835302971084653,0.0005835436471248238,0.9181576588628605
doc416,0.10326660839316891,0.00044573175689522433,0.008560718569972307,0.8877269412799637
doc417,0.7118354231949465,0.10174138065209483,0.0014006597445405972,0.18502253640841798
doc418,0.6396347499744371,0.09725428079091732,0.000996277295081853,0.26211469193956366
doc419,0.0009580484092631428,0.0009579812732198391,0.997125974513961,0.0009579958035560761
doc420,0.0009580484092631428,0.0009579812732198391,0.997125974513961,0.0009579958035560761
doc421,0.9938002515762187,0.0020665952987323445,0.0020664287428519474,0.0020667243821970594
doc422,0.13579485366981206,0.6120874534956033,0.0005119420178339552,0.2516057508167506
doc423,0.5552470575769971,0.44251508694102826,0.0011189908009766663,0.0011188646809978456
doc424,0.0008377750063223138,0.9974868201282783,0.0008376729770852094,0.0008377318883141797
doc425,0.7035671435092193,0.260417669253802,0.0004109004034583479,0.035604286833520224
doc426,0.43145098409702515,0.5621786799044055,0.0031850026479512193,0.0031853333506180526
doc427,0.10320251120725114,0.8950175061182609,0.0008900113007138248,0.000889971373773977
doc428,0.0008978951959090613,0.3025296676533191,0.0008978418461990583,0.6956745953045729
doc429,0.0014624260581873796,0.41773741733413844,0.0014622522784194477,0.5793379043292548
doc430,0.1267138743301653,0.0019459129898349995,0.0019460042160660547,0.8693942084639337
doc431,0.8818377690099044,0.002538809970428329,0.0025388434185780987,0.1130845776010892
doc432,0.8026395598732962,0.00318533773671131,0.0031859131238682024,0.19098918926612424
doc433,0.347443711069216,0.2685919869906056,0.001462252742112878,0.38250204919806546
doc434,0.4186603609551135,0.10112951219829854,0.10963762478588984,0.3705725020606981
doc435,0.8852175464288508,0.11147068120371746,0.0016558402014205326,0.001655932166011107
doc436,0.002995283494752845,0.19077694724811745,0.002994584690225691,0.803233184566904
doc437,0.10639790052810563,0.18334885105859414,0.0012440523145395366,0.7090091960987607
doc438,0.2633322942585347,0.0017733181805251325,0.0017734541688721164,0.733120933392068
doc439,0.0023047440517439542,0.8842780965522249,0.0023056412325079263,0.11111151816352324
doc440,0.002907697109184907,0.0029074860619859788,0.002908299311638825,0.9912765175171903
doc441,0.9982181354352628,0.0005939665131138516,0.0005938997391419442,0.000593998312481524
doc442,0.7415351732350132,0.2556627712822196,0.001401171989271804,0.0014008834934955046
doc443,0.2681391283845363,0.7271426513506727,0.002358900711903552,0.0023593195528873673
doc444,0.6582641489162021,0.0007612556900231132,0.0007614530228152971,0.3402131423709595
doc445,0.0010943183935184,0.0010943506318068525,0.08372249891896509,0.9140888320557096
doc446,0.3707273113004402,0.1215262963520286,0.0005144812791008927,0.5072319110684302
doc447,0.0014206891997195251,0.0014206378567468293,0.0014207314976887508,0.9957379414458449
doc448,0.0015065195510118891,0.19244215657232297,0.0015066601658053882,0.8045446637108596
doc449,0.7572947961603343,0.07682252934614085,0.054809052997204545,0.11107362149632027
