,topics0,topics1,topics2,topics3
doc0,0.3203851125996521,0.1670254673125338,0.5116995645561931,0.0008898555316209232
doc1,0.3425439402518734,0.6545733489881445,0.0014414099793787795,0.0014413007806032027
doc2,0.6645614458875988,0.3334054748902477,0.0010165160832264308,0.0010165631389270518
doc3,0.5068480832432556,0.3252383364645545,0.1671802694059618,0.0007333108862280805
doc4,0.8340172451649103,0.16223656809642317,0.0018730863465435817,0.0018731003921229135
doc5,0.02083651387779529,0.12059032106604546,0.8582356795988912,0.0003374854572679143
doc6,0.28452391893080414,0.03705532598371576,0.4231867502665889,0.25523400481889125
doc7,0.0012138560534805125,0.9427209331337782,0.0012139297655673186,0.054851281047173836
doc8,0.0010485183572220412,0.001048443992550726,0.44790834478963154,0.5499946928605958
doc9,0.0013444878240751635,0.27794265035774424,0.36208455128500244,0.35862831053317834
doc10,0.006098941464698122,0.006099491443358938,0.00609969276895044,0.9817018743229925
doc11,0.0009768305837406371,0.05435970151313343,0.0009768461474523819,0.9436866217556735
doc12,0.11750909348759447,0.8806622133667391,0.000914314740017162,0.0009143784056492992
doc13,0.0009768305837406371,0.05435970151313343,0.0009768461474523819,0.9436866217556735
doc14,0.19213904409388224,0.8050978758946404,0.001381562017031012,0.0013815179944460304
doc15,0.6052554357586164,0.2562605644016574,0.0012924203530455878,0.13719157948668065
doc16,0.0008105312585439498,0.5182145522650945,0.48016431874480564,0.0008105977315558208
doc17,0.4574992460442548,0.000940105218269577,0.35174863481118,0.18981201392629557
doc18,0.004903228098153035,0.9852894744374467,0.004903909691239263,0.00490338777316087
doc19,0.14876039685199074,0.000882109019878159,0.8494753627857524,0.000882131342378651
doc20,0.40510557493668625,0.13628343519392352,0.21929951174973672,0.23931147811965348
doc21,0.5321654846120801,0.0005975343923120262,0.36727938282800787,0.09995759816760004
doc22,0.6680043025847341,0.14341099777145916,0.18718356059606991,0.0014011390477367725
doc23,0.0005638683960263141,0.9522786503394539,0.04659364247915403,0.0005638387853657709
doc24,0.7139191636238382,0.16282120414206963,0.001381569492009146,0.12187806274208288
doc25,0.000722695169616947,0.2897212958755768,0.7088332423368697,0.0007227666179365051
doc26,0.000830779503837289,0.000830764963882376,0.3272175913906494,0.671120864141631
doc27,0.0007851290718400263,0.8351156329299356,0.0007851805896383536,0.163314057408586
doc28,0.0018057739324488682,0.0018054780951308413,0.0018056033980173678,0.9945831445744029
doc29,0.0010826247816187796,0.24583491542406138,0.6447849847336444,0.10829747506067533
doc30,0.0012597668652654527,0.18572938685823523,0.8117511187056589,0.0012597275708404237
doc31,0.0008519780197860285,0.14283197011958754,0.6207567291876791,0.23555932267294738
doc32,0.0013265075704008914,0.3600814587186813,0.10793911645781969,0.530652917253098
doc33,0.09978941083144316,0.4444134583918044,0.2543917257775648,0.2014054049991877
doc34,0.047596379610200475,0.9514483183576012,0.0004776601637017931,0.0004776418684965046
doc35,0.0017736979257496279,0.3218202240612318,0.6746324558175525,0.0017736221954660469
doc36,0.0010165094186374848,0.0010165424965390434,0.20524808510383744,0.792718862980986
doc37,0.0008040739082813856,0.000804094602066376,0.14212795267536676,0.8562638788142855
doc38,0.0005145536188671584,0.30395977609283403,0.06843941638486642,0.6270862539034323
doc39,0.0011065181313785657,0.16871069735160413,0.41032972545695906,0.4198530590600582
doc40,0.27956244027141397,0.13275799073390002,0.0004731688335546383,0.5872064001611312
doc41,0.37376468815219327,0.6223431464883344,0.0019460583000992769,0.001946107059373117
doc42,0.0006235961789799226,0.2303038039012868,0.5811452613180578,0.18792733860167551
doc43,0.08564481122747555,0.23505464565469525,0.6786398708314523,0.0006606722863769274
doc44,0.6916909008113347,0.3035910461567843,0.002359265866525807,0.0023587871653553104
doc45,0.001006352154125711,0.9202491544085182,0.0010062630743969553,0.07773823036295913
doc46,0.001805605077014924,0.799134972061878,0.19725393813249384,0.001805484728613272
doc47,0.1205091267936184,0.35821583823113606,0.5207904181022298,0.00048461687301583616
doc48,0.3611493842718619,0.18441106660971293,0.1333606333762848,0.3210789157421403
doc49,0.8976106579515462,0.000996319271894498,0.10039671788322327,0.0009963048933359635
doc50,0.3696357318970704,0.0015293701555460675,0.6273054906594034,0.001529407287979972
doc51,0.4504378481820832,0.5460767052800901,0.0017425601104442607,0.0017428864273824475
doc52,0.491177477310564,0.0016291442497131882,0.5055642173938883,0.0016291610458344253
doc53,0.001048483372139278,0.8469451824231806,0.12026028766129601,0.03174604654338415
doc54,0.0012759268118825314,0.9961725129449323,0.0012758354193579365,0.0012757248238270936
doc55,0.07765317972067384,0.3752017816835188,0.5461488037386719,0.0009962348571354238
doc56,0.3835039449882173,0.33236074188985026,0.28084436707689714,0.0032909460450352506
doc57,0.1236795055705496,0.15157806905284632,0.2472500259581586,0.4774923994184453
doc58,0.6383275079961833,0.3550916156693318,0.003290437847151637,0.0032904384873333205
doc59,0.0006315073937076916,0.8350612932330139,0.16367570318794727,0.0006314961853309629
doc60,0.002475928327338511,0.10311399552382071,0.0024759171176238224,0.891934159031217
doc61,0.0006354788774982055,0.04157607146757681,0.5087307988805847,0.44905765077434023
doc62,0.0013816433749881763,0.0013816483546615296,0.12324984208082236,0.8739868661895279
doc63,0.5311205072998559,0.0034021638199223814,0.0034022000113282215,0.46207512886889357
doc64,0.029792391481993225,0.0009673478327241102,0.0009672617678333852,0.9682729989174493
doc65,0.0014207296063094745,0.995737821627169,0.001420737707821309,0.001420711058700443
doc66,0.029792391481993225,0.0009673478327241102,0.0009672617678333852,0.9682729989174493
doc67,0.0024760752224786205,0.6820880168101568,0.2508094229838804,0.064626484983484
doc68,0.14255047410618907,0.33081781787777026,0.5258762276980332,0.0007554803180073979
doc69,0.4317969674167793,0.20253007519990493,0.36452838094708867,0.0011445764362271393
doc70,0.0007124840620008573,0.17896914371061223,0.6335213995360164,0.1867969726913706
doc71,0.0006235579173057693,0.25580380831281074,0.0006235777787307272,0.7429490559911527
doc72,0.3078434204060354,0.0015294440509929352,0.6890976981731981,0.0015294373697735744
doc73,0.14876039685199074,0.000882109019878159,0.8494753627857524,0.000882131342378651
doc74,0.005436690912906259,0.005436071203692639,0.005436050664406652,0.9836911872189944
doc75,0.0022031120894896576,0.1566567511293136,0.2093384043643808,0.6318017324168159
doc76,0.000615922997739728,0.0006160053978418546,0.9981521899024387,0.0006158817019796472
doc77,0.2038103211452646,0.7921404232192132,0.0020245910527525207,0.0020246645827698673
doc78,0.000773015549879599,0.5234844732130742,0.18004701723022987,0.29569549400681633
doc79,0.9953407174364409,0.0015530942523161889,0.0015532167349683191,0.0015529715762744943
doc80,0.0018730993788753697,0.5111099735247108,0.4851439057120708,0.0018730213843431726
doc81,0.2525475878840912,0.00177354566000873,0.23556563286499083,0.5101132335909092
doc82,0.00146233790754683,0.8527034261043915,0.001462339981953254,0.14437189600610836
doc83,0.3098641887926036,0.33858701558201776,0.34974319952242927,0.0018055961029492902
doc84,0.0004665626254305763,0.963695956387571,0.03537094454822234,0.00046653643877614517
doc85,0.05020836351298266,0.19467868373538733,0.37884288681214656,0.3762700659394835
doc86,0.0008519612193182113,0.6585788497335637,0.3397171891741085,0.0008519998730094587
doc87,0.0011851193855649865,0.9964444709983987,0.0011852522571198431,0.0011851573589163414
doc88,0.0007913012215904698,0.18745783826650203,0.8109595082188155,0.0007913522930920554
doc89,0.001094435012722959,0.0562756021412276,0.2932992244902023,0.6493307383558472
doc90,0.2765205523650757,0.5156999159164598,0.2060370261907993,0.001742505527665308
doc91,0.10595082360184602,0.18965847389080726,0.19787647457400925,0.5065142279333374
doc92,0.00174257875368415,0.41057219493145275,0.001742879402852925,0.5859423469120102
doc93,0.0025388324138079714,0.7229822196306364,0.0025386304676842833,0.2719403174878713
doc94,0.02303341338381121,0.0009674752077685601,0.30340500110684043,0.6725941103015799
doc95,0.10708740681368481,0.8897066099130513,0.0016029047697198534,0.0016030785035440545
doc96,0.9217158582184168,0.07548228835507516,0.0014009333924670112,0.0014009200340410113
doc97,0.7942317531982429,0.20154781592464244,0.002110035174968297,0.002110395702146352
doc98,0.022443580479631443,0.6515024338576363,0.0004941907720773077,0.325559794890655
doc99,0.5266353526127121,0.0005395052887139309,0.37631665794437075,0.09650848415420323
doc100,0.680291351202121,0.3152031589269976,0.0022527335942260896,0.0022527562766553916
doc101,0.0027481052404796156,0.0027482616661626564,0.9917551608238542,0.0027484722695035246
doc102,0.20797615092056887,0.4079114247956661,0.38150715421138826,0.002605270072376797
doc103,0.8976106579515462,0.000996319271894498,0.10039671788322327,0.0009963048933359635
doc104,0.0007612646246082519,0.395088201889558,0.6033892542672384,0.0007612792185951453
doc105,0.31835769361338145,0.002994749085694513,0.0029946823544908458,0.6756528749464333
doc106,0.9957972079668204,0.001400983884322001,0.0014010253193475787,0.0014007828295098121
doc107,0.5365502795991397,0.09394759732861296,0.3673919747974953,0.002110148274751971
doc108,0.4663781981779922,0.5314331604556003,0.0010943272151464343,0.0010943141512609195
doc109,0.08924764847995639,0.6929485947789579,0.16394984011798797,0.05385391662309783
doc110,0.0011712884021032168,0.7163351255042388,0.1322737432409261,0.1502198428527319
doc111,0.6750493187886462,0.0007124001155490186,0.3235258224946227,0.0007124586011822048
doc112,0.34100165877998295,0.002994511672443593,0.00299461129717454,0.6530092182503989
doc113,0.2881577484982497,0.0012442056725853622,0.7093538814319571,0.0012441643972078416
doc114,0.7434201825428751,0.043059587689948595,0.15538999871733536,0.05813023104984107
doc115,0.0018386834814368895,0.45295035377075193,0.5433721595397261,0.0018388032080851537
doc116,0.6358565074599268,0.35919108662438803,0.002476101140012659,0.0024763047756724463
doc117,0.0005940576343407435,0.9982178921618049,0.0005940220105484326,0.0005940281933059697
doc118,0.09059862186467131,0.1816280433926058,0.7274140435491062,0.00035929119361654383
doc119,0.002155556187518842,0.0021558287534828094,0.35364555146732185,0.6420430635916765
doc120,0.0008376939102139936,0.48783301076796043,0.0008377127281093029,0.5104915825937163
doc121,0.0029949735166936425,0.3723007491590618,0.1396781492280366,0.485026128096208
doc122,0.15665886395665332,0.20486763163869667,0.002476135759595009,0.6359973686450551
doc123,0.0013816433749881763,0.0013816483546615296,0.12324984208082236,0.8739868661895279
doc124,0.00037829472480219677,0.012553566893573806,0.6175445756842837,0.36952356269734027
doc125,0.001006215784202522,0.039680557958317826,0.0010062383682725715,0.9583069878892071
doc126,0.001006215784202522,0.039680557958317826,0.0010062383682725715,0.9583069878892071
doc127,0.6750493187886462,0.0007124001155490186,0.3235258224946227,0.0007124586011822048
doc128,0.07235440355706202,0.001228834914145165,0.9251878436421644,0.0012289178866282558
doc129,0.3333922742351793,0.3931940683927654,0.0012598212959506118,0.2721538360761047
doc130,0.8124050710114067,0.18497593980791885,0.001309384476192609,0.0013096047044819832
doc131,0.0014010122096972078,0.5411968297073223,0.0014010220150953664,0.4560011360678851
doc132,0.002110168723971297,0.9936699346098998,0.002109982374805314,0.002109914291323501
doc133,0.0012758914298699514,0.7119320415263337,0.0012759425589889389,0.28551612448480745
doc134,0.14876039685199074,0.000882109019878159,0.8494753627857524,0.000882131342378651
doc135,0.2918523805353586,0.09457437464584738,0.6124788273407277,0.0010944174780663082
doc136,0.1059938078485078,0.44273026111384844,0.4489711086695985,0.0023048223680453427
doc137,0.5729123126330432,0.42354080367631114,0.001773422476326564,0.00177346121431917
doc138,0.0002929740139354611,0.46642521527781955,0.07074461562485643,0.46253719508338853
doc139,0.0007671034076751745,0.40178397482714817,0.5966818029041577,0.0007671188610191811
doc140,0.00035926982379252216,0.00035927431222189176,0.6704398996088896,0.32884155625509587
doc141,0.001441244939691027,0.2392700198693491,0.24881347441482501,0.5104752607761348
doc142,0.0020250661398982166,0.9939253404422224,0.002024746589205364,0.0020248468286740524
doc143,0.0004665626254305763,0.963695956387571,0.03537094454822234,0.00046653643877614517
doc144,0.001984632900208854,0.001984566306886506,0.001984560560426366,0.9940462402324783
doc145,0.26100898981453424,0.6662731426308216,0.0009768796128825988,0.07174098794176141
doc146,0.48145601134442656,0.10571191728401355,0.0026745335963639784,0.41015753777519576
doc147,0.0012759667029408127,0.1521959408098632,0.42486154995886255,0.42166654252833347
doc148,0.002907819446539888,0.002908053202308163,0.0029076689284700187,0.991276458422682
doc149,0.04478702578150985,0.571686097139807,0.0017129273190279804,0.38181394975965516
doc150,0.0010596828675544002,0.0010597299539720831,0.0010597288090304165,0.996820858369443
doc151,0.6464683498708284,0.3486989121918216,0.002416169750945217,0.002416568186404865
doc152,0.0012287899046885778,0.0012289028895406584,0.8006481387292063,0.19689416847656452
doc153,0.0011711664156660259,0.4999951345553854,0.0011713002422526924,0.49766239878669594
doc154,0.07056534896651459,0.0024160822218619194,0.4661001245288395,0.46091844428278395
doc155,0.7686811138911728,0.22962925525969155,0.0008447891699701683,0.0008448416791655702
doc156,0.9957972079668204,0.001400983884322001,0.0014010253193475787,0.0014007828295098121
doc157,0.5365502795991397,0.09394759732861296,0.3673919747974953,0.002110148274751971
doc158,0.8987710995543435,0.0016290089461102482,0.0016289829787091527,0.0979709085208369
doc159,0.002748076781266237,0.16128225647985003,0.8332217510160799,0.0027479157228038295
doc160,0.8976106579515462,0.000996319271894498,0.10039671788322327,0.0009963048933359635
doc161,0.002252847189560257,0.9932417114264175,0.0022526727890875156,0.002252768594934843
doc162,0.002415988856947904,0.9927513575903919,0.0024160820429676845,0.002416571509692621
doc163,0.8726890728134219,0.001805538638454972,0.001805634883775577,0.12369975366434753
doc164,0.8414896480071224,0.0007123704715235438,0.15708551891284817,0.000712462608505972
doc165,0.4663781981779922,0.5314331604556003,0.0010943272151464343,0.0010943141512609195
doc166,0.151029145077846,0.5448720120098158,0.0016030857346464088,0.30249575717769167
doc167,0.16353977208737763,0.0017128481936719469,0.8330346405290382,0.0017127391899123235
doc168,0.6435276669451905,0.25752502123578036,0.09787642104539689,0.0010708907736322623
doc169,0.0014207432630442024,0.4395964914486976,0.5575621626875104,0.0014206026007478295
doc170,0.846965393555394,0.14738350228987568,0.002825334577013472,0.002825769577716721
doc171,0.3840290120267721,0.0010596029655690119,0.1850099655405758,0.4299014194670831
doc172,0.9941614744575371,0.0019464404205522976,0.0019460655370299544,0.001946019584880731
doc173,0.01351620974398801,0.013517533884460704,0.01351930165963717,0.9594469547119142
doc174,0.002203134198487032,0.0022034654818687055,0.002203432350249104,0.993389967969395
doc175,0.002155892880208898,0.2517322972574637,0.11901244804937737,0.62709936181295
doc176,0.00102689584426456,0.0010268847913095813,0.0010268830317995876,0.9969193363326262
doc177,0.0008744018885850128,0.9973767783268107,0.0008742772190203988,0.0008745425655837177
doc178,0.00102689584426456,0.0010268847913095813,0.0010268830317995876,0.9969193363326262
doc179,0.46805188593736924,0.0020667960480469354,0.527814488752502,0.0020668292620817795
doc180,0.0007730426660274057,0.6439449162197648,0.3545091015320673,0.0007729395821404143
doc181,0.07751635515736241,0.12300628932558072,0.7616012555554239,0.0378760999616329
doc182,0.11369550474731728,0.7646170736537706,0.12068113716622354,0.0010062844326885214
doc183,0.0029947784075213344,0.9910159925393621,0.0029945267687396466,0.002994702284376996
doc184,0.0010595724792072762,0.9968211689163616,0.0010596505975389505,0.0010596080068920996
doc185,0.0012287899046885778,0.0012289028895406584,0.8006481387292063,0.19689416847656452
doc186,0.006495538726171123,0.006495162294377336,0.3047260176005784,0.6822832813788732
doc187,0.44509834987380026,0.3230673068810491,0.23017824506865028,0.0016560981765003655
doc188,0.2023001139266648,0.14180141655646844,0.6535937976644757,0.0023046718523910847
doc189,0.10024947853741029,0.1260070008570428,0.7729937679704492,0.0007497526350976302
doc190,0.7331438049992418,0.25830757964561213,0.004274499615959465,0.004274115739186747
doc191,0.13202874554049715,0.44588056841465185,0.3671549675064911,0.05493571853835978
doc192,0.0013626687837762176,0.5668144163226627,0.43046012920943905,0.0013627856841219267
doc193,0.00040268783788375455,0.7738042600982318,0.06973632245031311,0.15605672961357134
doc194,0.6781190249053513,0.001275825274291037,0.001275763086645881,0.3193293867337119
doc195,0.0004665626254305763,0.963695956387571,0.03537094454822234,0.00046653643877614517
doc196,0.12145268893716842,0.0014839469282843995,0.8294625680318908,0.047600796102656245
doc197,0.001712802376003127,0.34184934655598437,0.0017127591332748331,0.6547250919347377
doc198,0.13281603689779495,0.33026594557677436,0.3160867827271115,0.22083123479831904
doc199,0.4318772146599883,0.5648104088995926,0.0016561377818485588,0.0016562386585705394
doc200,0.5034055085665929,0.002024705121887027,0.49254505798612896,0.0020247283253910214
doc201,0.0010485265639068326,0.1303160197234803,0.0010484077094964773,0.8675870460031164
doc202,0.0010708898008558786,0.459741912204598,0.07321908840638396,0.4659681095881621
doc203,0.0019846300478448442,0.5236774810961489,0.001984743296076585,0.4723531455599297
doc204,0.0015294209600043446,0.22717069253027436,0.7697705785639076,0.0015293079458134871
doc205,0.9129135954800145,0.084771086499742,0.0011575760419344423,0.0011577419783090942
doc206,0.002155925151665233,0.6653371651276585,0.0021558705653156375,0.3303510391553607
doc207,0.00040268783788375455,0.7738042600982318,0.06973632245031311,0.15605672961357134
doc208,0.002359214085637582,0.9929226642672535,0.0023592179885632025,0.002358903658545901
doc209,0.5215377431767604,0.0017128194024339718,0.4750365748226184,0.0017128625981872297
doc210,0.48719504829330357,0.32899357250322714,0.0024760751785499685,0.18133530402491943
doc211,0.34100165877998295,0.002994511672443593,0.00299461129717454,0.6530092182503989
doc212,0.0005940576343407435,0.9982178921618049,0.0005940220105484326,0.0005940281933059697
doc213,0.8386000680785783,0.0007226655223333548,0.15995450547412746,0.0007227609249609669
doc214,0.07723548680925944,0.44709274166911644,0.4733125928794985,0.0023591786421256434
doc215,0.3068777765508479,0.17785593372908493,0.5145107590953496,0.0007555306247176402
doc216,0.002203217128717729,0.9933905891329198,0.0022030517737314645,0.00220314196463105
doc217,0.6501313211617339,0.0006395464137949089,0.13586637082826397,0.2133627615962073
doc218,0.1755254832493561,0.8195227933182737,0.0024758699673509948,0.002475853465019018
doc219,0.0012597548719157122,0.13104503976707896,0.3355110204999621,0.5321841848610431
doc220,0.004674621201609282,0.9859767804194498,0.0046736041692664,0.004674994209674579
doc221,0.24499400554734302,0.7518994745554562,0.0015532864703002387,0.0015532334269001318
doc222,0.0679944979514326,0.9260162738515879,0.0029945846212050915,0.0029946435757745886
doc223,0.155534552339285,0.5364908896760736,0.16279283282999407,0.14518172515464745
doc224,0.0005198960198808559,0.2940233407821539,0.7049369294043055,0.00051983379365955
doc225,0.001094406097662308,0.139179788673488,0.8586315180412063,0.0010942871876434682
doc226,0.3389768207024259,0.5056426562724202,0.07366055324110646,0.0817199697840474
doc227,0.00033518925242878914,0.48528278647324513,0.5140468388641394,0.0003351854101867425
doc228,0.0029947784075213344,0.9910159925393621,0.0029945267687396466,0.002994702284376996
doc229,0.0013266050159831569,0.02237782092360696,0.0013265903202736558,0.9749689837401362
doc230,0.0009313535301830955,0.2910612745712486,0.06303649979789405,0.6449708721006743
doc231,0.0018731187248114114,0.001873153429835024,0.16673254644940966,0.8295211813959439
doc232,0.00102689584426456,0.0010268847913095813,0.0010268830317995876,0.9969193363326262
doc233,0.0006650613357193859,0.8848832194320763,0.11378669232112172,0.000665026911082699
doc234,0.00102689584426456,0.0010268847913095813,0.0010268830317995876,0.9969193363326262
doc235,0.001908914159279463,0.0019088856693926103,0.9942734944320162,0.0019087057393116632
doc236,0.9162892660432438,0.0015063593126470442,0.08069799211036854,0.0015063825337405484
doc237,0.13150982424769891,0.5234314754681784,0.3438449079183122,0.0012137923658104856
doc238,0.0011316084267323937,0.0011315995074005097,0.9966053278416803,0.0011314642241867807
doc239,0.24499400554734302,0.7518994745554562,0.0015532864703002387,0.0015532334269001318
doc240,0.0005514099182490781,0.19643531871755382,0.5364100951942807,0.26660317616991647
doc241,0.0009768090167681029,0.4301911324553758,0.5678552334707248,0.0009768250571312801
doc242,0.13895055947318674,0.0004457703919109108,0.5993893353678615,0.2612143347670409
doc243,0.0017127861895818012,0.48668173559858574,0.5098926414455818,0.0017128367662506679
doc244,0.12004421199665002,0.2281421232571864,0.6508555850382447,0.0009580797079188196
doc245,0.0022526067626213128,0.0022529269377029562,0.5706698441049703,0.42482462219470535
doc246,0.4318772146599883,0.5648104088995926,0.0016561377818485588,0.0016562386585705394
doc247,0.00033081044014941134,0.13689999595536193,0.7908938471391159,0.07187534646537261
doc248,0.0017737228996926736,0.11112656366488194,0.8853262669933243,0.0017734464421010124
doc249,0.3850486262468517,0.06988598906028272,0.22299926980370255,0.32206611488916304
doc250,0.1134662399268372,0.0011577507644079238,0.8842182326574892,0.001157776651265675
doc251,0.18834223194157737,0.14455508281041046,0.6168328045755063,0.05026988067250594
doc252,0.0007613706231784226,0.6621773378266769,0.26926871119608875,0.067792580354056
doc253,0.0012597548719157122,0.13104503976707896,0.3355110204999621,0.5321841848610431
doc254,0.0014009052125193466,0.7854797548103679,0.0014009073461038744,0.21171843263100892
doc255,0.8759010596196557,0.0008308093310629002,0.12243738446513995,0.0008307465841415004
doc256,0.01351620974398801,0.013517533884460704,0.01351930165963717,0.9594469547119142
doc257,0.0016838955341925,0.07471842812012745,0.17746185410697196,0.7461358222387081
doc258,0.0015535685495317762,0.17218936510197833,0.0015532128308958313,0.8247038535175942
doc259,0.31491790719541385,0.0012288101918033559,0.0012287886390670764,0.6826244939737158
doc260,0.4662460290098183,0.001742725814711335,0.5302685202632604,0.0017427249122099143
doc261,0.7041229791067537,0.0010485066861191206,0.0010484929845925807,0.2937800212225347
doc262,0.0009864712451036713,0.000986532931769263,0.9970406329416829,0.000986362881444091
doc263,0.0020248966877104853,0.9939254783881402,0.002024963481973995,0.0020246614421751867
doc264,0.19740796315916243,0.0793918008264978,0.7215712734838973,0.0016289625304424676
doc265,0.46805188593736924,0.0020667960480469354,0.527814488752502,0.0020668292620817795
doc266,0.002155641008233242,0.9430612876535188,0.0021556004099042066,0.052627470928343786
doc267,0.3352066973149835,0.002304595321587455,0.28769736448018873,0.37479134288324034
doc268,0.835089966647825,0.16262119734200697,0.0011443860246117983,0.0011444499855562
doc269,0.05006430432142799,0.8486523336590972,0.10020068833427595,0.0010826736851988995
doc270,0.20506375914707148,0.36962463349421476,0.004903319544567877,0.4204082878141459
doc271,0.00102689584426456,0.0010268847913095813,0.0010268830317995876,0.9969193363326262
doc272,0.0011314985612511093,0.9966053580676926,0.0011315741117151777,0.0011315692593411508
doc273,0.002825625297137156,0.9915233818750471,0.002825391697282522,0.002825601130533308
doc274,0.1162101393453664,0.4747639379454444,0.4081591720634892,0.0008667506457000164
doc275,0.001059520232154344,0.6915905058284868,0.30629037381528074,0.0010596001240782513
doc276,0.9962206921816427,0.001259733293612985,0.0012597475701351692,0.0012598269546092715
doc277,0.7047140446002215,0.29202780982174453,0.0016291606061868277,0.0016289849718470755
doc278,0.000931305169627564,0.37733934154196425,0.347393191497703,0.2743361617907052
doc279,0.0013266050159831569,0.02237782092360696,0.0013265903202736558,0.9749689837401362
doc280,0.00102689584426456,0.0010268847913095813,0.0010268830317995876,0.9969193363326262
doc281,0.00102689584426456,0.0010268847913095813,0.0010268830317995876,0.9969193363326262
doc282,0.06136830643730063,0.0010595740546703596,0.9365125929201426,0.0010595265878865364
doc283,0.0020247693157204607,0.9939259120116929,0.002024782247835867,0.0020245364247507645
doc284,0.28536620812746605,0.14908987822080402,0.5648051922016413,0.000738721450088746
doc285,0.19151632865880458,0.038696615854789264,0.0008898210491588509,0.7688972344372472
doc286,0.000722695169616947,0.2897212958755768,0.7088332423368697,0.0007227666179365051
doc287,0.08174489894420502,0.9138493271684712,0.0022028657199489165,0.0022029081673748435
doc288,0.0016561579014024946,0.30614986526108634,0.5248280822604677,0.16736589457704337
doc289,0.0006275106074175176,0.15314742021332234,0.549511816188778,0.2967132529904822
doc290,0.20120005714150924,0.35807481404864,0.0013092335736239282,0.43941589523622687
doc291,0.001838883294807983,0.0018388530735177517,0.9944836704418042,0.0018385931898700916
doc292,0.001059520232154344,0.6915905058284868,0.30629037381528074,0.0010596001240782513
doc293,0.003522169311846377,0.0035217668266129642,0.31062588036866506,0.6823301834928756
doc294,0.14421929897096258,0.8545488806328946,0.0006159075845325781,0.0006159128116103462
doc295,0.3352066973149835,0.002304595321587455,0.28769736448018873,0.37479134288324034
doc296,0.00033081044014941134,0.13689999595536193,0.7908938471391159,0.07187534646537261
doc297,0.32276055666834896,0.4572989191717794,0.21768776120555672,0.002252762954315034
doc298,0.0010708790171117713,0.0010710165164610987,0.5763945045602279,0.42146359990619925
doc299,0.0009401329613388645,0.5710825109017772,0.427037226933842,0.0009401292030420217
doc300,0.0013626667452399713,0.2750720104696029,0.6338168818730795,0.08974844091207763
doc301,0.057794497881491665,0.13479661279087526,0.8065495755968225,0.0008593137308106018
doc302,0.0012598280099734782,0.3399590333193987,0.4808610493470426,0.17792008932358536
doc303,0.31491790719541385,0.0012288101918033559,0.0012287886390670764,0.6826244939737158
doc304,0.001484085840881255,0.6714181494959939,0.12714647239276505,0.19995129227035988
doc305,0.0009868136288854528,0.6744756479016831,0.0009863766789856142,0.3235511617904458
doc306,0.0006520406622634377,0.3552351097593208,0.45020617420568176,0.19390667537273396
doc307,0.0015535685495317762,0.17218936510197833,0.0015532128308958313,0.8247038535175942
doc308,0.13618207557562162,0.0024162175217192126,0.0024162266671417048,0.8589854802355174
doc309,0.0006650613357193859,0.8848832194320763,0.11378669232112172,0.000665026911082699
doc310,0.24903409054028183,0.747073692269484,0.0019462231282551786,0.0019459940619790906
doc311,0.20120005714150924,0.35807481404864,0.0013092335736239282,0.43941589523622687
doc312,0.05530998638365591,0.4733199167403918,0.3744793981601854,0.09689069871576687
doc313,0.9973771364778501,0.0008743003104306283,0.0008743224759797904,0.000874240735739522
doc314,0.995676317649001,0.001441309370798968,0.001441256928575392,0.0014411160516248404
doc315,0.09674940645294103,0.8980407788214878,0.002604807605330909,0.002605007120240401
doc316,0.1404865795967834,0.0009228097776324028,0.3562723329474535,0.5023182776781306
doc317,0.0022527404810869195,0.993241952098227,0.0022526746818259127,0.002252632738860168
doc318,0.9978001915695277,0.0007332945875772824,0.00073327154171913,0.0007332423011758546
doc319,0.18279771067461983,0.5324002162349335,0.28333950193071356,0.0014625711597331598
doc320,0.000817242267469595,0.48882979335807514,0.5095357860490234,0.0008171783254319551
doc321,0.24903409054028183,0.747073692269484,0.0019462231282551786,0.0019459940619790906
doc322,0.15345000879633386,0.06003434861359025,0.7851529609146264,0.0013626816754493745
doc323,0.45765624841387065,0.0027477714976912966,0.0027480049055658845,0.5368479751828722
doc324,0.6247340086870824,0.0009490728187072576,0.3733678600869521,0.000949058407258188
doc325,0.9962680131732228,0.001244051006281349,0.0012439971267279345,0.001243938693767924
doc326,0.9923844973914582,0.0025384567189604894,0.002538508241246595,0.0025385376483348008
doc327,0.0026745685978450616,0.9150829052184709,0.002674478264772397,0.07956804791891171
doc328,0.9281511007442675,0.0003468340071602153,0.07115522668442086,0.0003468385641514548
doc329,0.43820488211358044,0.000986416212403306,0.0009863837673758417,0.5598223179066404
doc330,0.20881635203191576,0.4813961247522679,0.30815843585867286,0.0016290873571433843
doc331,0.00027989706724035253,0.8092412524604009,0.16164030711799515,0.028838543354363512
doc332,0.31965566925534217,0.10698773523624257,0.0005145466072032898,0.572842048901212
doc333,0.0006832368023540596,0.09128313841660518,0.9073504240995863,0.0006832006814542879
doc334,0.000931305169627564,0.37733934154196425,0.347393191497703,0.2743361617907052
doc335,0.0013266050159831569,0.02237782092360696,0.0013265903202736558,0.9749689837401362
doc336,0.6498228578422554,0.0595645393595059,0.11449445994227248,0.1761181428559664
doc337,0.00102689584426456,0.0010268847913095813,0.0010268830317995876,0.9969193363326262
doc338,0.00102689584426456,0.0010268847913095813,0.0010268830317995876,0.9969193363326262
doc339,0.10791841222810597,0.4320020656608272,0.1686539291149179,0.2914255929961489
doc340,0.2344715524337531,0.0004846481034878902,0.6264849917752693,0.13855880768748974
doc341,0.6786358177995135,0.15654529149713667,0.11353314645329782,0.05128574425005221
doc342,0.0008820597481342895,0.7323427962023745,0.2658930344689815,0.0008821095805095651
doc343,0.0009227434535758323,0.6966832304961363,0.0009227470434156042,0.30147127900687226
doc344,0.00038268490614642395,0.5380546861287179,0.3620934340913781,0.09946919487375765
doc345,0.00043042620828305414,0.19645690929974638,0.802682267240732,0.0004303972512386501
doc346,0.0003901187095644286,0.09863419268345693,0.6905738612435782,0.21040182736340046
doc347,0.047405849802331916,0.043436001546954955,0.4379532931926025,0.47120485545811064
doc348,0.49677993612526694,0.08857917170224092,0.4142964322296827,0.0003444599428095609
doc349,0.00036993627026549793,0.21545594504239463,0.5932757147957708,0.19089840389156917
doc350,0.7163559969752813,0.001144390276398935,0.15462267913188932,0.12787693361643032
doc351,0.0005484336328340988,0.484021513356507,0.5148816579499601,0.0005483950606988693
doc352,0.9986070084811327,0.00046434941862880585,0.0004643243729359861,0.0004643177273025387
doc353,0.00033081044014941134,0.13689999595536193,0.7908938471391159,0.07187534646537261
doc354,0.7779514092070818,0.07647705892060647,0.14396828850399102,0.001603243368320702
doc355,0.0010165088051909106,0.37364748893174116,0.6243194902686368,0.0010165119944310517
doc356,0.0010484508771219428,0.16370512315766866,0.8341979305642954,0.0010484954009138884
doc357,0.0008447477758736162,0.8986877332303774,0.09962268707494021,0.0008448319188086801
doc358,0.060286835580196256,0.26769316225650164,0.671071060898399,0.000948941264903084
doc359,0.1375174515512514,0.00108260058851508,0.633324262548016,0.22807568531221747
doc360,0.0008239944326771927,0.0008239145452403122,0.0008239577219057296,0.9975281333001768
doc361,0.0013266450104448887,0.2338604751055057,0.0013266459068891796,0.7634862339771603
doc362,0.00047782660892142786,0.0004776408019215469,0.0004776849927713319,0.9985668475963857
doc363,0.002994666807827312,0.002995061977378094,0.470462109987012,0.5235481612277827
doc364,0.20120005714150924,0.35807481404864,0.0013092335736239282,0.43941589523622687
doc365,0.0008820550120880679,0.09269683854038639,0.1521049317646631,0.7543161746828625
doc366,0.0005337772582390757,0.74525009335557,0.2536823791276402,0.0005337502585506992
doc367,0.0012923507168993236,0.9961227633053695,0.0012922034082413257,0.0012926825694899492
doc368,0.17768276640191355,0.24464612579479866,0.0023044913728147032,0.575366616430473
doc369,0.0016292244651575029,0.9951126516970922,0.0016290601253809269,0.0016290637123694263
doc370,0.891268192241102,0.10649412593518566,0.0011188755142610986,0.0011188063094511478
doc371,0.988633996305861,0.0037884985773076673,0.0037886284524562405,0.003788876664375059
doc372,0.001506571687459418,0.09961806588342569,0.19635946654687148,0.7025158958822435
doc373,0.6720002050423469,0.18787046457629536,0.0014008802336021085,0.13872845014775564
doc374,0.0006314887347029262,0.10952535369939491,0.5273461703513815,0.3624969872145205
doc375,0.9281511007442675,0.0003468340071602153,0.07115522668442086,0.0003468385641514548
doc376,0.9986070084811327,0.00046434941862880585,0.0004643243729359861,0.0004643177273025387
doc377,0.9432417287813057,0.0013265160458438773,0.0013269037927950598,0.054104851380055274
doc378,0.15051113513727846,0.8049975296089054,0.0012597936643148262,0.043231541589501356
doc379,0.11000589794478277,0.7188699885707046,0.17063713881406195,0.0004869746704507429
doc380,0.5790824857025333,0.17283298319698603,0.0010710244250576558,0.24701350667542302
doc381,0.9503069397118895,0.0015775956436567269,0.001577649549303813,0.04653781509514996
doc382,0.46541166553694246,0.0020246421785012035,0.5305390706962083,0.0020246215883480004
doc383,0.00039475687572369567,0.3704152587428746,0.6287952437886646,0.00039474059273718966
doc384,0.34635821252516225,0.0016839621506365937,0.6502737717646695,0.0016840535595317233
doc385,0.5265628719693566,0.14005133378903056,0.3319234591589043,0.0014623350827085693
doc386,0.7826070901252807,0.0006354580771887487,0.0006355051326721147,0.21612194666485848
doc387,0.0013093878153142083,0.16627945966083435,0.35257348993444454,0.4798376625894071
doc388,0.2344715524337531,0.0004846481034878902,0.6264849917752693,0.13855880768748974
doc389,0.0009401858075362868,0.736627395414171,0.1159706131467316,0.14646180563156122
doc390,0.0015533854296583688,0.6212187933713155,0.0015531189844060437,0.3756747022146203
doc391,0.05802026813473161,0.000986434371621218,0.0009865353111484503,0.9400067621824988
doc392,0.05802026813473161,0.000986434371621218,0.0009865353111484503,0.9400067621824988
doc393,0.0019844964636773943,0.8619667410229881,0.0019848174068266477,0.13406394510650788
doc394,0.0005702331996054165,0.788006134456223,0.0005702706799100137,0.21085336166426155
doc395,0.001213928790833263,0.3337143043700464,0.038083633324727854,0.6269881335143924
doc396,0.0006395388664423789,0.6817774157582664,0.10224402987930055,0.21533901549599066
doc397,0.7412740031589535,0.04775556618886304,0.20978526710639828,0.001185163545785152
doc398,0.43632860903734794,0.5610180968975634,0.0013265753401668276,0.001326718724921727
doc399,0.07688201205177776,0.5842700369823535,0.00180566539472682,0.33704228557114185
doc400,0.0004267610552525087,0.15088732116467793,0.27840373345637925,0.5702821843236903
doc401,0.13845395615726935,0.002538722459950354,0.8564685750620804,0.0025387463206997954
doc402,0.3228835035610883,0.002747738286581288,0.0027478061373893323,0.6716209520149411
doc403,0.16592036579123384,0.1833755520681904,0.0016559919156097463,0.649048090224966
doc404,0.006098844790252245,0.006098400108412387,0.6134105869523186,0.3743921681490167
doc405,0.6818599898687315,0.0005544653189641903,0.10127953334909297,0.21630601146321135
doc406,0.24961440073702415,0.3578573891005619,0.3913706193061966,0.0011575908562172774
doc407,0.0006047846898453955,0.0006048179201538435,0.9467051447035771,0.052085252686423715
doc408,0.15765332824650546,0.27667941724292966,0.44782566113522465,0.11784159337534025
doc409,0.751439883782593,0.0010826098413733345,0.24639503937152218,0.0010824670045116592
doc410,0.0012288786676024838,0.09928380588065049,0.5319938620442606,0.36749345340748657
doc411,0.0008519646411777215,0.13502038157479018,0.8632757341737413,0.0008519196102907076
doc412,0.10338786517185046,0.8936438984467162,0.001484188627905388,0.0014840477535281108
doc413,0.2363942507379369,0.003185784863998864,0.3473388051519437,0.4130811592461206
doc414,0.12944054834023597,0.001094296510215312,0.07676817316195082,0.792696981987598
doc415,0.6498228578422554,0.0595645393595059,0.11449445994227248,0.1761181428559664
doc416,0.36537213582443995,0.0016560691705321496,0.0016561942947842384,0.6313156007102435
doc417,0.10791841222810597,0.4320020656608272,0.1686539291149179,0.2914255929961489
doc418,0.0010943186615260322,0.0010944659497783798,0.9967167718651938,0.0010944435235016763
doc419,0.002476206369966381,0.002475853618587346,0.527560288855098,0.46748765115634844
doc420,0.9942736424257159,0.0019087848028324875,0.0019088741650856297,0.0019086986063659474
doc421,0.9960723582332508,0.0013093047080961014,0.001309234565739999,0.0013091024929130224
doc422,0.16185159018756326,0.05194328832309728,0.7848607596941327,0.0013443617952065652
doc423,0.15037840540760475,0.847102051844374,0.0012597480818163007,0.00125979466620473
doc424,0.45765624841387065,0.0027477714976912966,0.0027480049055658845,0.5368479751828722
doc425,0.9923844973914582,0.0025384567189604894,0.002538508241246595,0.0025385376483348008
doc426,0.001506571687459418,0.09961806588342569,0.19635946654687148,0.7025158958822435
doc427,0.2344715524337531,0.0004846481034878902,0.6264849917752693,0.13855880768748974
doc428,0.1803149833980877,0.7007871708583617,0.11599059794015792,0.0029072478033925265
doc429,0.3261748230964692,0.6700074265734768,0.001908952257933615,0.0019087980721203123
doc430,0.0859644602781705,0.29702423620699797,0.6155701020353408,0.0014412014794906996
doc431,0.0023590273548553336,0.992922706198574,0.0023590355657867,0.0023592308807838746
doc432,0.8449592991740794,0.05737375770286058,0.00060111779092062,0.09706582533213941
doc433,0.0567555838036721,0.525752628096571,0.05217274504039252,0.36531904305936436
doc434,0.0010943641332163032,0.34253549759885016,0.6135442099736503,0.04282592829428316
doc435,0.0017733563204043255,0.2531111910572596,0.7433421371423234,0.0017733154800127673
doc436,0.9969503761124588,0.0010164460133353418,0.0010166621291001839,0.0010165157451056943
doc437,0.0938490660918612,0.722203305381901,0.18192284842343737,0.002024780102800423
doc438,0.5382768176048951,0.3761018537271832,0.0016840079835503167,0.08393732068437139
doc439,0.10998213806144906,0.7163411134285008,0.17319678439847755,0.00047996411157262976
doc440,0.98369044021548,0.005436772386873082,0.005436031413960281,0.005436755983686487
doc441,0.0014840919963307133,0.5279431442332946,0.469088675115938,0.0014840886544367443
doc442,0.0010596764596792101,0.5217395191540599,0.4269518829221146,0.05024892146414622
doc443,0.001484542521438489,0.380890499598011,0.2995359926692869,0.3180889652112636
doc444,0.07143071671834597,0.0010268239807805655,0.00102699316505663,0.9265154661358168
doc445,0.0992784696684292,0.5739302781995343,0.002994659610962922,0.32379659252107357
doc446,0.07143071671834597,0.0010268239807805655,0.00102699316505663,0.9265154661358168
doc447,0.9957975079645932,0.001400841531584476,0.001400842745600452,0.001400807758221767
doc448,0.0008593116299019794,0.0008594425005400054,0.2331920413390609,0.7650892045304971
doc449,0.13499969676910845,0.0014413638575472784,0.8621176057085292,0.0014413336648151393
doc450,0.0007124780139764461,0.21026301377960674,0.7883121023901831,0.0007124058162335693
doc451,0.000804088796769738,0.42298007653581043,0.3475128898959088,0.2287029447715109
doc452,0.0022528072407829876,0.19129725094962785,0.002252721331994495,0.8041972204775947
