,topics0,topics1,topics2,topics3,topics4,topics5,topics6,topics7
doc0,0.0017608516181780531,0.001760999722594288,0.0017608161388974932,0.9876736793135277,0.0017608215328743016,0.001760908052027257,0.0017610077308358382,0.001760915891065169
doc1,0.23062786546617856,0.09735266470910411,0.0007205857020708772,0.0007206322221327784,0.0007206981727648292,0.38874833453561275,0.0007206598944061302,0.28038855929772993
doc2,0.04487374541088315,0.36743749945143406,0.00037918666129923255,0.38382386556283615,0.20234814314425273,0.000379178923131162,0.00037918645274001784,0.0003791943934235932
doc3,0.0003228531821680045,0.4932425353416301,0.0003228872702690933,0.0972065688080215,0.2176824460487241,0.1509789762225176,0.0003228802729308671,0.039920852853738795
doc4,0.0007365520482156224,0.08454582527265128,0.0007365654133836408,0.33711682121561704,0.5746546261602158,0.0007365101420116703,0.0007365658338610619,0.000736533914043797
doc5,0.07821761735366478,0.5019534660840197,0.0006676973108301527,0.1717429725123815,0.24541489896437998,0.0006677525988555989,0.0006678158871132887,0.0006677792887551957
doc6,0.0011523347109056033,0.44957231164491684,0.001152390022511358,0.33163158738462345,0.001152472570061964,0.0011522875083411707,0.0011523873744307322,0.21303422878420888
doc7,0.0015925351851096626,0.28797311399299047,0.0015927426425788548,0.7024708019837992,0.0015927075422415985,0.0015929701480908176,0.0015925175501039107,0.0015926109550854135
doc8,0.0008491121106648664,0.1462502754008335,0.0008490748023648388,0.8486547687548764,0.000849167445214,0.0008491529076265459,0.0008491683418657398,0.0008492802365541154
doc9,0.011364374425891213,0.01136400671137385,0.9204471191265002,0.011366851084093032,0.011364914411985269,0.011363844006189979,0.011364658256385968,0.011364231977580306
doc10,0.006329428585544364,0.006329315573443225,0.006329428800468353,0.9556933795966055,0.006329645850236784,0.006329255646744509,0.006329577231462638,0.00632996871549471
doc11,0.014706580657054356,0.014706691410249842,0.014708505501569095,0.014710694976521315,0.7224339879597811,0.014706573855621097,0.18931903807431957,0.014707927564883715
doc12,0.003247799676938868,0.3706659710532165,0.0032472599059029193,0.0032476526526354437,0.0032477687694014027,0.003247162284464988,0.0032473413021601085,0.6098490443552796
doc13,0.007813143475418867,0.007813856429846718,0.007813140877093202,0.9453050022169637,0.007813831288187262,0.007812964986084315,0.007814962026197865,0.0078130987002082
doc14,0.0005412949928395661,0.0005412794886133913,0.1471016191855785,0.7390738270585487,0.04233270064243257,0.0005412190025019819,0.06932681142968948,0.0005412481997956949
doc15,0.0010895453044951417,0.001089535835149689,0.0010903161084681347,0.0010895065997279252,0.00108962716087052,0.0010896990057893431,0.0010895037097820642,0.9923722662757174
doc16,0.00037350691027092793,0.0003734950955127636,0.00037354653292370223,0.401257454121851,0.20273204707676837,0.0003734929111776161,0.00037353993261668536,0.39414291741887897
doc17,0.0009109294707162042,0.0009110176225771086,0.0009109060065762354,0.5518896883761317,0.24300731957810015,0.11084580734598097,0.0009110760630336452,0.09061325553688394
doc18,0.0017303917421140475,0.0017306801228996985,0.0017304034040493015,0.001730689063193913,0.0017304472516051733,0.3543149560441095,0.001730795513138282,0.6353016368588901
doc19,0.0012227507398906883,0.0012228650818155201,0.04794345267331872,0.5969528596384774,0.09548220777784604,0.0012226955195384836,0.11438573300204094,0.1415674355670722
doc20,0.0005996555278350496,0.6389101633080138,0.0005996457003069154,0.1611637697659054,0.0005996837441954232,0.0005996425052991636,0.0005996902360631958,0.19692774921238115
doc21,0.00137407818344835,0.0013741034404994655,0.0013737440705504584,0.8341481355434621,0.0013740617714775227,0.15760780245310976,0.0013739651758965907,0.0013741093615557327
doc22,0.06425057390756647,0.0012081513186914619,0.0012079605384715897,0.8330465580207485,0.0012080451223985286,0.09666290472317622,0.0012079123350425389,0.001207894033904642
doc23,0.0012855395446673718,0.31227122757512416,0.0012856523713433838,0.0012857491091547196,0.0012856710194472946,0.03205211917679189,0.0012856075747084542,0.6492484336287627
doc24,0.10063707345793449,0.04887604928145948,0.0010897728185483826,0.25029918278255714,0.0010896287906421056,0.04146051771214903,0.21996778175088277,0.3365799934058266
doc25,0.0013023059118031381,0.001302468937843241,0.0013022536323333085,0.7932671549148765,0.0013024869744896004,0.19891873207378466,0.0013022832190725878,0.0013023143357968892
doc26,0.0005754666050425814,0.995971603852329,0.0005755168759788786,0.0005754894205316877,0.0005754966350822418,0.0005754843297594622,0.0005754692318409165,0.0005754730494353199
doc27,0.0023932921471540216,0.0023930841943609208,0.0023929882546558953,0.5361953640438865,0.24610489639673327,0.0023926502920893844,0.0023931112459374113,0.2057346134251826
doc28,0.16342739841342374,0.17706609186109304,0.0018942549925122087,0.4543406473496198,0.0018945391846156815,0.0018943710862298767,0.19758799301296565,0.0018947040995399398
doc29,0.000982545464343993,0.0009826232786795078,0.0009825414494795321,0.343238286302166,0.4933402007461525,0.0009825675867022217,0.15850870652842222,0.0009825286440540502
doc30,0.0008562310564455812,0.0008562574412196772,0.0008562399266632565,0.0008562672962249293,0.0008562629612929103,0.994006236228852,0.0008562618064840768,0.000856243282817542
doc31,0.0006033346314696287,0.0006033472887830289,0.8707822359871767,0.0006033392572779029,0.12559785456483966,0.0006032811339909982,0.0006033008329790007,0.0006033063034830732
doc32,0.000686064359879336,0.0006860837406536744,0.013049067765486849,0.28632280892526235,0.2641239649132749,0.0006860622557142065,0.14670564650194776,0.2877403015377811
doc33,0.0005134545210155942,0.08650197160661505,0.0005134081865455034,0.8416148687852754,0.0005135063158195854,0.0005134122629439108,0.0693159180102729,0.0005134603115121552
doc34,0.0007887968847331149,0.0007889008602118346,0.8420790810159174,0.0007889082787047981,0.0007889054450682938,0.0007888738856612912,0.11599440991860205,0.037982123711101205
doc35,0.0006907980982219634,0.28859751074700246,0.1933386154150808,0.0006908172586788932,0.0006908022710454866,0.10974462956734148,0.07863020984610082,0.32761661679652804
doc36,0.07036547689509301,0.0011796667796022025,0.0011797914060514333,0.001179641730883733,0.34295391664722147,0.25196476543666574,0.0011795345552687963,0.3299972065492136
doc37,0.0007104569380910687,0.14674451611225683,0.0007103775778933456,0.0007104708978336563,0.0007104313664953496,0.0007104414286566382,0.0007103626895752115,0.8489929429891979
doc38,0.05997398346930928,0.04257241129488156,0.00043150218071420977,0.7115718903555464,0.1841555998401802,0.0004315596387773501,0.0004314872785437418,0.00043156594204727305
doc39,0.0017302722877498681,0.0017303121682687153,0.8368494896716306,0.0017304670932400126,0.0017304596390121706,0.0017305165540882894,0.15276790572379975,0.0017305768622105236
doc40,0.0010776653939604272,0.0010777468115348797,0.03449293537757328,0.0010777204898401163,0.001077801524951876,0.0010776780611070262,0.9590406809174733,0.0010777714235590376
doc41,0.0010776653939604272,0.0010777468115348797,0.03449293537757328,0.0010777204898401163,0.001077801524951876,0.0010776780611070262,0.9590406809174733,0.0010777714235590376
doc42,0.0013023242142823836,0.6463224460235919,0.0013023970443132203,0.21703970327131492,0.0013025600760506054,0.0013024356332897303,0.0013024276472138926,0.13012570608994342
doc43,0.50840083943001,0.48777170743818926,0.0006378754961727891,0.0006379434186634532,0.0006379613937297312,0.0006378639279708431,0.000637926411370125,0.0006378824838937519
doc44,0.0009923811987287497,0.0009923036326731107,0.9392103136941575,0.0009922906167640771,0.0009923172674434785,0.05483567180296386,0.0009923073143736027,0.0009924144728956654
doc45,0.0015926005416762546,0.1924778609692216,0.001592609261370454,0.0015928341240653036,0.05620216515052937,0.0015926950271783163,0.0015925969240227727,0.7433566380019361
doc46,0.001022688641719033,0.13552253444971088,0.0010226807438875752,0.5677422835945546,0.0010227375625922574,0.0010228370957709734,0.14589986435230115,0.14674437355946346
doc47,0.000982388365608421,0.0009824288055101749,0.0009823959777891197,0.0009824764511823323,0.0009826675337729787,0.0009826804338431093,0.9931225893436701,0.000982373088623812
doc48,0.000982388365608421,0.0009824288055101749,0.0009823959777891197,0.0009824764511823323,0.0009826675337729787,0.0009826804338431093,0.9931225893436701,0.000982373088623812
doc49,0.3594813203491565,0.0012081404895561202,0.0012082698427830316,0.0012079252433100389,0.0012079512731452986,0.36971288142581465,0.0012081294045005635,0.2647653819717339
doc50,0.0008789592746352643,0.6712675692323357,0.0008790675875464867,0.2180737489452006,0.0008790475471821716,0.0008789499328508127,0.10626360714614895,0.0008790503341001717
doc51,0.0007054586559960313,0.45426837183142155,0.000705332299388409,0.44796091051334097,0.0007054305886838936,0.09424379403432943,0.0007053086875761673,0.0007053933892636981
doc52,0.0006299706990747692,0.0006299475986577347,0.0006298980832736943,0.14834845992507875,0.24615427967662784,0.5587467892183052,0.0006298609417358006,0.04423079385724618
doc53,0.15267343265727631,0.0010551279503509964,0.001055157082870984,0.25338186895678455,0.0010551059251203178,0.130514921417939,0.0010551867720746937,0.4592091992375832
doc54,0.32944407597368713,0.6641579392530943,0.0010663778316471837,0.0010663463447850244,0.0010664093658356035,0.0010662495723095993,0.0010663182151359307,0.0010662834435052595
doc55,0.001126426156092601,0.6913279317081595,0.0011263735683836333,0.04087927260687463,0.0011264390992996368,0.09065825443781049,0.0011263071495846322,0.1726289952737949
doc56,0.0017923094133297454,0.0017926771169979015,0.04112258976684471,0.6873233185433792,0.16258720604413404,0.0017925186280860989,0.0017927154889645055,0.10179666499826377
doc57,0.0014537324624380107,0.1866275943105399,0.0014537603808528821,0.2835873707805531,0.001453882534999736,0.07435265219474192,0.3388071362512861,0.11226387108458823
doc58,0.0017609015902752226,0.001761139463820292,0.0017611152963892612,0.34534279693355796,0.5337684612180066,0.001760872922888887,0.11208357194818173,0.0017611406268801272
doc59,0.011364374425891213,0.01136400671137385,0.9204471191265002,0.011366851084093032,0.011364914411985269,0.011363844006189979,0.011364658256385968,0.011364231977580306
doc60,0.006329428585544364,0.006329315573443225,0.006329428800468353,0.9556933795966055,0.006329645850236784,0.006329255646744509,0.006329577231462638,0.00632996871549471
doc61,0.014706580657054356,0.014706691410249842,0.014708505501569095,0.014710694976521315,0.7224339879597811,0.014706573855621097,0.18931903807431957,0.014707927564883715
doc62,0.007813143475418867,0.007813856429846718,0.007813140877093202,0.9453050022169637,0.007813831288187262,0.007812964986084315,0.007814962026197865,0.0078130987002082
doc63,0.0007475645240091043,0.10715517740649542,0.0007475974309498004,0.2921991048233866,0.5969077443027366,0.0007476566394857977,0.0007475366798308238,0.0007476181931057875
doc64,0.14057558184325783,0.002646190907918179,0.0026461289637031123,0.0026463783664237425,0.0026462068924991474,0.06535386473543442,0.1374778917148723,0.6460077565758913
doc65,0.18151141399730142,0.0005031927658905786,0.0005031386560368881,0.2512497528439935,0.0920502286766031,0.40132941456376026,0.0005031988974972661,0.07234965959891713
doc66,0.4655118649782481,0.0018593585018626217,0.0018591540135358335,0.001859161590519746,0.5233327773390938,0.001859275527751338,0.001859203785543543,0.0018592042634449743
doc67,0.5969127929635529,0.39803519367131,0.0008418767682827059,0.000842060957203375,0.0008419934508220812,0.0008420589430298287,0.0008420549931156737,0.0008419682526832976
doc68,0.0848680616634865,0.0006632507699577849,0.0006632623574776603,0.8713519403197616,0.0006633025853874362,0.0404635962308918,0.0006633449710487467,0.0006632411019884577
doc69,0.0011265602754244874,0.26954949459195954,0.0011263339288004033,0.5773230277969021,0.0011264293251805886,0.1474954135834905,0.0011263869191974944,0.0011263535790448352
doc70,0.3262078910672763,0.0014538696466553373,0.09568767937304923,0.47588510130173817,0.0014538660868061233,0.09640393222741848,0.0014538250364496516,0.0014538352606066475
doc71,0.0010023217250112522,0.0010023441965744096,0.0010022689657442707,0.7525325501592748,0.13356654840744564,0.10888946378989156,0.0010021683083338978,0.0010023344477240565
doc72,0.0008564135331691749,0.5088810024614739,0.0008563024106526309,0.15632765081895017,0.0008564182353204193,0.2576376228979977,0.07372807086049366,0.0008565187819423013
doc73,0.0005754666050425814,0.995971603852329,0.0005755168759788786,0.0005754894205316877,0.0005754966350822418,0.0005754843297594622,0.0005754692318409165,0.0005754730494353199
doc74,0.002718306560245688,0.002718275903382196,0.002718048027810858,0.736668962870112,0.1620022665236578,0.002717892395241517,0.00271796418750189,0.0877382835320481
doc75,0.0016727115475255283,0.08348126862031316,0.0016726922964211475,0.3727468377134706,0.5354090412917043,0.0016723918060156417,0.001672526881608057,0.0016725298429414912
doc76,0.0009825820615260953,0.7189489230018984,0.03573493741374343,0.2404032125161537,0.000982613506055195,0.0009824968666336399,0.0009827159300077161,0.0009825187039818248
doc77,0.00130239918561232,0.0013022804087628,0.0013023620876729263,0.8304072802424718,0.001302453334454463,0.0013023242868143584,0.0013023502835016235,0.16177855017070975
doc78,0.0032479642007493376,0.003247565949783404,0.003247828904165422,0.4355036820240376,0.0032477113555738225,0.28885889149038413,0.0032475891984324423,0.2593987668768739
doc79,0.052275536700557325,0.001237963306806499,0.0012380237989295885,0.0012379746762737937,0.8060290808982263,0.0012378226502840956,0.1355055254047284,0.0012380725641940853
doc80,0.0007420240073336119,0.000742038904294153,0.0007420289763482937,0.7639720944027016,0.18758782711148766,0.0007420038615090285,0.0007420935942612235,0.044729889142064425
doc81,0.0008562310564455812,0.0008562574412196772,0.0008562399266632565,0.0008562672962249293,0.0008562629612929103,0.994006236228852,0.0008562618064840768,0.000856243282817542
doc82,0.0023926773494576227,0.6349033102438005,0.0023926356951221527,0.002392816559309861,0.002392674984000483,0.0023926226902785492,0.0497093093433139,0.3034239531347169
doc83,0.0015199281614585896,0.32305532516140567,0.0015201188962862425,0.667824271098554,0.0015200920474200922,0.0015203023157892642,0.0015199112167517516,0.001520051102334169
doc84,0.0018254518109584975,0.0018251425566285023,0.001825136781889122,0.0018252285660207786,0.9872234868067876,0.001825122346357758,0.0018251029672488187,0.001825328164108892
doc85,0.0009825320904398478,0.7206656128225246,0.0009827389488223399,0.000982644213066985,0.27343872300755606,0.0009826274828527379,0.0009825371941446013,0.0009825842405928823
doc86,0.0032479066210584513,0.0032474742570792886,0.0032475020092992495,0.0032478396724257004,0.32260736716914035,0.0032470657359389347,0.3422906147849578,0.3188642297501002
doc87,0.002008380885287664,0.0020084673073254983,0.0020085641642044656,0.002008654506891875,0.002008744532812355,0.0020088869361881965,0.06629264484564565,0.9216556568216444
doc88,0.0010332249578626261,0.3014460181425806,0.001033202467168117,0.0010333997993983996,0.0010333125840552727,0.001033273506905821,0.24859578034707858,0.44479178819495063
doc89,0.0021506599926487536,0.4679341074468053,0.0006722879804350361,0.39266833501673937,0.1345579330366651,0.0006722182233749577,0.0006722670711872782,0.000672191232144093
doc90,0.0008638413651383697,0.05226959119640247,0.0008638944877710897,0.0008637848494543776,0.624245687134272,0.07702916738259216,0.0008637882030174057,0.24300024538135226
doc91,0.0008946028905686018,0.0008947439820446292,0.12737318895432356,0.16655799467867458,0.0008946749133548219,0.1552126663275116,0.000894637143436664,0.5472774911100855
doc92,0.0014751560369683679,0.0014753696305989696,0.001475190232774801,0.0014753754806123582,0.001475449246308276,0.001475414895233539,0.0014754764288119687,0.9896725680486919
doc93,0.0011935145938158055,0.0011937046640257015,0.021995667544584572,0.0011935705382000587,0.001193579212687994,0.0011934674759881505,0.4226142504560024,0.5494222455146953
doc94,0.0010124422322704064,0.00101239519275763,0.0010124110791951079,0.0010123563404739661,0.2624896713527856,0.001012536273732051,0.0010123965954629385,0.7314357909333224
doc95,0.0005532031682054837,0.3507016170375253,0.0005532736858721418,0.33886710116867497,0.0005532666217475976,0.3076650515083111,0.0005532339587646695,0.0005532528508987895
doc96,0.8198827913954301,0.0006589638812890526,0.0006589109957680457,0.000658950465447429,0.176163412876668,0.0006589622952669796,0.0006589827281873425,0.0006590253619430766
doc97,0.38222271118426293,0.0015437880233326769,0.0015435347764436288,0.2427296057346088,0.0015435510483365875,0.3673295358232655,0.0015435550536502098,0.0015437183560996887
doc98,0.0014127676122688755,0.4713588778768559,0.0014128129716177143,0.4214655668278696,0.0014127557567471538,0.0014125682646642958,0.10011188373983809,0.0014127669501383358
doc99,0.0013740842281535315,0.8563043720599316,0.0013739667841088353,0.0013742486219497964,0.10699933619171202,0.0013741110526480974,0.02982589507068296,0.0013739859908132657
doc100,0.18216915046013116,0.001825128351051199,0.4408390896539948,0.0018251331486275125,0.0018251536018056992,0.2266968241586504,0.0018252911795183695,0.14299422944622092
doc101,0.0017923771977859891,0.5971442922682534,0.0017925049009510938,0.0017924188869160563,0.0017925085099015255,0.0017924396496234883,0.25486552351731623,0.13902793506925223
doc102,0.0009543173853092105,0.0009543207758358739,0.000954438186209124,0.0009543034133533271,0.0009544371071033245,0.0009544467687125404,0.9933194320010822,0.0009543043623944315
doc103,0.0009543173853092105,0.0009543207758358739,0.000954438186209124,0.0009543034133533271,0.0009544371071033245,0.0009544467687125404,0.9933194320010822,0.0009543043623944315
doc104,0.38429132791929427,0.0027938906919722285,0.0027936786813714085,0.0027941190093820727,0.0027939077519507746,0.5123853656537025,0.002793947233812139,0.08935376305851464
doc105,0.0007706253935701121,0.2864731881057017,0.06862804953161061,0.34993041362544947,0.000770584536333281,0.29188577780378716,0.0007707675603265631,0.0007705934432211528
doc106,0.00108956125277074,0.0010896563724509772,0.0010896242223307827,0.43338117203816673,0.0010896159398585763,0.0010895845887227726,0.3848367781809549,0.17633400740474442
doc107,0.0016725559457510504,0.001672870648121412,0.0016725619101851793,0.5115001760658585,0.0016725593756664373,0.4784640094073008,0.0016725023519594399,0.0016727642951571504
doc108,0.0012080376601854978,0.1901407485500038,0.0012082199524714795,0.13004585968690238,0.001208126489778302,0.0012082508693969517,0.0012079683748058114,0.6737727884164557
doc109,0.0015678226341646578,0.1521195116773736,0.0015676649905834517,0.001567893987336351,0.0015677778926581787,0.001567805040104909,0.5616549596662769,0.27838656411150203
doc110,0.00145369678244334,0.0014538372202443119,0.9898228883846076,0.0014537914228385561,0.0014538232044782379,0.0014541284386687806,0.0014537495114949005,0.0014540850352242867
doc111,0.00028112225240339205,0.0002811357106224769,0.0002810993413867226,0.3524878324965868,0.12010536831720497,0.0002811259840943654,0.5260011705978543,0.000281145299846857
doc112,0.0011794191879821948,0.0011795740333385267,0.0011795816041819704,0.3825638024014847,0.4674109243203217,0.0011795686008921368,0.03676939673151068,0.10853773312028794
doc113,0.010204822906911904,0.010204482653149698,0.9285645735671656,0.010206591942390777,0.010205543829318235,0.010204269076285926,0.0102052009395617,0.010204515085216165
doc114,0.006329428585544364,0.006329315573443225,0.006329428800468353,0.9556933795966055,0.006329645850236784,0.006329255646744509,0.006329577231462638,0.00632996871549471
doc115,0.014706580657054356,0.014706691410249842,0.014708505501569095,0.014710694976521315,0.7224339879597811,0.014706573855621097,0.18931903807431957,0.014707927564883715
doc116,0.007813143475418867,0.007813856429846718,0.007813140877093202,0.9453050022169637,0.007813831288187262,0.007812964986084315,0.007814962026197865,0.0078130987002082
doc117,0.006329766283437335,0.006330542401077669,0.006329707527647103,0.0063307240546250235,0.9556884456880319,0.00633035941886907,0.006330155254502964,0.006330299371808935
doc118,0.0021836243567711616,0.0021840050551383996,0.0021838748546832345,0.002183695978705254,0.002183923818648484,0.002183560088077964,0.002184137114459075,0.9847131787335165
doc119,0.001618651991802398,0.0016187170468670484,0.10524242659335352,0.27458965902290294,0.0016187861506892112,0.19049022016154074,0.18199908393943232,0.2428224550934119
doc120,0.002336867315311245,0.20047126660564468,0.0023369604529463487,0.0023371912015829593,0.785506861943912,0.00233693127441808,0.0023369858590021704,0.0023369353471825623
doc121,0.0014973661027052245,0.0014975993530832428,0.0014972347748167675,0.306314794531849,0.41662485087690376,0.26957347981938684,0.0014972911001249908,0.0014973834411302744
doc122,0.0006589971082037793,0.0006589316835441983,0.0006589103456584522,0.5759418524976282,0.42010440325640824,0.0006589978140488722,0.0006589836378347717,0.0006589236566735218
doc123,0.18459336466219775,0.00070533820101963,0.0007053380400238187,0.3728506203742416,0.06883721718479813,0.37089742098084727,0.0007053612253049767,0.0007053393315667175
doc124,0.1485376698977001,0.0016452677791139766,0.0016450713150709107,0.8415913427233261,0.0016450963893671433,0.0016452405504840998,0.0016452342762689,0.0016450770686688872
doc125,0.0017928746775569436,0.5869128737519026,0.0017924328823243304,0.0017926783321212203,0.27178132873922195,0.001792686844684413,0.13234242831966248,0.001792696452526027
doc126,0.25596880456598425,0.1450066071271269,0.0015438430745878262,0.3875329154943104,0.20531671895813905,0.0015438049659319425,0.0015435565089270587,0.0015437493049926133
doc127,0.03745763846097623,0.0016450024383189705,0.001644922653107561,0.3504812279686167,0.0016452561328299726,0.0016450284256423707,0.24348485244178159,0.36199607147872664
doc128,0.16361143066653294,0.001165784250532786,0.0011656703864716255,0.0011659085679687094,0.2346413700603228,0.13844940336198538,0.19731943909569208,0.26248099361049365
doc129,0.0007950906125485162,0.23784885102678768,0.0007950833395680777,0.09901291141119173,0.0007951550869951512,0.0007950849296606318,0.5105895478774112,0.149368275715837
doc130,0.001152441484227525,0.5011234816465066,0.0011525067843241692,0.0011524476109393933,0.2523184543620909,0.08399781068183204,0.0011523424008515154,0.1579505150292279
doc131,0.0005754666050425814,0.995971603852329,0.0005755168759788786,0.0005754894205316877,0.0005754966350822418,0.0005754843297594622,0.0005754692318409165,0.0005754730494353199
doc132,0.001792398274496205,0.9874523347608442,0.0017922702043089516,0.0017926439934990344,0.0017925032107698677,0.001793067274542056,0.001792415653275382,0.00179236662826449
doc133,0.04287686559153983,0.17202493862165774,0.0012378349182272231,0.553124113919105,0.22702255003030472,0.0012378231602676946,0.001237888396094472,0.0012379853628032703
doc134,0.002874318501609643,0.002874292057552778,0.0028743269718003585,0.2609292860555563,0.41403532075193084,0.0028744912092021364,0.0028742780716352855,0.3106636863807126
doc135,0.12683236313060484,0.23909254019027928,0.0008015089104880694,0.5483246275147119,0.0008015346155486111,0.00080159099174103,0.08254429570489993,0.0008015389417264037
doc136,0.0007420251021553877,0.0007420357301425086,0.0007420303899504972,0.7667074503768717,0.1858737426783624,0.0007420061917313578,0.0007420962615960212,0.04370861326919009
doc137,0.0008562310564455812,0.0008562574412196772,0.0008562399266632565,0.0008562672962249293,0.0008562629612929103,0.994006236228852,0.0008562618064840768,0.000856243282817542
doc138,0.002008477059192217,0.42106683144661494,0.05650538721658397,0.002008699044896599,0.13938869336387277,0.37500454667107586,0.002008697652951851,0.002008667544811785
doc139,0.3594813203491565,0.0012081404895561202,0.0012082698427830316,0.0012079252433100389,0.0012079512731452986,0.36971288142581465,0.0012081294045005635,0.2647653819717339
doc140,0.0009365235152347302,0.3220622688586721,0.08600377658788508,0.0009365719180099659,0.0009365885402743157,0.0009365327192218373,0.38108160030893556,0.20710613755176646
doc141,0.0015202170540214385,0.04741786035024293,0.0015199779034115119,0.0015200368164254398,0.4986685360452948,0.44631334501952036,0.0015199626144942466,0.001520064196589224
doc142,0.15267343265727631,0.0010551279503509964,0.001055157082870984,0.25338186895678455,0.0010551059251203178,0.130514921417939,0.0010551867720746937,0.4592091992375832
doc143,0.06442002602214388,0.24002512372571605,0.0020498610565418637,0.6853060667270987,0.002049745685733781,0.0020497881038797974,0.0020495822896116037,0.0020498063892743575
doc144,0.0012857776252324807,0.5029865431452628,0.0012857468713311205,0.13471480842908662,0.0012856918871249105,0.0012857055167562349,0.0012856293085049242,0.3558700972167008
doc145,0.5227662787039339,0.47359210220999826,0.0006069082710740344,0.0006069676837460107,0.0006069829406710894,0.0006068955877599158,0.0006069511487816957,0.0006069134540350544
doc146,0.26207169986781703,0.3736754005941843,0.03899620658072379,0.0009923680800828082,0.0009923586682878444,0.0009923395550239169,0.32128722147572825,0.0009924051781520248
doc147,0.000622065439515189,0.0006219960544049625,0.9956458589027967,0.0006220082229439818,0.0006220144874686255,0.0006220236024662729,0.0006219568676172359,0.0006220764227872584
doc148,0.00034874140176730965,0.00034878264005572,0.00034875122863570315,0.044355866261884216,0.0003488079639645394,0.0003487930075242277,0.685848173700414,0.26805208379575424
doc149,0.0008282515246273596,0.46943443724327477,0.0008282346948864758,0.10950708328839384,0.0008280832864355902,0.000828045534212784,0.1343254712815544,0.2834203931466147
doc150,0.0026470684537672293,0.002646915253421006,0.002645705176661009,0.7343908002801717,0.0026461070734098637,0.0026467251797976433,0.002646491249431565,0.24973018733334015
doc151,0.0008211972168283464,0.4775633934369064,0.0008213012471398623,0.0008212873408051091,0.0008212744247959603,0.16496146920518368,0.0008213227394507315,0.35336875438889
doc152,0.0017009425224895887,0.11454273901166459,0.001701115401399474,0.0017010037238674187,0.0989648983947354,0.0017009691002114597,0.0017008724099791947,0.777987459435653
doc153,0.60782082599411,0.0009364871798520962,0.0009365032695399479,0.0009364635558530393,0.0009365140300079935,0.0009364272891168341,0.0009364215230564697,0.38656035715846343
doc154,0.9941551206257744,0.0008350268475672522,0.0008348638023762221,0.0008349857831718213,0.0008350708229535772,0.0008349393128337567,0.000835005042834148,0.000834987762488803
doc155,0.0005657706391536118,0.4809312590651126,0.0005657205519282655,0.0005657777721733261,0.13254376722042252,0.06913070412941741,0.0005657170390064462,0.31513128358278597
doc156,0.003732193000334382,0.003732568916857922,0.0037332839967473305,0.0037320196749214512,0.8197065161328564,0.003732006692817124,0.15789858030831008,0.0037328312771552226
doc157,0.000894677172550643,0.0008946592739294708,0.0008945840176797161,0.0008946137852883771,0.0008945804438551326,0.0008946920452993374,0.9937375986678921,0.0008945945935051635
doc158,0.000894677172550643,0.0008946592739294708,0.0008945840176797161,0.0008946137852883771,0.0008945804438551326,0.0008946920452993374,0.9937375986678921,0.0008945945935051635
doc159,0.715691910620654,0.0008564177435036276,0.0008562620447035616,0.2791699950315502,0.0008563751532167898,0.0008563911943380057,0.0008563295705822929,0.0008563186414516255
doc160,0.00128564300491361,0.21227310813641323,0.0012856833689529788,0.578897153666693,0.0012856308464677254,0.20240164523631485,0.0012854796202541878,0.0012856561199904078
doc161,0.002049719797964511,0.0020498657022280926,0.002049752809114327,0.2848614634079984,0.002049728727059673,0.00204983061416467,0.4526011939466564,0.2522884449948139
doc162,0.0007951394424600051,0.0007950566323048688,0.0007950723523711022,0.0007951849993655997,0.08884497817050833,0.3113594924537202,0.0007951529836169405,0.5958199229656529
doc163,0.0005031067321877265,0.0005031732121799375,0.0005032583850326772,0.4940783360878636,0.0005031668740238939,0.0005031836281349019,0.12617553798319828,0.377230237097379
doc164,0.0015927721485236193,0.001592687596810696,0.001592862850422001,0.0015928614252445623,0.001592688950751586,0.0015928292240204617,0.3825256780288122,0.6079176197754149
doc165,0.0004980972235192507,0.10840419594485089,0.0004980925640152087,0.0598666502445061,0.0004981358243790996,0.0004981124873545126,0.5589060755565671,0.2708306401548078
doc166,0.0006378927356106356,0.9058408245886508,0.0006378323287490585,0.0006379333601642726,0.0006379157427480618,0.09033183626940312,0.0006378243131916802,0.000637940661482423
doc167,0.0021373421655342963,0.0021373415801733383,0.002137002285527469,0.2296711205019671,0.38995836323318234,0.0021370243163245477,0.25351857339894873,0.11830323251834209
doc168,0.010204822906911904,0.010204482653149698,0.9285645735671656,0.010206591942390777,0.010205543829318235,0.010204269076285926,0.0102052009395617,0.010204515085216165
doc169,0.006329428585544364,0.006329315573443225,0.006329428800468353,0.9556933795966055,0.006329645850236784,0.006329255646744509,0.006329577231462638,0.00632996871549471
doc170,0.014706580657054356,0.014706691410249842,0.014708505501569095,0.014710694976521315,0.7224339879597811,0.014706573855621097,0.18931903807431957,0.014707927564883715
doc171,0.007813143475418867,0.007813856429846718,0.007813140877093202,0.9453050022169637,0.007813831288187262,0.007812964986084315,0.007814962026197865,0.0078130987002082
doc172,0.006329766283437335,0.006330542401077669,0.006329707527647103,0.0063307240546250235,0.9556884456880319,0.00633035941886907,0.006330155254502964,0.006330299371808935
doc173,0.0023368489873867113,0.0023374924955754813,0.002336850608386262,0.0722077669855731,0.9137707611823156,0.0023368702655847864,0.0023366659185820667,0.00233674355659593
doc174,0.001392891698767628,0.0013929989810146494,0.0013929328858229275,0.0013930846366762084,0.0013929527972100894,0.0013932077265547754,0.0013929048734820674,0.9902490264004717
doc175,0.37652949604999525,0.0011264260301676423,0.42185785092601635,0.0011263631061471495,0.1959805902661057,0.0011265559558141058,0.001126357723543896,0.0011263599422098012
doc176,0.0005689568417866269,0.15966210399939285,0.0005689478864235618,0.18673999495623095,0.14625402042965943,0.41229392045152596,0.0005689451395897785,0.09334311029539087
doc177,0.0015927322948600744,0.0015927615912071909,0.0015926596188606836,0.64514396825762,0.0015928701277104608,0.0015929678880118692,0.030305043695869248,0.31658699652586036
doc178,0.10338309420783291,0.23829242143169982,0.0010227858866096815,0.5829088033653004,0.0010227990628101874,0.001022702128521541,0.001022812775791224,0.07132458114143422
doc179,0.000936612736025855,0.09699191567975189,0.0009364738381076559,0.8973885542229711,0.0009365815858176118,0.0009366505120657074,0.0009366050449344587,0.0009366063803257955
doc180,0.30124066568852215,0.14847362511932424,0.0012534722849648322,0.0012536197487681366,0.14708489715433565,0.3981866722707017,0.0012535507619486133,0.0012534969714347423
doc181,0.0017927280582314506,0.0017925756133311643,0.0017924039198113934,0.40723545345906137,0.5820088677208536,0.0017926938677862761,0.0017929601652890818,0.0017923171956356694
doc182,0.0012534056985724171,0.0012533635658895646,0.0012533332497862207,0.5429112095059421,0.18091341945987466,0.0012532323474978247,0.0012537153606032817,0.2699083208118339
doc183,0.0012856993105176797,0.0012857098588189779,0.001285731680358464,0.731521249193247,0.001285659425833555,0.0012856882990732337,0.2607645987962018,0.0012856634359492394
doc184,0.0005754666050425814,0.995971603852329,0.0005755168759788786,0.0005754894205316877,0.0005754966350822418,0.0005754843297594622,0.0005754692318409165,0.0005754730494353199
doc185,0.0013196112272443753,0.0013196079031563474,0.001319790846589636,0.0013196727335199813,0.0013195353704683762,0.0013194016468259528,0.0013197437276291585,0.9907626365445663
doc186,0.587687829771294,0.003145607460750332,0.003145345364930748,0.3934389513862582,0.0031460744428633658,0.0031455206116420414,0.0031453651022417197,0.003145305860019654
doc187,0.27200524578777724,0.6059427302907807,0.0007419545624001508,0.11834197083978372,0.0007420144699374862,0.0007420136058363834,0.0007420529109520049,0.0007420175325323005
doc188,0.001792398274496205,0.9874523347608442,0.0017922702043089516,0.0017926439934990344,0.0017925032107698677,0.001793067274542056,0.001792415653275382,0.00179236662826449
doc189,0.0013024327922814822,0.28751239830460557,0.0013024237393295984,0.483670289209683,0.0013024946431474545,0.0013025079045322703,0.22230492250065464,0.00130253090576596
doc190,0.0011140232611656774,0.001113918557732195,0.0926120997931911,0.5861547078328195,0.001113907368030784,0.0011138805795994503,0.02202974238207464,0.2947477202253867
doc191,0.0008562310564455812,0.0008562574412196772,0.0008562399266632565,0.0008562672962249293,0.0008562629612929103,0.994006236228852,0.0008562618064840768,0.000856243282817542
doc192,0.0010663375145456189,0.155579557298297,0.0010663448122215048,0.0010662857886971388,0.0010663344461916584,0.0010663794496426624,0.36100599153851304,0.47808276915189135
doc193,0.0015930871969699588,0.8704256737139631,0.0015927418215291153,0.0015928041626950475,0.0015927732627050465,0.12001739920120862,0.001592665535840655,0.0015928551050884837
doc194,0.0008211676028035438,0.13383073970150022,0.0008212243292689882,0.0008212523423685485,0.2988384757119069,0.0008211249124129513,0.0008213079221104091,0.5632247074776285
doc195,0.32038525740401974,0.002959001545201624,0.0029591286886701787,0.22626738907253113,0.002959490381037369,0.43855074741128164,0.0029597347192382925,0.0029592507780199367
doc196,0.0003537115717237988,0.7612120409310976,0.00035369248117013945,0.061749222313309586,0.101962540259118,0.00035371577987490315,0.00035368460947916326,0.07366139205422682
doc197,0.0007950906125485162,0.23784885102678768,0.0007950833395680777,0.09901291141119173,0.0007951550869951512,0.0007950849296606318,0.5105895478774112,0.149368275715837
doc198,0.0007531643890561916,0.0007531380096545836,0.0007531712575202481,0.5680668524147893,0.0007532505198447486,0.0007531570654142812,0.0007532010130632287,0.4274140653306574
doc199,0.26207169986781703,0.3736754005941843,0.03899620658072379,0.0009923680800828082,0.0009923586682878444,0.0009923395550239169,0.32128722147572825,0.0009924051781520248
doc200,0.30266892077567326,0.0008418804368153421,0.0008419195314926719,0.13619540146369394,0.0008419720774387846,0.34930913593705837,0.0008419757762726884,0.20845879400155504
doc201,0.18418316620393277,0.0011264269955732068,0.0011263686627679941,0.0011263834353048687,0.0011264359559019158,0.0011262910625356435,0.05986386140813867,0.7503210662758448
doc202,0.08350461806907919,0.18538845805787993,0.0006545891351901843,0.1267252293785048,0.22278564563507905,0.0006546621587221724,0.37963213226182363,0.000654665303720989
doc203,0.003732727153892198,0.0037321973960146347,0.003732739650174426,0.0037326676171415656,0.3818425229328235,0.13570914500000072,0.0037320200956806374,0.4637859801542724
doc204,0.001222677990046842,0.37589475253162674,0.0012228008097576145,0.1369936707956927,0.0012226709165773617,0.4809980240980062,0.0012226054033819644,0.0012227974549106062
doc205,0.000485972556773717,0.9965979237247032,0.0004859850345464703,0.0004860047985399112,0.00048605107815050553,0.00048606567893942355,0.0004859819161546722,0.0004860152121919598
doc206,0.00122283425336127,0.001222819949501604,0.0837459588115797,0.11420523425197572,0.35448153504417146,0.12526384962493547,0.0012228177985316607,0.3186349502659431
doc207,0.003356225552872099,0.0033567865802000187,0.003356275544940068,0.0033563698581013266,0.9765058902760079,0.0033561667695149663,0.003356037095469115,0.0033562483228945545
doc208,0.22326635342843437,0.0003524596588969503,0.000352435818492194,0.05391303863359585,0.00035243844807981376,0.33071987542530523,0.0003524551576384785,0.39069094342955696
doc209,0.0006503251377286532,0.0006504390131282877,0.0006503820876357167,0.0006503989917585886,0.1719166751763874,0.0006503486593217993,0.07560825121295721,0.7492231797210823
doc210,0.0004170981560468191,0.0004171301424254842,0.0004170936513497437,0.18782716783743306,0.00041714477220117257,0.00041713497365826794,0.13436105447904134,0.6757261759878441
doc211,0.0009636787486672452,0.0009635610055560346,0.0009634823129923446,0.0009635550628826538,0.0009635095590301192,0.0009635410886082973,0.9932552206932233,0.0009634515290400156
doc212,0.0009636787486672452,0.0009635610055560346,0.0009634823129923446,0.0009635550628826538,0.0009635095590301192,0.0009635410886082973,0.9932552206932233,0.0009634515290400156
doc213,0.001179676414171171,0.7156775957076362,0.1435949749343211,0.1348294106905318,0.001179538287237143,0.0011794720519535166,0.001179596712867757,0.0011797352012812784
doc214,0.11098041018800078,0.0002013437704600335,0.00020135202212344622,0.17004016627980412,0.002662160604854813,0.3288950933907088,0.2069502624114064,0.1800692113326415
doc215,0.0011657890024798863,0.5194214018403978,0.0011656804247502026,0.33873557669029014,0.0011657815548522668,0.13601419840276371,0.0011657716975441218,0.0011658003869219702
doc216,0.0009922942346104631,0.9312436740469691,0.0009924469865324323,0.0009923462287567215,0.0009922325590263127,0.0009922305470749097,0.06280229683967117,0.0009924785573590582
doc217,0.0008866660175329415,0.0008867206348776339,0.9937931002654682,0.0008866873667485752,0.0008867157292606506,0.0008867534602178865,0.0008866045119929965,0.0008867520139010975
doc218,0.2341877615072648,0.7588974135646782,0.0011525774216519903,0.0011523685704185305,0.0011523716616618105,0.0011522996247408396,0.0011527057446793004,0.0011525019049045493
doc219,0.0014329793971836317,0.0014328911358082405,0.001432997005318947,0.24629798767514824,0.0014329865272862175,0.00143289161332066,0.20726222232382124,0.5392750443221128
doc220,0.001179417878896754,0.0011796681723186377,0.0011795250737240753,0.9557450458039127,0.0011796000318495788,0.0011794328761729636,0.03717769338374198,0.0011796167793833342
doc221,0.16646409716003482,0.540661748971165,0.0011392555305853847,0.2422862428247571,0.0011396177728305258,0.0011391121607608253,0.0011392087032844854,0.04603071687658167
doc222,0.6115062316891935,0.000672139185766754,0.0006722011894283113,0.0006721774211662808,0.000672206915787523,0.0006721248081198464,0.0006721412006446482,0.3844607775898931
doc223,0.0009365139244306161,0.0009365136926582377,0.0009365837610770922,0.9934442926340563,0.0009365850928468023,0.0009364739832494176,0.0009364864274824928,0.0009365504841990496
doc224,0.22247663914718263,0.5282430380867584,0.002232645930436499,0.002232603942037692,0.002232680388619649,0.23811665281024139,0.0022329316396802984,0.0022328080550435506
doc225,0.010204822906911904,0.010204482653149698,0.9285645735671656,0.010206591942390777,0.010205543829318235,0.010204269076285926,0.0102052009395617,0.010204515085216165
doc226,0.006329428585544364,0.006329315573443225,0.006329428800468353,0.9556933795966055,0.006329645850236784,0.006329255646744509,0.006329577231462638,0.00632996871549471
doc227,0.0030490262488599156,0.7883703557197705,0.003049448057134095,0.1933333406685878,0.003049162216011449,0.003049393172064599,0.003049701649916103,0.003049572267655485
doc228,0.014706580657054356,0.014706691410249842,0.014708505501569095,0.014710694976521315,0.7224339879597811,0.014706573855621097,0.18931903807431957,0.014707927564883715
