,topics0,topics1,topics2,topics3
doc0,0.021508861728717257,0.10240298414711961,0.0006926478594720918,0.8753955062646911
doc1,0.002155686703317014,0.002156163357099848,0.0021557468907905898,0.9935324030487925
doc2,0.0011713676381714493,0.0011714025568038298,0.07057439617494081,0.9270828336300838
doc3,0.4649809429190207,0.0007280231727961112,0.0007278900048876605,0.5335631439032957
doc4,0.0007729433416187379,0.5290630011776127,0.021800953242030966,0.4483631022387376
doc5,0.034307889579397295,0.964708642776167,0.000491741084407923,0.0004917265600278461
doc6,0.0014009770653998718,0.6879049472655091,0.001401083436390372,0.30929299223270074
doc7,0.0009863921653320011,0.9824412438634158,0.015585852715152006,0.000986511256100254
doc8,0.015500773558098056,0.3674767842970238,0.0012757096135326408,0.6157467325313456
doc9,0.08040434935846429,0.0011065178176101658,0.917382752017709,0.0011063808062163785
doc10,0.08040434935846429,0.0011065178176101658,0.917382752017709,0.0011063808062163785
doc11,0.0602751387593977,0.055571565647069714,0.00021583374569875716,0.8839374618478338
doc12,0.0006011331542703164,0.0006011512909289401,0.05332244005593339,0.9454752754988675
doc13,0.675143446115736,0.0008040368241859817,0.0008039439570100278,0.32324857310306804
doc14,0.7716197500400164,0.22506820404532643,0.0016558961098165179,0.0016561498048406605
doc15,0.07868734539981385,0.5325086518522233,0.0005637996181803576,0.3882402031297825
doc16,0.8275777617121686,0.1701069852511761,0.0011575877490478037,0.0011576652876075975
doc17,0.7815393464171196,0.12468850326494409,0.0004125770466261192,0.09335957327131009
doc18,0.4634443439609462,0.1507554547774511,0.012414330875648187,0.3733858703859546
doc19,0.0006879190587093328,0.1770110885650346,0.0006879827062997112,0.8216130096699563
doc20,0.0013091802647067087,0.4099851510946643,0.0013090277834946244,0.5873966408571344
doc21,0.18997593964146783,0.17766674722326442,0.0006010518542607795,0.631756261281007
doc22,0.2864265810443586,0.4033053058719428,0.0006274381111494748,0.30964067497254916
doc23,0.0766832784355848,0.0012597317236962243,0.0012595941279697038,0.9207973957127492
doc24,0.3291084553704907,0.1738960398450038,0.2581125740146266,0.2388829307698788
doc25,0.35125376769291244,0.6477328862695909,0.0005066358787382751,0.0005067101587582245
doc26,0.0767505423769964,0.5444472018172005,0.00043035954258257615,0.37837189626322043
doc27,0.0014414634946408882,0.40411798380895997,0.3750301735353767,0.21941037916102232
doc28,0.002359141650505657,0.276993120194062,0.0023590042035413843,0.718288733951891
doc29,0.5819695097420249,0.1599295863458865,0.0015061892406142525,0.2565947146714745
doc30,0.4962181021421764,0.2022173406580591,0.023320967577974385,0.2782435896217901
doc31,0.09109864769503516,0.6394679371980903,0.0015069681762972418,0.2679264469305772
doc32,0.06875222577844567,0.0008040892521953114,0.0008040866317588809,0.9296395983376001
doc33,0.4515248447434907,0.54546247115947,0.0015062680785745512,0.0015064160184648165
doc34,0.9930856813389741,0.002305028921291071,0.002304452490184077,0.0023048372495506615
doc35,0.0008821191265861295,0.872150584055654,0.0008819743884011633,0.1260853224293586
doc36,0.0004918210192931872,0.9985245108369575,0.0004918680879250499,0.0004918000558243361
doc37,0.00157776401589559,0.595662978809513,0.001577548286758433,0.40118170888783306
doc38,0.00081068549515477,0.9975681465175609,0.0008105572216842013,0.0008106107656000863
doc39,0.0013266111464743469,0.00132659444665581,0.0013264942084599946,0.9960203001984098
doc40,0.0006436818161422038,0.0006436557588939061,0.000643802129496513,0.9980688602954674
doc41,0.23441065229265845,0.2159242789702233,0.00044773402836201335,0.5492173347087562
doc42,0.0005281134334269045,0.9984156703839013,0.0005280384653231073,0.0005281777173486838
doc43,0.04254844220586012,0.000755543121628702,0.0007554727638844344,0.9559405419086269
doc44,0.0011313971998117805,0.001131402173629336,0.0011313882278534888,0.9966058123987053
doc45,0.987702372883,0.0040998133951980625,0.00409868016513699,0.004099133556664919
doc46,0.0009767589258998465,0.8852235374990354,0.0009767176674718389,0.11282298590759283
doc47,0.0015064095751316866,0.0015064034427753308,0.0015062644083267663,0.9954809225737662
doc48,0.8699694435976564,0.12921869984543097,0.0004059030922456827,0.0004059534646669419
doc49,0.5830246441430897,0.000906001816378126,0.0009059984922287367,0.41516335554830336
doc50,0.10012852207771966,0.0006354893124917104,0.0006354191434575311,0.8986005694663312
doc51,0.5849385731783785,0.41101225341355463,0.002024470830420504,0.0020247025776463827
doc52,0.9930855015510046,0.0023045570065589106,0.0023048398356945122,0.0023051016067419353
doc53,0.0010166744035935023,0.25851870429534396,0.0010164764381764126,0.7394481448628861
doc54,0.1158640232153149,0.002476192314502985,0.002475369164551291,0.8791844153056309
doc55,0.836229027760373,0.16142861287099528,0.0011711582827058438,0.0011712010859258133
doc56,0.9927517039907875,0.0024163691179230036,0.0024159216944452046,0.0024160051968441254
doc57,0.9548958006377083,0.04407516323895025,0.0005144750272545018,0.0005145610960870015
doc58,0.3661948220583171,0.2818076026571837,0.05391934131051083,0.2980782339739885
doc59,0.0007555041967581767,0.14682571490722876,0.0007554042535860069,0.8516633766424271
doc60,0.997465486273178,0.000844867943275727,0.0008448084466889757,0.000844837336857329
doc61,0.0014841592718346653,0.6857727642710317,0.0014838169433809146,0.3112592595137527
doc62,0.00877428772882378,0.973679281285299,0.008772638125615741,0.008773792860261509
doc63,0.0011443992562725105,0.8461650422963729,0.15154605976600716,0.0011444986813474779
doc64,0.003650799288171093,0.8808148112014571,0.11188354293825391,0.0036508465721178714
doc65,0.10427158590895258,0.001228873945564185,0.001228834303211327,0.8932707058422719
doc66,0.14818217633024444,0.6583620464751353,0.19171314301872613,0.0017426341758942346
doc67,0.0007729433416187379,0.5290630011776127,0.021800953242030966,0.4483631022387376
doc68,0.0009769357318003572,0.0009768616151745835,0.9970693266281698,0.000976876024855153
doc69,0.0009769357318003572,0.0009768616151745835,0.9970693266281698,0.000976876024855153
doc70,0.6066396525442013,0.20399857972693067,0.1878993232940683,0.0014624444347996906
doc71,0.8388260590266949,0.1570408117581768,0.002066361267185576,0.0020667679479425636
doc72,0.8851689995725419,0.11061083192377577,0.0021099892293677397,0.002110179274314593
doc73,0.0004966549459303913,0.48778612907581576,0.01411981160251858,0.49759740437573524
doc74,0.0015064546749552472,0.6505486024448799,0.0015062020273437597,0.3464387408528213
doc75,0.002747913552461279,0.9917558427077762,0.0027479283689522465,0.002748315370810322
doc76,0.0005544768425008936,0.0005544773615215804,0.06191860733415396,0.9369724384618235
doc77,0.003938998046162386,0.9881854682837036,0.003937636261847414,0.0039378974082866355
doc78,0.9974219880456563,0.0008593643605070912,0.0008592381840213981,0.0008594094098151334
doc79,0.35103373721798126,0.6479828123764134,0.0004916896399036854,0.000491760765701458
doc80,0.1832869054862848,0.5144873178702538,0.00144126064827574,0.3007845159951855
doc81,0.47245759269139453,0.16421274866886668,0.009671064104388703,0.3536585945353502
doc82,0.12405984219962171,0.8251434451408324,0.04995889633689681,0.0008378163226490247
doc83,0.002066804185304004,0.15189105809535428,0.03223976846061043,0.8138023692587313
doc84,0.0013266111464743469,0.00132659444665581,0.0013264942084599946,0.9960203001984098
doc85,0.6337778800746796,0.0012289285903633118,0.0012285860185947395,0.36376460531636234
doc86,0.0008105662449209445,0.0008106149014180646,0.0008105306809137627,0.9975682881727472
doc87,0.07772173359992407,0.047282629307243196,0.0007332102511976285,0.874262426841635
doc88,0.001326569654458005,0.7878992311391533,0.0013265241741820266,0.20944767503220657
doc89,0.222154507760133,0.1438957510644751,0.11015875975256084,0.523790981422831
doc90,0.003938357398357261,0.9107952090297597,0.08132796768365863,0.003938465888224369
doc91,0.0037888305655834776,0.003789283925470311,0.09073807518420934,0.9016838103247369
doc92,0.0011066218380982955,0.9966804876796482,0.0011064635696709177,0.0011064269125825414
doc93,0.0009767599227232834,0.9826846228087025,0.015361740266999992,0.0009768770015743
doc94,0.9904422237287364,0.003185814012447396,0.0031861397961006972,0.0031858224627155716
doc95,0.0013266111464743469,0.00132659444665581,0.0013264942084599946,0.9960203001984098
doc96,0.0006436818161422038,0.0006436557588939061,0.000643802129496513,0.9980688602954674
doc97,0.9894345009595178,0.0035223582767088244,0.0035213741987050553,0.003521766565068244
doc98,0.24432676062964548,0.000410952610598284,0.09794394559508822,0.657318341164668
doc99,0.5612841138538955,0.000844781446004512,0.0008447715556417757,0.4370263331444582
doc100,0.4663503250890896,0.0006478842014967872,0.0006477480374873678,0.5323540426719264
doc101,0.01990829179460684,0.13139906041808846,0.0006739736752380943,0.8480186741120666
doc102,0.0009961737201560098,0.0009961881173824615,0.04792364365931071,0.9500839945031508
doc103,0.5206565073158858,0.4766182495682774,0.0013624923231689574,0.0013627507926676614
doc104,0.4890964415765925,0.5081406688087282,0.0013813900308182875,0.001381499583861026
doc105,0.001603023737404413,0.0016029040485019002,0.13387187397604208,0.8629221982380516
doc106,0.4622152353261875,0.0017427694942275924,0.001742627251979634,0.5342993679276052
doc107,0.018300899453642622,0.018977861106933062,0.0004893638242053154,0.9622318756152191
doc108,0.993241765167168,0.002252858665536643,0.002252442766862365,0.0022529334004329294
doc109,0.7843747731292109,0.2125190069243476,0.0015530561453367135,0.0015531638011047667
doc110,0.0007387516192127583,0.0007386977824530755,0.09067304242468226,0.907849508173652
doc111,0.0021555503170986702,0.0021557399463779324,0.0021557006467432535,0.9935330090897802
doc112,0.3223971408466576,0.5471445800481569,0.12909556286423113,0.0013627162409544458
doc113,0.7611637973190815,0.00085201434319334,0.0008519453064758132,0.2371322430312494
doc114,0.0011064837478775645,0.07591825178908142,0.1279613798969908,0.7950138845660502
doc115,0.0011065211314325346,0.16219565657564378,0.001106444625065806,0.8355913776678578
doc116,0.9236145487116983,0.0746668234794735,0.0008593479704434904,0.0008592798383847025
doc117,0.0008376870970104351,0.9405395033069898,0.0008376012200404078,0.05778520837595944
doc118,0.0011576472054902064,0.9965270788847777,0.0011575663056014457,0.0011577076041306299
doc119,0.0014414390373202258,0.6684015538939178,0.020343218621288368,0.30981378844747365
doc120,0.17066682619860365,0.7946475303436824,0.03370878373819566,0.0009768597195183245
doc121,0.0009672890943751584,0.0009673847400062106,0.9970980255217264,0.0009673006438921313
doc122,0.3120563756515363,0.001603154619206079,0.0016029030309761055,0.6847375666982815
doc123,0.0009672890943751584,0.0009673847400062106,0.9970980255217264,0.0009673006438921313
doc124,0.208005506289674,0.0003712994841287689,0.11704632733698268,0.6745768668892146
doc125,0.0007387746668382318,0.0007388146507888844,0.0007386357662986117,0.9977837749160742
doc126,0.059734418288604055,0.03121897702721221,0.011749272630012617,0.8972973320541711
doc127,0.0029947030788825386,0.9910163239149508,0.002994319799514452,0.002994653206652405
doc128,0.059734418288604055,0.03121897702721221,0.011749272630012617,0.8972973320541711
doc129,0.0029945096139564094,0.5802130618407685,0.21490488593552304,0.20188754260975209
doc130,0.003650746960797932,0.9890479634264465,0.0036504177192969523,0.0036508718934586586
doc131,0.0005835823251471814,0.09332534211886206,0.0005835455652838595,0.9055075299907068
doc132,0.20298883167188525,0.1874957758233744,0.0014410944982564552,0.6080742980064839
doc133,0.00037128135443517473,0.6909692989391908,0.00037124433382207514,0.30828817537255215
doc134,0.4237294378691568,0.3063563960955827,0.2689998446289059,0.0009143214063545796
doc135,0.0016839107248442905,0.04539528138607222,0.11621801275916502,0.8367027951299185
doc136,0.7766421914616767,0.22130365665761118,0.0010271687783691883,0.001026983102342951
doc137,0.27555108129226763,0.00177344514551825,0.0017735161620617758,0.7209019574001523
doc138,0.043534715541304045,0.8210303525163192,0.07840174607348287,0.05703318586889392
doc139,0.0024164506694918375,0.002416284284289579,0.0024164911874866735,0.9927507738587319
doc140,0.0020247191802474154,0.0020248513064372383,0.14352653449244493,0.8524238950208705
doc141,0.14019278882785763,0.2638812535757763,0.0009967864907922063,0.5949291711055738
doc142,0.4320516567577006,0.36639367697197295,0.048525941257208,0.15302872501311837
doc143,0.23039304538828156,0.2184121348838728,0.0009399980684264319,0.5502548216594192
doc144,0.7226942533876856,0.27393794099571794,0.0016838688275273277,0.0016839367890691453
doc145,0.0026745427845116672,0.9919768023704726,0.0026741915360520307,0.002674463308963634
doc146,0.001838676403125807,0.162688774185946,0.0018386496758762043,0.833633899735052
doc147,0.0008743125765650028,0.0008743155017744198,0.0008744718128077685,0.9973769001088527
doc148,0.001106456909165523,0.35808773524904114,0.0011063460324435112,0.6396994618093499
doc149,0.0015294813395779197,0.9802173736907226,0.01672368194109459,0.0015294630286048561
doc150,0.0014010267950667413,0.8475688046194723,0.0014007665988016397,0.14962940198665936
doc151,0.00033745376300689463,0.00033747365956265755,0.0003374504229050078,0.9989876221545255
doc152,0.0003000195606207107,0.41715431701440603,0.14954469895391687,0.43300096447105657
doc153,0.9180164482749198,0.0009142545954578221,0.08015500353895343,0.0009142935906689221
doc154,0.001213893403429367,0.0012138085028517139,0.001213710628499468,0.9963585874652193
doc155,0.9957968256194766,0.0014009622984701698,0.001401398120331603,0.0014008139617213858
doc156,0.7229376916326337,0.039075203492122824,0.0010825848473551523,0.2369045200278884
doc157,0.0013817386356565387,0.9958551997752656,0.0013814198194374873,0.0013816417696405168
doc158,0.9972816806320509,0.0009061028175468542,0.0009061897541257674,0.0009060267962764711
doc159,0.1087611740129225,0.6640560985187977,0.0006395179711772446,0.22654320949710252
doc160,0.9390382063096038,0.0011576965201695732,0.05864644028631712,0.0011576568839094872
doc161,0.8044050253921056,0.030280432537579775,0.07565957606007918,0.08965496601023554
doc162,0.000897966136595162,0.3558328952812131,0.0008978212764149693,0.6423713173057768
doc163,0.0008820312478258853,0.2184108969519466,0.000881955766441855,0.7798251160337857
doc164,0.6477865951484766,0.0008376954731953728,0.0008376275127737221,0.35053808186555435
doc165,0.0009580791283936803,0.8858040783527468,0.11227974278112827,0.000958099737731231
doc166,0.0023049987932186743,0.993085446279601,0.002304645127106393,0.002304909800073891
doc167,0.05354087322566536,0.06349980002930868,0.0008978286895378764,0.8820614980554881
doc168,0.9968547658755893,0.0010484459469780555,0.0010483418538851494,0.0010484463235475162
doc169,0.000639503918244374,0.5565108931323042,0.0006396247600425756,0.4422099781894089
doc170,0.0003092963755379928,0.23470718145923888,0.011056020689923913,0.7539275014752992
doc171,0.0006926398765964832,0.22120964329225576,0.17117340476699608,0.6069243120641518
doc172,0.1753768924881912,0.8210119372484631,0.00180543117971822,0.0018057390836274724
doc173,0.0006084516664160659,0.9087649578038451,0.026066257568187236,0.06456033296155143
doc174,0.0020247042438259846,0.0020247230946275146,0.17925470654199555,0.8166958661195509
doc175,0.000859393113251256,0.0008592916181717811,0.9974219370400047,0.0008593782285723041
doc176,0.000859393113251256,0.0008592916181717811,0.9974219370400047,0.0008593782285723041
doc177,0.0017427835784534225,0.9947719879269245,0.0017425516585941765,0.0017426768360279433
doc178,0.22118641528661423,0.23581174798627053,0.0017423531535142066,0.541259483573601
doc179,0.0010944189354250699,0.0010944429623873904,0.0010944601400401303,0.9967166779621474
doc180,0.0017733272153935332,0.0017734660412906372,0.0017734514300824004,0.9946797553132335
doc181,0.24817193897089695,0.18010205505868085,0.0012921720791249538,0.5704338338912973
doc182,0.0010825062760313779,0.0010825391725251964,0.0010824697977118232,0.9967524847537317
doc183,0.23489193718674578,0.3537818775285902,0.030626838226108632,0.3806993470585555
doc184,0.3357339197970307,0.5389748614418451,0.12345238291913774,0.0018388358419865164
doc185,0.0008520393398288339,0.03545600125649376,0.0008520239450668933,0.9628399354586106
doc186,0.0016292160799471814,0.2204249348491007,0.0016293058765790207,0.776316543194373
doc187,0.12367482177109769,0.8440948681981112,0.000817095505917864,0.0314132145248733
doc188,0.42220234255106515,0.0016559790385753165,0.0016559206628559346,0.5744857577475035
doc189,0.99511278267966,0.0016292007573935358,0.0016289451404760222,0.0016290714224704598
doc190,0.0008239111072884911,0.2969686894062015,0.07313946688030169,0.6290679326062082
doc191,0.0014840969107293963,0.33658580792217896,0.0014839726397066779,0.6604461225273849
doc192,0.6911843202413898,0.30667330780204266,0.0010713506960104446,0.0010710212605572705
doc193,0.6709772698399928,0.3266803727517119,0.001171097001032574,0.001171260407262699
doc194,0.22599616965059022,0.7685080718164027,0.002747676918745021,0.0027480816142622082
doc195,0.24368926819427175,0.6875384610681001,0.06719447314793421,0.0015777975896939997
doc196,0.8548183370838929,0.0017126984286318131,0.1417561714504502,0.0017127930370251325
doc197,0.0016291258656907655,0.6812411161894785,0.13761867304002512,0.1795110849048057
doc198,0.17066682619860365,0.7946475303436824,0.03370878373819566,0.0009768597195183245
doc199,0.10133620930888468,0.8959384095719266,0.001362688962410463,0.0013626921567783353
doc200,0.0022529260621469106,0.9932412134938959,0.0022529564710703147,0.0022529039728867713
doc201,0.001984694785515562,0.8370171516499539,0.001984611075874781,0.15901354248865573
doc202,0.2596815133503562,0.1546592565389248,0.0010374775651617893,0.5846217525455573
doc203,0.0012757999122727098,0.01722821137942109,0.0012761082813030626,0.9802198804270031
doc204,0.9957968256194766,0.0014009622984701698,0.001401398120331603,0.0014008139617213858
doc205,0.0011065211314325346,0.16219565657564378,0.001106444625065806,0.8355913776678578
doc206,0.059734418288604055,0.03121897702721221,0.011749272630012617,0.8972973320541711
doc207,0.6041169182869215,0.3931575223577836,0.0013627437685538595,0.0013628155867409018
doc208,0.021164946146168713,0.08060083228228256,0.0005198322556363776,0.8977143893159123
doc209,0.9974866322567498,0.0008377802606559563,0.0008378605863792221,0.0008377268962151174
doc210,0.5099280738905622,0.002155643137081192,0.0021555165756186084,0.48576076639673815
doc211,0.43992257972265286,0.0012598790894522958,0.0012599792183666085,0.5575575619695283
doc212,0.17702724487218263,0.8184669037590212,0.0022527498414594343,0.0022531015273366943
doc213,0.9450134885831678,0.0513754238460105,0.0018055050390334939,0.0018055825317880897
doc214,0.000228685488245401,0.2375117649253813,0.00022867520421528573,0.762030874382158
doc215,0.00046656584900101365,0.0004665689825675192,0.00046651993872654835,0.998600345229705
doc216,0.9941621931571218,0.0019459799662120848,0.0019458293945037997,0.0019459974821623672
doc217,0.6829561146096111,0.003185387453245403,0.08608552290216472,0.22777297503497873
doc218,0.0016030658296200268,0.001602820608087628,0.0016029082579167553,0.9951912053043757
doc219,0.0003212406798877922,0.09260603211418919,0.00032119823061120084,0.9067515289753119
doc220,0.23957461386709816,0.6026653446053895,0.0004894572051047317,0.1572705843224077
doc221,0.305938490830905,0.6847139211493111,0.004672978278312185,0.0046746097414717925
doc222,0.0009227581803261916,0.16378512501086998,0.0009228661599629618,0.8343692506488408
doc223,0.0008820075923111424,0.14099799712865577,0.0008820805783105093,0.8572379147007226
doc224,0.0017426375360329249,0.5817607992076136,0.22067157940663612,0.1958249838497173
doc225,0.0011711918449563072,0.8735456946395054,0.0011711434199952373,0.12411197009554306
doc226,0.000583537562272406,0.9982494186869253,0.0005835091122574416,0.000583534638544894
doc227,0.6254198161046002,0.22957846231891543,0.14415690567067777,0.00084481590580668
doc228,0.0009312416581948483,0.0009312851177478884,0.9972060862494265,0.0009313869746308575
doc229,0.0009312416581948483,0.0009312851177478884,0.9972060862494265,0.0009313869746308575
doc230,0.0023049450725215266,0.6122830528117764,0.002304561939069668,0.38310744017663234
doc231,0.000779048552109098,0.08748828154446707,0.0007789430474161131,0.9109537268560078
doc232,0.0008307552651756084,0.000830875866847272,0.0008307264763569222,0.9975076423916203
doc233,0.0009401036772588988,0.7793456705028411,0.0009400843010580355,0.2187741415188419
doc234,0.10637551621700207,0.6795181965134738,0.0005637827815434438,0.2135425044879808
doc235,0.003522224400044013,0.9894344980102586,0.003521329866380872,0.0035219477233164303
doc236,0.0015065095621834227,0.5231654450462393,0.0015064918158905665,0.47382155357568667
doc237,0.002908050300948233,0.9912770828240501,0.0029074081434385156,0.002907458731563141
doc238,0.9973537877928415,0.0008821067119739851,0.0008820330778147587,0.0008820724173697847
doc239,0.20159966479085176,0.6873387868032446,0.10918839520308332,0.0018731532028202972
doc240,0.003788947727038563,0.988633625078111,0.003788400278732193,0.00378902691611823
doc241,0.5555456323196283,0.4419661483459555,0.0012440659574254576,0.0012441533769908283
doc242,0.9969504162968935,0.0010165873727299999,0.001016414114146685,0.0010165822162297505
doc243,0.6863869433940092,0.13805220363183926,0.05686752141481369,0.1186933315593378
doc244,0.15329434441301945,0.06018542396855551,0.002415881731968429,0.7841043498864567
doc245,0.5745892924188399,0.08774161304712713,0.2460775021526051,0.0915915923814278
doc246,0.8411738949205231,0.15781778761590928,0.0005041425039777007,0.0005041749595900175
doc247,0.0010595880383770908,0.06559258587937768,0.08296308962309641,0.8503847364591488
doc248,0.38660508066418386,0.611052531806025,0.001171093927553664,0.0011712936022375171
doc249,0.9635899276310508,0.0004893593176787321,0.03543132343967042,0.000489389611600003
doc250,0.08026914200558019,0.35900952468823055,0.0012440398761202676,0.5594772934300689
doc251,0.11937101127671652,0.22692805563158291,0.0013626262572566208,0.652338306834444
doc252,0.7370549292961711,0.26125547918666214,0.0008447179759483943,0.000844873541218383
doc253,0.04116939746275435,0.9297489903489917,0.028158791823707216,0.000922820364546682
doc254,0.002304713715403663,0.5577928044079149,0.09927430605001808,0.3406281758266633
doc255,0.43343573052984247,0.30837985930757256,0.001529327231567209,0.2566550829310178
doc256,0.0006084454105297393,0.5440608112893659,0.028210906920387576,0.4271198363797167
doc257,0.0011403255228228917,0.11548065586559425,0.0011313439885956165,0.8822476746229873
doc258,0.0005544468380604175,0.18229260554903395,0.07026278302808307,0.7468901645848226
doc259,0.2447398487132995,0.6000641789563099,0.15410159441355617,0.0010943779168344015
doc260,0.5638090313550479,0.43205745226789816,0.002067032990409742,0.002066483386644244
doc261,0.5342508146151228,0.1805582626397952,0.0018729306164203471,0.28331799212866166
doc262,0.000583537562272406,0.9982494186869253,0.0005835091122574416,0.000583534638544894
doc263,0.0016839321701151877,0.3435865056098195,0.0016837405212940775,0.6530458216987713
doc264,0.07571753058389753,0.8312532360895224,0.0010942678580647335,0.09193496546851526
doc265,0.000897936585546971,0.0008978119261794487,0.0008977437866354582,0.9973065077016381
doc266,0.0008742919500062324,0.4202979509597188,0.059793690777661314,0.5190340663126137
doc267,0.20384200887034534,0.7951695734527612,0.0004941848873086857,0.0004942327895846424
doc268,0.0014208416324929477,0.0014208008309628082,0.0014207616725500118,0.9957375958639942
doc269,0.5188973983776147,0.3520138313040493,0.04839177238757635,0.08069699793075967
doc270,0.10004683128384799,0.8670665077331678,0.03161077627671611,0.0012758847062681118
doc271,0.9982593471365984,0.0005802129159125135,0.0005801468081993744,0.0005802931392897348
doc272,0.0010945521147745253,0.2893347738263062,0.00109422758652292,0.7084764464723964
doc273,0.04226736223604506,0.03448550387101698,0.06958224748963926,0.8536648864032989
doc274,0.003087137351946137,0.31862988286198646,0.0030875525331813813,0.6751954272528861
doc275,0.0017428413621066235,0.9947717670130798,0.0017426686423701388,0.0017427229824434538
doc276,0.0009673306203592421,0.0009673969232472273,0.0744455612297781,0.9236197112266155
doc277,0.0016840507806865524,0.4267473935149182,0.0016837791997847192,0.5698847765046106
doc278,0.001381591407837827,0.0013815334591014132,0.0479278192568702,0.9493090558761905
doc279,0.0011713243791114972,0.0011712525863393074,0.0011712901184385157,0.9964861329161107
doc280,0.0009227581803261916,0.16378512501086998,0.0009228661599629618,0.8343692506488408
doc281,0.2843003750529926,0.5914917320568106,0.00031119716787724285,0.12389669572231943
doc282,0.0009312416581948483,0.0009312851177478884,0.9972060862494265,0.0009313869746308575
doc283,0.0009312416581948483,0.0009312851177478884,0.9972060862494265,0.0009313869746308575
doc284,0.9927508247314257,0.002415909661958497,0.0024174141018790734,0.002415851504736694
doc285,0.0024762158171280826,0.9925719074280314,0.002475876915814106,0.0024759998390264707
doc286,0.002304476514700844,0.6881925781186778,0.0023044017451877173,0.30719854362143373
doc287,0.8524302654812739,0.0009060230358434124,0.0009061286660615275,0.14575758281682105
doc288,0.3137110641247851,0.4106815361135058,0.0008378443741997987,0.2747695553875094
doc289,0.0021558622507351632,0.40446153042781474,0.0021556355818405397,0.5912269717396095
doc290,0.001144573231511626,0.8560869497572294,0.0011442924693882335,0.14162418454187078
doc291,0.0011444896459434834,0.3923470201474897,0.1060005853265464,0.5005079048800205
doc292,0.9941620694043296,0.0019460374803910868,0.0019457321288411564,0.0019461609864382565
doc293,0.000785147247088973,0.8890002764188661,0.0007851795884693104,0.10942939674557565
doc294,0.5798146377570549,0.0005281827451951341,0.0005280945104745674,0.41912908498727536
doc295,0.001909009381490953,0.8245711326742997,0.0019087324503107032,0.1716111254938987
doc296,0.0032906047652732787,0.24678742236846887,0.003290264925367033,0.7466317079408908
doc297,0.0008978556803289014,0.4631226275628772,0.0008978451001079854,0.535081671656686
doc298,0.0017735101298462404,0.001773571954555356,0.0017732651186258956,0.9946796527969725
doc299,0.0014009811581972133,0.24731929476303008,0.12685795095419103,0.6244217731245817
doc300,0.3510236223636849,0.570733573194597,0.0007279251150730622,0.07751487932664496
doc301,0.468707955235751,0.2262203873701028,0.0019087215122341687,0.303162935881912
doc302,0.6850150144238718,0.3124333663400579,0.0012757352416635438,0.0012758839944067312
doc303,0.2822584433735977,0.5433912636672946,0.0021553905585633706,0.17219490240054416
doc304,0.26885561968623395,0.42449281645736214,0.0010942959116347342,0.3055572679447693
doc305,0.053333929487688995,0.5550535412501802,0.29439101766243153,0.09722151159969919
doc306,0.7126295707865095,0.0005836004036686637,0.0005835110138522123,0.2862033177959697
doc307,0.0007123999685510122,0.9978621697117924,0.0007129346536168417,0.0007124956660396546
doc308,0.0006740129286732058,0.29415621560163085,0.025500291022422645,0.6796694804472733
doc309,0.0008172730653879977,0.9975483327440248,0.0008171479574355373,0.0008172462331517485
doc310,0.0005544468380604175,0.18229260554903395,0.07026278302808307,0.7468901645848226
doc311,0.006496506462315673,0.980512465589343,0.0064944901995238535,0.006496537748817461
doc312,0.9635899276310508,0.0004893593176787321,0.03543132343967042,0.000489389611600003
doc313,0.0008520055249461862,0.2236906534977973,0.0008518820780932652,0.7746054588991633
doc314,0.0015532566212747752,0.2404501792726367,0.16467140116097612,0.5933251629451123
doc315,0.0005394922878078325,0.13145113248586954,0.0005394370953221538,0.8674699381310005
doc316,0.0009580865000283005,0.36762776106140266,0.0009579938923070208,0.630456158546262
doc317,0.718316011686889,0.27857694201787825,0.0015539363615173537,0.0015531099337154563
doc318,0.00046656584900101365,0.0004665689825675192,0.00046651993872654835,0.998600345229705
doc319,0.0008307552651756084,0.000830875866847272,0.0008307264763569222,0.9975076423916203
doc320,0.25039242872520767,0.4165673511766159,0.036681690526001266,0.2963585295721751
doc321,0.8592345983083282,0.13372140488537898,0.003521649379116803,0.003522347427175957
doc322,0.46265970779132787,0.00039472090316135553,0.0003946858271152985,0.5365508854783955
doc323,0.09572521640115733,0.24550944688481488,0.0010163719404786228,0.6577489647735492
doc324,0.5070413479933703,0.2821286343888242,0.0009767966881434817,0.20985322092966194
doc325,0.5047222295215154,0.000697516614958649,0.0006974820619832252,0.49388277180154294
doc326,0.2879414575848446,0.5493817749436,0.008406609528074203,0.1542701579434812
doc327,0.0024760813739212514,0.0024759991517856353,0.0024756136496771044,0.992572305824616
doc328,0.001484083496796999,0.15934171316196358,0.0014839796913692807,0.8376902236498701
doc329,0.0007280146378983856,0.0007279964455274619,0.000727959222557814,0.9978160296940164
doc330,0.0020247658115291178,0.002025033186412146,0.002025084137290963,0.9939251168647678
doc331,0.0031857816441076066,0.0031857605388991963,0.003185875691452596,0.9904425821255406
doc332,0.0030874205226219587,0.0030871904811389777,0.168249464874841,0.825575924121398
doc333,0.0022033913545069592,0.7152038723271589,0.0022032901013349037,0.2803894462169992
doc334,0.000744224952806467,0.2619641425435546,0.0007442188911144425,0.7365474136125246
doc335,0.30304758889175704,0.6893746156410251,0.003788757640315145,0.003789037826902674
doc336,0.0002679098424131766,0.9991963363288139,0.0002678618211886824,0.0002678920075842341
doc337,0.45075182187305624,0.5464066711786507,0.0014206826288883287,0.0014208243194048515
doc338,0.000948975949447885,0.0009490767017790634,0.9971530410917511,0.0009489062570220785
doc339,0.000948975949447885,0.0009490767017790634,0.9971530410917511,0.0009489062570220785
doc340,0.46546957787224486,0.001553088023163882,0.0015535459330566074,0.5314237881715346
doc341,0.0012924111221734222,0.001292305232786262,0.0012923550198840298,0.9961229286251562
doc342,0.0018733047718905132,0.28378417271579703,0.0018730322739581328,0.7124694902383544
doc343,0.0020254838497391534,0.0020246309988318553,0.0020247117362818976,0.9939251734151472
doc344,0.995911798755293,0.001362813354641915,0.0013626535781297686,0.0013627343119352435
doc345,0.0019087803593561953,0.9738835577129231,0.022298967433462744,0.0019086944942579718
doc346,0.0010062003650789225,0.0010062184575059094,0.0010061835934031458,0.996981397584012
doc347,0.041552292734444454,0.7524822627870935,0.0013442532465238683,0.20462119123193825
doc348,0.8538143623515033,0.0013092251546640698,0.001309229155036112,0.1435671833387964
doc349,0.0010165287863942607,0.1711678691198609,0.0010163961037050985,0.8267992059900398
doc350,0.0008239290121580628,0.23059166043710141,0.10621772718842547,0.662366683362315
doc351,0.4897212925328762,0.5073106384672994,0.001483931988541769,0.0014841370112826473
doc352,0.9964446664716403,0.0011851752747543895,0.0011850246608653375,0.0011851335927398577
doc353,0.570415550807578,0.3377464137524269,0.09023491490025416,0.001603120539740957
doc354,0.001157824836393502,0.38175200017782435,0.0011575084269737695,0.6159326665588082
doc355,0.09877505502596981,0.8965070366920953,0.0023588457304490732,0.0023590625514858217
doc356,0.0013092444721467995,0.7940741381696861,0.0931975509295555,0.11141906642861173
doc357,0.002304476514700844,0.6881925781186778,0.0023044017451877173,0.30719854362143373
doc358,0.0011444896459434834,0.3923470201474897,0.1060005853265464,0.5005079048800205
doc359,0.3054892059901279,0.598049118446993,0.0013817266673883481,0.09507994889549078
doc360,0.0012138991173356762,0.2681942718235353,0.1650139048096377,0.5655779242494913
doc361,0.0015293267765625926,0.9820838040466203,0.014857523671060508,0.0015293455057566088
doc362,0.0006314393415686701,0.3306915997305452,0.0006316218054438325,0.6680453391224423
doc363,0.9941620694043296,0.0019460374803910868,0.0019457321288411564,0.0019461609864382565
doc364,0.42111302474119233,0.28985916876307083,0.10084700009935216,0.18818080639638463
doc365,0.0009400892674804384,0.1662811355462268,0.0009400651046249142,0.8318387100816679
doc366,0.0022031069625347644,0.9933904832786951,0.0022030775150106915,0.0022033322437593483
doc367,0.5223314233724127,0.47271702103755997,0.002475644382399788,0.002475911207627735
doc368,0.9910161356730833,0.0029943113073755993,0.002994485130157045,0.002995067889383859
doc369,0.40935894407652973,0.5876282230080366,0.0015062840290770263,0.00150654888635662
doc370,0.8303637568165882,0.10601472096706262,0.001945722500204563,0.06167579971614462
doc371,0.9927508247314257,0.002415909661958497,0.0024174141018790734,0.002415851504736694
doc372,0.6655672804248937,0.3318811870536826,0.0012757210412529612,0.0012758114801707573
doc373,0.05490331285050958,0.9408760706759216,0.002109948037515001,0.002110668436053879
doc374,0.04824511664803181,0.9333926949114302,0.01683271950532312,0.0015294689352148704
doc375,0.11123625306727841,0.0003916595633860586,0.0003915914547573073,0.8879804959145782
doc376,0.8248569206081786,0.0011315040560074183,0.172880046155555,0.0011315291802590267
doc377,0.0936789707451312,0.3603414456025118,0.00045588011683949194,0.5455237035355175
doc378,0.3559804923943165,0.04259605839542202,0.12337507427310752,0.47804837493715385
doc379,0.0674207836310128,0.0009227796579782381,0.0009227169539226442,0.9307337197570864
doc380,0.6479729000877578,0.3510337879237873,0.0004966940593473831,0.0004966179291073973
doc381,0.5112491813941731,0.2609116565558082,0.0004456887311709132,0.2273934733188477
doc382,0.5195678897822593,0.2263813694835791,0.25347049816376577,0.0005802425703957942
doc383,0.5218058230889595,0.3368741211905713,0.1395465858573796,0.0017734698630895568
doc384,0.37012085572690256,0.0008899759507312828,0.0008897550114441011,0.6280994133109221
doc385,0.28026334552097326,0.43210902639589926,0.14965521125448153,0.1379724168286459
doc386,0.005435792979215841,0.9836927104918399,0.005435200049699358,0.005436296479244903
doc387,0.0011993689282265875,0.06991978334830516,0.07831960773468055,0.8505612399887877
doc388,0.30856047582614893,0.6061589794719572,0.0013442946494675383,0.08393625005242616
doc389,0.0011188958528272432,0.31046354032816337,0.0011188982750362719,0.6872986655439731
doc390,0.3466898124213714,0.5880878017296807,0.000712306203310314,0.06451007964563756
doc391,0.19285314779064905,0.6788811511388098,0.0005513524696360198,0.12771434860090516
doc392,0.0009311695009819799,0.0009312200102298966,0.9972062425796347,0.0009313679091533433
doc393,0.0009311695009819799,0.0009312200102298966,0.9972062425796347,0.0009313679091533433
doc394,0.0015294113300408172,0.12757273443243694,0.0015293275453987767,0.8693685266921234
doc395,0.5466645300250159,0.0016291273992429982,0.001628790949254051,0.450077551626487
doc396,0.10401107321246912,0.894701623305347,0.0006436339933753901,0.0006436694888086029
doc397,0.0003592946600282152,0.04462752976270283,0.035284714664056326,0.9197284609132126
doc398,0.6479729000877578,0.3510337879237873,0.0004966940593473831,0.0004966179291073973
doc399,0.9964445709871518,0.0011853208906775073,0.0011849988843931395,0.0011851092377776682
doc400,0.039733018779147415,0.9380604662000482,0.021168877882037185,0.0010376371387672385
doc401,0.2379122638057261,0.48118993258608733,0.27859314074845837,0.0023046628597281947
doc402,0.0029947212491449084,0.8715701605528565,0.12244043384820898,0.0029946843497895685
doc403,0.0029947212491449084,0.8715701605528565,0.12244043384820898,0.0029946843497895685
doc404,0.002304974485890724,0.9930852308096598,0.0023047067925224722,0.002305087911927065
doc405,0.1366794036073851,0.0007671188975930949,0.0007670381051426806,0.8617864393898791
doc406,0.0011314480455043541,0.0011313968274991603,0.0011313883215850334,0.9966057668054115
doc407,0.0017734441087852476,0.0017732862897369523,0.0017731588571049388,0.9946801107443729
doc408,0.0011315480984795756,0.046706493335522334,0.12708338222232743,0.8250785763436707
doc409,0.0537368011868671,0.9418571311712205,0.002203119312868916,0.0022029483290436336
doc410,0.7462467740396952,0.24738201825241188,0.0031855753994135937,0.003185632308479314
doc411,0.0014010196249522795,0.4490221319325049,0.0014006486039564623,0.5481761998385862
doc412,0.2405644626130612,0.001214109786040719,0.0012139560923018987,0.7570074715085962
doc413,0.002748211710949869,0.9917562927553297,0.002747723371158756,0.0027477721625617673
doc414,0.7126295707865095,0.0005836004036686637,0.0005835110138522123,0.2862033177959697
doc415,0.0024161330368569992,0.4299333751921145,0.0024161832470048273,0.5652343085240238
doc416,0.0010062922814895543,0.921534862071593,0.00100618560045116,0.0764526600464663
doc417,0.0015293267765625926,0.9820838040466203,0.014857523671060508,0.0015293455057566088
doc418,0.0023050019426026046,0.18438534572018128,0.0023044344158412917,0.8110052179213748
doc419,0.001199271724364761,0.5003269056735624,0.0011992154038675397,0.4972746071982053
doc420,0.026998973156596218,0.7483390654282395,0.2235675317992972,0.001094429615867117
doc421,0.11230013828515174,0.0009227742505396514,0.0009227529863420202,0.8858543344779666
doc422,0.0006314393415686701,0.3306915997305452,0.0006316218054438325,0.6680453391224423
doc423,0.18005327781674046,0.8193061731610862,0.00032035360921215316,0.0003201954129613395
doc424,0.9932417629929559,0.0022527965114639325,0.00225260693786083,0.0022528335577193985
doc425,0.01351618300770997,0.9594536170028768,0.013513932265324732,0.0135162677240885
doc426,0.10473428309463166,0.7209133181297424,0.0007497395297266107,0.17360265924589932
doc427,0.5195678897822593,0.2263813694835791,0.25347049816376577,0.0005802425703957942
doc428,0.001309111602690639,0.0013091881168491638,0.06181016182650993,0.9355715384539502
doc429,0.9969504878898261,0.001016515658275873,0.0010163969784386991,0.0010165994734593683
doc430,0.002066444968411,0.1960547688304737,0.05055841631818573,0.7513203698829296
doc431,0.9910151086384565,0.002994610976946139,0.0029949983473356832,0.0029952820372617273
doc432,0.013251160069194527,0.00029043670418154536,0.0002903994150026363,0.9861680038116213
doc433,0.0014840922425768406,0.0014840150162448934,0.001484103581754617,0.9955477891594237
doc434,0.003651028369412782,0.9890480850029227,0.003650250460986078,0.003650636166678462
doc435,0.03785320416551029,0.27179765912750525,0.0006878779884422467,0.6896612587185422
doc436,0.2704962582747174,0.32494971740454054,0.0009673567826720634,0.4035866675380699
doc437,0.004674286589389294,0.9859783155709748,0.004673676878065643,0.004673720961570228
doc438,0.09866122875839373,0.0018387536046339538,0.13994374270668755,0.7595562749302847
doc439,0.0014624546620434524,0.8793090644802245,0.11776602026380396,0.0014624605939281515
doc440,0.0010824185357479815,0.8595351668236448,0.03338672292349509,0.10599569171711201
doc441,0.0006695073338619729,0.5201598709801573,0.2254956905143022,0.25367493117167855
doc442,0.0020247216518553966,0.9939253961666045,0.0020248961389461423,0.0020249860425939755
doc443,0.0009059606605372626,0.0009059171899861422,0.9972821363681692,0.0009059857813073413
doc444,0.2750502785227285,0.719298469496945,0.0028253810959691906,0.0028258708843572557
doc445,0.0009059606605372626,0.0009059171899861422,0.9972821363681692,0.0009059857813073413
doc446,0.0011852324822463423,0.28242171802307564,0.03183639088445218,0.6845566586102259
doc447,0.000619769451579797,0.27895403119368684,0.0006197325845338855,0.7198064667701994
doc448,0.013838445585205406,0.08958419441745769,0.04513612066867211,0.8514412393286648
doc449,0.8504626035095709,0.14404081093877694,0.0027483710475436868,0.0027482145041084266
