,topics0,topics1,topics2,topics3,topics4,topics5
doc0,0.0004639229801772708,0.653088536215298,0.0004639622658747112,0.34505558475136816,0.00046399357295334476,0.00046400021432823057
doc1,0.0019013998282587522,0.0019016673185666675,0.0019014985464122535,0.0019016036412726465,0.9904922568183852,0.0019015738471044909
doc2,0.1373851416102492,0.0032692808446736304,0.00326877024822682,0.0032689536112209955,0.0032684718004859902,0.8495393818851434
doc3,0.0015726799558791465,0.2646867310065126,0.0015725863010068548,0.6209815624114172,0.0015725791626051277,0.10961386116257918
doc4,0.00032413240927460724,0.8622274218309419,0.07638674608827073,0.00032414062791216513,0.0003241132938231026,0.060413445749777556
doc5,0.00794953647479483,0.05238716477129545,0.3465300185545744,0.0747631819715328,0.22942946756557014,0.2889406306622324
doc6,0.00442669728594993,0.0044264364331120624,0.5980728564475749,0.00442656133590073,0.004425666352798073,0.38422178214466435
doc7,0.0009297506186257936,0.0009295845953546832,0.24983071510613086,0.7464507881437218,0.0009296130905867839,0.0009295484455800831
doc8,0.0008883516640996123,0.16865172637839573,0.23962405058561356,0.5890593400033176,0.000888256549670281,0.0008882748189031357
doc9,0.18983103195891327,0.001678407054975072,0.5176803985343592,0.2874537017570431,0.0016781959054182696,0.0016782647892910093
doc10,0.0011822298590855064,0.0011824275298090718,0.8782207051678161,0.11705009626197642,0.0011822579155929928,0.0011822832657199449
doc11,0.0005896990941591754,0.000589761606451284,0.9970513694989683,0.0005897091243402719,0.0005897184553739102,0.0005897422207071746
doc12,0.0008434591687992509,0.0008433288214807507,0.3364105327257159,0.03645613705235802,0.6246030780336058,0.0008434641980403449
doc13,0.9953950994582774,0.0009210161669644159,0.000920982477530539,0.0009210482841141,0.0009209069632217605,0.0009209466498916717
doc14,0.9953950994582774,0.0009210161669644159,0.000920982477530539,0.0009210482841141,0.0009209069632217605,0.0009209466498916717
doc15,0.0023477574407455085,0.0023480563289880515,0.5632137979037667,0.42739408415031,0.0023482360804415753,0.002348068095748077
doc16,0.0007838234666391699,0.09469904595928465,0.15404084321799674,0.71720319817206,0.0007838378142212753,0.03248925136979811
doc17,0.0008362834118799095,0.4288531854783946,0.057248179113828644,0.5113897200933766,0.0008363113655741375,0.0008363205369461479
doc18,0.0009295933756446946,0.0009296746116832482,0.769274096086702,0.22700750832898364,0.0009295751734074129,0.0009295524235788381
doc19,0.0005537887687903549,0.0005538605729136732,0.6110333676158105,0.3013118074677619,0.0005538319541749321,0.08599334362054856
doc20,0.0036233879287010944,0.0036237554618368246,0.9818799832576749,0.0036245707954738393,0.003623944159204427,0.0036243583971089367
doc21,0.0013971149586484682,0.22563480494076818,0.42930045080332574,0.3408737364127719,0.001396843225411941,0.0013970496590738866
doc22,0.0030678166242608454,0.0030680415416190748,0.9214812791012714,0.003067994278286582,0.06624681615649654,0.0030680522980656285
doc23,0.0008728032010071833,0.0008728670699336094,0.000872891164597785,0.03445895863387475,0.7452252899033601,0.21769719002722662
doc24,0.104938046777056,0.001799028404834765,0.6614215690961699,0.0017991110781128102,0.07938551925923358,0.1506567253845929
doc25,0.0037598831347080857,0.0037604982871737047,0.981198259865317,0.003760484118531532,0.0037602237971424654,0.0037606507971272764
doc26,0.0012111137706323886,0.0012111466000158928,0.4022485642025046,0.0012109779103236492,0.11788516856470124,0.47623302895182223
doc27,0.0010247892261114023,0.0010248382203399905,0.0010249334017882123,0.12646538496690454,0.0010248315491424907,0.8694352226357134
doc28,0.002733060557915552,0.19822135992058443,0.11060572395299022,0.002732909964839663,0.21730177612835652,0.46840516947531363
doc29,0.0025258699696962426,0.8620192486008943,0.002526526766680821,0.0025259208923274776,0.1278762612966675,0.0025261724737337247
doc30,0.023148314055067995,0.0004961859719515868,0.0004961930717721753,0.17346554008854154,0.7446838214295151,0.05770994538315158
doc31,0.0005036435806637496,0.0005036672496101792,0.15174020292778842,0.14240509894442363,0.2360754698480264,0.46877191744948754
doc32,0.08434043496003395,0.0010356071070452035,0.1473401088820089,0.7652129294613754,0.0010354250808655475,0.001035494508670934
doc33,0.0011287892833935598,0.0011289683081088264,0.43869342045966936,0.08204511711626983,0.16466116961191204,0.31234253522064626
doc34,0.0004961517709057738,0.0004961818395551005,0.0004961686963981909,0.0004962084598578894,0.8280748154374608,0.16994047379582233
doc35,0.0012108991326832436,0.23764720262652683,0.34300404105682214,0.3469410611073263,0.0012111505745180037,0.06998564550212333
doc36,0.0013589388691076657,0.3848283464914291,0.19214261204669777,0.3061402541487459,0.0013592088153139665,0.1141706396287056
doc37,0.0008433253497117856,0.07108311847720247,0.2257415753604979,0.06851550556696952,0.0008434137413670877,0.6329730615042513
doc38,0.039966010320084976,0.0856019878626006,0.8718582081754299,0.0008579595173980844,0.0008578686047730575,0.000857965519713371
doc39,0.1389993749918504,0.3015548189211418,0.5524014902113626,0.0023482469659256086,0.002347942779475593,0.002348126130243994
doc40,0.00154828455652627,0.001548353486632242,0.32402825626661097,0.46917873909419594,0.0015482547407133034,0.20214811185532125
doc41,0.0006150703806996759,0.1473201407348352,0.5014602884897065,0.2852395349677716,0.06474975129900354,0.0006152141279835011
doc42,0.0011416822726976151,0.0011418720773207261,0.09376436528742066,0.9016682990837113,0.001141849939543906,0.00114193133930567
doc43,0.0700418182153434,0.13270799146618104,0.2344436446339473,0.561756974004588,0.0005248000029622231,0.0005247716769779152
doc44,0.0010920702706742455,0.0010920478430962344,0.5049107387204352,0.001092032119049414,0.16107464104268412,0.33073847000406065
doc45,0.0020584088470100388,0.002057951024438632,0.27296079986340666,0.002057922677876614,0.002057982419419398,0.7188069351678487
doc46,0.0018659431978486772,0.08967370581274094,0.2115148974331381,0.1254066765156454,0.07737333033499456,0.4941654467056322
doc47,0.0005896990941591754,0.000589761606451284,0.9970513694989683,0.0005897091243402719,0.0005897184553739102,0.0005897422207071746
doc48,0.0016235310825926,0.5250596500491593,0.1545515664187345,0.31551748645968725,0.001623921868117513,0.0016238441217086496
doc49,0.001091890030493421,0.0010919244081889227,0.7601972796489591,0.16902888851794798,0.0010920156047665162,0.06749800178964399
doc50,0.0009042226818105572,0.2140617715324467,0.0009043146881626978,0.6896719244582123,0.0009043491538623607,0.09355341748550525
doc51,0.03796036063975121,0.0008578339447827852,0.3832464840961279,0.5762197353213243,0.0008577953074283872,0.0008577906905854778
doc52,0.0004937022831461184,0.05585214092143645,0.7069621431371501,0.0004937480570289614,0.0004936899298196158,0.23570457567141878
doc53,0.001323361894661913,0.15603934810224607,0.0013230688007809914,0.8386680333235386,0.0013230447470184415,0.0013231431317539569
doc54,0.024455211741803245,0.008415969256295041,0.33420323868777696,0.17583471829431346,0.05446630303329674,0.4026245589865146
doc55,0.03924760415639537,0.0012725850807309119,0.8174979055204565,0.001272672662308663,0.0012725282635156555,0.13943670431659272
doc56,0.0005897214344842351,0.08881708906528556,0.0005897911589028518,0.0005898202338339417,0.3684937611398352,0.5409198169676582
doc57,0.0010571876735317835,0.09478855692770705,0.24965922208048036,0.6188165088308453,0.0010573977221667277,0.03462112676526878
doc58,0.0007901779555023428,0.777945899333115,0.0007901026615573307,0.18687390205072546,0.032809779725599474,0.0007901382735004738
doc59,0.0032695054246212724,0.7456994486735983,0.24122429944007176,0.0032692320259518903,0.00326845486248038,0.003269059573276437
doc60,0.001736697889644701,0.001736484636613482,0.9913167196833875,0.001736729367116454,0.0017365328942655818,0.001736835528972258
doc61,0.0009656276183896923,0.6855804572803912,0.0009655564905077713,0.23590236499138104,0.07562050222242876,0.0009654913969015064
doc62,0.0016781602551941073,0.3811764299689508,0.4201226835876932,0.19366612451682713,0.0016781325362605472,0.0016784691350740736
doc63,0.001305969063791655,0.07527945191455862,0.001305757724739624,0.9194967248842094,0.00130601729502247,0.0013060791176781846
doc64,0.0011685388599070653,0.0011683641567940954,0.0011684905314513917,0.9941577304224601,0.001168393849758788,0.0011684821796285447
doc65,0.0009297506186257936,0.0009295845953546832,0.24983071510613086,0.7464507881437218,0.0009296130905867839,0.0009295484455800831
doc66,0.00031492198587030235,0.2805260687022956,0.5704149599775868,0.07779454219494136,0.07063454424167519,0.0003149628976307099
doc67,0.9953950994582774,0.0009210161669644159,0.000920982477530539,0.0009210482841141,0.0009209069632217605,0.0009209466498916717
doc68,0.9953950994582774,0.0009210161669644159,0.000920982477530539,0.0009210482841141,0.0009209069632217605,0.0009209466498916717
doc69,0.0024046621134986455,0.002404523263399113,0.0024042865895505996,0.0024042502666609634,0.9879775727725895,0.0024047049943012187
doc70,0.0024636679318315365,0.0024635891957562064,0.876609993603129,0.0024637809801036407,0.11353514995527732,0.0024638183339023567
doc71,0.002293822746549548,0.32523572370013565,0.6655882669493874,0.0022942501449735695,0.00229399076843742,0.0022939456905164564
doc72,0.0008963402569579713,0.0008963384273131568,0.0008962781415691371,0.21459452518151162,0.0008963428730179492,0.7818201751196301
doc73,0.0008434357660395314,0.0008433982643062316,0.22793221043190073,0.35392725456104224,0.20099466693935025,0.21545903403736102
doc74,0.0022941170329198223,0.4422674163725186,0.3026892992330302,0.002294436007972955,0.0022939065010164684,0.248160824852542
doc75,0.0011416626644646449,0.22151519588393712,0.7739172207101236,0.001141887710474577,0.0011419079728223322,0.0011421250581776776
doc76,0.0011548517138920199,0.4086595752594722,0.21634897955274712,0.0011550920967445587,0.37152650720475433,0.001154994172389674
doc77,0.0019013687363579595,0.1764457489044567,0.0019016122547132548,0.2032396817478207,0.6146098773444374,0.0019017110122140969
doc78,0.0007838882151810754,0.22213279367361902,0.7747315687700326,0.0007839465011089393,0.0007838893194225044,0.0007839135206358053
doc79,0.0005247940404010079,0.3619040933695243,0.0005248521287788488,0.0005248268524578199,0.0005247874905161343,0.6359966461183221
doc80,0.0019014674264130245,0.0019016016227806542,0.6239650093419351,0.1397030796802425,0.0019014534747784353,0.23062738845385028
doc81,0.0030680277050595976,0.0030684348312551638,0.0030684166095985275,0.9846579350413771,0.003068511821822545,0.0030686739908871927
doc82,0.0008962575297449185,0.46575844478113154,0.5306564986952442,0.0008963695905771157,0.0008961904695072688,0.0008962389337948077
doc83,0.0017988071258866248,0.16852218466430477,0.0017991517990879483,0.8242817470137637,0.0017990145021848992,0.0017990948947720455
doc84,0.12295859660617897,0.5475767724470667,0.24066054382563762,0.0013778521846105575,0.0013777918370233666,0.08604844309948295
doc85,0.0007375882156217923,0.0007376705508268257,0.5232647795792987,0.0891339530542558,0.0007377016600527332,0.38538830693994414
doc86,0.0019014474642013099,0.32046668235668996,0.2599501393915211,0.0019017880067579796,0.001901660207155091,0.41387828257367454
doc87,0.0012891085703270646,0.0012891250211802736,0.28842845610302603,0.0012890520940920804,0.001288972819277599,0.706415285392097
doc88,0.002101021717742694,0.31536123567994995,0.49164154963176754,0.002101468770302122,0.0021014522389573393,0.18669327196128044
doc89,0.0010919497277161725,0.36666923393882145,0.43037788102729324,0.0010921411930987133,0.0010919287968727117,0.1996768653161977
doc90,0.26711640626168415,0.001736406235757369,0.3725408826967925,0.27284292942390487,0.0017365837556873164,0.08402679162617366
doc91,0.0005828179258042259,0.9970856702626837,0.0005828894704499175,0.0005828729023485028,0.0005828904080242787,0.0005828590306892384
doc92,0.0007072514742144276,0.0007065736656450699,0.9964670151230823,0.0007063982453825817,0.0007064258914390119,0.0007063356002364375
doc93,0.032517506470983316,0.34011532938311395,0.3070440277254363,0.3189584789414942,0.0006823834400113333,0.0006822740389609183
doc94,0.0008027069235323402,0.0008027744388761826,0.9522633482812841,0.0008028163218408167,0.0008026701523750206,0.04452568388209158
doc95,0.0700418182153434,0.13270799146618104,0.2344436446339473,0.561756974004588,0.0005248000029622231,0.0005247716769779152
doc96,0.006411146100278094,0.006413065237227335,0.9679360720095388,0.006413561055792037,0.0064130232937341086,0.006413132303429539
doc97,0.0004961517709057738,0.0004961818395551005,0.0004961686963981909,0.0004962084598578894,0.8280748154374608,0.16994047379582233
doc98,0.0008361986752103775,0.0008362759478885556,0.2159482275213069,0.7807067179663496,0.0008362842802915936,0.0008362956089529649
doc99,0.0015482319411007001,0.5621270606191978,0.21019537309790423,0.0015483821663048133,0.22303253801471215,0.001548414160780088
doc100,0.0005302993942411283,0.262785519169604,0.14552752334011945,0.5900960376057045,0.0005302859660296668,0.000530334524301106
doc101,0.0009471086690906333,0.32570407237335935,0.311637023808142,0.3598174228807491,0.0009471528177121255,0.000947219450946828
doc102,0.02382069416710377,0.0015725847464852128,0.26994912480483246,0.0015726809995057125,0.0015728280109931787,0.7015120872710796
doc103,0.0004639229801772708,0.653088536215298,0.0004639622658747112,0.34505558475136816,0.00046399357295334476,0.00046400021432823057
doc104,0.0008362834118799095,0.4288531854783946,0.057248179113828644,0.5113897200933766,0.0008363113655741375,0.0008363205369461479
doc105,0.0012256613049997267,0.19517032182925861,0.3953362744308621,0.0012258976544072056,0.09457630672687707,0.31246553805359545
doc106,0.0034968201106667625,0.003498976929131934,0.0034983016930525837,0.0034975690053638646,0.9825104751076627,0.0034978571541221417
doc107,0.0003838386834066898,0.00038390761222855985,0.00038381923284685457,0.7042384224713135,0.00038383107514853047,0.29422618092505576
doc108,0.0010246981232806378,0.001024766505750973,0.2117253855857462,0.7841753369717377,0.0010248435486784628,0.0010249692648061214
doc109,0.0009654845581527895,0.26306614263159417,0.2660836605752245,0.0009655026102633899,0.0009654726609722712,0.4679537369637929
doc110,0.0006822481728035706,0.0006823360635616408,0.0006823118989083513,0.6069503656091443,0.0006823603056909181,0.3903203779498912
doc111,0.011799726462076844,0.2913135611869414,0.5183010159226115,0.12439535195429866,0.031609236084717864,0.022581108389353947
doc112,0.002463288700793276,0.49938866072688176,0.002463835292379333,0.3723813877284054,0.0024636821847406182,0.12083914536679961
doc113,0.0014795445245139205,0.0014798448502282918,0.0778220719605748,0.9162590757114102,0.0014795878254778166,0.0014798751277950552
doc114,0.0007268876601049126,0.5492845837025202,0.0007269354435165232,0.44780760512476575,0.0007269316772198953,0.0007270563918725262
doc115,0.0020177103470310678,0.2772103155970821,0.002017145327204792,0.7147214789677566,0.0020163859317437927,0.002016963829181638
doc116,0.0030688627443373187,0.5077148612713578,0.003068341838491848,0.2622805843114824,0.0030683127309518473,0.22079903710337898
doc117,0.08550923788637285,0.002977170371350051,0.002976757063718226,0.90258258894162,0.0029773863778404124,0.0029768593590984685
doc118,0.0022428348419754633,0.3119858388558656,0.6790422838931729,0.0022429082308555314,0.002243212690793567,0.0022429214873370693
doc119,0.00076006531534285,0.2802957395295725,0.21279560850319187,0.5046284842256669,0.0007600551770400778,0.0007600472491856566
doc120,0.003760161769654898,0.0037599265612982087,0.4912493211310821,0.3804703272729544,0.003760569768423972,0.11699969349658651
doc121,0.00028207733181239287,0.00028208578762818143,0.9942100584195901,0.000282099613518594,0.004661608796458236,0.00028207005099236765
doc122,0.0013776196976248805,0.0013777348499987962,0.5697601401772714,0.08608036349868661,0.34002629267532863,0.0013778491010897034
doc123,0.9952641770645124,0.0009470620523954426,0.000947288756529865,0.0009471584930427705,0.0009471840896567952,0.0009471295438627502
doc124,0.9952641770645124,0.0009470620523954426,0.000947288756529865,0.0009471584930427705,0.0009471840896567952,0.0009471295438627502
doc125,0.0015981756355477473,0.0015978639670848464,0.0015978177260276396,0.6175301974924597,0.0015977669133563433,0.3760781782655237
doc126,0.001305910222815516,0.32105007204414526,0.0013058176909273727,0.6737265606981117,0.0013057114923837783,0.0013059278516163125
doc127,0.0019013746386375892,0.7683701280227228,0.12321473650568035,0.0019016661569835785,0.0019016566162086124,0.10271043805976715
doc128,0.0020579931127569983,0.25634424649483223,0.002057983934794378,0.7354227106229422,0.0020582354388634177,0.002058830395810669
doc129,0.0013057646928785669,0.0013058674112177613,0.0013058028265258324,0.0013057939677994035,0.7171326317969341,0.2776441393046445
doc130,0.031077200264985783,0.0019014298059099241,0.9613167868804172,0.0019014514238492976,0.0019015981936393945,0.0019015334311983823
doc131,0.0010143560084132374,0.5193303947980465,0.0010143823950088293,0.476612164900525,0.0010143370753023459,0.001014364822703926
doc132,0.0013406828930415575,0.29092871027557843,0.6692413502515115,0.035807102081245594,0.0013412538278112153,0.0013409006708116034
doc133,0.0013057963091051303,0.0013059276850704458,0.0013058299673600923,0.16903076570435074,0.12437769049595297,0.7026739898381607
doc134,0.0010247081446777614,0.05337578560497486,0.22597926896388687,0.7175704847249488,0.0010248972032965765,0.0010248553582153277
doc135,0.10888031671528593,0.6804169171637772,0.2082143942555806,0.000829438218353595,0.0008294594886284692,0.0008294741583742232
doc136,0.0015246641287318331,0.0015247121230311967,0.4788994632902594,0.09289313541797149,0.0015248406662657418,0.4236331843737403
doc137,0.0011822446332705508,0.0011824207492142982,0.0011824668530488259,0.0011823482788943455,0.001182240135187632,0.9940882793503842
doc138,0.0015976297094611352,0.11842696829978025,0.3236379272376724,0.0015977944587605695,0.39180990841442215,0.16292977187990357
doc139,0.0011161671631667216,0.2649767818068105,0.30391175882834476,0.34201930995788954,0.0011164178787221174,0.08685956436506635
doc140,0.002347775724395538,0.002347944981918061,0.8649047007705924,0.0023479772244793433,0.0023479899717588856,0.12570361132685565
doc141,0.07851750779502002,0.32449066431386725,0.5930744763747974,0.0013056533115761923,0.0013057539549327544,0.0013059442498064221
doc142,0.002293822746549548,0.32523572370013565,0.6655882669493874,0.0022942501449735695,0.00229399076843742,0.0022939456905164564
doc143,0.0011548517138920199,0.4086595752594722,0.21634897955274712,0.0011550920967445587,0.37152650720475433,0.001154994172389674
doc144,0.0013407634822038335,0.23634633077338424,0.3254344029290559,0.001340771110891603,0.0013407191806951945,0.43419701252376924
doc145,0.15113926459607074,0.0011964990356331513,0.23137846827151418,0.6138928384363406,0.0011964128967877246,0.0011965167636536227
doc146,0.02289426115035617,0.0015246577767139711,0.9710069855635373,0.001524767563158839,0.0015246252957517661,0.0015247026504818836
doc147,0.0005863692344205256,0.000586257738871376,0.39733091283660676,0.6003239156983642,0.0005862719260220776,0.0005862725657149802
doc148,0.0019013687363579595,0.1764457489044567,0.0019016122547132548,0.2032396817478207,0.6146098773444374,0.0019017110122140969
doc149,0.025746875799965055,0.21455723435256402,0.161084408109714,0.0771422412996169,0.14918663925875694,0.372282601179383
doc150,0.0009383180626852582,0.33290718222071924,0.1347074000621734,0.5295705327731187,0.00093824854828176,0.0009383183330215606
doc151,0.0021012329614632,0.0667149075778382,0.9248800910022204,0.002101329754007802,0.0021011538196897754,0.002101284884780687
doc152,0.002404262232408754,0.0024046792765048566,0.33105763322728277,0.00240436655342703,0.0024042777956221812,0.6593247809147545
doc153,0.0029766548900881156,0.0029772391743760744,0.00297644673575799,0.0029768986746968756,0.0029767967238809997,0.9851159638011999
doc154,0.0014795508388430263,0.0014797926717969544,0.3168290214948694,0.0014796765373011275,0.08880396874263906,0.5899279897145505
doc155,0.002016295391937827,0.18901743530982007,0.0020171556343592436,0.0020165705860754435,0.0020167324083518777,0.8029158106694555
doc156,0.0024046621134986455,0.002404523263399113,0.0024042865895505996,0.0024042502666609634,0.9879775727725895,0.0024047049943012187
doc157,0.0012888753548448216,0.001288993160805185,0.32423351688999175,0.0012890616368238714,0.3174426704520669,0.3544568825054675
doc158,0.0021932616806301956,0.18948726155568651,0.713336910947862,0.002193393076798927,0.002193283324273444,0.09059588941474891
doc159,0.023999628655721576,0.0015019384093046596,0.9339036391620714,0.001501932314127376,0.03759092110661683,0.0015019403521581553
doc160,0.00039128863329276236,0.1879253243105092,0.00039134937691407236,0.6619256646777983,0.000391297423520054,0.1489750755779657
doc161,0.0011419103174099628,0.0011417576653127883,0.0011418234489032797,0.2213436318086617,0.41239939393913594,0.3628314828205763
doc162,0.000468278717052004,0.4801218554604856,0.31714220502740365,0.2013311104304801,0.00046828065338136286,0.00046826971119731295
doc163,0.0008726936587860969,0.0008727581465568524,0.0008728843387279812,0.5104162919135722,0.38700457680514017,0.09996079513721678
doc164,0.0009562683862164387,0.36066980905874035,0.0009563252232360951,0.4410341658641851,0.0009563413626733961,0.19542709010494858
doc165,0.0004986336254265365,0.000498608613792529,0.4112546666580283,0.0004986129638041878,0.5677973618441833,0.019452116294765228
doc166,0.0004453000397998478,0.00044537698260805063,0.06887285274150241,0.3335006815217246,0.2595648196028723,0.33717096911149286
doc167,0.0005828714885956538,0.04687713516959037,0.08181453333137302,0.0005829378321042603,0.8695595890701624,0.0005829331081742506
doc168,0.030677464969186795,0.0017365527982844925,0.0017365980251775421,0.001736509345751006,0.39280863754231576,0.5713042373192844
doc169,0.0008961486273204552,0.5606438295030419,0.0008963583497639122,0.0008963431653789287,0.0008962058179082274,0.4357711145365866
doc170,0.0009942645444614379,0.16315697117581127,0.40526507075388496,0.0009944091231016865,0.3584172125277572,0.07117207187498348
doc171,0.0053767179895467246,0.005377728363463303,0.97311348798578,0.00537728302301403,0.0053771754483326415,0.005377607189863322
doc172,0.054211568438677464,0.0012110016655952646,0.19737769120051435,0.7447775387522135,0.0012110948848347,0.0012111050581648838
doc173,0.0013406924430078787,0.09449456655719754,0.4920849179201008,0.0013409000115896283,0.0013408328476138627,0.40939809022049023
doc174,0.0011289790999381292,0.0011290060450198014,0.3712288361921468,0.6242551997352229,0.0011290187028413202,0.0011289602248310097
doc175,0.0007013099689306634,0.0007015012430277683,0.6360854411006751,0.21295465107362463,0.0007014825960512626,0.14885561401769049
doc176,0.0005477331090881043,0.0005478237620481066,0.6258095343944449,0.08490245285818711,0.0005478078169183256,0.2876446480593135
doc177,0.9953523140203648,0.0009298264355083761,0.0009294810336062359,0.0009295203344636088,0.0009294269270002889,0.0009294312490568327
doc178,0.9953523140203648,0.0009298264355083761,0.0009294810336062359,0.0009295203344636088,0.0009294269270002889,0.0009294312490568327
doc179,0.0015017910474399362,0.44887555451444394,0.11525127909697024,0.4313676325209864,0.0015018999737068694,0.001501842846452561
doc180,0.0014368685886951837,0.04895560105428403,0.19453365817633697,0.3062296215428135,0.0014372878155283007,0.447406962822342
doc181,0.000664158582004089,0.0006641761135443148,0.8724938972483305,0.0006642160838503215,0.0006641396566488345,0.12484941231562206
doc182,0.007471361101776684,0.8052168864919442,0.000361633996344745,0.13564448037237284,0.05094398805200424,0.00036164998555715246
doc183,0.0004986336254265365,0.000498608613792529,0.4112546666580283,0.0004986129638041878,0.5677973618441833,0.019452116294765228
doc184,0.0011821802184929923,0.00118221328194481,0.0011825074855811193,0.0011823706811107323,0.9940883861153299,0.0011823422175404777
doc185,0.022464731147025845,0.0010355073976894551,0.9067815176316757,0.0010354449911721966,0.001035430502618233,0.06764736832981867
doc186,0.0022940613712173425,0.0022937767508595646,0.39252784922066275,0.0022941672195211597,0.5982960841404971,0.0022940612972420405
doc187,0.12994580422355761,0.0029768767390294134,0.8581463797244986,0.0029769076126578277,0.0029771611907485618,0.0029768705095080277
doc188,0.12994580422355761,0.0029768767390294134,0.8581463797244986,0.0029769076126578277,0.0029771611907485618,0.0029768705095080277
doc189,0.002294125821534674,0.0022942434711870387,0.8530154542092584,0.0022947366268708524,0.0022940883884104125,0.1378073514827388
doc190,0.000771768964422129,0.07584939289521028,0.0007718363917483983,0.7479607055524303,0.0007719071644799761,0.17387438903170882
doc191,0.001141746985407358,0.00114191403543257,0.0011417532345048965,0.9942908881056332,0.0011418699174104345,0.0011418277216115927
doc192,0.0017986431134211951,0.0017993128200830802,0.00179880949704018,0.9910053383962577,0.0017988217166230252,0.0017990744565748718
doc193,0.12078867071191086,0.46713916235436237,0.0011164243666796827,0.40872314594878445,0.0011162807579626927,0.0011163158602999824
doc194,0.002146377677688442,0.0021463705444034753,0.9060893198166787,0.0021461784017986043,0.0021463879640075054,0.08532536559542303
doc195,0.0031654638700494716,0.0031655490045975876,0.22802177529398815,0.003165480971076159,0.30922348215715834,0.4532582487031302
doc196,0.0014578152736857868,0.11471423080063256,0.40048232803329215,0.48042932802026944,0.001458039207373317,0.0014582586647466722
doc197,0.001225763663574805,0.001225721199740131,0.0012259280408212366,0.8690477235882084,0.0012257280241376267,0.126049135483518
doc198,0.002732748378052576,0.0027327261568989,0.8750173437790646,0.002732841664611261,0.002732699282087354,0.11405164073928532
doc199,0.0005828179258042259,0.9970856702626837,0.0005828894704499175,0.0005828729023485028,0.0005828904080242787,0.0005828590306892384
doc200,0.0022945500895503778,0.002294405515703718,0.44530533167756925,0.38191417883178175,0.0022941578428500105,0.16589737604254487
doc201,0.0010041693447650696,0.001004276636915042,0.9223107779650378,0.07367233084877492,0.0010042167783807035,0.0010042284261264146
doc202,0.02289426115035617,0.0015246577767139711,0.9710069855635373,0.001524767563158839,0.0015246252957517661,0.0015247026504818836
doc203,0.0023480849711679467,0.8032043326997778,0.18740298819186163,0.002348549074547927,0.0023478678364538368,0.002348177226190702
doc204,0.001240946986007026,0.11309715836682166,0.4196045279781255,0.4635755210710179,0.001240897919595692,0.0012409476784322807
doc205,0.17140915869736065,0.0011040538184112414,0.6994715463540986,0.0011040920790002199,0.10982437711463085,0.017086771936498407
doc206,0.0009210059024719276,0.000921088114380113,0.000921072681256079,0.9216647924191894,0.0009210098412490062,0.07465103104145344
doc207,0.0005863692344205256,0.000586257738871376,0.39733091283660676,0.6003239156983642,0.0005862719260220776,0.0005862725657149802
doc208,0.005929109740245527,0.0003199953762868176,0.7671601788362946,0.0003199977271023768,0.0003199656721420483,0.22595075264792847
doc209,0.0021462731398327046,0.002146349550895668,0.002146207965179986,0.0021463125949896028,0.0021462119665692997,0.9892686447825327
doc210,0.013158170637181332,0.013161175612338098,0.9341973173095635,0.013160725797367052,0.013160545465539845,0.013162065178010217
doc211,0.000737567118380562,0.0007376784591238372,0.6301879010535535,0.16712226394136287,0.0007376332620115919,0.2004769561655677
doc212,0.0005828714885956538,0.04687713516959037,0.08181453333137302,0.0005829378321042603,0.8695595890701624,0.0005829331081742506
doc213,0.0013406663347536852,0.6463799479575701,0.0013408067232881303,0.28362919778176826,0.06596873419491209,0.0013406470077077367
doc214,0.001014326749909603,0.001014498080043725,0.0010144185655167597,0.18829431516451833,0.12451924498850375,0.6841431964515079
doc215,0.07412586654828347,0.47777234137239316,0.1641345814264623,0.27976477353208573,0.0021010878554570305,0.0021013492653183335
doc216,0.002977049831128775,0.043245856769589204,0.002976745261918161,0.0029770795029331054,0.19511206343978596,0.7527112051946449
doc217,0.0002919347928354179,0.8218814647341643,0.00029196431542841497,0.16373216242242225,0.0002919685073895338,0.013510505227760077
doc218,0.0015248309778846372,0.6739037835269799,0.001524734572217007,0.3199969484566761,0.001524853444873132,0.001524849021369147
doc219,0.0033807435575639814,0.003380087619577646,0.850176995743846,0.003379863749689595,0.0033788195962443177,0.13630348973307865
doc220,0.000686935989813486,0.5439868382601392,0.11226642634000987,0.000687033518871249,0.3416857421829809,0.0006870237081853447
doc221,0.0009654811851993294,0.0009655662918870754,0.3418091579028878,0.3519878864622575,0.0009654934969758621,0.30330641466079233
doc222,0.0046304142728549845,0.004631027220336952,0.9768465549193026,0.004630391773116151,0.004630314123183247,0.004631297691205938
doc223,0.11948098229832173,0.0017992749371789603,0.0017991003400015788,0.7475788197076317,0.0017988878637399122,0.12754293485312604
doc224,0.10739500013129324,0.0014372358983804011,0.8868554331476957,0.0014373944729578062,0.0014373380383348362,0.0014375983113383147
doc225,0.05200190921971909,0.1356687500590253,0.8090887492925612,0.0010804270265138962,0.001080075604414292,0.0010800887977662759
doc226,0.22192626573829183,0.0371701027770309,0.5340715442644751,0.20549487392093627,0.0006685951168523517,0.00066861818241356
doc227,0.0020168940293389167,0.002016897946429994,0.9899160004580082,0.002016988107327923,0.002016688376335902,0.0020165310825591997
doc228,0.9955188613302671,0.0008962054620528423,0.0008961540693454532,0.0008962520957724283,0.0008963433653544037,0.0008961836772076463
doc229,0.0028094873418002568,0.0028105261663979187,0.5122182294646274,0.002809550496164366,0.0028097123234545225,0.4765424942075556
doc230,0.9955188613302671,0.0008962054620528423,0.0008961540693454532,0.0008962520957724283,0.0008963433653544037,0.0008961836772076463
doc231,0.03651128807100783,0.38846946332597676,0.31104239309866544,0.2615837598392844,0.001196532531828235,0.001196563133237444
doc232,0.0006151733751785213,0.21574486890627725,0.2728146019160659,0.5095949968175306,0.0006151502737396498,0.0006152087112078955
doc233,0.0006267382956046691,0.5955139341009276,0.11845359919752044,0.20546996723466343,0.050493022528265256,0.029442738643018614
doc234,0.002976515359480907,0.15249364815106123,0.002977066281002782,0.0029768450762629713,0.10439632143270922,0.734179603699483
doc235,0.0007777092846425613,0.4088468657322281,0.0007778367527994559,0.5880419758296248,0.000777784525876742,0.0007778278748281765
doc236,0.00027358873942542856,0.00027359793540692096,0.9943737453081173,0.0002736086549530894,0.004531876691821926,0.00027358267027539825
doc237,0.0005828555760854259,0.0005828960998912413,0.8680428097368799,0.12962559114309902,0.0005829193350371174,0.0005829281090073096
doc238,0.002293750419680047,0.4588133430758597,0.40287058485681676,0.002293970285801898,0.13143407693188358,0.0022942744299580746
doc239,0.0006916652657828922,0.4428850594969852,0.0006917954885647755,0.13963158915315127,0.000691812366256777,0.41540807822925907
doc240,0.0007658168879094665,0.06884632833978165,0.0007659141213733023,0.9280903145577819,0.0007657809588290735,0.0007658451343246541
doc241,0.0009294810873234036,0.20147615534780544,0.21735725298713893,0.5783778301287508,0.0009296815508475122,0.0009295988981339855
doc242,0.0013776196976248805,0.0013777348499987962,0.5697601401772714,0.08608036349868661,0.34002629267532863,0.0013778491010897034
doc243,0.06683820175702643,0.0005332078420867821,0.5928930624372631,0.2828801397813967,0.0005331870339318393,0.05632220114829504
doc244,0.002660895025877647,0.5944937841315151,0.39486492421993213,0.002659810965209351,0.0026600022536260415,0.002660583403839777
doc245,0.0012564950649292033,0.07220232787506932,0.36531390427509414,0.40024501716103994,0.0012565905924233995,0.1597256650314441
doc246,0.0010247774374142415,0.3520322189792828,0.5157469091333182,0.001024995389927347,0.0010248086508321086,0.12914629040922537
doc247,0.0014794867857977063,0.0014796761152361946,0.8350405049270846,0.15904107818083255,0.001479569316187502,0.0014796846748615711
doc248,0.017130251035370567,0.4849916025689293,0.49516496344852207,0.0009043958750143343,0.0009043572112504616,0.0009044298609132544
doc249,0.0005828179258042259,0.9970856702626837,0.0005828894704499175,0.0005828729023485028,0.0005828904080242787,0.0005828590306892384
doc250,0.0015725535116954262,0.20635212628964109,0.5345205470102911,0.25440950620261593,0.0015726037749649424,0.0015726632107915543
doc251,0.0010687921864729448,0.0010686364419961341,0.0010686840588246445,0.03031459469342563,0.7204608402497749,0.2460184523695058
doc252,0.001396921372106637,0.0013970940757890603,0.320003290088479,0.6744088163720915,0.0013968665728717612,0.00139701151866195
doc253,0.001272394259571974,0.0012725807633187632,0.45089473264367963,0.5440152325255221,0.0012724659851160466,0.0012725938227915858
doc254,0.0021462548908061964,0.002147127600247957,0.9892660444150085,0.0021471343357956445,0.002146706908104468,0.0021467318500371525
doc255,0.104938046777056,0.001799028404834765,0.6614215690961699,0.0017991110781128102,0.07938551925923358,0.1506567253845929
doc256,0.0005863692344205256,0.000586257738871376,0.39733091283660676,0.6003239156983642,0.0005862719260220776,0.0005862725657149802
doc257,0.0008961792560245968,0.029622798114495773,0.08494173712572226,0.00089629595351897,0.613447889123952,0.2701951004262865
doc258,0.002242624317863138,0.0022430375607097094,0.0022427497523942663,0.0022428630975401508,0.002242616898398107,0.9887861083730947
doc259,0.0020165742598608452,0.5205263118555958,0.47140746486355484,0.002016590553398496,0.0020163714217072953,0.002016687045882607
doc260,0.04637497977855882,0.0005247661528082727,0.18875125749532803,0.0005248123968384545,0.7632994065969753,0.0005247775794912366
doc261,0.0015726351243062428,0.001572671308066654,0.5391227044777587,0.3976548670928708,0.0015728265262179146,0.05850429547077977
doc262,0.010128029321189015,0.0005897574325342304,0.060143407944258924,0.0005897818493958833,0.0005897708562710452,0.9279592525963509
doc263,0.00167813438523036,0.15448219379784464,0.2282060423358307,0.0016782001223311466,0.2303799152481694,0.3835755141105938
doc264,0.0019764869638596748,0.001976516713434487,0.0019769824965113906,0.001976934029931675,0.001976873874370263,0.9901162059218925
doc265,0.0005220525030237671,0.7578345640209389,0.000522078560594787,0.0005220884865713878,0.24007716060732817,0.0005220558215428424
doc266,0.0007659135820691793,0.0007659020150187454,0.0007658759444923928,0.5935348855689795,0.0007658833935773878,0.4034015394958629
doc267,0.0008505567123840021,0.6678276660213084,0.3287702211688141,0.0008505277004905682,0.000850464599127847,0.0008505637978751992
doc268,0.10101749503441805,0.3680641756649791,0.5263442411822749,0.0015247139816492515,0.001524624911231571,0.0015247492254473216
doc269,0.0006916743788229519,0.9173618836057681,0.0006917184037353018,0.0006917750314596725,0.07987120080809325,0.0006917477721206433
doc270,0.0005388568173979909,0.0005389464362783194,0.10431243939585261,0.2524908473868836,0.000538928093587597,0.64157998187
doc271,0.0019764302293871073,0.7389826642722055,0.16701955882197747,0.0880677620327292,0.001976660331743057,0.0019769243119576135
doc272,0.000579487826217761,0.0005795519689797996,0.16681252320021808,0.10938923341331373,0.7220596378225693,0.0005795657687011622
doc273,0.0018316490780484356,0.0018319955580936365,0.31999752299078327,0.0018320478414233811,0.0018319172065418686,0.6726748673251094
doc274,0.0025254507628003457,0.002525708417558544,0.987371658581226,0.0025256141900534346,0.002525670901870393,0.0025258971464912306
doc275,0.0034967834451346083,0.20086126899013462,0.003497072997051253,0.0034970281579338527,0.003496990842534397,0.7851508555672112
doc276,0.0018660966110199452,0.0018659391249105093,0.9906698039062325,0.0018659340866910839,0.0018661654370647801,0.001866060834081227
doc277,0.0007837951259489046,0.0007839029052765664,0.9960806901255903,0.0007839075192317313,0.000783848962774132,0.0007838553611784031
doc278,0.08657622967631295,0.0010462526845150216,0.7766392019475141,0.07201720544784468,0.001046239088071749,0.06267487115574129
doc279,0.06266504028466416,0.0007376902663277027,0.5349371891453132,0.4001848408519393,0.000737594959837088,0.000737644491918619
doc280,0.0006916758904007542,0.000691681693368164,0.9078472444513425,0.0006916726001176557,0.01579752573475679,0.07428019963001414
doc281,0.0009127416192376118,0.000912592361895882,0.06259103250240994,0.03188529628071821,0.9027856882746345,0.0009126489611039403
doc282,0.9955188613302671,0.0008962054620528423,0.0008961540693454532,0.0008962520957724283,0.0008963433653544037,0.0008961836772076463
doc283,0.9955188613302671,0.0008962054620528423,0.0008961540693454532,0.0008962520957724283,0.0008963433653544037,0.0008961836772076463
doc284,0.00044740746937151353,0.0004473584712184098,0.4563069933717273,0.31389994574916813,0.00044733879057456326,0.22845095614794006
doc285,0.010086623993570427,0.1374588132202917,0.22365143143038188,0.6273598230701117,0.0007216146149380181,0.0007216936707063663
doc286,0.0019014540690982626,0.16321951254556594,0.1640839509320911,0.001901426894203331,0.0019016325870357708,0.6669920229720055
doc287,0.001211083941300439,0.0012111197958817866,0.5094885718042588,0.0012111336102509078,0.21511024173601428,0.27176784911229374
doc288,0.0012409219786657863,0.0012410681548275146,0.7200564737721261,0.27497943461709434,0.0012410227644608425,0.001241078712825336
doc289,0.0004209039216344503,0.0004209695701803835,0.5320002166143707,0.35218611201017813,0.0004209947856570958,0.11455080309797931
doc290,0.001240857969580449,0.5433322293900875,0.0012408776135001374,0.001240912789634345,0.0012409502433009271,0.4517041719938968
doc291,0.0020165709273051585,0.0020166965559515805,0.48796209111531563,0.0020165857179152346,0.002016739222487537,0.5039713164610248
doc292,0.001939036796374862,0.0019386922450820303,0.3841995606074698,0.5154208326579827,0.0019385310816928607,0.09456334661139786
doc293,0.00047722200710921715,0.2184585908336056,0.2963925138790744,0.00047722485657695997,0.3005738328475144,0.18362061557611933
doc294,0.0015245552233396748,0.24864596991636728,0.7452547842294763,0.0015247999196389282,0.0015249690546183746,0.0015249216565593323
doc295,0.001182315066417338,0.3558924725247612,0.49870531380050515,0.05100739695540447,0.0011822474492478672,0.09203025420366402
doc296,0.001046178176179222,0.0010463156487430158,0.12082795390291637,0.0010463785936551816,0.6138811427804628,0.2621520308980434
doc297,0.0008505255649358066,0.2797938033368041,0.3939224775788958,0.3237321088033561,0.0008505032887777311,0.0008505814272305229
doc298,0.0014166805294707808,0.053942060565416464,0.636744498030275,0.3050631181315845,0.0014168480961677399,0.0014167946470856905
doc299,0.0005828179258042259,0.9970856702626837,0.0005828894704499175,0.0005828729023485028,0.0005828904080242787,0.0005828590306892384
doc300,0.0005728654846162434,0.04940759812411331,0.9306360803994859,0.018237635322329866,0.0005729004669128865,0.0005729202025419319
doc301,0.004237642826690043,0.1207688236963199,0.5105325599754094,0.2552880619139892,0.10493475557387445,0.0042381560137171636
doc302,0.0016239011317151603,0.0016235507688244983,0.5339225946532606,0.0016236978339705173,0.0016236783693198838,0.4595825772429093
doc303,0.00034300364399583125,0.000343024835449115,0.06634331379151095,0.6100358068159056,0.00034300658526649903,0.3225918443278721
