,topics0,topics1,topics2,topics3,topics4,topics5,topics6,topics7,topics8,topics9,topics10,topics11
doc0,0.0008837004931199457,0.0008835620194310749,0.0008835226664782428,0.0008837056767926963,0.0008835598909387475,0.1424078119851198,0.000883655230143663,0.12186552257784812,0.6012778987355307,0.1273799206595738,0.0008835910521645066,0.0008835490128587512
doc1,0.00142490908538236,0.05630590861755195,0.0014248291559244134,0.0014248712618847958,0.001424661055405946,0.07942209240208706,0.15495334173334496,0.14594659713712482,0.5533978460104111,0.0014250466293122533,0.0014249812686749146,0.0014249156428952955
doc2,0.00100832994135492,0.0010083785716574855,0.001008221232434076,0.0698199196359178,0.0010082427021689078,0.0010083552127841938,0.18758938375709555,0.4620146615532389,0.27250960971974725,0.001008321035678768,0.0010083114022177862,0.0010082652357044323
doc3,0.04549506760315415,0.0007290311555831197,0.0007290296014350804,0.07581872915408738,0.0007289386835610182,0.0007290485902650306,0.0007290638115777399,0.27826379264428575,0.4208392004118944,0.17447993799489242,0.0007290531931190289,0.0007291071561448557
doc4,0.5244997563815613,0.23541729042074955,0.0018453993372671703,0.0018454876515822806,0.0018458361876286223,0.001845326164771288,0.001845620975826518,0.2234735738602066,0.0018454729214505662,0.0018454144102962081,0.0018453180068220194,0.00184550368183793
doc5,0.17915745810975592,0.010092668247163414,0.00033654988079537946,0.20267403680140106,0.0003365154928687697,0.0003365699769074837,0.00033653749235175234,0.020858558479974594,0.24391966216715,0.18157816786841072,0.00033654677009901923,0.1600367287131218
doc6,0.2909713470788754,0.000523188659501892,0.0005231174142973373,0.16606742686736664,0.0005230966175052709,0.07155906946129043,0.29903438499444557,0.0005231528019925216,0.11460919836798154,0.0005231250715034779,0.05461970616802341,0.0005231864972164884
doc7,0.0012022094246035462,0.2622421295670722,0.0012020728623771094,0.2400264420056391,0.001202122241369926,0.001202223524018033,0.001202295292978319,0.0012021978360365834,0.3917142812683914,0.09639953425574638,0.0012021873379172048,0.0012023043838502133
doc8,0.001039887823288545,0.0010396513049417643,0.0010397293486298599,0.25288627850456624,0.10237020240155031,0.3280025949217584,0.001039728627346511,0.0010398062402334355,0.0010398680910314207,0.23012241717609272,0.07934017104703596,0.001039664513524745
doc9,0.0013300539235433443,0.0013302829377144156,0.001330088904366178,0.4306003473916094,0.0013304679486287724,0.0013301036006580368,0.06586872328487862,0.0013300954159105767,0.17273798534859516,0.0013303972969607653,0.0013301912465514484,0.3201512627005832
doc10,0.005814729516371505,0.005815038716899619,0.0058148173207991415,0.5686959523714685,0.005814776486872648,0.005815304113132532,0.005815028355962338,0.005814941653116402,0.005815257909461181,0.005814992289857621,0.005815583447702183,0.37315357781835623
doc11,0.0009692227843217916,0.05185136428568477,0.0009692032674035012,0.0009691425509832316,0.8823265931211401,0.0009693604390419886,0.0009693109350522146,0.0009694283753031685,0.000969243742254059,0.05709875956171177,0.0009692717353901434,0.0009690992017130983
doc12,0.039546349198505096,0.5797544111889554,0.0009075717606208116,0.0009077137923425574,0.0009076986781264535,0.0009075932673310998,0.08437243631311342,0.034268675849719224,0.2557046073800351,0.0009076362435269468,0.0009076098490387394,0.0009076964786851441
doc13,0.0009692227843217916,0.05185136428568477,0.0009692032674035012,0.0009691425509832316,0.8823265931211401,0.0009693604390419886,0.0009693109350522146,0.0009694283753031685,0.000969243742254059,0.05709875956171177,0.0009692717353901434,0.0009690992017130983
doc14,0.001366390538659619,0.16882744672663985,0.0013663667374125444,0.0013664250943516026,0.0013663258724415748,0.0013666246911283172,0.15240963175842037,0.10681767732070883,0.5610136823612495,0.0013664582978800478,0.0013665057816679856,0.0013664648194397294
doc15,0.0012791775611950018,0.2070748810695284,0.0012791078980714762,0.2313134882923429,0.001279182246814592,0.09001247669467462,0.0012791995129383064,0.4446785597613387,0.01796620088665108,0.0012791953258463496,0.0012792647683844748,0.0012792659822141036
doc16,0.0008053002964819526,0.14358467800437658,0.000805281252628986,0.000805413532278799,0.0008053268605042489,0.33707396201608325,0.0008053956128578572,0.0008052631321671632,0.47320633874614065,0.0008053692562361186,0.000805374815981159,0.03969229647426337
doc17,0.39872489267080374,0.0009330630726006911,0.0009330334043198723,0.044709389582834956,0.0009330286704953699,0.1046030259314322,0.0009330694923567105,0.1079056177633439,0.17825790687178925,0.0009330769290738204,0.1602008373397915,0.0009330582711579385
doc18,0.0047181929548177825,0.21783502182076112,0.0047177110038733195,0.004717951229126103,0.0047190872758373584,0.004718134379387151,0.0047183502868773045,0.004717956907186642,0.5681843499472468,0.00471838604048269,0.004718637003694638,0.17151622115070903
doc19,0.0008758619281399899,0.0008759801205743208,0.0008757860414165262,0.0008758982416323441,0.0008757649331344741,0.932710905388621,0.0008758321693634931,0.0008758874859144009,0.058530517175076346,0.0008758747110440242,0.0008758585437136874,0.000875833261369414
doc20,0.0010186643786598943,0.12156794945262903,0.0010186888440041528,0.32420777815412855,0.0010186219365154081,0.038286548008563216,0.0010186362939273558,0.37610974720633866,0.001018663151589867,0.06402574855651066,0.06969025570978818,0.0010186983073448557
doc21,0.043418895933973994,0.0005947480693624427,0.08374133328763841,0.15120674882039697,0.008209532222308212,0.0005946671487736335,0.0005947425395739826,0.43942142446302196,0.000594688080708683,0.13567196454498562,0.13535652542768656,0.0005947294615694394
doc22,0.44668851457070374,0.11219265994576144,0.0013853164783280364,0.07258641209378044,0.0013853393511318829,0.001385278842934909,0.12384326371598522,0.21208528359369844,0.0013853900807326354,0.0013853335734612827,0.0013856044038336461,0.024291603349648243
doc23,0.11460971286682414,0.6506343525367513,0.024467366058193173,0.0005613111905341413,0.000561211712196186,0.0005612847542048229,0.20579816986757343,0.0005612676549142595,0.0005613440199552743,0.000561333121100801,0.0005612979627914668,0.0005613482549609799
doc24,0.3620501074064106,0.0013666114164070104,0.0013663543032928786,0.001366574858418521,0.0013666014826631623,0.0013664064313173374,0.0667989759643353,0.15759571988164697,0.1880760332729492,0.001366328868476519,0.21591390965080132,0.0013663764632812212
doc25,0.0007186967305906577,0.05552882293747817,0.000718576538574963,0.18650877487473835,0.000718495985787371,0.1794276847683649,0.0007185592228500741,0.0007186273058156015,0.18341024159834737,0.39009433758804923,0.0007185456554287366,0.0007186367939743993
doc26,0.0008252984695880537,0.0008252971145097353,0.0008252562334840647,0.7196019091701459,0.0008252626233595284,0.2083563566134505,0.0008252728258284118,0.000825247134610436,0.0008252915216064187,0.0008253010707140405,0.06461421726983432,0.0008252899528687265
doc27,0.0007802529084631706,0.47226440863988306,0.0007802717372469367,0.1251622489197995,0.04232583060503206,0.07860566344504973,0.0007802313854121252,0.000780246312296908,0.2761800787213714,0.0007802292585300389,0.0007802603037887541,0.0007802777631262792
doc28,0.001779898686892475,0.0017795806751901404,0.0017795831854025095,0.7605536313960637,0.001779538992181218,0.0017797446670209261,0.050394166497166305,0.0017798331882312455,0.0017797026439077583,0.0017796147799263179,0.17303485748669814,0.001779847801319387
doc29,0.31657741686270674,0.11648477150790222,0.0010731966840794745,0.21644059011965228,0.02198025903330166,0.001073274959947508,0.001073151238501735,0.0010732131386816477,0.0733526528741268,0.2487250178296396,0.0010731869350897002,0.0010732688163706695
doc30,0.3234670588421929,0.03735030540589117,0.0012472256723290117,0.0012474011337573483,0.0012470989903344194,0.0012473566046659486,0.0012472825626568588,0.0012470378496676354,0.6279575085784711,0.0012471178755582154,0.0012474447107687458,0.0012471617737068608
doc31,0.0008463307183089858,0.07507716556318504,0.2821065164110315,0.31475699645111005,0.0008463360203970403,0.0008462988424309801,0.0008462656536474311,0.0008461775036164651,0.0008463015646692673,0.0008462821561101087,0.08956491451158255,0.23257041460391054
doc32,0.001312727256553212,0.28778953189325374,0.0013125921574296377,0.6088668549420926,0.0013125751034910773,0.0013128203588793574,0.0013125874398686834,0.0013125074802705075,0.06968165497734193,0.0013125305329940787,0.001312838893295923,0.02316077896452897
doc33,0.002618471308275598,0.30337253653808777,0.0026185252618844547,0.0026183220140534136,0.031999077729476966,0.1081117541812042,0.0026182561360995147,0.10325303649366684,0.002618581094223678,0.16064910650589348,0.276903812301335,0.002618520435799144
doc34,0.02691004481839033,0.7887637531480108,0.0004758240869554322,0.00047588283031048195,0.00047578045562271195,0.0004758819269877478,0.00047591873645576647,0.033994734745520165,0.14652464569209234,0.00047585854867323153,0.00047583527937615353,0.00047583973160472573
doc35,0.00174875761906644,0.17030685601895143,0.0017486599903551658,0.0017488711058179568,0.0017486083577727327,0.1592200497892286,0.0017485726252896064,0.0017489834337445782,0.34500441625110595,0.0017487027447080639,0.31147881791520904,0.0017487041487504445
doc36,0.0010082312438571437,0.0010082317479420976,0.0010081640459017843,0.40399509909179004,0.0010082707507597002,0.15128848599794217,0.001008275957949542,0.0010082394092532573,0.0010081841541097615,0.10011512707677643,0.3365354490410753,0.0010082414826427639
doc37,0.0007988923382959977,0.0007991898187682743,0.0007989174048995039,0.9032372953890989,0.0007987848588419821,0.0007989246526725483,0.0007989141773106626,0.0007989677049358714,0.0007988741389618356,0.0007989426461174195,0.08877332731553655,0.0007989695545604625
doc38,0.000512454748563551,0.11397488952663316,0.0005124106336163552,0.7149296601716497,0.0005123881077447299,0.0005124224595557261,0.000512468657230614,0.0005124793560293135,0.06289497590660008,0.0005124838848639552,0.0005124387016786534,0.10410092784583441
doc39,0.0010968019276752137,0.10508738456196527,0.12352365774268476,0.3945251983316072,0.0010967541481267614,0.0010968310339581498,0.0010967958242379618,0.0010967715312657095,0.06896589104683673,0.13588868492550019,0.16542856201836234,0.0010966669077797848
doc40,0.01729302016605883,0.00047135953402067634,0.00047135321856263613,0.5829233203122957,0.0004713127279143083,0.00047135924595908944,0.25311464646155124,0.0715038769697065,0.0004714018978651318,0.00047139001629600363,0.0004713779223685884,0.07186558152740138
doc41,0.0019160492022789093,0.36909128225340077,0.001916219221169609,0.001915983123803019,0.0019160195279992718,0.0019159890193534614,0.6117479399258325,0.0019160580248073335,0.001915981333356725,0.0019159017160442259,0.0019162160656433236,0.0019163605863109067
doc42,0.0006205101904153881,0.05878364792580092,0.000620448747225609,0.0006205095755397868,0.06176079079283186,0.16202693566846976,0.0006204828856840989,0.0006204766327578665,0.0006205634527690826,0.4925047547601086,0.0006205070331242309,0.22058037233527286
doc43,0.22892980810916563,0.1822698219991106,0.33639335686539,0.09991119013044496,0.0006571138068621605,0.000657206005656756,0.0006572230944960184,0.0006572410185657758,0.0006572242681110699,0.0006571657571302528,0.0006571681391633501,0.14789548080590356
doc44,0.0023150519322674614,0.0023152477968942198,0.0023151412853668787,0.0023151268079892773,0.0023149659949869635,0.00231515959512085,0.0023151584266766024,0.5861374812610677,0.002315647273200877,0.15425669757574242,0.0023150418386065586,0.23876928021208024
doc45,0.029649191989506895,0.2157028670297854,0.0009981943982857466,0.19470462593343327,0.0009982896932764298,0.0009983110405983177,0.20418648927000257,0.0009982570549771984,0.34876900838256597,0.0009982899141517078,0.000998207552470447,0.00099826774094601
doc46,0.21476292321813015,0.0017800314784540544,0.0017797537169637772,0.0017798731807566089,0.0017794651495911947,0.00177968128867186,0.0017795968499523637,0.0017796716793060054,0.767439958055799,0.0017796589327177034,0.0017796318608585202,0.0017797545887986736
doc47,0.33632072691657544,0.1047802735623673,0.04443228998393846,0.09600334091351277,0.0004826691768795136,0.04480264910997374,0.0004827370896829728,0.00048272394355607936,0.1823609395182089,0.00048273379722922665,0.00048272034877096373,0.1888861956393045
doc48,0.13189842603930918,0.060974243297649444,0.0012956539255482907,0.20469061163570093,0.0012955574797472802,0.0012959133405495793,0.2626917952342827,0.0012958370846126797,0.0012957969990432545,0.06166648021217304,0.2703039401683687,0.0012957445830149266
doc49,0.0009882608902207126,0.000988328766409251,0.0009882570377503157,0.0009884019193905562,0.0009882382323502927,0.08658929284220002,0.0009883859743820005,0.5446813601198065,0.0009884007296518044,0.23475137280625816,0.12607141937610222,0.0009882813054782756
doc50,0.0015108129804757037,0.0015108733915739313,0.3925515144453788,0.0015108705031598043,0.001510930919866366,0.0015108021466624015,0.0015110664188413376,0.38221278363909866,0.0015108943084470121,0.10586472062906335,0.0015109641380863723,0.10728376647934618
doc51,0.0017186110268157283,0.4330592124710108,0.0017184808852262175,0.10086952153969476,0.0017187061458282657,0.001718454903577713,0.001718755109326944,0.4506037082471435,0.001718851462089853,0.001718512361115696,0.0017185834859908629,0.001718602362179646
doc52,0.0468498595963205,0.001608077059981604,0.0016079969335252699,0.21830700363183342,0.0016078863324221959,0.22995151094903113,0.33925966585990397,0.0016082225811441563,0.001608202209299303,0.0016081644176180678,0.0016080623834559683,0.15437534804546457
doc53,0.0010398180923514035,0.135335642824816,0.0010396329422965257,0.001039801836066256,0.0010395414342184528,0.0010398200280034185,0.06611870740451024,0.001039745840708306,0.6387425779154766,0.15148518421969792,0.0010397507167036898,0.0010397767451511349
doc54,0.17876315009202332,0.6745278458790248,0.001262816072075551,0.0012629269426415674,0.001262800523702426,0.0012631259889060644,0.001262810793478052,0.0012630245702703042,0.04367681666060735,0.0012630072220251728,0.00126279130036164,0.0929288839548837
doc55,0.0009884868614459833,0.09812887052165395,0.0367743432236262,0.0009885090646185857,0.0009883675122937662,0.0009884408170779265,0.0009882903139993623,0.06376798382807002,0.09465067053899787,0.2944499717595359,0.03074086908645217,0.3765451964722283
doc56,0.08688165246098634,0.0032061191654760156,0.0032061290189363593,0.003206521685075009,0.003205361807350825,0.0032059087020096994,0.4080048920630119,0.003206556632060351,0.16322742236545104,0.0032058055795377983,0.0032056532625023273,0.3162379772576025
doc57,0.07342472006910877,0.0006205040091396307,0.0006204688894151782,0.519152598803618,0.0006204291671933538,0.0006205672604187559,0.09433794123348863,0.03305385848045506,0.13135286813078356,0.14495501367501645,0.00062053520271174,0.000620495078650879
doc58,0.003206163654602761,0.003206048852623455,0.0032058168230167145,0.003206112373205109,0.003205894407833152,0.0032061457884627904,0.003205740561937257,0.4856404922390302,0.2994793406061663,0.1860264934182903,0.0032058431660339157,0.0032059081087980577
doc59,0.06985740297290328,0.04563416932279902,0.0006282844569626211,0.0006283649689273256,0.000628321133361307,0.0634956929665245,0.0006282795954434139,0.0006283157323533574,0.8159861482234095,0.0006283071275092767,0.0006284321685190826,0.0006282813312872346
doc60,0.0024278307310000987,0.0024286178824519684,0.0024278300099693172,0.6463236707032427,0.10494534238453901,0.0024280699469887627,0.22687853767550595,0.0024274443356138895,0.0024286138641442406,0.002428083484966668,0.0024278975395553705,0.002428061442021867
doc61,0.0006322499921542149,0.020838652886548275,0.0006322723577245965,0.3378489775677172,0.09926068328125752,0.31178639071262204,0.0006322304633758855,0.000632242864565501,0.0006323054390685835,0.22583944727538793,0.00063231596487748,0.0006322311947008799
doc62,0.0013663371574261743,0.0013664003519052537,0.001366308553208331,0.28593682824826977,0.0013664193096106577,0.0013664208983131178,0.0013664970432364855,0.0013663465691952257,0.0013663801217762691,0.0013664070428887247,0.70039928186125,0.0013663728429200031
doc63,0.0033120933949355637,0.003312117746750727,0.0033123034178912675,0.12827647166822356,0.11447530460214682,0.003312411178932204,0.0033125187984018568,0.4741651922644432,0.00331197596679426,0.00331165642878271,0.25658553812953844,0.0033124164031593383
doc64,0.0009598723999559087,0.0009599480231243488,0.0009598640378284333,0.000960048304020697,0.9894400266208236,0.0009599060298282844,0.0009600536404194167,0.0009606496586970837,0.0009599109085489559,0.0009598509318300953,0.0009599419841237509,0.0009599274607992685
doc65,0.001404723997550572,0.3639782379895883,0.0014048778432539633,0.0014046704226398853,0.0014048653462848766,0.0014048733361144716,0.001405068957863225,0.001404864944903151,0.6219734898984302,0.0014049051521346923,0.0014047129614847876,0.0014047091497521682
doc66,0.0009598723999559087,0.0009599480231243488,0.0009598640378284333,0.000960048304020697,0.9894400266208236,0.0009599060298282844,0.0009600536404194167,0.0009606496586970837,0.0009599109085489559,0.0009598509318300953,0.0009599419841237509,0.0009599274607992685
doc67,0.463850061607424,0.13888218094757276,0.002427566665887237,0.0024281264712077972,0.002427983838806043,0.0024277155738365915,0.002427779114557361,0.0024275819101518287,0.3754175853538515,0.0024276112861845397,0.002427798347615348,0.0024280088829051086
doc68,0.0007508851319803527,0.0007510165458520331,0.0007509180016307932,0.000751042093465064,0.0007509236063351341,0.4177712525675365,0.0007509903270425889,0.000750964012766522,0.22068314997435445,0.10313197372857448,0.0007509717521347292,0.25240591225832737
doc69,0.2707058295618124,0.0011341147519025557,0.0011339513312404303,0.07070443989342862,0.0011341523198881963,0.2566673887549595,0.001133995400903885,0.05204151965941967,0.34194247431790176,0.0011340931031688817,0.0011340780080258902,0.001133962897348303
doc70,0.07782867381584976,0.0007083155205917806,0.00070837273557947,0.0007084221445645058,0.0007084275208447108,0.23661503452796126,0.17201824782881367,0.0007083766981803052,0.4010974213784548,0.10748192175895127,0.0007083304929670065,0.0007084555772413731
doc71,0.0006205211212844965,0.17725027937250387,0.0006205142041113297,0.6441855919600508,0.0006204646673357525,0.0006205550731252431,0.1729793543876076,0.000620413460939197,0.0006206836077072063,0.0006206627959627525,0.0006204673776514854,0.00062049197172036
doc72,0.0015110740180993057,0.0015110943837281345,0.6763483228788516,0.001510835575390618,0.0015111025420639793,0.0015108815699105423,0.0015115924944788368,0.30854085708146733,0.001510949379024949,0.0015111014658982706,0.0015110680246353874,0.0015111205864512672
doc73,0.0008758619281399899,0.0008759801205743208,0.0008757860414165262,0.0008758982416323441,0.0008757649331344741,0.932710905388621,0.0008758321693634931,0.0008758874859144009,0.058530517175076346,0.0008758747110440242,0.0008758585437136874,0.000875833261369414
doc74,0.0052093600327634045,0.005209163691199274,0.005208671222379009,0.005211543412933388,0.005209420318983763,0.005209322976210488,0.4049757753398074,0.005209665592207677,0.0052095256938385496,0.005209015400902362,0.5429293216447182,0.005209214674056495
doc75,0.0021650370753155124,0.002165533220998807,0.20755815350108614,0.2936036822137457,0.06545072288810592,0.002165042417852635,0.002165127565585759,0.0021648551792994766,0.0021654461979978053,0.002165472869346164,0.41606606227097614,0.0021648645996899425
doc76,0.08403973746641479,0.1148573479118233,0.7251805664104144,0.0006129637725314583,0.0006127916072619574,0.0006129457839004977,0.000612861709338972,0.0006129680772340283,0.0006129223046443077,0.0710191353061678,0.0006128520875085284,0.0006129075627600536
doc77,0.0019923685224930215,0.5152278002154767,0.001992278444825665,0.0019923581191633654,0.001992263668748693,0.001992227609012583,0.2838255473205455,0.09311353089231568,0.09189424850378375,0.001992749354924218,0.0019922838904409767,0.00199234345826965
doc78,0.0007681912717916222,0.0007682685252564194,0.0007681559688776895,0.320803993794922,0.0007681937052584378,0.04300297282118507,0.09418989028465331,0.0007682327921778462,0.25123543507311286,0.28539008873494354,0.0007683141910549825,0.000768262836766197
doc79,0.11839659391059582,0.0015339574813896368,0.001534009496718446,0.0015339672348098979,0.0015338623103471074,0.0015342672747665495,0.0015340287454496645,0.8662625549332139,0.001534301047423151,0.001534154125190341,0.0015342092424342078,0.0015340941976610797
doc80,0.0018455461983226558,0.31770195389050654,0.43059588605976895,0.001845740615499652,0.0018453233854631432,0.001845387482937842,0.0018454140896428815,0.0018454354646755898,0.19811608176633444,0.00184575380818055,0.0018453104737422173,0.03882216676492545
doc81,0.00174854667782686,0.0017485999722468538,0.2874018452517354,0.0017487654624780183,0.17060209096275772,0.0017488932591775525,0.2891008403338547,0.08765261545112937,0.0017485732931225198,0.0017484849502531002,0.1530021660948126,0.0017485782906053963
doc82,0.001445314914178576,0.7440280650997806,0.0014452773800689067,0.2415176627109284,0.0014453405511719393,0.001445366966555405,0.0014453691720738768,0.0014457658828637458,0.0014456618079713,0.0014453666738007127,0.0014453899440450932,0.001445418896561786
doc83,0.0017796649634733712,0.14086913758813535,0.0017796002764333477,0.0017796448686084726,0.0017801191501713104,0.5128756814098733,0.11068043198902332,0.04881277590301122,0.0017798734098700571,0.0017798399947272137,0.0017804661394235511,0.17430276430724956
doc84,0.09375623211471347,0.6502730790174358,0.01947319540090673,0.00046479576446449024,0.0004647191314883825,0.0004647709636295813,0.232779177377577,0.00046476902969247083,0.0004648195134741832,0.00046480717980240113,0.00046479628743465053,0.00046483821938081427
doc85,0.09809108843329378,0.0867752861090085,0.0008758268752528509,0.49677077236498224,0.0008758195027210312,0.0008759345374169276,0.0008759685914378902,0.0008760456697680796,0.12047237754459314,0.0008759170397090897,0.0008758415156501413,0.19175912181616622
doc86,0.0008463461418680893,0.4947592427064225,0.1352400709012068,0.06195453552218938,0.000846086022568901,0.000846229406624496,0.0008461798374578305,0.000846197563476062,0.19517105315343872,0.0008462077301487494,0.0008461865051833565,0.10695166450941508
doc87,0.0011739506679826585,0.7756876273307866,0.0011740340248100303,0.0011739534371658672,0.0011738170521417323,0.0011739767663902563,0.13527879283286048,0.001173858614114043,0.0011738616069926326,0.0011739238320291662,0.0011739981338838303,0.07846820570084266
doc88,0.2292482767028316,0.18124253711411,0.26382699195221815,0.31939132038731305,0.0007863709270641631,0.0007863355849377137,0.0007862819949494534,0.000786301275996702,0.0007864281943180097,0.0007864236371569602,0.0007863279173243104,0.000786404311779862
doc89,0.07838026899151485,0.031178710859587993,0.0010847631882060305,0.29245350089936734,0.0010848229225909826,0.33510327765303666,0.2552904359650752,0.001084841985346746,0.0010849528531793804,0.0010848877903201323,0.001084750466289145,0.0010847864254854994
doc90,0.0017189477106234032,0.3932771487830638,0.1850893011456726,0.0017185916614291846,0.0017184875557522974,0.0017190050492851606,0.22870566108742982,0.17917834858345974,0.0017187134145303033,0.0017185585022053247,0.0017184529123762916,0.001718783594171875
doc91,0.0012956600371551708,0.0012956966100572105,0.0012956532995431072,0.001295806918454511,0.001295502738107259,0.1494566155651153,0.6264330664749926,0.0012955901257786335,0.13154858818111576,0.08219633897329874,0.0012957372214975954,0.0012957438548839922
doc92,0.0017184784976858214,0.3401436610009705,0.0017187541595000458,0.31573521642430874,0.0017184243664586033,0.09408096048600412,0.0017188370513354632,0.0017184687666664273,0.0017184606937505169,0.001719046912393295,0.2362912253111161,0.0017184663298103024
doc93,0.00248799271923271,0.28531098349980283,0.0024878407991464797,0.002488493429890165,0.0024877538709877282,0.0024881874722907137,0.24759524526104654,0.002488377091312459,0.30990504894371834,0.0024881650802267207,0.1372836306230767,0.002488281209268423
doc94,0.0009599087322824716,0.05903652554265915,0.0009599386025850559,0.47549284738771813,0.0009598711789006425,0.1919707932171689,0.0009599759206856958,0.00096015632644832,0.000960001423518113,0.0009600409844224557,0.26581999226706887,0.0009599484165420686
doc95,0.0015825373640835415,0.48398063394099083,0.0015825606012048307,0.0015825260196646815,0.0015826238182232472,0.0015824758115278266,0.5001937906363313,0.0015824665234428232,0.0015825406219770338,0.0015823930188325688,0.0015826790166664699,0.00158277262705495
doc96,0.001385456704718679,0.0013854282081096248,0.001385364178704794,0.0013855289992898113,0.0013852444637265252,0.0013853110287290495,0.3213424915652973,0.5185037788021319,0.001385531062165217,0.001385288970789165,0.0013853625854980147,0.14768521343083996
doc97,0.002074942494017776,0.002075454363761739,0.002074891167689844,0.0020751960848620936,0.002075187571300718,0.0020750671185232766,0.7854490514972546,0.19379992255010609,0.002075195850394279,0.002075075953746656,0.0020750549622102917,0.002074960386132418
doc98,0.0004922405411401235,0.5061149912555664,0.000492213098513405,0.23055233703607197,0.0004923057138286718,0.0004922726353509039,0.2399853606828224,0.0004922831503203487,0.0004922915628139831,0.019409171120303048,0.0004922941554030093,0.0004922390478657114
doc99,0.2705555209098055,0.0005372184321166422,0.1885165674943121,0.0005372249731153012,0.0005371883468060807,0.1252913393977685,0.3204781026649034,0.07170951872382439,0.0005372542656384135,0.0005371735929129321,0.020225737739864042,0.0005371534589326396
doc100,0.002212906565964724,0.002213048121364391,0.002212704520157181,0.0022128987348692085,0.0022126366319604033,0.0022128537670375124,0.33868686479315974,0.38521221850196996,0.002213125863877481,0.2561849531946193,0.002212821121094246,0.002212968183925609
doc101,0.0026887565407719043,0.18582901048699532,0.0026889954504364976,0.002689134078442203,0.0026887652458368705,0.0026892211800365862,0.0026888122132080654,0.0026888998782005086,0.36554378567441664,0.0026890589329755157,0.36204799096528567,0.06506756935339428
doc102,0.25407248535975935,0.09148694787763512,0.0025516624521417777,0.2351566844697041,0.0025510849190170885,0.0025515799804059374,0.0025516398424509463,0.0025516895339205126,0.39887094422288083,0.0025515126303618453,0.0025518887067487975,0.002551880004973679
doc103,0.0009882608902207126,0.000988328766409251,0.0009882570377503157,0.0009884019193905562,0.0009882382323502927,0.08658929284220002,0.0009883859743820005,0.5446813601198065,0.0009884007296518044,0.23475137280625816,0.12607141937610222,0.0009882813054782756
doc104,0.0007565755374015671,0.000756652983654219,0.0007565704749015452,0.1343641445578642,0.0007565456466069645,0.12961853698307726,0.0007566286770946258,0.07557987240475242,0.10551480391727326,0.09149047542885547,0.23144209306295713,0.22820710032556127
doc105,0.002924551356759246,0.002924684388746042,0.0029243356864398365,0.6589621131377535,0.0029242171612034193,0.0029245140919453593,0.3117920613398212,0.0029253001079473065,0.002924368943461853,0.0029243737003209606,0.002924679787451663,0.0029248002981495124
doc106,0.08480339476833682,0.0013853195623202885,0.0013853441803024686,0.0013853968281230349,0.001385145866802991,0.001385283587728666,0.07242298105462791,0.7447265539320518,0.0013853887796276261,0.08696419908624373,0.0013854337206820517,0.0013855586331526007
doc107,0.0020751367303493275,0.002075312378432646,0.002074939871639665,0.002075140098953943,0.0020752038722702767,0.002075463327352692,0.0020752462778021044,0.4546584205042168,0.0020753005999689035,0.0020753090286207373,0.0020754147834520682,0.5245891125269407
doc108,0.0521432813594713,0.07565986924569308,0.001084777344544928,0.0010848047279074196,0.0010847353214246767,0.0010848716146673518,0.2569413521587871,0.1998303009676498,0.001084921051946892,0.4078314262904448,0.0010848068251917994,0.001084853092270968
doc109,0.023898300816917947,0.538292511248565,0.00048275097882764675,0.0004827684671723998,0.028278718535926162,0.19383109580696084,0.0004828082312618065,0.04051014509566795,0.0004827409223957785,0.0004827384012555977,0.096771396422993,0.07600402507205602
doc110,0.22556072116316825,0.597799183824047,0.0011603916452981914,0.166196808191354,0.0011602599012844317,0.0011602735682935076,0.0011603931669499034,0.001160321003059443,0.0011603954225482842,0.0011602924133465322,0.0011605226670030504,0.0011604370336476175
doc111,0.48028551517109785,0.0007083396164211414,0.0007083590656650949,0.0007084243532352811,0.000708331854151879,0.2625884170479894,0.0007084321401503191,0.25075032633465166,0.000708418391943568,0.0007084267358005774,0.0007085585924869606,0.0007084506964059213
doc112,0.0029246093234799693,0.0029243579972499153,0.002924286249749067,0.33514741314412616,0.0029243415979144163,0.0029243348469625095,0.09097631077609962,0.13620113203425677,0.002924249923092037,0.00292439751141153,0.41428003348979203,0.002924533105865811
doc113,0.1672903171738213,0.0012318029321533614,0.001231904222695303,0.0012318652768206913,0.001231863143609581,0.10878626723604283,0.0774278655847727,0.0012318071082165305,0.2950024441657752,0.0012318841477988506,0.3428700154304952,0.0012319635777984193
doc114,0.27811413077263303,0.0009599948454134695,0.0009598724836395737,0.0009599983242688852,0.03404005620799389,0.16514005118693012,0.0009600132439051045,0.46563162546430203,0.0009599868010612923,0.0009599960561430133,0.0009598727745039695,0.05035440183920578
doc115,0.0018119645294678596,0.15038058114233724,0.0018118745937851888,0.09275388229708378,0.0018117152706458627,0.001811883426986215,0.0018118246957962642,0.0018121491447033282,0.3472145165486573,0.039986297544258344,0.0018119226640078956,0.3569813881422706
doc116,0.002427649748606158,0.0024278884445522253,0.0024277522051672695,0.002427563860499191,0.0024277695652509864,0.0024276160188848113,0.00242777917577435,0.3950886392024105,0.00242762646660346,0.5806339907334207,0.0024276695800427473,0.002428054998787468
doc117,0.0005912227150791962,0.652787549985466,0.0005911186190909634,0.0005912290980598051,0.0005911442497949038,0.10577614119889092,0.0005912133294233322,0.0005912543393746863,0.1738094805168559,0.06289716357680283,0.0005912749313476751,0.0005912074398135554
doc118,0.09188961656331007,0.00035825555905251314,0.000358227684589919,0.06882134831839254,0.00035824126410347485,0.0476032770310388,0.0003582513387709454,0.02461242230439886,0.45848616902318684,0.19792455049405774,0.00035824945177826946,0.10887139096732013
doc119,0.10396846524770018,0.0021194958537017355,0.0021190862244849086,0.10741191953039128,0.0021191799293434274,0.002119289803818281,0.002118970345531998,0.0021189346348957226,0.13039614132607796,0.0021193775999396114,0.6412700529119048,0.002119086592210158
doc120,0.0008320852769555286,0.3684477137493136,0.0008322123921784804,0.3495321414262032,0.0008320709950774777,0.0008321538602049579,0.2745310610790468,0.0008320532827440429,0.0008321867663337725,0.0008320820598616943,0.0008321385001359568,0.0008321006119444506
doc121,0.0029248484943922553,0.0029245067316107697,0.0029242401801633277,0.0029249485517841537,0.07067268205470166,0.002924961450415897,0.0029246610305323256,0.0029246370720368738,0.18748006435748885,0.3722970539299076,0.346152574041852,0.0029248221051144546
doc122,0.11670706131427218,0.0024280517209526657,0.0024278803269199628,0.25548105349198824,0.1361416801815977,0.10897780211636679,0.002427861516736029,0.0024279210215195123,0.0024282209123865288,0.0024281031772262268,0.3656963207940615,0.002428043425972803
doc123,0.0013663371574261743,0.0013664003519052537,0.001366308553208331,0.28593682824826977,0.0013664193096106577,0.0013664208983131178,0.0013664970432364855,0.0013663465691952257,0.0013663801217762691,0.0013664070428887247,0.70039928186125,0.0013663728429200031
doc124,0.00037719247218979604,0.00037719933272526806,0.0003771776255884816,0.44358246748368957,0.0003771390336133576,0.18634928219038205,0.00037718554557711364,0.00037713776366999296,0.00037720236842425913,0.052976211608555694,0.0003771678650840447,0.3140746367105003
doc125,0.000998297965984252,0.06470109896778163,0.0009981582749729139,0.0009982559679274235,0.9253159189413284,0.0009983373601104952,0.0009982457134983674,0.0009984430490774985,0.0009983689295950835,0.0009982652513131308,0.0009982515586117776,0.000998358019799044
doc126,0.000998297965984252,0.06470109896778163,0.0009981582749729139,0.0009982559679274235,0.9253159189413284,0.0009983373601104952,0.0009982457134983674,0.0009984430490774985,0.0009983689295950835,0.0009982652513131308,0.0009982515586117776,0.000998358019799044
doc127,0.48028551517109785,0.0007083396164211414,0.0007083590656650949,0.0007084243532352811,0.000708331854151879,0.2625884170479894,0.0007084321401503191,0.25075032633465166,0.000708418391943568,0.0007084267358005774,0.0007085585924869606,0.0007084506964059213
doc128,0.0012168238370800688,0.0012168514439200608,0.4826690466255425,0.20983659208566707,0.001216803186285704,0.09286785047618967,0.0012168310630652633,0.0012168933762466525,0.0012169151960860736,0.0012169705867604453,0.0012169122440180075,0.20489150987913862
doc129,0.0012472614403436129,0.051709253702032276,0.0012471619286321199,0.0012471841309617342,0.0012471359110166683,0.18164039001056972,0.5840541976048312,0.0012471232243957784,0.0012473207082044826,0.06979182968555626,0.1040738169497154,0.0012473247037405651
doc130,0.3394270333941037,0.11466822842204304,0.0012956775164391747,0.0012956533362083807,0.03463198021612516,0.0012954859564665343,0.0012957906180112904,0.5009078655962939,0.0012956096472057296,0.001295539618864795,0.001295596946034927,0.001295538732203539
doc131,0.0013853375295623434,0.0013853731797364333,0.0013853238392355785,0.23817833596099777,0.02479154617033136,0.0013853321761975706,0.0013854919071611088,0.0013853332694577054,0.45557988160000834,0.0013855354107388622,0.2703671761313969,0.0013853328251759802
doc132,0.0020748531106001096,0.7659880230594308,0.0020748666961225314,0.002074858906888851,0.0020750341336961864,0.0020748968260716474,0.0020749819552191495,0.002075229681046406,0.21326245463025872,0.0020748452469114363,0.002074861821194516,0.0020750939325595266
doc133,0.001263063751226875,0.4746452749919365,0.0012629439645569515,0.0012630919989050746,0.0012627671177478678,0.0012628352761456221,0.19439684628479428,0.001262909000118227,0.0012630003702019993,0.0012629729568786852,0.3195912926898312,0.0012630015976565995
doc134,0.0008758619281399899,0.0008759801205743208,0.0008757860414165262,0.0008758982416323441,0.0008757649331344741,0.932710905388621,0.0008758321693634931,0.0008758874859144009,0.058530517175076346,0.0008758747110440242,0.0008758585437136874,0.000875833261369414
doc135,0.001084854424176243,0.0010848734842609205,0.001084841816280426,0.001084881675489968,0.0010849028510277292,0.001084843080309546,0.0010847544783378971,0.30266699722778484,0.2303925678886652,0.1982415502815575,0.1670924757049497,0.09401245708716015
doc136,0.0022630608992702497,0.29532447290914826,0.0022629501380360727,0.0022631089941604044,0.0022629482785026544,0.3843883009340178,0.00226332758778043,0.0022631642034153074,0.0022632075164140245,0.0022629662127576326,0.2999193704656318,0.002263121860865364
doc137,0.0017493060694494557,0.0017487888382289002,0.0017485679407465145,0.0017487411640327863,0.0017484842205530166,0.0017486647044426284,0.7144966830970719,0.0017487535396079115,0.2680161445383134,0.0017484914442273116,0.0017487355023722035,0.0017486389409541003
doc138,0.00029231605944587117,0.3103294560387051,0.011596280841212663,0.5988942932468884,0.00029227048415454465,0.0002923176106768805,0.000292296001077568,0.0002923067471570377,0.03988720201179803,0.00029229768379182444,0.000292293375719597,0.03724666989937238
doc139,0.0007623431602103369,0.000762420443631076,0.0007623375390711351,0.13935169608890988,0.000762313241101242,0.12229221883170611,0.0007623954806506818,0.07746678206456732,0.09913940977495647,0.09567952835205923,0.2294127949645307,0.23284576005860566
doc140,0.0003582599057689163,0.0003582348697891935,0.1993061064128929,0.40988735971522505,0.027759311962834265,0.18691898231148169,0.00035828098743862446,0.0003582327064845486,0.11918945336531607,0.00035826307797600884,0.05478923856793264,0.0003582761168600851
doc141,0.0014249036781028462,0.09015599519705524,0.0014247357439389602,0.6727509726681828,0.0014248131519411327,0.0014250075843251476,0.0014250661597099224,0.0014248683718918321,0.22426861834502376,0.0014250329896860164,0.0014250293419552028,0.0014249567681871114
doc142,0.07999928394992582,0.5281270839539943,0.0019924975868891195,0.0019926297706312187,0.001992201968536751,0.001992574108058409,0.37394069983263295,0.0019923829486494134,0.0019928954701171103,0.0019927238302275955,0.0019923147530069812,0.0019927118273304818
doc143,0.09375623211471347,0.6502730790174358,0.01947319540090673,0.00046479576446449024,0.0004647191314883825,0.0004647709636295813,0.232779177377577,0.00046476902969247083,0.0004648195134741832,0.00046480717980240113,0.00046479628743465053,0.00046483821938081427
doc144,0.0019545203284112075,0.0019534629325741602,0.001953482704496417,0.9265425732497583,0.05391984217403986,0.0019537569552758073,0.001953440059256992,0.001953729541342309,0.001953657454567052,0.001953877719401636,0.001953974188625746,0.001953682692250664
doc145,0.000969318590520296,0.16316045780036026,0.0009693010391077772,0.0009693020825247086,0.0009690953954532744,0.10201366114021995,0.3220833590536724,0.0009691859570659601,0.4049885234402346,0.0009693109017336624,0.0009692339534594236,0.0009692506456477248
doc146,0.17973828841588368,0.06352617185156481,0.0026186739895432097,0.583985960433702,0.0026181598562151163,0.00261836586563804,0.002618981201943432,0.15180028399062406,0.002618805507277211,0.0026187752338065104,0.002618806315563871,0.0026187273382382386
doc147,0.04630193167804545,0.0012629722964236942,0.036256623558065075,0.23179668282036323,0.0012628586041005016,0.0015692829521706333,0.17568448826683047,0.0012629235002524603,0.1890888534490345,0.0012629387790132002,0.2493696801706533,0.06488076392504742
doc148,0.0028430989462411094,0.002841676229902523,0.0028411126050566443,0.41908669871081305,0.17684314368248438,0.3784961759207993,0.002841192855116463,0.002841670607556181,0.00284139866060215,0.0028412966843211233,0.0028413334949762043,0.0028412016021308593
doc149,0.11372509579557294,0.38060319489327427,0.0016895250386610844,0.4904651484251824,0.0016893414226396167,0.0016896940969046803,0.0016897578354013536,0.0016895461523801568,0.0016897966367741292,0.0016896023591788415,0.0016894497832621795,0.0016898475607682929
doc150,0.0010505411473526395,0.001050592885089007,0.001050495621678542,0.232489890013455,0.0010506060118901474,0.5667263315969394,0.19132855859225315,0.0010505677188391862,0.001050608832711987,0.0010505950720549404,0.0010506316213871624,0.0010505808863486414
doc151,0.002370426877671024,0.002370266700288981,0.002370009046144438,0.0023698290566758103,0.05215095088079254,0.0023703891444372626,0.00237000193223785,0.4378952016351323,0.4886221732917799,0.002370530287949634,0.0023700880873551563,0.0023701330595352066
doc152,0.0012167755410361326,0.0012167878635431747,0.001216763054020935,0.0012168929746049543,0.042518160351757824,0.23988895490263223,0.001216928262309805,0.001216798540060981,0.26121057453294255,0.032074353849645354,0.4157901175219672,0.0012168926054789832
doc153,0.0011602828968551042,0.2635717966058274,0.0011603099412158685,0.6114049076290673,0.0011603318351451808,0.0011603795921672102,0.0011604777302198725,0.0011602876908735394,0.05739685398611215,0.0583437286224321,0.0011603139973619594,0.0011603294727220875
