,topics0,topics1,topics2,topics3
doc0,0.0009227737782225634,0.0009228360602481223,0.0009227237617491559,0.9972316663997802
doc1,0.7354277356519336,0.1328228652137831,0.13134184017327166,0.00040755896101155075
doc2,0.28651746923245225,0.6410888185525664,0.0005904752762949895,0.0718032369386864
doc3,0.5051221473735984,0.49106034505299995,0.0019086896584969602,0.001908817914904699
doc4,0.26384796305339997,0.27809804132114535,0.45453219775604814,0.0035217978694065113
doc5,0.8630089547948697,0.0011188039184712106,0.13475353015868818,0.001118711127970863
doc6,0.0015294927392617609,0.9954115613533274,0.001529588605935987,0.0015293573014748597
doc7,0.9597623709190803,0.031669169568297496,0.0005513809318883648,0.00801707858073384
doc8,0.48501407702305055,0.1916833020626435,0.3016391647974436,0.021663456116862306
doc9,0.14351390628523475,0.001006348916679819,0.8401342569308002,0.015345487867285247
doc10,0.0014207544882608332,0.45058598047661114,0.5073550888095693,0.04063817622555895
doc11,0.0005145372339093138,0.13056328629129568,0.8684076170938538,0.0005145593809411591
doc12,0.17475283903591715,0.7263020849923137,0.08010563991719079,0.018839436054578242
doc13,0.0007175742321136096,0.6824447182239272,0.3161202374476131,0.0007174700963461167
doc14,0.131909736722917,0.0005395249303735392,0.5983289051715539,0.2692218331751556
doc15,0.0009227737782225634,0.0009228360602481223,0.0009227237617491559,0.9972316663997802
doc16,0.0009227737782225634,0.0009228360602481223,0.0009227237617491559,0.9972316663997802
doc17,0.0010270461798192762,0.9826659048903323,0.0010270728903156374,0.015279976039532595
doc18,0.0814256476704414,0.9164092778598597,0.0010825926915940306,0.0010824817781047954
doc19,0.43896688464309175,0.23108778467684268,0.3295767967359119,0.0003685339441535933
doc20,0.00140082360534162,0.8048395173377043,0.19235899026307018,0.0014006687938838036
doc21,0.3155420819425408,0.575221795823627,0.10873707767534704,0.0004990445584852974
doc22,0.0022529343387397887,0.8250078396782309,0.10069885922175426,0.07204036676127501
doc23,0.8332493882819353,0.11731992895149189,0.048707982635846934,0.0007227001307258167
doc24,0.4770857392334973,0.3694257545202852,0.092275335655542,0.06121317059067542
doc25,0.7710824778798173,0.21165752365972487,0.00047770883945705603,0.01678228962100077
doc26,0.9637670331851206,0.0009313847145939687,0.03437032779575164,0.0009312543045338353
doc27,0.5987107515929829,0.0010596582942316237,0.37631141237512816,0.023918177737657212
doc28,0.0003797714046762262,0.595510894768465,0.3636411624652451,0.04046817136161382
doc29,0.000852022582696955,0.6945806339383896,0.23930398830606328,0.0652633551728502
doc30,0.6524813360345201,0.3450300057857681,0.0012441306646364533,0.0012445275150755103
doc31,0.6576044692701316,0.001144514312487581,0.3401067531835537,0.001144263233826995
doc32,0.05093690230637218,0.6979523118756401,0.25013412591999695,0.0009766598979908073
doc33,0.001742537872337641,0.0017425542530948668,0.9323523268746183,0.06416258099994918
doc34,0.628012826928673,0.13768064212697922,0.23390226075792972,0.0004042701864180607
doc35,0.0014623444489866122,0.0014626074696662218,0.995612465146092,0.0014625829352550765
doc36,0.0037889991926752424,0.0037891756637215657,0.9886336621085569,0.00378816303504621
doc37,0.13869939695900627,0.6533589349335127,0.2065208758062799,0.0014207923012011649
doc38,0.000874413652357837,0.8793514002405373,0.11889996676342084,0.0008742193436842408
doc39,0.26277235156764606,0.36589944174352645,0.37107525312956097,0.0002529535592666288
doc40,0.9890473537760865,0.0036507390639579237,0.003651346666130947,0.0036505604938245305
doc41,0.294270069307326,0.0009401639157799788,0.27940783253354073,0.4253819342433533
doc42,0.0010942692523357798,0.0010943009376625252,0.5286330561953689,0.4691783736146328
doc43,0.1483489544258488,0.0017735325872507565,0.8481040863966417,0.0017734265902586773
doc44,0.5069494442832309,0.49043233104533523,0.00130919032589596,0.0013090343455378604
doc45,0.0007729953364452078,0.3689941652795133,0.6294599505795899,0.0007728888044515326
doc46,0.3303183544252369,0.3121996783194445,0.35623803944297044,0.001243927812348185
doc47,0.8712882297482184,0.0011315543241251684,0.1264482812726482,0.0011319346550082105
doc48,0.2015376799849652,0.7974116764981157,0.0005253435042566893,0.0005253000126623974
doc49,0.6761839505100584,0.0003352108733155782,0.2818822109627797,0.041598627653846136
doc50,0.49560196204135265,0.28322772815669706,0.2191856824041374,0.0019846273978129953
doc51,0.0010063160961045821,0.0010062920676145823,0.0010061922085931217,0.9969811996276877
doc52,0.0010165369749398166,0.9832471075403603,0.001016527089278299,0.014719828395421767
doc53,0.8781343199725595,0.0027481255966971194,0.07363705568497025,0.04548049874577303
doc54,0.9933900966949388,0.0022033245932079146,0.002203195688930797,0.00220338302292251
doc55,0.7761613539862121,0.2223931771044621,0.0007227553561467798,0.000722713553178909
doc56,0.5709318485265008,0.1447062797553824,0.28377833749677084,0.0005835342213459185
doc57,0.6273921904006068,0.0010485103445896317,0.3705108989178058,0.0010484003369978412
doc58,0.14650047742868544,0.8498222566463017,0.0018386321486170863,0.0018386337763957035
doc59,0.6216342227919347,0.0013444568099190007,0.3756765441805462,0.0013447762176000497
doc60,0.16370146129144028,0.5266928800076325,0.28326726133467234,0.026338397366254804
doc61,0.001059482146158082,0.46779972845047973,0.5300813250625197,0.0010594643408423268
doc62,0.0010063160961045821,0.0010062920676145823,0.0010061922085931217,0.9969811996276877
doc63,0.28166449648468705,0.7159077228241961,0.0012139238147772062,0.001213856876339478
doc64,0.0010063160961045821,0.0010062920676145823,0.0010061922085931217,0.9969811996276877
doc65,0.23142538294622822,0.5706895369431217,0.005164007859826627,0.19272107225082333
doc66,0.8454075431861691,0.050576299662438436,0.10327199702489841,0.0007441601264942054
doc67,0.8716078928888751,0.001131609064714741,0.1261289755748583,0.0011315224715519225
doc68,0.4393476536295211,0.3857687089063864,0.17420044493637427,0.0006831925277181243
doc69,0.0019089113664335774,0.0019087942165991066,0.9942736158765746,0.001908678540392618
doc70,0.37736550455125784,0.5999774713384397,0.0011852502479081047,0.021471773862394166
doc71,0.9955477373806281,0.0014841609019893328,0.0014842612762414019,0.0014838404411412175
doc72,0.0015779203591220516,0.9952667420169007,0.0015778737067989517,0.0015774639171782863
doc73,0.17420039810891907,0.8234293832990369,0.0011852405629019828,0.00118497802914202
doc74,0.0007227666162742955,0.9896967938358189,0.0007226872564180373,0.00885775229148888
doc75,0.0006606549958637687,0.5093371549571916,0.44296544676850613,0.04703674327843861
doc76,0.004902757953615951,0.3194836207832821,0.358326779983835,0.317286841279267
doc77,0.001529588013601583,0.11701195617171674,0.8799289484592139,0.0015295073554676738
doc78,0.0011992170245055081,0.0011995804113736856,0.9964018026564126,0.0011993999077081056
doc79,0.193197746156823,0.22267663026375173,0.5824418439809805,0.0016837795984446667
doc80,0.8244025362519529,0.17304578622015,0.001275941374493471,0.0012757361534037096
doc81,0.0019844543189741883,0.06612920266621763,0.9299019475803053,0.001984395434502779
doc82,0.01064012841092826,0.01064248227942305,0.9680786122257279,0.010638777083920772
doc83,0.001529301563012361,0.0015295038863098207,0.9954115231906225,0.0015296713600552346
doc84,0.0013443731282456006,0.5582859355600885,0.4390253904083113,0.0013443009033544929
doc85,0.9238911032585622,0.07432907910180975,0.0008899409520119529,0.0008898766876161402
doc86,0.0015292705181991343,0.3995908432277299,0.5973506082414067,0.0015292780126642423
doc87,0.7634353224472128,0.13530560414597947,0.09985799953853142,0.001401073868276477
doc88,0.06976629648260194,0.9275804830496363,0.001326722343885608,0.001326498123876208
doc89,0.005436321049739491,0.4175224894015019,0.5716047071655438,0.005436482383214798
doc90,0.6417740320917704,0.35639752272307107,0.0009143007544899622,0.0009141444306687056
doc91,0.0029951814922021206,0.3039025966561301,0.6901077115829313,0.002994510268736409
doc92,0.5772410169021434,0.1956525528952689,0.22576177075469384,0.00134465944789391
doc93,0.2946483139579003,0.3567091949760429,0.3129832494044059,0.03565924166165094
doc94,0.7295579693817781,0.26885940178798456,0.0007913906640484653,0.0007912381661888139
doc95,0.23676399086574995,0.7095592056733686,0.053079359144609865,0.0005974443162716845
doc96,0.4468988858820127,0.0006084533007762221,0.5518841768103888,0.000608484006822319
doc97,0.0012140547592399305,0.6077755872760303,0.38979668118483474,0.0012136767798949682
doc98,0.45521060992187107,0.17543675191387761,0.3687251920342014,0.0006274461300498699
doc99,0.5487244350342866,0.3302902369629363,0.12046819428555705,0.000517133717219989
doc100,0.9970108871849653,0.000996446648106382,0.0009963612584428857,0.0009963049084854314
doc101,0.000986587593125953,0.7957559389109745,0.17663892842024428,0.026618545075655423
doc102,0.0026046095213891054,0.6129706564658979,0.3818199165149525,0.002604817497760563
doc103,0.3112709356970757,0.6230868136723116,0.06511693672385142,0.0005253139067612785
doc104,0.5355247619043695,0.46221228837784334,0.0011315001187882797,0.0011314495989987944
doc105,0.19154332405299143,0.362178903161419,0.4450785254618504,0.0011992473237391534
doc106,0.4238080347786853,0.5442512495159326,0.030711916954469565,0.0012287987509124068
doc107,0.0030875106261913556,0.7261967319538141,0.26762870026871055,0.003087057151283877
doc108,0.24583498733417103,0.20532938067804474,0.5481023761712408,0.000733255816543238
doc109,0.004902648094236822,0.2981795161487697,0.6220116714394407,0.07490616431755273
doc110,0.5219477383479179,0.0018389649052286243,0.47437427808558025,0.0018390186612732328
doc111,0.0018057458587495607,0.667332283212929,0.32905658237547925,0.0018053885528420736
doc112,0.0009490718014260107,0.15560189631899812,0.0009492350606289322,0.8424997968189469
doc113,0.0009490718014260107,0.15560189631899812,0.0009492350606289322,0.8424997968189469
doc114,0.5767797817264965,0.4003456247264181,0.0012286932310705497,0.02164590031601482
doc115,0.9233711775139367,0.0006651402282292605,0.06343560145807335,0.012528080799760522
doc116,0.9953404287981228,0.001553101746761808,0.001553253374165468,0.001553216080949884
doc117,0.7150962789094386,0.13083296723809434,0.15327313283495675,0.0007976210175102952
doc118,0.19043985586643342,0.6494203512037825,0.15823110814178434,0.0019086847879998714
doc119,0.6938822928457442,0.11009187033076226,0.15723230638982255,0.038793530433671
doc120,0.0018732715232462483,0.30073120757111443,0.5844109162877348,0.11298460461790462
doc121,0.9925713362412039,0.0024760603572193656,0.0024763592848701696,0.0024762441167066477
doc122,0.9347338475541835,0.06250314638355411,0.0013814962952890992,0.0013815097669733058
doc123,0.0020244900277779174,0.002024759871591815,0.9939258626929107,0.0020248874077196436
doc124,0.31357537709329236,0.450773235342543,0.23535139728554452,0.0002999902786201885
doc125,0.4478614809588877,0.4068161971986392,0.14311913240852706,0.002203189433946033
doc126,0.27406518752093667,0.7235361264142952,0.0011993833559081797,0.001199302708859781
doc127,0.32464648057617246,0.6738868346446479,0.0007333220425035812,0.0007333627366760977
doc128,0.48910882517848114,0.3371104537660895,0.13622382750609793,0.037556893549331456
doc129,0.003185678969042245,0.3096349897078947,0.6839942721079038,0.0031850592151592195
doc130,0.18535265337862303,0.10193639226126795,0.710998425133346,0.0017125292267630386
doc131,0.001483902464513549,0.0014840608384433763,0.9955480338830061,0.0014840028140369933
doc132,0.3060137267950903,0.2558480194995278,0.4370557924295606,0.0010824612758212262
doc133,0.9962681463783951,0.0012440089380110122,0.0012439745322475279,0.0012438701513463575
doc134,0.1608925351821658,0.2957750108085154,0.5422947518916725,0.0010377021176463045
doc135,0.24583498733417103,0.20532938067804474,0.5481023761712408,0.000733255816543238
doc136,0.0013092670779943428,0.45355127901267334,0.5438303471060031,0.0013091068033293154
doc137,0.13712796987218473,0.0005904927859466026,0.8616910657379242,0.000590471603944394
doc138,0.002110033844425379,0.18648577574842376,0.8092939067885202,0.0021102836186307388
doc139,0.37540257510436015,0.003938259407385499,0.4764227129618759,0.14423645252637843
doc140,0.33332212175901915,0.2937690223622916,0.370234483271663,0.0026743726070263874
doc141,0.0024162823003469375,0.99275159002404,0.0024161728699857894,0.002415954805627289
doc142,0.0014842029714358168,0.6576329043499634,0.33939897381833456,0.0014839188602661876
doc143,0.0024162823003469375,0.99275159002404,0.0024161728699857894,0.002415954805627289
doc144,0.7327833649674498,0.0010376502393181196,0.2528941774387621,0.013284807354469958
doc145,0.0016560764857245676,0.7062428669726846,0.29044509613137404,0.0016559604102168728
doc146,0.5973887297588955,0.0024161835833322164,0.3486322192079578,0.051562867449814545
doc147,0.0014414117708906253,0.6905289149571479,0.23792335946309723,0.07010631380886433
doc148,0.0036508827827687273,0.9890479445811933,0.003650852518831856,0.0036503201172060906
doc149,0.8790195333349854,0.001400957631431547,0.08940409717899372,0.03017541185458938
doc150,0.41651096283925937,0.001873037473332081,0.5797428037548527,0.00187319593255587
doc151,0.3649045669542854,0.6313491662259897,0.0018733434003406872,0.0018729234193842008
doc152,0.8877432272252135,0.09955005749856101,0.0007913750372720942,0.011915340238953428
doc153,0.8015010981176235,0.17990629759546276,0.001362678352909808,0.017229925934003933
doc154,0.5332308716010055,0.2284605020609384,0.23600386266262682,0.0023047636754293895
doc155,0.8289337777947473,0.0005281332617198051,0.000528090775864409,0.17000999816766846
doc156,0.9156433093644074,0.0836508272187349,0.0003529506158575121,0.0003529128010000833
doc157,0.4839455776083561,0.5127420890940413,0.001656226968380367,0.0016561063292222207
doc158,0.27889692438517316,0.7182609907732718,0.001420942180343696,0.0014211426612115317
doc159,0.4382363152479282,0.3871670148549641,0.0026748464734453648,0.1719218234236624
doc160,0.9877009394176105,0.004099853126804425,0.00410020250688193,0.004099004948703181
doc161,0.10392797697242147,0.4565885505548264,0.43856082501954574,0.0009226474532063473
doc162,0.9970405699474034,0.0009865043892642836,0.000986506758876781,0.0009864189044555137
doc163,0.2825262611258552,0.71596288642855,0.0007554872655121044,0.000755365180082724
doc164,0.1124234888847703,0.0012924209149085021,0.8849916218786265,0.0012924683216947886
doc165,0.22702731119786868,0.7708757816799497,0.0010485344160595835,0.0010483727061219694
doc166,0.620631026693392,0.0006478687773007235,0.3780732674599591,0.0006478370693481053
doc167,0.2655914395192634,0.7324549694345464,0.0009768198451806792,0.0009767712010094914
doc168,0.0007612726637280615,0.0007613541746695228,0.9977160685241105,0.0007613046374918166
doc169,0.0009962466308882404,0.0009962337397166295,0.0009962419729430442,0.997011277656452
doc170,0.0009962466308882404,0.0009962337397166295,0.0009962419729430442,0.997011277656452
doc171,0.9956764197611929,0.0014413397196615123,0.0014412091154208742,0.0014410314037245412
doc172,0.005748001559641228,0.005750393199206354,0.9827531507716218,0.005748454469530612
doc173,0.0020248118115757437,0.9060092046111112,0.08994149280553483,0.0020244907717781786
doc174,0.17225100723295358,0.7737394356149969,0.0013625948031503528,0.05264696234889919
doc175,0.15960104089958677,0.7201274393902966,0.001984766254068031,0.11828675345604867
doc176,0.0014007905747340618,0.827062844876734,0.17013557213116928,0.0014007924173627623
doc177,0.6938822928457442,0.11009187033076226,0.15723230638982255,0.038793530433671
doc178,0.0017129374827247225,0.9948613937923119,0.0017128511949887804,0.0017128175299746618
doc179,0.44572248772493367,0.002066726217067679,0.4888365902063466,0.06337419585165195
doc180,0.3626241416767969,0.00035419773493082735,0.6118891699400947,0.025132490648177637
doc181,0.0007612594291755396,0.5367744690934703,0.4617031632485854,0.0007611082287689727
doc182,0.3803309134477512,0.617527060821132,0.001070949732608026,0.0010710759985088252
doc183,0.08044114343409586,0.25342947041792735,0.6652986506962357,0.0008307354517409791
doc184,0.5313599801224109,0.23475547475427327,0.23296187457004136,0.0009226705532743944
doc185,0.2398178571672495,0.48790338447406617,0.26953129159654277,0.002747466762141679
doc186,0.13518137236957461,0.8079177258399394,0.04129943497402865,0.01560146681645742
doc187,0.0012139633676879766,0.9963585540907435,0.0012137452859732696,0.001213737255595282
doc188,0.14002644852569043,0.0015777593905154568,0.8568180277060193,0.0015777643777747533
doc189,0.620631026693392,0.0006478687773007235,0.3780732674599591,0.0006478370693481053
doc190,0.3213565783847695,0.0013445476165259377,0.6759544286997022,0.0013444452990021703
doc191,0.5684278993506553,0.0013093098785595617,0.4289537181963829,0.0013090725744022073
doc192,0.37720097517856094,0.24938831421869473,0.3724340158111945,0.0009766947915497075
doc193,0.15993376023973263,0.0006478780676661232,0.8387705137067831,0.0006478479858182259
doc194,0.7410729723961114,0.004465879068449435,0.2499958429313206,0.0044653056041184845
doc195,0.0030878681739464117,0.003087597264309824,0.9907357707769601,0.003088763784783686
doc196,0.002605061923987957,0.002604686715301382,0.9921857424988189,0.002604508861891778
doc197,0.001553267814621035,0.0015531066489892576,0.9121235126605471,0.08477011287584248
doc198,0.0992253536615782,0.6642761413308768,0.2344736081470207,0.002024896860524367
doc199,0.5953649877581277,0.33942743321810476,0.0025389900241683245,0.06266858899959911
doc200,0.4988046682602487,0.4992606939453644,0.0009672874508781665,0.0009673503435086982
doc201,0.4585470312031872,0.5377759062521716,0.0018385113232567323,0.0018385512213844985
doc202,0.13764927904323743,0.8584590437092782,0.0019460136353672728,0.001945663612117162
doc203,0.18828372088309275,0.3716484734771346,0.4388827678055696,0.0011850378342031507
doc204,0.8590017370949848,0.1394153915469278,0.0007914032593098187,0.0007914680987776195
doc205,0.4111194369176232,0.585454772766489,0.0017130221523524757,0.0017127681635351964
doc206,0.8877432272252135,0.09955005749856101,0.0007913750372720942,0.011915340238953428
doc207,0.6517047061855474,0.2336154446178414,0.11305089687949754,0.001628952317113552
doc208,0.002304612754966665,0.9930858846017424,0.0023046184308926966,0.0023048842123980797
doc209,0.16316999756410663,0.7797671272701548,0.056489301750450104,0.0005735734152883267
doc210,0.5393263722163786,0.0008172574367300121,0.4590389970907776,0.0008173732561138119
doc211,0.015493826878774776,0.9548536388870178,0.0004941802601598276,0.029158353974047643
doc212,0.8825582694208651,0.1155962289338625,0.0009228389269449752,0.0009226627183273904
doc213,0.08447984298145314,0.612253946921203,0.3029460323274876,0.00032017776985619837
doc214,0.6657069450977802,0.24185732604788257,0.002475729824297799,0.08995999903003951
doc215,0.3459264966213701,0.48152659097892236,0.17149823032808822,0.0010486820716192025
doc216,0.3937120869122205,0.3805369980326813,0.22450694033681312,0.0012439747182851407
doc217,0.0005768815438273475,0.9982674975352585,0.0005768829796606088,0.0005787379412536367
doc218,0.8431316863626626,0.15534580987788643,0.0007612178214594393,0.0007612859379914502
doc219,0.001839196707860999,0.9944836689829085,0.001838644198160459,0.0018384901110701077
doc220,0.8690116164196857,0.05884832465745309,0.07092624429326487,0.001213814629596321
doc221,0.0003222652201291199,0.577230720515854,0.4221247865693349,0.0003222276946819911
doc222,0.0011444917055960916,0.0011445222683483908,0.9965665775520589,0.0011444084739964623
doc223,0.038940721898971596,0.9597380162015156,0.0006606640812631074,0.0006605978182497115
doc224,0.1124234888847703,0.0012924209149085021,0.8849916218786265,0.0012924683216947886
doc225,0.004902648094236822,0.2981795161487697,0.6220116714394407,0.07490616431755273
doc226,0.0009962466308882404,0.0009962337397166295,0.0009962419729430442,0.997011277656452
doc227,0.0009962466308882404,0.0009962337397166295,0.0009962419729430442,0.997011277656452
doc228,0.23714051421982799,0.5871112257572647,0.1747992362183538,0.0009490238045533816
doc229,0.758317595803731,0.23871417994678623,0.0014841677424216892,0.0014840565070609448
doc230,0.4477238394122587,0.28224905108086007,0.2691451797880902,0.0008819297187910789
doc231,0.6974643707597462,0.0005309310443816909,0.3014738287499119,0.0005308694459601853
doc232,0.0012923045043327919,0.9961233363358768,0.0012922989100542048,0.0012920602497362762
doc233,0.27889692438517316,0.7182609907732718,0.001420942180343696,0.0014211426612115317
doc234,0.00048461140022508086,0.2800757444382064,0.6929716459507642,0.026467998210804304
doc235,0.6938822928457442,0.11009187033076226,0.15723230638982255,0.038793530433671
doc236,0.5973498071375121,0.4014029390534782,0.0006236351138838402,0.0006236186951257207
doc237,0.004274065705770297,0.45314298310131146,0.5383088108991102,0.00427414029380794
doc238,0.0007729554446559399,0.0007731573579686079,0.9976809502912246,0.0007729369061506647
doc239,0.23640549224497812,0.42101684770641423,0.340161984156535,0.002415675892072598
doc240,0.9960719363657358,0.0013093964611629316,0.0013092508787446472,0.0013094162943565514
doc241,0.4124793080284827,0.3511261972777338,0.13879165971935062,0.0976028349744329
doc242,0.0005067538308530667,0.7801464771128844,0.21884006385123575,0.0005067052050267414
doc243,0.6780081061769061,0.32019620694114853,0.0008978606530647108,0.0008978262288805934
doc244,0.0013814997743284187,0.001381488329271575,0.9958555772817576,0.0013814346146424118
doc245,0.26681596819600406,0.7216614018841339,0.00041436062211238196,0.011108269297749737
doc246,0.1435513417641945,0.1605391344081955,0.6946336962088132,0.0012758276187966968
doc247,0.3934313583344581,0.34326229166030986,0.2623482005085418,0.0009581494966903232
doc248,0.0829459807545789,0.5206953582094181,0.39455330016787776,0.0018053608681250252
doc249,0.0022529965406323416,0.20966253988343075,0.7858316619242992,0.002252801651637774
doc250,0.0029082587397043147,0.5799538827101695,0.41423079882852437,0.0029070597216018824
doc251,0.0029077250379880965,0.9912764886263724,0.0029081685382037984,0.0029076177974355303
doc252,0.8289337777947473,0.0005281332617198051,0.000528090775864409,0.17000999816766846
doc253,0.4585470312031872,0.5377759062521716,0.0018385113232567323,0.0018385512213844985
doc254,0.0011444441436463295,0.910076082014618,0.08763524500095159,0.001144228840784064
doc255,0.004903848703941749,0.20256572950254514,0.5642996285196574,0.2282307932738558
doc256,0.9980047644583546,0.0006651400793424743,0.0006650953178114863,0.0006650001444914444
doc257,0.17495816524585295,0.8230881995125545,0.000976851330974317,0.0009767839106181535
doc258,0.0017128769480261544,0.7416395057963692,0.2549348491780747,0.0017127680775300554
doc259,0.49632629887374724,0.4581259860011456,0.04503587215365655,0.0005118429714504641
doc260,0.6508902037255122,0.0025389403930135865,0.3440316984237098,0.002539157457764343
doc261,0.3355466038986244,0.6629423876023957,0.0007555389206221165,0.0007554695783576932
doc262,0.9600607714148245,0.038041320826550276,0.000948993437409307,0.0009489143212158402
doc263,0.26277235156764606,0.36589944174352645,0.37107525312956097,0.0002529535592666288
doc264,0.4351192229779577,0.1034948714571795,0.4598566411402145,0.0015292644246482502
doc265,0.9948618365948911,0.0017128201870207698,0.0017127917611230315,0.0017125514569648714
doc266,0.0014413897136793937,0.5358725317976318,0.3213672019125553,0.14131887657613348
doc267,0.42781186837650487,0.15344992385473788,0.41747853541663843,0.0012596723521187524
doc268,0.8153225215945974,0.10471890055460703,0.07872991552797388,0.0012286623228216866
doc269,0.3751520108971019,0.4145369501189883,0.20995685201538175,0.0003541869685280837
doc270,0.2063249262158017,0.789997767579972,0.0018387310212739782,0.0018385751829522777
doc271,0.21228668396211686,0.7040933550428029,0.08271395111750207,0.0009060098775782666
doc272,0.0023593289704789857,0.9512151682735099,0.002359144016173164,0.04406635873983782
doc273,0.18412316551854516,0.8127217133575594,0.0015777413250763663,0.0015773797988191355
doc274,0.0007554422863260613,0.0007555049978936471,0.9756013309153517,0.022887721800428713
doc275,0.0005904599489399084,0.26439116082997033,0.7344279863232577,0.0005903928978321652
doc276,0.0008377944625519154,0.5258120714310426,0.47251250593714006,0.0008376281692655643
doc277,0.5901071715436782,0.21887928915371607,0.19067029127211355,0.00034324803049220586
doc278,0.002110164283398231,0.45136041643707075,0.5187724182447628,0.027757001034768254
doc279,0.004903848703941749,0.20256572950254514,0.5642996285196574,0.2282307932738558
doc280,0.0009962466308882404,0.0009962337397166295,0.0009962419729430442,0.997011277656452
doc281,0.0009962466308882404,0.0009962337397166295,0.0009962419729430442,0.997011277656452
doc282,0.5867357259447596,0.30511716616541784,0.0040996255199863725,0.10404748236983617
doc283,0.8825582694208651,0.1155962289338625,0.0009228389269449752,0.0009226627183273904
doc284,0.5443916814761748,0.18229565697657085,0.27249552326665794,0.0008171382805965046
doc285,0.9600607714148245,0.038041320826550276,0.000948993437409307,0.0009489143212158402
doc286,0.0008593212124662671,0.9974221616151019,0.0008593461797823497,0.0008591709926494461
doc287,0.0031856521754793435,0.003185455807407354,0.9904435334995566,0.0031853585175567307
doc288,0.45583628353073297,0.4813679553937118,0.06248837497441234,0.0003073861011429413
doc289,0.17669731240668318,0.14626585334416312,0.5681943579787972,0.1088424762703565
doc290,0.09961249407245099,0.0005365919140260597,0.8993142799666367,0.0005366340468863058
doc291,0.3582972883650823,0.6401917432181223,0.0007554647143281955,0.0007555037024670789
doc292,0.4548975949940464,0.3909999531763014,0.15367017596331403,0.0004322758663382239
doc293,0.09293851197476338,0.4124906741747341,0.46958422583131354,0.02498658801918907
doc294,0.5761783371760119,0.20609836124469114,0.21744421231741312,0.00027908926188401306
doc295,0.04272052693571598,0.19733727686523073,0.7359025890219757,0.024039607177077774
doc296,0.5089591586499334,0.47877459709657794,0.0007977026034725877,0.011468541650016142
doc297,0.19254363494065743,0.8057809264829235,0.000837751229453235,0.000837687346965748
doc298,0.22828989869854469,0.5887931230084886,0.18207226298205742,0.0008447153109091389
doc299,0.0030870524869252274,0.7979893756273619,0.1958367330332125,0.003086838852500353
doc300,0.45629880043002374,0.35072912754320446,0.1919345144288646,0.001037557597907051
doc301,0.056117040945207336,0.0005606924647590523,0.9427616488865382,0.0005606177034953551
doc302,0.0007554502254236491,0.0007555463624952081,0.9977335632302637,0.0007554401818173891
doc303,0.0011711220778350612,0.0011711326785654801,0.9787219656797254,0.018935779563874097
doc304,0.4861635233170349,0.0022529164163239837,0.5093309343945752,0.0022526258720657966
doc305,0.156656895571182,0.0005309444030521931,0.8422812779442074,0.0005308820815583325
doc306,0.1987018222733154,0.253719619441569,0.5449040855436633,0.0026744727414524157
doc307,0.27759841020800546,0.2381287883446419,0.4838916565732027,0.00038114487414992745
doc308,0.0014209529288230812,0.9957374568752541,0.0014208723387391755,0.001420717857183661
doc309,0.9930853580512672,0.0023050092000244187,0.0023049371704919543,0.002304695578216529
doc310,0.0005119225790915512,0.9458919436491169,0.0005119255937999378,0.053084208177991615
doc311,0.31842487639929595,0.0007554709099915342,0.6800642303845195,0.0007554223061931136
doc312,0.26681596819600406,0.7216614018841339,0.00041436062211238196,0.011108269297749737
doc313,0.5901071715436782,0.21887928915371607,0.19067029127211355,0.00034324803049220586
doc314,0.0032904768511419933,0.9901294158645373,0.003290295792254131,0.003289811492066681
doc315,0.2568040934889216,0.7092813503985258,0.033597452136922855,0.0003171039756297431
doc316,0.5558640179007358,0.2995345194242489,0.14418368517156485,0.0004177775034504442
doc317,0.7629416540422451,0.0005575400487026122,0.23594327146942518,0.0005575344396270074
doc318,0.8792262763630011,0.00048700076098189357,0.11979977977270923,0.0004869431033078506
doc319,0.0008448644917962144,0.7745873795128257,0.09540335937353604,0.1291643966218419
doc320,0.41855514995836957,0.453752050723785,0.12666563044258547,0.0010271688752599183
doc321,0.27076514623044245,0.7274063368167801,0.0009142771970220004,0.0009142397557553678
doc322,0.3298041848438021,0.383145446623902,0.286556189929823,0.0004941786024728841
doc323,0.00211074119147111,0.993669085057969,0.002110198458480404,0.002109975292079584
doc324,0.8741934370053647,0.12354344476371559,0.001131534064536574,0.0011315841663831093
doc325,0.12864595683779706,0.8688967859523051,0.0012286467269609928,0.001228610482936635
doc326,0.29216048381235055,0.0005395120072695921,0.7067604616580667,0.0005395425223130628
doc327,0.0006695394472556778,0.9979913807874129,0.000669580685322112,0.0006694990800093341
doc328,0.0007024645114311687,0.3609726117010177,0.540708186290032,0.09761673749751913
doc329,0.0008377944625519154,0.5258120714310426,0.47251250593714006,0.0008376281692655643
doc330,0.2939253049512682,0.000738759238754488,0.6323744218650363,0.07296151394494085
doc331,0.0008821192280712486,0.9105741283880101,0.07932585533801717,0.009217897045901487
doc332,0.0004754334744846251,0.7455934150840547,0.25345580517659877,0.0004753462648618305
doc333,0.0009401778388676601,0.0009401043206427836,0.0009401926338722917,0.9971795252066172
doc334,0.0009401778388676601,0.0009401043206427836,0.0009401926338722917,0.9971795252066172
doc335,0.36172081338841344,0.14985338198142167,0.48780608107134654,0.000619723558818464
doc336,0.8792262763630011,0.00048700076098189357,0.11979977977270923,0.0004869431033078506
doc337,0.5623537875717798,0.297009028064618,0.14022627323498227,0.00041091112861996475
doc338,0.9968215892837231,0.0010595721054956863,0.001059457294310203,0.0010593813164711508
doc339,0.45583628353073297,0.4813679553937118,0.06248837497441234,0.0003073861011429413
doc340,0.5070870227712216,0.08081122857648672,0.41029591186747,0.001805836784821552
doc341,0.17669731240668318,0.14626585334416312,0.5681943579787972,0.1088424762703565
doc342,0.001106474008250945,0.9966807745090014,0.0011064565350742753,0.0011062949476733845
doc343,0.0006047413720552079,0.0006048872545092596,0.9981857045241227,0.0006046668493127693
doc344,0.0018388249270503438,0.0018385826687730448,0.9944836653082941,0.001838927095882533
doc345,0.0019460976152759536,0.28462912480271696,0.7114788044348458,0.0019459731471612542
doc346,0.2568040934889216,0.7092813503985258,0.033597452136922855,0.0003171039756297431
doc347,0.6406505646408032,0.0005607119578442561,0.358227945238762,0.0005607781625906546
doc348,0.0008105734951981494,0.6896803643355449,0.30869856729566364,0.0008104948735933495
doc349,0.953100888091145,0.043006925071797604,0.0019461760144661733,0.0019460108225912108
doc350,0.3981746266408686,0.4259197587366575,0.16881672185951105,0.007088892762962824
doc351,0.0006607087230175385,0.6679887480923977,0.31344416971522576,0.017906373469358892
doc352,0.5828820466870243,0.34477689829253655,0.07099661457935172,0.0013444404410874967
doc353,0.002066495804336095,0.9938004666254197,0.002066576940029491,0.0020664606302149093
doc354,0.2780151961920233,0.6261602423094311,0.09487546381744871,0.0009490976810969559
doc355,0.996220489817171,0.001259754546471451,0.0012598870241179389,0.0012598686122395047
doc356,0.0012139541262431671,0.0012140405668611045,0.9963582718423911,0.0012137334645046008
doc357,0.28015067987117936,0.15469545008650276,0.4177496380533165,0.14740423198900132
doc358,0.0009143409531056536,0.0009142976622333173,0.9424235677695277,0.05574779361513327
doc359,0.38790825054105516,0.0023047643293972733,0.6074826362840055,0.002304348845542253
doc360,0.09961249407245099,0.0005365919140260597,0.8993142799666367,0.0005366340468863058
doc361,0.0017735989487728308,0.001773666487039424,0.9209173124399643,0.07553542212422353
doc362,0.056117040945207336,0.0005606924647590523,0.9427616488865382,0.0005606177034953551
doc363,0.0016562447547599146,0.15127988311531587,0.8454079916368316,0.0016558804930927092
doc364,0.23089547935738408,0.6637987810244694,0.10478862488784058,0.0005171147303060326
doc365,0.0029948496468182005,0.12943866818850064,0.7308704286162299,0.1366960535484514
doc366,0.5901071715436782,0.21887928915371607,0.19067029127211355,0.00034324803049220586
doc367,0.0005119225790915512,0.9458919436491169,0.0005119255937999378,0.053084208177991615
doc368,0.27759841020800546,0.2381287883446419,0.4838916565732027,0.00038114487414992745
doc369,0.0023593289704789857,0.9512151682735099,0.002359144016173164,0.04406635873983782
doc370,0.15665097422444996,0.5899013119721627,0.23690952201474366,0.01653819178864368
doc371,0.18412316551854516,0.8127217133575594,0.0015777413250763663,0.0015773797988191355
doc372,0.9968215892837231,0.0010595721054956863,0.001059457294310203,0.0010593813164711508
doc373,0.48266872987576787,0.0028257282808590366,0.511679960962426,0.0028255808809471775
doc374,0.5984649559104784,0.39740197060124577,0.002066821583781334,0.002066251904494574
doc375,0.9987307124277541,0.0004231311558793415,0.00042309165460691376,0.0004230647617597711
doc376,0.34272358895896565,0.6557061902994678,0.0007851776974170705,0.0007850430441494795
doc377,0.0026750718116315426,0.002675623236240908,0.9919750189929152,0.0026742859592122814
doc378,0.7440810774929306,0.003788882766234416,0.0037890211893526317,0.24834101855148252
doc379,0.0007976926754029743,0.9314662220543632,0.0669384121944915,0.0007976730757422692
doc380,0.6497865529636875,0.2951423299237317,0.05447364837402945,0.000597468738551284
doc381,0.7878939355405955,0.0007555239625136233,0.2105951236165944,0.000755416880296551
doc382,0.8692188774111564,0.0010710191711445535,0.12863912499576827,0.0010709784219308227
doc383,0.4336641341301799,0.5646463388101777,0.0008447893548371549,0.0008447377048054383
doc384,0.22425503135735705,0.3739853178985912,0.40090041703349194,0.0008592337105597592
doc385,0.41087962159496183,0.5878330678853353,0.0006436936285524506,0.0006436168911504998
doc386,0.9051427198389973,0.001462370150898735,0.0919327949746318,0.0014621150354719877
doc387,0.0007670800047352248,0.09159627151748308,0.8068852743993834,0.10075137407839828
doc388,0.6082093632428851,0.32174388290520733,0.02851446182331725,0.041532292028590344
doc389,0.0031851334188791286,0.23459703326394674,0.7590320726004327,0.00318576071674137
doc390,0.5158102360027813,0.3802827383694412,0.10232937115288449,0.0015776544748929383
doc391,0.7527023784008744,0.12165721827903773,0.0015065703437560944,0.12413383297633174
doc392,0.0008668494300325057,0.0008668879207117349,0.16378535779447753,0.8344809048547782
doc393,0.0008668494300325057,0.0008668879207117349,0.16378535779447753,0.8344809048547782
doc394,0.9270151796628529,0.07090972145008936,0.0010376203075543968,0.0010374785795032755
doc395,0.038160414855776634,0.8276002016198198,0.13369100591432598,0.0005483776100778041
doc396,0.1842826163056617,0.8125113818624562,0.0016029921588018308,0.0016030096730802312
doc397,0.0004754334744846251,0.7455934150840547,0.25345580517659877,0.0004753462648618305
doc398,0.7046800994704192,0.29426373721639043,0.0005281033603158572,0.0005280599528746058
doc399,0.0006975313412574054,0.5681200819645196,0.4304848447379485,0.0006975419562744912
doc400,0.0018386980399901333,0.13305837749780167,0.8632643811320438,0.00183854333016421
doc401,0.3238727182617941,0.6730682009668296,0.0015296294181025318,0.001529451353273768
doc402,0.11676539489784632,0.8804328219617746,0.001401046166277123,0.0014007369741020955
doc403,0.3757532320563438,0.4970224653240934,0.12455002275376743,0.0026742798657954582
doc404,0.7440810774929306,0.003788882766234416,0.0037890211893526317,0.24834101855148252
doc405,0.3402611284356148,0.6581808784053805,0.0007790644927522009,0.0007789286662523347
doc406,0.4950005554750275,0.39237119599752807,0.11220869071707446,0.0004195578103701105
doc407,0.5765113642364291,0.41877110940503276,0.0023588873890864163,0.0023586389694516237
doc408,0.7159023274214733,0.03988190910575807,0.1709630147503769,0.07325274872239167
doc409,0.5225849693925106,0.36337859801685884,0.00040109967182016214,0.11363533291881034
doc410,0.5828820466870243,0.34477689829253655,0.07099661457935172,0.0013444404410874967
doc411,0.6663840429784789,0.0012440556376001354,0.33112789431179973,0.0012440070721211837
doc412,0.9962677320110578,0.0012442623081158144,0.0012440237043277059,0.0012439819764987544
doc413,0.4073053676222247,0.2155220806829797,0.375791148410204,0.0013814032845914767
doc414,0.9971528630395178,0.0009490378988908093,0.0009491552275844566,0.0009489438340068313
doc415,0.5719115227542655,0.1403294272727465,0.2856924084770927,0.0020666414958951883
doc416,0.30512460528936247,0.4922609842176441,0.20127008787748582,0.0013443226155077927
doc417,0.6198833925979946,0.3749069434546007,0.0026051430055300012,0.0026045209418746455
doc418,0.0016562447547599146,0.15127988311531587,0.8454079916368316,0.0016558804930927092
doc419,0.004673666454794898,0.004674488959717582,0.9859777143165389,0.004674130268948625
doc420,0.056117040945207336,0.0005606924647590523,0.9427616488865382,0.0005606177034953551
doc421,0.004673666454794898,0.004674488959717582,0.9859777143165389,0.004674130268948625
doc422,0.0029947972972332406,0.3925487170531664,0.6014620029795935,0.0029944826700067035
doc423,0.8870950899668131,0.11010312788890245,0.0014010701381675032,0.0014007120061170955
doc424,0.17084627044478806,0.7593670925203944,0.0015533528002351035,0.06823328423458248
doc425,0.29216048381235055,0.0005395120072695921,0.7067604616580667,0.0005395425223130628
doc426,0.7573019984859717,0.001157739849569481,0.24038242953369723,0.0011578321307615573
doc427,0.5828352805641664,0.11482472271577011,0.3011686425805342,0.001171354139529282
doc428,0.0011443477313758327,0.9002925487240748,0.09741876174055057,0.001144341803998702
doc429,0.45742497812666155,0.539468823196967,0.0015531046683548368,0.0015530940080166564
doc430,0.0019460976152759536,0.28462912480271696,0.7114788044348458,0.0019459731471612542
doc431,0.9960202527281994,0.0013266504857267487,0.0013265464625604178,0.0013265503235133905
doc432,0.6978421222672069,0.0009143493224606651,0.30032914667549987,0.0009143817348326027
doc433,0.4162506035683454,0.5291694528993773,0.05327075407372526,0.0013091894585520994
doc434,0.4816617332372184,0.5167430391014693,0.0007975992308691966,0.0007976284304429385
doc435,0.996486448919981,0.0011712208108819783,0.0011712725760229196,0.0011710576931142683
doc436,0.41930629543709114,0.578960224264443,0.0008667797104386037,0.0008667005880271511
doc437,0.8774987321809156,0.005156842520100705,0.11218893036416352,0.005155494934820228
doc438,0.461778683854913,0.5348535420784721,0.0016839663581447698,0.0016838077084700644
doc439,0.002252592400747093,0.9932421372645914,0.002252730014409497,0.0022525403202520197
doc440,0.002538470035327768,0.3409218134881432,0.6540013336934286,0.0025383827831003086
doc441,0.0032910200998037356,0.9901291264619648,0.0032902705586173087,0.0032895828796141342
doc442,0.07012697889553879,0.12025879739321622,0.8089983880523544,0.0006158356588905326
doc443,0.0010377014123996709,0.18848840406689443,0.8094363682278132,0.0010375262928926318
doc444,0.0010595425273859785,0.0010594684337988966,0.0010594876089785228,0.9968215014298366
doc445,0.0010595425273859785,0.0010594684337988966,0.0010594876089785228,0.9968215014298366
doc446,0.0007976926754029743,0.9314662220543632,0.0669384121944915,0.0007976730757422692
doc447,0.2666171905032977,0.5868457107524434,0.104850574967575,0.041686523776684054
doc448,0.34969280867490776,0.6335840101961869,0.0015292291681852264,0.015193951960719992
doc449,0.17571118702617897,0.0016840172888408507,0.8209209433863683,0.0016838522986118752
doc450,0.8168318213914372,0.0006563587776136452,0.18185545524214525,0.0006563645888038522
