,topics0,topics1,topics2,topics3,topics4,topics5,topics6,topics7,topics8,topics9
doc0,0.0016399164470885846,0.0016395853914870898,0.15655456789234598,0.0016396817195310786,0.23240341717703927,0.0016399377262792238,0.0016398729141571602,0.07110385155738662,0.001640163917606112,0.5300990052570789
doc1,0.0005236927407534222,0.16900028337896342,0.0005237266148772905,0.0005236683195176439,0.0005237260551489343,0.000523702030503067,0.0005236555143668402,0.1429438368210993,0.0005236831160659193,0.6843900254087042
doc2,0.0008001729346972326,0.361166651135398,0.418094708393919,0.21513741595330396,0.0008002320786140456,0.0008001906069079599,0.0008002009526253154,0.0008002020732191742,0.0008001012724202769,0.0008001245988951771
doc3,0.0005650874349764661,0.0005650401134250758,0.0005651165245045377,0.38769473463240567,0.0005651534859763073,0.6077845393997229,0.0005650454740864058,0.0005650763814717475,0.0005651256921161676,0.0005650808613144926
doc4,0.0012991128731426923,0.14818898644929004,0.0012989996906431094,0.10544318537219695,0.0012989948020815478,0.47169794905234247,0.11622942371792976,0.0012990795028310174,0.15194539717964697,0.001298871359895558
doc5,0.0007354377789437009,0.000735410689547915,0.0007355003886262794,0.0007355530394802105,0.3110649038907338,0.0007355368471198935,0.0007354925523285595,0.06383129122122845,0.0007354903363881968,0.619955383255603
doc6,0.0014088056398983792,0.0014088541261330532,0.0014087154475486009,0.2827951804360831,0.0014089454383018638,0.4434923875995071,0.0014088523041676207,0.26385072305899476,0.0014087338849989033,0.0014088020643665375
doc7,0.10388756945210625,0.08065839490341,0.05760980597615635,0.001449480158564954,0.1381395510013175,0.3225240517350676,0.0014495598823471903,0.0014497780038245308,0.25438538310383635,0.03844642578336937
doc8,0.15385418803325965,0.0006371935586805093,0.0006371010384986345,0.0006370627958855554,0.0006370741156285899,0.1721395688579805,0.000637133564219189,0.16613565882145664,0.22881361799439098,0.2758714012199997
doc9,0.0013160588733789466,0.0013159986716890784,0.021665228897197623,0.0013160595551158897,0.0013161200495811589,0.0013160303975415632,0.0013163392977956173,0.11067013158385369,0.8584520353474555,0.0013159973263909778
doc10,0.000775357744437963,0.0007752978345321139,0.000775353728884561,0.0007754000887494798,0.11613838752015339,0.0007754450950047558,0.46621197946930326,0.000775355920427721,0.34611080152094764,0.06688662107755916
doc11,0.6431667158927211,0.019420535358941133,0.0005884139236463165,0.02891221052603136,0.0005884210239581235,0.0005884006775753755,0.0005884219344359192,0.0005883882183538277,0.20323390769620908,0.1023245847481276
doc12,0.0007145215194769931,0.0007145243133501897,0.14036516087065218,0.0007144811994931896,0.1328282879568357,0.17269389348191685,0.1549842042847794,0.0007144930805877405,0.0007145147955436387,0.395555918497364
doc13,0.0010104788543048927,0.00101034802938592,0.0010102919980697215,0.0010103556649991496,0.0010102350131148568,0.001010480082668035,0.0010102171925006117,0.0010104315725895645,0.9909068091872589,0.0010103524051084266
doc14,0.0010104788543048927,0.00101034802938592,0.0010102919980697215,0.0010103556649991496,0.0010102350131148568,0.001010480082668035,0.0010102171925006117,0.0010104315725895645,0.9909068091872589,0.0010103524051084266
doc15,0.6549724280318425,0.2745080773866213,0.0011766968967519055,0.0011767351088845996,0.062282106600719186,0.0011768656543105938,0.00117670709918578,0.001176749080514249,0.0011768247788337056,0.0011768093623360078
doc16,0.0010002004878932576,0.0010003524274555772,0.3343952001222703,0.43203603403281776,0.0010002350322624916,0.0010002790658661719,0.22656703367969436,0.0010002140279629927,0.001000262765805299,0.0010001883579717618
doc17,0.207383916878134,0.0008131937669031165,0.0008131781487317094,0.32005502499990696,0.0008132711986413754,0.26218038326411286,0.0008133086988636035,0.17092144019221034,0.03539309346073587,0.000813189391760314
doc18,0.7395816960814989,0.13185255002242072,0.0005026096073661114,0.017050215996901937,0.0005026374755275006,0.10849970050187376,0.0005026785632096487,0.0005026283720912641,0.0005026348469677626,0.0005026485321423437
doc19,0.0009618543427173466,0.0009618654828072994,0.0009617710149345933,0.521909141044052,0.0009617801534711975,0.0009618523374228208,0.13886276696390853,0.3324954865179397,0.0009617534768309062,0.0009617286659156636
doc20,0.005000521158211506,0.20878900417326046,0.005000690505921459,0.0050009349566763756,0.005000560898919037,0.005000231315073697,0.005001464160580616,0.00500043731746673,0.7512058337900595,0.005000321723830709
doc21,0.0004367581625369907,0.0004367728273563769,0.00043681258835682037,0.6215174494783572,0.00043676568329880527,0.12925972091173074,0.06270553508850679,0.183896639670688,0.00043678044914971303,0.0004367651400187322
doc22,0.0007577759394916028,0.0007577738328645187,0.0007578699694760866,0.0007577518245229237,0.09022755897101185,0.3725544773208146,0.000757837798025963,0.334344575688525,0.19832660828337395,0.0007577703718935717
doc23,0.36059301733730814,0.45783993223841835,0.17784254709333266,0.0005320783079506167,0.0005320406565647953,0.0005320856380101938,0.0005320685817317345,0.0005320380007789652,0.0005320984224381019,0.0005320937234665094
doc24,0.4810782527355198,0.0005526581765225773,0.000552667964307519,0.1359355088681437,0.0005527223644498521,0.15105295304726293,0.0005526370114921377,0.0005525873544933793,0.22861736978538783,0.000552642692420265
doc25,0.160301570976476,0.001724679181671125,0.31898905365138447,0.001724497485887381,0.0017245652725141234,0.18679597262442205,0.0017246767284895416,0.32356574425257906,0.0017247411085941616,0.0017244987179821144
doc26,0.617380194504824,0.0002890918771397054,0.00028908977457624827,0.00028907714687575884,0.0002891137896442879,0.0002891124095004781,0.0002891106012193096,0.03269524696199005,0.3479008266797538,0.00028913625447643217
doc27,0.23328131637635427,0.001234776810705263,0.02342092181251148,0.0012347337585993689,0.0012348594834452632,0.6251281481226683,0.0012347646526336042,0.0012348309833273435,0.0012348590425432014,0.11076078895721203
doc28,0.28786909380722997,0.0011766424120536654,0.0011769168682893788,0.12909816854434286,0.11700974751946958,0.20307836184568304,0.0011767808072851637,0.0011767382707875403,0.001176883702458387,0.25706066622240054
doc29,0.16112525288001237,0.0009011765214870833,0.017180976545358984,0.0009010475625057901,0.0009010195322124695,0.08068901001162526,0.49950075957015116,0.000901222845322586,0.14781610772901965,0.09008342680230456
doc30,0.16467615287088527,0.0007465182280322897,0.0007464984880077743,0.05325697807991645,0.7083833887567706,0.0007464009494476906,0.041432659253796515,0.0285185018701222,0.0007464047823255282,0.0007464967206956646
doc31,0.15586085728061505,0.0023815958617990707,0.002381290774687394,0.0023814705390668017,0.31653421098039064,0.002381646968166294,0.002381647048652746,0.13879567118126365,0.3745198997495015,0.0023817096158568916
doc32,0.21928569036890297,0.0023262970214939054,0.002326237640626652,0.0023262717464643287,0.0023262510493359465,0.0023260025907137394,0.002326246226804548,0.0023260691701838167,0.6755363663387479,0.08889456784672618
doc33,0.0012823102879178157,0.0012823277883577233,0.0012822254671827663,0.11521656315249018,0.0012824704496821053,0.0012823179960278167,0.09907863535186508,0.001282323286631064,0.7767284372282212,0.0012823889916241526
doc34,0.2659095363576403,0.009093730411646794,0.009094299098555693,0.009093524372026363,0.6613440150159915,0.009094457625489426,0.009092387062219733,0.009091844074026464,0.00909168110060439,0.009094524881799208
doc35,0.08186632967838654,0.0023817826689020985,0.0023816053203048067,0.0023815426830926644,0.46670553984379654,0.0023818759522740676,0.002381474772077967,0.002381945669843568,0.4347566278568578,0.0023812755544639496
doc36,0.3546758972312048,0.0034494357537180054,0.0034490897399590817,0.0034489633784279073,0.003449602570216714,0.003449504130892083,0.368247797904682,0.003449202746459087,0.2529316272844865,0.0034488792599539106
doc37,0.5167223503223395,0.0020415468339148686,0.0020415337839178684,0.00204104427616877,0.002041066731952376,0.002041196622233011,0.3964460655492513,0.0020411271022201436,0.07254298550216705,0.0020410832758351147
doc38,0.0007875307307487362,0.0007875294351318518,0.0007875565362242224,0.0007875726806342197,0.0007874894254606827,0.0007875432031504415,0.0007875889746484893,0.0007877085490258531,0.9929119107511477,0.0007875697138277787
doc39,0.0010992184166686947,0.001099195496542859,0.3010725047773971,0.14049881721771382,0.001099162667545126,0.3146510369704981,0.07993935946660422,0.0010993578092507292,0.15834231504828233,0.0010990321294970476
doc40,0.09189086482910737,0.0006995418472959429,0.0657737097721134,0.03256094033927271,0.0006994786878830198,0.6778701928901133,0.0006995074137811387,0.040016736567416854,0.000699442201817777,0.08908958545119848
doc41,0.20000749208538335,0.0016131671609922562,0.0016133023419139013,0.0016131208472667832,0.0016131995137721518,0.508071611585112,0.0016130733571881229,0.18337146704988083,0.0016131250199397044,0.098870441038551
doc42,0.0008065875343003625,0.0008065281505842476,0.0008065455411527686,0.0008066284443604762,0.0008065613604906687,0.0008066795020281458,0.20460241123785508,0.0008066167896699974,0.7889449401241116,0.000806501315446691
doc43,0.14058537390589043,0.2507677550240623,0.004001652403118329,0.0040016725282636546,0.19107350626497036,0.004000495089447881,0.004001165387747385,0.004001003439280171,0.0040003490567495385,0.39356702690046996
doc44,0.1238192141589665,0.0004274408316304447,0.00042751324389745575,0.00042746196986489854,0.12426416844121639,0.31047580558246635,0.26186317832898637,0.0004274928100377926,0.17744026517674313,0.00042745945619066563
doc45,0.00178597493258925,0.0017859378417335971,0.0017861416131570967,0.7099455257455833,0.0017861100328611004,0.27576563224635764,0.0017862283626433112,0.001785965838321999,0.0017863534973076793,0.0017861298894448617
doc46,0.0004033040231645139,0.0004033247837737546,0.000403292264384679,0.8442850852007965,0.0004032966361964557,0.13757975477023227,0.00040330124363962687,0.015311995223600123,0.0004033131584922659,0.00040333269571988546
doc47,0.0008267045061838112,0.0008266071045420197,0.0008266115152881789,0.6739319663230421,0.06538645263099599,0.2548950026217443,0.0008266486168301288,0.0008266282422768651,0.0008266486357888706,0.0008267298033077452
doc48,0.002564632364544214,0.002564992036757029,0.002564520771062407,0.514520388286691,0.0025647440462943758,0.46496171762480426,0.0025647215167943515,0.0025648331784191253,0.0025649274249159334,0.0025645227497172814
doc49,0.2894535755539497,0.004546125508600194,0.004546276812897254,0.004546552933737081,0.004546328127563215,0.46431543774255574,0.004546152597229399,0.004547736449318146,0.004546051482098892,0.21440576279205031
doc50,0.19552654467361183,0.0018523994023473204,0.001852398358903514,0.0018522000548489295,0.0018525054614839268,0.78965306538798,0.001852382271167121,0.0018525926776575745,0.001853239506431469,0.0018526722055683179
doc51,0.1536777247078022,0.307750583485657,0.00043117655887613257,0.0004311664006009559,0.42174142697631944,0.0004311222977246335,0.00043116893045129436,0.0004311108444228094,0.04722098039074977,0.06745353940739585
doc52,0.0010991923551258124,0.0010991723366889118,0.0010991352587453214,0.8695967762939685,0.0010991373551899003,0.12160984366361509,0.0010991892250822766,0.0010991688137395256,0.0010991975504534978,0.0010991871473912417
doc53,0.0012661102646035938,0.0012661054371762724,0.001266014342988518,0.00126604691564079,0.0012662274235434596,0.0012660921143251111,0.23516607636929127,0.001265987991476926,0.001266186048248558,0.7547051530927056
doc54,0.0025646549262862564,0.201873025668689,0.0025644323940984043,0.002564877515334523,0.002564683879372613,0.7776097520007704,0.00256457565198432,0.00256482737477746,0.0025645984994103867,0.0025645720892766934
doc55,0.0016669763124815614,0.14762860408790715,0.5424722203865053,0.26073739521453526,0.0016675114147574244,0.0016670502113663253,0.0016671389213461926,0.03915893420169824,0.0016671955632557188,0.001666973686146782
doc56,0.0033338896788698454,0.003333897319993684,0.0033341123932647404,0.7400889837555127,0.17102066477843147,0.0033342815178551127,0.06555194918448778,0.003334249039947338,0.0033340753732387096,0.003333896958398732
doc57,0.0015878081918883106,0.26675602711742846,0.5098652748137216,0.07842502919264685,0.0015877522668947934,0.0015875152633165496,0.13542769172855018,0.0015875780587774747,0.0015877857713707006,0.0015875375954049083
doc58,0.0012988803593119182,0.0012989865702158613,0.0012989417625662062,0.8563631673039221,0.0012989180600258621,0.001298963666550088,0.035700330681099866,0.09884382565801399,0.0012990816888157491,0.0012989042494781185
doc59,0.1566741966374667,0.0006136908758231614,0.0006138124961699042,0.0006136935591112532,0.1399827550104757,0.37405483705460085,0.0006136994330546495,0.000613659248306912,0.16583801721616565,0.1603816384688253
doc60,0.001282351320984232,0.001282326139089535,0.0012822519481912587,0.0012824170986983265,0.048193880497237246,0.001282347726949753,0.47960613521446605,0.001282277503260167,0.4632236881241438,0.0012823244269796986
doc61,0.0006946178859336689,0.0006945727590515239,0.0006946069601638063,0.0006946781150653094,0.000694654185274338,0.26287999415867075,0.37919710084375996,0.000694671651734593,0.35306044082612237,0.0006946626142237049
doc62,0.7978720535081564,0.0011909885995462861,0.0011907827390783452,0.001190962165881881,0.0011909535254021992,0.0011907910241818166,0.0011907424594233668,0.19260104695946337,0.00119080032475299,0.0011908786941135932
doc63,0.0014088313503813103,0.16916598586258488,0.0014086687051340933,0.0014088141746960716,0.001408821316943805,0.2689277853178483,0.001408856002088967,0.38346962241983673,0.16998370067675783,0.0014089141737278885
doc64,0.0009435731327210861,0.07403182313623301,0.0009435187848229181,0.0009436303864028655,0.0009436057328082937,0.0009434937487227444,0.0009434686330352134,0.0009435474033249646,0.9184198604476254,0.0009434785943035591
doc65,0.0009435731327210861,0.07403182313623301,0.0009435187848229181,0.0009436303864028655,0.0009436057328082937,0.0009434937487227444,0.0009434686330352134,0.0009435474033249646,0.9184198604476254,0.0009434785943035591
doc66,0.0009902381358767958,0.9910882082890664,0.000990196278463833,0.0009901870220842698,0.000990171334651702,0.0009901781267867167,0.000990207997743416,0.0009902206405150438,0.0009902195379302124,0.000990172636881669
doc67,0.14837007341935624,0.0006099403939201903,0.1112611164326078,0.0006098895802736575,0.0006098714135178044,0.0006099112113234152,0.6095146542408467,0.0006098358699469902,0.000609970232083773,0.12719473720612337
doc68,0.8406315743995522,0.1398519716340473,0.00243964578920771,0.002439502467089923,0.002439571653151994,0.002439756628780961,0.002439572833430795,0.0024395165128403215,0.0024395139649433925,0.0024393741169554885
doc69,0.1868028344548383,0.0012661499071403334,0.0012661887575914227,0.2405121329286004,0.0012660761540780956,0.2262415673958958,0.1626444988386652,0.0012660886605071384,0.1774682547363288,0.0012662081663545176
doc70,0.7628800805705886,0.0020837596567573266,0.002083827101251757,0.0020836311550753075,0.0020840448147855127,0.00208379135312739,0.002083814254965269,0.13273270474626261,0.0020841118418087785,0.08980023450537736
doc71,0.0009260993232328549,0.40474478176661666,0.0009260730209047194,0.0009260714005591399,0.0009261034893882457,0.44171892199866125,0.0009262295278138182,0.1470534795872521,0.0009261449173125243,0.0009260949682586188
doc72,0.2894971996447684,0.0009527399711412964,0.0009526922021209585,0.000952702491184914,0.0009525784469274411,0.5016137790890768,0.0009525359466712182,0.20222039825639967,0.0009527137906562269,0.0009526601610528727
doc73,0.0017548684688029911,0.43335194967757484,0.1126976701623505,0.0809468168612032,0.0017549141069284691,0.0017550026364856754,0.23242344860178377,0.0017549826015246202,0.06247286217553457,0.0710874847078114
doc74,0.003031443784268277,0.09325407220330921,0.0030310779748036515,0.0030306640614702067,0.0030306417479691737,0.0030307004113694597,0.28238678765392694,0.003030563154586583,0.5495456685727218,0.0566283804355746
doc75,0.10164144018040029,0.001219933661163077,0.0012199497257524288,0.0012198279395346475,0.05807772827780941,0.001219785727795243,0.0012198418869551672,0.0012197517222333743,0.5241696469846839,0.3087920938936725
doc76,0.0011909083273733087,0.0011908000579465593,0.0011906379234884927,0.0011906791100476282,0.0011906094178690194,0.0011906419263171667,0.0011906075659785425,0.0011907608930730145,0.0011906809839265634,0.9892836737939796
doc77,0.0015629187746699629,0.0015630179507289319,0.5823106020770547,0.11107152666394546,0.001562862658385477,0.0015627993654909053,0.2956776680751507,0.0015628087177426162,0.0015629613111005577,0.0015628344057308165
doc78,0.0011239103000389545,0.04078931439773334,0.0011238279331169953,0.04705111729007977,0.0011239167786211166,0.0011238568676310155,0.2423636220715459,0.13295550763771657,0.0011238780252823865,0.5312210486982338
doc79,0.36974385895829603,0.0011906601294521956,0.0011907361478694408,0.0011907383634134363,0.0011907564656211342,0.17490082429785642,0.11661993847022098,0.001190690442231039,0.3315910141406869,0.001190782584352269
doc80,0.0024397609351578344,0.4355487708180952,0.24110039500331426,0.0024397822892811114,0.002439636045083353,0.0024396596956648433,0.0024396674891487263,0.0024395882331256025,0.2153014933366453,0.0934112461544837
doc81,0.4034355684640591,0.028660155348786236,0.0010420035981332544,0.10077095886672614,0.0010419994670638538,0.1444991569348614,0.038063617134689184,0.0010420126462229282,0.14559125862037706,0.13585326891908078
doc82,0.10238282219000053,0.001923708304986989,0.0019234344777983342,0.06576293722357797,0.0019234177047107578,0.43076987476888134,0.079336637141262,0.001923677347162278,0.31212991436384646,0.001923576477773287
doc83,0.27200194054886556,0.1548338259123296,0.0012501851454801557,0.0012505007844487459,0.0012501435240727745,0.13280070798165322,0.19650064338781328,0.001250174812282317,0.23761154365640888,0.0012503342466454433
doc84,0.002778709301625966,0.28151565319292715,0.12083398265648891,0.0027783437194102124,0.4085614487899671,0.0027780938169152283,0.0027782136231964995,0.0027780008501455773,0.0027779495971256072,0.17241960445219762
doc85,0.0012991598138457064,0.0012990886665994155,0.0012990876735536226,0.0012989956301099415,0.0012990630377557155,0.4458776584154609,0.001299466452336511,0.09962849475800072,0.32444321917470786,0.12225576637762961
doc86,0.07427256823398677,0.0014287732408293141,0.0014289947608855343,0.0014290439991843642,0.0014289141764951625,0.17961923527412843,0.21754403048079013,0.0014289973333476138,0.5199904111493403,0.0014290313510123191
doc87,0.00232610019759783,0.2333086614359334,0.0023259879704628384,0.41047661381404604,0.002325961571465389,0.3399310947606899,0.002326286547203848,0.0023265061694096954,0.002326274403808873,0.0023265131293822537
doc88,0.0043487577058098845,0.0043494039678856405,0.00434884158384331,0.004348600559683634,0.004349179847336587,0.590086017077371,0.004348966225934682,0.37512242643890165,0.004349408748311296,0.004348397844922171
doc89,0.0016955268856750187,0.09928188489103063,0.0016953245489235514,0.0016951102461286497,0.0016951560575887467,0.0016951694102466152,0.29031310665714444,0.0016951375468857205,0.5985384342775047,0.0016951494788718918
doc90,0.0027784337759615757,0.0027783529847684374,0.002778381235872009,0.26911562415078055,0.002778233075816939,0.0027787796829648213,0.2182489957181401,0.002778472541332886,0.4931865655182714,0.002778161316091243
doc91,0.001176852435038121,0.0011768333843656775,0.0011768802786917886,0.0011769694941478467,0.2989671544953814,0.38002232820973125,0.001176889028723718,0.2541845781611363,0.0011767385139301507,0.05976477599885369
doc92,0.35113845117562625,0.2033135978276573,0.0021744194830686315,0.0021743039946431997,0.002174621460597024,0.0021743277653373224,0.1440084966641975,0.0021744892723357064,0.14311694190805974,0.1475503504484774
doc93,0.0007875307307487362,0.0007875294351318518,0.0007875565362242224,0.0007875726806342197,0.0007874894254606827,0.0007875432031504415,0.0007875889746484893,0.0007877085490258531,0.9929119107511477,0.0007875697138277787
doc94,0.0006330316314145202,0.5877462783367361,0.0006330373775529539,0.0006329992375434452,0.0006330977046285657,0.0006330150561802269,0.4071894782312733,0.0006330021022819136,0.0006330325668077232,0.0006330277555812038
doc95,0.8582849318653474,0.0015156221013490816,0.12959087754440957,0.001515391613142449,0.0015156907150768132,0.0015153405778662588,0.001515683331329395,0.001515466722367145,0.001515489480173912,0.0015155060489382484
doc96,0.021009049984628016,0.0012198297296693891,0.0012197152433065072,0.0012197672383283196,0.0012198519199933782,0.6361229930631784,0.001219763802724177,0.33432951660268334,0.0012197994515300045,0.001219712963958201
doc97,0.0007939025704020909,0.3713096433569516,0.0007939722883117653,0.0007938482534011512,0.6223393502672696,0.0007938743776471148,0.0007938248765078076,0.0007937956192312752,0.0007938967011642663,0.0007938916891133079
doc98,0.6640136632177325,0.07580935473034947,0.0008548717568934087,0.0008548946919584763,0.0008549892706446527,0.07197544001276712,0.0008548971351070884,0.0008549451083136271,0.0008548576440479588,0.18307208643218575
doc99,0.0013515508743056756,0.0013515787614625154,0.0013515254899801427,0.9395800896555818,0.0013516779282430873,0.0013515649149228627,0.0013514777309273332,0.0013517929708681397,0.001351640588630419,0.049607101085078154
doc100,0.10881951125210089,0.0008066120181575838,0.04846478353711907,0.0008066182548251894,0.0008066585806779125,0.0008066604245581423,0.1284034888207799,0.0008065934956559488,0.0008066250790111658,0.7094724485371142
doc101,0.0020006236431774193,0.002000703974193974,0.11233224284767711,0.3747446849733279,0.0020005113662891097,0.49891926009433973,0.002000666745277553,0.0020005423629239584,0.0020002497795645413,0.002000514213228577
doc102,0.0007354756199432406,0.0007354403856051291,0.0007354761427765564,0.9933808255110013,0.0007354598427114001,0.0007354574981712752,0.0007354954618277381,0.0007354723870994256,0.0007355157515294627,0.0007353813993345027
doc103,0.21425635808470947,0.002128077604965963,0.0021281076856476577,0.28258701102756145,0.0021281893351190904,0.33054479790536956,0.0021279764299923826,0.15984284304581792,0.0021285075555125006,0.002128131325303998
doc104,0.0015876218014291789,0.001587468115469842,0.0015875531563234757,0.5480965330203726,0.0015877625244033096,0.39946881637129056,0.0015875014008405167,0.001587749751647921,0.04132142931762202,0.0015875645406004965
doc105,0.000990393664688387,0.0009904158620291715,0.14664675880248407,0.20101462337135836,0.0009903393388543038,0.14765280717910204,0.23012569220415174,0.2696082975146367,0.0009903507356606805,0.0009903213270345697
doc106,0.001724469771206474,0.0017244507028211045,0.07705953374156675,0.22156790963498832,0.5702618538836255,0.001724611969821673,0.0017243573327491973,0.120764014893667,0.0017243999527525328,0.0017243981168014295
doc107,0.7628800805705886,0.0020837596567573266,0.002083827101251757,0.0020836311550753075,0.0020840448147855127,0.00208379135312739,0.002083814254965269,0.13273270474626261,0.0020841118418087785,0.08980023450537736
doc108,0.0006174445402270122,0.0006173917499350252,0.4509712648010363,0.0006173902118645073,0.0006174149696629462,0.259213266014844,0.0006174591220577187,0.0006174886414435561,0.0006173750740836291,0.28549350487484537
doc109,0.001639687234871613,0.0016397066147136536,0.00163990053113283,0.4269699301565282,0.001639740360438945,0.30535788987387436,0.25619376883755984,0.0016399300015678998,0.0016398521588022635,0.001639594230510219
doc110,0.0016134100716344722,0.33090261444655755,0.4221325359486642,0.06025774190106513,0.028105254800016775,0.15053522135401623,0.001613393436814038,0.001613193505296134,0.0016133504822228592,0.001613284053712669
doc111,0.0030307690759408625,0.003030783447556784,0.27152627139329494,0.20657339416108908,0.003031084843301101,0.0030310136314199224,0.32833226652118963,0.17538288120940343,0.003030766957729064,0.003030768759075404
doc112,0.14947627794708065,0.0012660669723077685,0.6275985965586967,0.14317861714387706,0.0012661081014847982,0.0012660602755542344,0.0012662235711943218,0.07214987940770398,0.0012661100800782055,0.0012660599420222384
doc113,0.0018869968783539962,0.0018871438830024546,0.001887058220490616,0.8392180744019455,0.0018872159225724976,0.0018871198466689826,0.001887059513837606,0.06183697968172269,0.0018871043803920932,0.08573524727101367
doc114,0.0016398629554285238,0.0016395960140835031,0.0016396064658464344,0.001639815737936366,0.14005284982719673,0.800667774689711,0.0016397614412878509,0.0016396836092345151,0.0016404513012829136,0.047800597957992304
doc115,0.2751901796397014,0.001961378089799385,0.0019612033638717443,0.22248098744978226,0.001961427961370485,0.4357400289035514,0.054821156463909164,0.0019614528147692575,0.0019611546416380007,0.0019610306716068416
doc116,0.10092787383379191,0.0527739604732466,0.0006582571348167374,0.0006580745467418925,0.0006581363747564342,0.7975788394447882,0.04477071595390005,0.0006579801920568746,0.0006580896625895242,0.0006580723833117463
doc117,0.0014289994009860025,0.0014290333628005128,0.27514546159866676,0.15602952706995996,0.31675271115071146,0.0014291800073108318,0.0014289559869124823,0.0014291260710285378,0.001428973549843977,0.24349803180177934
doc118,0.0012051361411428607,0.0012051301330514917,0.00120509344738715,0.0012050348290735897,0.001205169406865138,0.001205122998387881,0.0012050776880371673,0.2195171144074358,0.16281903938774725,0.6092280815608717
doc119,0.20888147372332283,0.22740522504425315,0.0006945993693866433,0.0006946279513604919,0.0006946470889924075,0.0006946467060713913,0.13373936940711526,0.000694595981609096,0.0006946619435563392,0.42580615278433237
doc120,0.0010420253929815184,0.0010421330081464854,0.0010420005799510626,0.001041876314512656,0.0010420564895863833,0.0010419810949759886,0.6986104850564595,0.13560677714742558,0.15848847903788732,0.001042185878073424
doc121,0.6712725343634467,0.0058842601164279425,0.005883235183349815,0.005883723336883042,0.005883035546119717,0.28165715696824306,0.00588305450131431,0.005883539801467822,0.005885114084443945,0.005884346098303702
doc122,0.21491005046886652,0.04186812567197178,0.03921579728647617,0.1498045641546839,0.0004927399244059817,0.0004927725917603648,0.25063873632297184,0.0004927752520260415,0.25127580125773785,0.05080863706909946
doc123,0.3867583552284963,0.0030311380821835773,0.003030949846175729,0.0030310731225487125,0.0030315474241846994,0.35470133416929644,0.0030313630651273987,0.003031222379642874,0.2373215760869568,0.0030314405953874063
doc124,0.002632123028959864,0.0026331715133979094,0.002632561457347209,0.11033974966859325,0.002632006378158758,0.0026320681286710157,0.11637220170015923,0.0026322628874013167,0.7548617791397063,0.00263207609760515
doc125,0.00099025342460913,0.0009901455162258997,0.0009901564193311341,0.000990181521371794,0.000990176224609934,0.000990295201332446,0.0009901772876240908,0.0009902871306809587,0.9910881411164573,0.0009901861577573032
doc126,0.00099025342460913,0.0009901455162258997,0.0009901564193311341,0.000990181521371794,0.000990176224609934,0.000990295201332446,0.0009901772876240908,0.0009902871306809587,0.9910881411164573,0.0009901861577573032
doc127,0.0018523531792024907,0.14119791905683185,0.2074543486286761,0.21039386876554264,0.14529796849436652,0.0018525760199935596,0.001852626832258264,0.2863933184463214,0.001852535567419713,0.0018524850093875904
doc128,0.3282801362536295,0.00192334222137173,0.0019235035987488912,0.0019236645298711355,0.0019234810078013092,0.32663243756329546,0.0019237304998744667,0.10447185100163986,0.0019235542727457761,0.22907429905102183
doc129,0.12119601328912293,0.0007093566650397862,0.000709368851261208,0.12843293063430003,0.0007093998165050474,0.07981520558810627,0.0007092787270251827,0.3362835452786165,0.0007093246741672271,0.3307255764758558
doc130,0.009091764110588315,0.009092471274053989,0.20905440426306293,0.009093298861503363,0.718209162784117,0.009091261227293234,0.00909281596275749,0.009090982912675993,0.00909245281796337,0.009091385785984504
doc131,0.0008266993276672708,0.0008266606227628087,0.06268969802735361,0.132507147006427,0.5102062524139712,0.0008267161100048811,0.0008266428088898016,0.12134957939677275,0.052058524992807775,0.11788207929334293
doc132,0.0005918376564741096,0.9946735974025245,0.0005918114893641294,0.0005917796049945285,0.000591789284131915,0.000591779689669538,0.0005919739738019981,0.000591781042203465,0.0005918091683338773,0.0005918406885018157
doc133,0.001389314646951842,0.001389523154163587,0.0013893678345078377,0.0013893253043020274,0.0013891742812667206,0.5500414498647099,0.0013892936234537075,0.0013893964819561779,0.43884366353086524,0.0013894912778231133
doc134,0.5289462656098335,0.0013704031813808366,0.001370267404976492,0.001370217531091128,0.0013701739739562983,0.0013702812429571916,0.28327621878297404,0.0013702907320202492,0.17818562329759866,0.001370258243211721
doc135,0.00044262111645929726,0.1054185364575552,0.0004426035814285657,0.00044261071920541226,0.40116799485253896,0.075189118033561,0.008073635120412667,0.00044259372609055966,0.40793771203534973,0.00044257435739858885
doc136,0.0012990106943887255,0.09249973745010648,0.0012989120257313408,0.001298940098846926,0.21576535486457435,0.3128471925997212,0.0012989633144278737,0.09311698984508233,0.0012988737782281292,0.2792760253288926
doc137,0.38265574481710285,0.05244856746882959,0.23345650466309126,0.00041334289554170067,0.00041330728285151854,0.11671222553279018,0.00041335576139698806,0.05477860861918796,0.00041333409672971594,0.15829500886247827
doc138,0.0005683724696635983,0.000568375959633122,0.0005684399717736481,0.16893671091245915,0.000568325802933974,0.07019297426122703,0.20185118360389726,0.0005683586005945436,0.5556088662743548,0.0005683921434629137
doc139,0.16267419467038968,0.0025649523998183387,0.0025652726650609936,0.002564629641792689,0.0025648412137831596,0.0025647100134768546,0.28532253395207224,0.5340494184747152,0.0025648999603351203,0.002564547008555674
doc140,0.0014089874321470722,0.00140885366374424,0.0014088047679388755,0.35877105580953983,0.16014545622583837,0.301669955031803,0.0014088123973403357,0.17096030856110137,0.001408888821293196,0.0014088772892537054
doc141,0.3801986067515819,0.00057821441147099,0.0005782141564654608,0.04956260333474835,0.000578207272528218,0.0005781764073828237,0.2250996177954749,0.033860923897638465,0.3083871432562221,0.0005782927164868409
doc142,0.0009177118496565326,0.10233052579874816,0.0009176024384782069,0.3114928441431632,0.0009177142720075581,0.5797528243052643,0.0009177842622800191,0.0009176344503594361,0.0009176217141420716,0.0009177367659004798
doc143,0.0008929718868950969,0.0008929572400000558,0.0008930118528470755,0.0008930871507331161,0.0008930831199515329,0.04298712121801984,0.0008930002564936339,0.5994301338608194,0.25447979484984284,0.09774483856439731
doc144,0.19181589681783548,0.0014496518566040997,0.0014495904619230982,0.0014497722293344683,0.0014497564746724844,0.40644666273282937,0.0014499182317511835,0.001449801185129941,0.0014497176209559235,0.3915892323889641
doc145,0.3769377377262378,0.00144972769137876,0.0014496365343296055,0.04576311495149233,0.001449658780567205,0.001449643167798763,0.0014496743714198113,0.001449443259220264,0.5671518529514037,0.0014495105661517464
doc146,0.4203516678750957,0.0012824992636451392,0.001282361637655366,0.0012823497082605773,0.0012824799509820613,0.4135967799613212,0.0012825158791865891,0.0012825378285457848,0.15707441232306826,0.0012823955722393026
doc147,0.0020838162118861896,0.002083673703145348,0.0020837719222582506,0.3965003834724868,0.002083733731055002,0.2081284952046907,0.002083916865793607,0.002083790286883189,0.3807844215339779,0.002083997067823057
doc148,0.0012823487687307993,0.001282203701044419,0.0012822193685016353,0.11851646452528693,0.001282325918987084,0.10648373627985014,0.0012826468879686978,0.0012825852112098514,0.7660231450910342,0.0012823242473862723
doc149,0.3351401366922479,0.08421858533063349,0.12962824116298718,0.0015387321329716713,0.0015387172627128625,0.001538685720201093,0.4417805269540792,0.0015386041628171416,0.0015388121699697569,0.0015389584113795927
doc150,0.0011367788604026757,0.1283063789015654,0.001136610528511652,0.0011366184144007273,0.0011365249893366574,0.1458726324149782,0.0011366217316168034,0.0011365253582747035,0.7178647241551731,0.0011365846457401512
doc151,0.0013160332243600257,0.0013159319695894552,0.0013159454680805927,0.023105522070844244,0.0013162458192950467,0.0013160068674525046,0.7192928126324901,0.0013159277720526073,0.2483896250568558,0.0013159491189795912
doc152,0.0006580938780387568,0.0006581169471570139,0.0006581346919918062,0.0006581711507030068,0.11296729739647328,0.42877474862179044,0.13107630308812507,0.22897799481611167,0.0006580770554659962,0.09491306235414287
doc153,0.003031443784268277,0.09325407220330921,0.0030310779748036515,0.0030306640614702067,0.0030306417479691737,0.0030307004113694597,0.28238678765392694,0.003030563154586583,0.5495456685727218,0.0566283804355746
doc154,0.001176852435038121,0.0011768333843656775,0.0011768802786917886,0.0011769694941478467,0.2989671544953814,0.38002232820973125,0.001176889028723718,0.2541845781611363,0.0011767385139301507,0.05976477599885369
doc155,0.08975863411025045,0.0005465739506431922,0.0005465738939405578,0.0005465485847025622,0.0005465925234660975,0.5422606394237969,0.314438737075549,0.000546567884148429,0.0005466091958265973,0.05026252335767632
doc156,0.0007875307307487362,0.0007875294351318518,0.0007875565362242224,0.0007875726806342197,0.0007874894254606827,0.0007875432031504415,0.0007875889746484893,0.0007877085490258531,0.9929119107511477,0.0007875697138277787
doc157,0.5695221232319805,0.18239020842349207,0.24108600446586304,0.0010001873443650515,0.0010002692395967225,0.0010002349990971139,0.001000198551551998,0.0010002980666599809,0.0010002281931274439,0.0010002474842661306
doc158,0.001052981686391174,0.32233225784890585,0.4676658245487608,0.0010529791096318256,0.001052832709321988,0.0010528146912689288,0.0010527810468811956,0.0010528818289182247,0.0010528519099840743,0.20263179461993577
doc159,0.1993878410836796,0.0010103980695254247,0.0010102840400469037,0.0010104083295721263,0.001010459442019917,0.5889342677656213,0.10609456860664179,0.0010102984667693662,0.001010306886021033,0.09952116731010238
doc160,0.001724469771206474,0.0017244507028211045,0.07705953374156675,0.22156790963498832,0.5702618538836255,0.001724611969821673,0.0017243573327491973,0.120764014893667,0.0017243999527525328,0.0017243981168014295
doc161,0.0011909083273733087,0.0011908000579465593,0.0011906379234884927,0.0011906791100476282,0.0011906094178690194,0.0011906419263171667,0.0011906075659785425,0.0011907608930730145,0.0011906809839265634,0.9892836737939796
doc162,0.001075619304328116,0.14930252494834503,0.0010755184393891352,0.0010755899660489546,0.058222742248467366,0.6005866279957969,0.0010754692802881103,0.0010755921452370175,0.0010754499124612622,0.18543486575963802
doc163,0.0014289705812424672,0.2023162491380905,0.0014288705569222655,0.0014288368164681715,0.0014288009231587459,0.6954224291210083,0.001428863894427559,0.09225941327335689,0.0014287353910509212,0.0014288303042741925
doc164,0.000763543604383103,0.0007634806512838749,0.0007634946393383775,0.8942636576480163,0.07959993223235891,0.020791727127563882,0.0007634907782439671,0.0007634730702640527,0.0007635252441535098,0.0007636750043942132
doc165,0.27718742934006874,0.0008696867965520964,0.0008697917907545397,0.0008697982497227239,0.0008698721118790758,0.2183080185339155,0.13711808831541564,0.0008697614811227524,0.0008697417038092427,0.3621678116767597
doc166,0.0016396003822462292,0.0016395170927001467,0.0016395923504873634,0.6411962969610547,0.0016396803603495028,0.0016397478569484883,0.0016398933508623397,0.3456856188566221,0.0016396375672766983,0.001640415221452396
doc167,0.0022732109547129176,0.00227315619384104,0.0022732054607005774,0.7349795984916729,0.18580363245418544,0.002273330278965377,0.0022730772963770207,0.06330459409745187,0.0022731344982740635,0.002273060273818775
doc168,0.0009525997756338777,0.0009526521694882021,0.1038295010854229,0.08868077697942582,0.0009525510170329759,0.04148176542580574,0.0009527217742774671,0.0009526434310214305,0.0009525683761099645,0.7602922199657817
doc169,0.0020839083225139333,0.0020840571355125828,0.0020840109393337196,0.002084024536081789,0.0020841362521174804,0.002083647842985477,0.3187862631210134,0.23373556165445877,0.43289075466798754,0.002083635527995353
doc170,0.00044456248189344026,0.12024403793548188,0.00044452600508745557,0.00044453631076173003,0.000444564952458383,0.8761995533313521,0.0004445613133647723,0.0004445840749575336,0.00044452305419482766,0.0004445505404479095
doc171,0.004349034683884184,0.004348603751096365,0.004348284987102722,0.5660907547657584,0.004349561744283898,0.004348578669711411,0.0043496329799913415,0.12181295570063756,0.28165280357440314,0.004349789143130846
doc172,0.0016395532899067524,0.2743213832717401,0.659273651340934,0.05492741830609852,0.0016397311321328188,0.001639448294260557,0.0016399830608165957,0.0016397132927420163,0.0016395892803273073,0.0016395287310413801
doc173,0.0018873235632012268,0.0018874552263277253,0.19414175227907668,0.12485538417644286,0.0018876695301390538,0.27565084450592403,0.0018873559265106118,0.2433278405751911,0.0018871213700402993,0.15258725284714642
doc174,0.001075766870218864,0.0010755068536135249,0.0010757129576573522,0.6043168930130809,0.0010756386416615037,0.0010756333325223025,0.0010754958353530397,0.38707785269487976,0.001075671522108041,0.0010758282789049185
doc175,0.3747530740307201,0.0012051272990832873,0.001204993588536835,0.001205047891897944,0.0012050380067621638,0.6156063965243174,0.0012050834580756822,0.001205100190220293,0.0012051119394148185,0.0012050270709715609
doc176,0.3034311668945119,0.0002995006318910293,0.00029947994507260927,0.00029947670713136254,0.03753784859996555,0.10397249678846474,0.15710473750502962,0.2456444185734999,0.1511113639555121,0.00029951039892124593
doc177,0.0010990593394280758,0.0010990025178050891,0.001099004165195248,0.0010990913584514313,0.0010989903046879437,0.0010991112351035873,0.001099196897224304,0.04970305120275022,0.9415043454852059,0.0010991474941481592
doc178,0.4255637731072685,0.001316026785061283,0.0013162098760176558,0.001316090473928611,0.0013165090988522443,0.0013160720014810748,0.04457104168806765,0.0013160737237498932,0.4621693068632159,0.05979889638235713
doc179,0.0014288860260005347,0.0014287332235816857,0.0014287624455870645,0.0014288152882938091,0.0014287481879823925,0.0014288737026190476,0.12880425636162135,0.2204383884788032,0.6407556588697454,0.0014288774157655455
doc180,0.0005815719888801049,0.9947665290460598,0.000581477721387592,0.0005814686725142673,0.000581483057430293,0.0005815163863281496,0.0005815262482928205,0.0005814639541174981,0.0005814603675420939,0.0005815025574472592
doc181,0.0014289997471536582,0.0014290190047537446,0.33045058633786584,0.0014290322506482188,0.19719161817152556,0.00142902705051076,0.0014289173439477154,0.22686492996684957,0.0014289997246442364,0.23691887040210075
doc182,0.0027785733531036196,0.002778731631613401,0.0027789104485561743,0.0027787329861527826,0.3774143166843687,0.0027787578034723045,0.002778668451563688,0.35600920061194585,0.24712575123336972,0.0027783567958538577
doc183,0.0009616816363685235,0.0009616652122435469,0.0009616337122521213,0.0009617398340676028,0.0009617540278080472,0.0009617080349785237,0.0009616622240319149,0.0009616375377925289,0.9913448331088847,0.0009616846715726161
