,topics0,topics1,topics2,topics3,topics4,topics5,topics6,topics7,topics8,topics9
doc0,0.0009176213243441897,0.07934401521397681,0.0009176377781004271,0.0009177052648935544,0.0009175924035966746,0.0009176598116815343,0.0009176183517445077,0.0009175893451009034,0.9133149296601558,0.0009176308464056746
doc1,0.43364315634020983,0.0004000941866975725,0.00040013309783865113,0.11831465372851828,0.0004001095123065054,0.4452414886756294,0.0004001011574749769,0.000400104163872508,0.0004000570912302328,0.00040010204622193833
doc2,0.0005815918775095723,0.1501177805301932,0.054385385789160585,0.6672069756515122,0.0005815804849980123,0.0005815682862111016,0.0005815791536092164,0.06943172251317263,0.000581561983956682,0.055950253729676755
doc3,0.16299208245483102,0.4487016689439704,0.23817511300968638,0.1392197227408669,0.0018184556702193632,0.0018188521037060482,0.0018186107015692795,0.0018184393324301928,0.001818532140459705,0.0018185229022607181
doc4,0.0034491092716623724,0.0034494244568958536,0.0034488537841191875,0.07232790015434111,0.262277972885594,0.6412503702526857,0.0034489350609390322,0.0034489108178873827,0.003448901041139804,0.003449622274735459
doc5,0.0010872348380067656,0.0010871289914286951,0.2783413476672887,0.001087228410343276,0.0010873056465089505,0.5725906127445538,0.0010873116876632862,0.14145750862570444,0.0010871119146980408,0.0010872094738041034
doc6,0.0014930203344430324,0.5470516055080992,0.0014928765343128257,0.0014929926762547007,0.0014930408804817176,0.0014930538022361612,0.20887585362528202,0.23362185675509745,0.0014927542145562371,0.001492945669236668
doc7,0.0005436700047004888,0.0005436505036199264,0.7795146728964094,0.000543667161536918,0.0005436321082551279,0.09056263734740211,0.08448849010196947,0.0005436143994501004,0.008556243654604166,0.034159721822052326
doc8,0.2858900509094717,0.0005495787474530756,0.11317683655557528,0.000549626138473164,0.0781287674919875,0.0005496158446585664,0.08615495325649825,0.31058556456839737,0.013001405180326036,0.11141360130715898
doc9,0.10105582813396388,0.0009806924190852888,0.03903512080640337,0.0009807587591513362,0.5412158671969719,0.0009806539118011428,0.0009806638028153625,0.29871049993456783,0.015079261985705692,0.0009806530495341899
doc10,0.0014087962770666395,0.2596333237715005,0.001408896319106558,0.0014089301845024763,0.2722148978284288,0.0014089010258186581,0.0014086673761002824,0.2967762084817575,0.04293897854938771,0.12139240018633084
doc11,0.0005156328862292447,0.0005156093945378568,0.0005155857671721301,0.057735335564210115,0.6375386703096275,0.000515618740899347,0.0005155558682000778,0.2617211126550027,0.0005155748179273308,0.0399113039961937
doc12,0.0006290554558756403,0.48392650300290313,0.02673651205021669,0.34634591760790306,0.0006290826343383467,0.0006290800386818375,0.09031555953302486,0.0495299624184669,0.0006292459086841069,0.0006290813499054642
doc13,0.0007146006335144176,0.0007144932607947173,0.0007144938789575741,0.17151906908479805,0.1567230115656951,0.0007144844738439804,0.0007144005536869915,0.35864459026962076,0.0007143587314381044,0.3088264975476503
doc14,0.16421312471546148,0.0006581002328163441,0.03457237488800663,0.0006580279895084952,0.14853564378158446,0.031929656088532356,0.05449356622159725,0.33281010114217646,0.23147137990164077,0.0006580250386756682
doc15,0.0009176213243441897,0.07934401521397681,0.0009176377781004271,0.0009177052648935544,0.0009175924035966746,0.0009176598116815343,0.0009176183517445077,0.0009175893451009034,0.9133149296601558,0.0009176308464056746
doc16,0.0009176213243441897,0.07934401521397681,0.0009176377781004271,0.0009177052648935544,0.0009175924035966746,0.0009176598116815343,0.0009176183517445077,0.0009175893451009034,0.9133149296601558,0.0009176308464056746
doc17,0.06342153693567558,0.0710912123089311,0.00099019749373579,0.0009902946584561822,0.0009904607241100123,0.22798362552757537,0.0009903503791678595,0.0009904425782739218,0.019040610521496866,0.6135112688725772
doc18,0.0010640099890728582,0.18815931416468706,0.0010639923086829411,0.30292784428792024,0.0010640199429566425,0.0010640418517985104,0.07886567935556463,0.19551166981445153,0.001063979926128428,0.2292154483587372
doc19,0.4179005695502853,0.00036110976579365454,0.00036113997031929834,0.17521780352699504,0.15151241250343125,0.19944822911295443,0.0003611370732224222,0.05411538137664693,0.00036108600868801596,0.00036113111166370687
doc20,0.0013891959144077828,0.7298764674543393,0.0013891040021816756,0.0013891511921105039,0.0013893862919101521,0.0013893246480879925,0.0013892676770939603,0.0013891103342391087,0.0013889877020405402,0.259010004783589
doc21,0.3878633155465989,0.2468302641355484,0.000558737484629358,0.0005587430689280038,0.0005588363085499955,0.20036220698208507,0.0005587754343823677,0.0005587938608871588,0.0005587074481815687,0.1615916197302091
doc22,0.0021742065578276215,0.7858315375577076,0.0021742845509356164,0.0021745425524221725,0.0021744523273162053,0.19677234845256095,0.0021746376766095033,0.002174752311406507,0.002174896300996535,0.0021743417122172828
doc23,0.24960642511709477,0.0007248223070452721,0.332202723314139,0.41311687831626315,0.0007248621649291991,0.0007248765659257627,0.0007248325375034576,0.0007248913787661124,0.0007248431027843575,0.0007248451955488121
doc24,0.5032150597702681,0.0008476964504301432,0.0008477484797406225,0.08857666605828529,0.09997499872885637,0.0008476746876745491,0.03084939061280216,0.000847687567359581,0.0008476490959775622,0.2731454285486056
doc25,0.0004485835769835875,0.1285296882863617,0.040593001943973105,0.3343911432901765,0.0004485532514236053,0.14266575436580287,0.3515775373460041,0.0004485702277393199,0.00044863543858097277,0.0004485322729541995
doc26,0.7890455841387747,0.0010206382058379085,0.0010205537661766835,0.0010205943685116898,0.0010208275831941672,0.2027892897100431,0.0010207573603660217,0.0010206319648242922,0.0010204908904165194,0.0010206320118549908
doc27,0.02909496184262814,0.19018275481871583,0.0010312625627497303,0.0010312765761224735,0.16945228759173936,0.0010311443106887808,0.5876234916952728,0.0010311676607641972,0.018490523598962957,0.0010311293423555985
doc28,0.00036636551525195846,0.0003663771122729932,0.0003663587184251529,0.0003664024499946333,0.13910167996581144,0.15190116797081704,0.00036640656941992533,0.2486225481682647,0.027418741126887074,0.43112395240285506
doc29,0.0008335284658047137,0.0008334786875804573,0.000833439346763488,0.0008335536289329408,0.0008336165020687179,0.11467941897994156,0.0008335516862784931,0.3074696484844261,0.05172763664225942,0.5211221275759441
doc30,0.0012348219723317246,0.07827730340558094,0.26158114719128006,0.2933538674026282,0.0012349183866948,0.0012349224138141956,0.24513428081492034,0.0012350093957077624,0.0012348779078558407,0.11547885110918613
doc31,0.4340931916721795,0.0011497879262095188,0.001149786074703233,0.0011497020027764215,0.10035641468006394,0.4123003460649084,0.04635199702206374,0.0011496407340230597,0.0011495099198639395,0.0011496239032081506
doc32,0.0009437312597366708,0.0009437079446958678,0.1022364841333914,0.04153888227600926,0.241486934222866,0.05348574093086796,0.0009435963803451646,0.000943596471138042,0.0009434817677551636,0.5565338446131944
doc33,0.0016955335852144476,0.001695567595667452,0.001695720701461545,0.0016953276423075573,0.9276709416776873,0.0016954167293186462,0.0016956125942536558,0.0016953552164962885,0.058765289175611045,0.0016952350819821225
doc34,0.0004049551493907924,0.06134384361729069,0.00040496412395114515,0.00040498696830719455,0.00040497291013767483,0.7744954758177668,0.04068882553340885,0.0785892266355075,0.0004049383872073282,0.04285781085703198
doc35,0.001428992449415064,0.0014291297221943513,0.0014287122623974022,0.0014294926130532855,0.9871384431482306,0.001428984839275857,0.0014288105379985027,0.0014289526063989476,0.001429486997041363,0.0014289948239944701
doc36,0.003449981319926636,0.0034491780026239113,0.0034487720335167403,0.4644292453381275,0.0034496417880413442,0.003449397237623764,0.003449334622172191,0.5079764674302917,0.0034485205544720126,0.0034494616732041765
doc37,0.07548321578294838,0.6046099101121769,0.0013516795097215696,0.0013516536051521736,0.0966532127419227,0.13050295593307543,0.08599217867689049,0.0013517445110202812,0.00135158897547095,0.0013518601516211324
doc38,0.03670351718916071,0.0008549202570870591,0.0008549292653364471,0.3283219456434385,0.1167370056533518,0.0008549737513844316,0.000854848205604886,0.000854947646752831,0.000854778409558923,0.5131081339783244
doc39,0.0002469900152303883,0.11516693116602647,0.2785825637787697,0.10423877762811677,0.26616026415566635,0.15164715125960848,0.00024696117117055133,0.000246992507386309,0.0002469460129201639,0.08321642230510491
doc40,0.0034492893158297425,0.0034487976225026384,0.9689586853759601,0.003449625105002517,0.003448964414769134,0.0034493150892699175,0.003448613416293644,0.0034487531845512694,0.003448714635544222,0.003449241840276785
doc41,0.11748701334046004,0.0009712055140793961,0.23327926731229687,0.000971105033946944,0.20661688781972765,0.0009711923493165878,0.0009713364935441018,0.09617079403832286,0.3415901240116686,0.0009710740866368214
doc42,0.0010992044890794834,0.0010990731061443601,0.0010990472009292074,0.0010992052217340708,0.4785521925104473,0.0010991074554630737,0.0010990626276456401,0.09992983635467548,0.4138240255764948,0.0010992454573866338
doc43,0.0018187435762356179,0.0018187763170787546,0.001818660149542897,0.0845160010147818,0.7867350344786616,0.001818573102614183,0.11601854039719564,0.0018184451145930236,0.0018185741501607108,0.0018186516991358533
doc44,0.0012823233135536652,0.4641739057971312,0.0012824174220184396,0.23425810175117476,0.0012823585773187641,0.0012825040662488634,0.29259130605755174,0.0012825112499271838,0.0012821496932229094,0.0012824220718524169
doc45,0.0007354191542712226,0.11751277224552505,0.016344558297629836,0.052506683421884304,0.5088280564170793,0.0007354215099027696,0.06974584607673752,0.0007354377972577624,0.0007353862592315026,0.23212041882048073
doc46,0.15920706681304553,0.0011496323949623404,0.001149825200335145,0.0011498622799195686,0.20062598420636454,0.3585231909623955,0.0011499492522614233,0.0011496846003421013,0.0011496060965666018,0.2747451981938074
doc47,0.05732153103377582,0.0011239054071167914,0.870727810080418,0.0011239367967168172,0.03252226346267842,0.0011239920226191,0.0011239227236282093,0.001123916270024461,0.0011237634390284482,0.03268495876399386
doc48,0.03134407891924359,0.4141114405379198,0.0005155739047351504,0.13030673237803733,0.0005155721968933833,0.06907131799268745,0.11686884339724248,0.0005155920578905112,0.0005155554557927912,0.23623529315955752
doc49,0.3443681937001437,0.0003345173213822382,0.0003345285091817716,0.40388476664973516,0.13438570870758834,0.11535417948500672,0.000334537602283174,0.0003345354500386032,0.00033453998590181816,0.0003344925887384188
doc50,0.001961283254224052,0.13016395603274328,0.001961269967740391,0.0019610582485764037,0.028524365751911248,0.15167212040974717,0.44372062559391107,0.08358096931198772,0.001961172670703772,0.15449317875845475
doc51,0.00100011647303959,0.0010000721926134903,0.001000121514939524,0.0010001470667588633,0.0010001038809601922,0.08641826195383731,0.0010001160932469845,0.0010001191914963232,0.9055806507340507,0.0010002908990570088
doc52,0.001010347643981727,0.06874021805299974,0.0010103294960717181,0.001010427983002462,0.0010104075384009732,0.0010104142731879378,0.00101046968757049,0.001010415969797732,0.02767453361990059,0.8965124357350865
doc53,0.24224603781453607,0.0026322946288136083,0.002632556433254496,0.45510213524839266,0.0026328919905343937,0.0026323042939121752,0.0026327472484632716,0.28422399034949397,0.002632633547929398,0.0026324084446698462
doc54,0.3729310330421029,0.0021744587610157914,0.0534065965441104,0.5584414725285581,0.002174387773959344,0.0021743501480634233,0.0021745118786930776,0.0021745645932742057,0.0021743280241082845,0.0021742967061145835
doc55,0.43958134879547844,0.0007044141292989603,0.29798878043284655,0.18752409598134445,0.0007043993390598152,0.0706794308131684,0.0007043602933676535,0.0007044293666810765,0.0007043523528068417,0.0007043884959478396
doc56,0.032821694704178485,0.0005650918818423555,0.0005651114497830836,0.3023058170685241,0.0351107791104067,0.588419782967734,0.0005650725837848732,0.0005651511499381375,0.0005650813801132655,0.03851641770369493
doc57,0.0010421114338994913,0.08735459886168805,0.2390382437040385,0.0010418418577815768,0.19806361792974164,0.0010418844615665845,0.4692920094303063,0.001041969127055363,0.0010419204134838567,0.0010418027804386366
doc58,0.0016669486857414876,0.2959085361966926,0.0016670551416212373,0.001667194315195078,0.0016669623784307396,0.0016670460815852678,0.2604809617570973,0.001667022926067044,0.001666971943214405,0.4319413005743548
doc59,0.0013162780153595259,0.0013160509327623522,0.16100063037279808,0.0013164647194778012,0.1333064495138026,0.4191984488477477,0.0013162510821332126,0.2785965012067884,0.0013162990174175543,0.0013166262917126191
doc60,0.08087132675331692,0.18683172797950048,0.0005526302735448402,0.06007040654314647,0.04540502378682689,0.0005526746446453104,0.04774384497274519,0.1805932499608123,0.01626475632124329,0.3811143587642183
doc61,0.0010528380666034079,0.8909044167239594,0.0010527224562227626,0.0010526885069273826,0.0010528509937172464,0.00105276411242404,0.001053008669002743,0.0010528145943694027,0.0010527931081472826,0.10067310276862643
doc62,0.00100011647303959,0.0010000721926134903,0.001000121514939524,0.0010001470667588633,0.0010001038809601922,0.08641826195383731,0.0010001160932469845,0.0010001191914963232,0.9055806507340507,0.0010002908990570088
doc63,0.0011766753808247117,0.0011767415659461372,0.0011767670943602377,0.0011767285840225189,0.0011767300184827984,0.19894668578716163,0.0011768961620972445,0.0011767460806322205,0.0011766880891374875,0.791639341237335
doc64,0.00100011647303959,0.0010000721926134903,0.001000121514939524,0.0010001470667588633,0.0010001038809601922,0.08641826195383731,0.0010001160932469845,0.0010001191914963232,0.9055806507340507,0.0010002908990570088
doc65,0.0007694364392225457,0.10327740759068069,0.043381703057373835,0.25146654789913037,0.0007694766877796807,0.0007694103915856878,0.0007694869588142235,0.33594886479812563,0.09211111718953743,0.17073654898774984
doc66,0.7254940220569877,0.0007409004414149287,0.21433877602863025,0.0007408767181579928,0.054980901804570895,0.0007409373975125933,0.0007408571155193104,0.0007409435994395813,0.0007408955198330514,0.0007408893179335037
doc67,0.26291595713224736,0.0011239474424873045,0.3203719898333977,0.3192273024497177,0.09074129911586394,0.0011239747088896117,0.001123879749250112,0.0011238382264463207,0.0011239767266790607,0.0011238346150207448
doc68,0.0006371495848524225,0.12688294191038385,0.24459079754250948,0.0006371370154253711,0.0006371382852792436,0.0006371234326042782,0.08623459380564517,0.4572127627100295,0.0006370530798061203,0.08189330263346448
doc69,0.0018873078369421117,0.0018872435827747235,0.0018870242959835996,0.0018873053761088898,0.9830149239628102,0.0018871171735803923,0.0018876872610460466,0.0018872588674087385,0.0018870235637147602,0.0018871080796304593
doc70,0.0011768223669896857,0.0011768558489952312,0.6449981425187176,0.0011767199361804716,0.0011770881819329949,0.001176843649363593,0.0011766629353242948,0.0011767760170936902,0.022914398469292732,0.32384969007610964
doc71,0.0014710966982648766,0.0014708467612154247,0.08665439477563869,0.485094096160847,0.0014709365382715904,0.4179551812569872,0.0014710565442563426,0.0014708486160703999,0.0014707476658435228,0.0014707949826051282
doc72,0.0015876430024267395,0.47873743541825714,0.001587701660153025,0.28633922578444815,0.0015879017149937585,0.0015878025078418765,0.0015880046603365446,0.0015876630757010392,0.001587401698097803,0.22380922047774401
doc73,0.001163085065444293,0.13044856595757492,0.18103439897665324,0.004584318648968152,0.0011632057089170722,0.001163051795846448,0.0011630615877466029,0.00116315642715339,0.0011629279019694204,0.6769542279297265
doc74,0.000694588478850227,0.6920992447880032,0.0006945742263499764,0.30234398443907873,0.0006945478719638979,0.0006945753508605248,0.0006945566355634148,0.0006945212161275282,0.0006947592696420313,0.0006946477235605552
doc75,0.0006538293695814003,0.3182131384932067,0.0006537114084332422,0.0006537915710608399,0.4094356208193205,0.0006537485147655033,0.04148699108428345,0.0006537428782827883,0.04511497094384708,0.18248045491721848
doc76,0.0050013363468513015,0.47084973509069705,0.005001139814679849,0.005001908321439703,0.005001424370718565,0.005001122031636122,0.005000448744102015,0.48914043031112553,0.005001331579308064,0.005001123389441664
doc77,0.0015387729457519582,0.0015387905260883358,0.0015388311788582492,0.15379269068499216,0.8338964280092086,0.0015388892307593852,0.0015388156633240457,0.0015387496892372643,0.0015389260396912825,0.0015391060320888875
doc78,0.001204983071856387,0.0012051461497552482,0.0012049053604883527,0.0012051869991491976,0.9706101079278703,0.0012051241987741175,0.0012049762081498452,0.0012051483915431606,0.0012051425284014335,0.019749279164012062
doc79,0.0016670559356705525,0.0016673672761578031,0.1772566252286527,0.0016671701779686703,0.5925691311553497,0.07383146699905264,0.001667651918303622,0.0016671627035790206,0.001666829355331585,0.14633953924993356
doc80,0.001250293782735691,0.0012504123098106784,0.0012503237470381232,0.0699164496336646,0.0012503391598858594,0.32037983112707485,0.4360396948823199,0.07837430470862762,0.0012502641615035894,0.08903808648733919
doc81,0.0019612223001030616,0.0019613228049749445,0.001960985862273052,0.0019612223783231774,0.890046495327983,0.001961223286913716,0.0019609946405685446,0.00196126486429835,0.001961042583396318,0.09426422595116593
doc82,0.011112971133446942,0.011113240046443772,0.011112344107521575,0.011112862495310499,0.7822260504834231,0.011113631410874875,0.011112751788277458,0.011115411840303858,0.011111704660857728,0.1288690320335403
doc83,0.0014931693167062317,0.0014931308454894127,0.0014927964467952874,0.001492786035803922,0.5540479510926812,0.00149302034227276,0.0014927156110146349,0.4340082475172257,0.0014929275366334946,0.0014932552553771929
doc84,0.08543857218721251,0.6383197378301811,0.0012824652484107425,0.00128251014689307,0.26726478211667276,0.0012825164046316954,0.001282259396853303,0.0012825215463889241,0.0012822870241996933,0.001282348098556206
doc85,0.30498482023427703,0.0008773691352003392,0.31165105215574407,0.0008774587698022411,0.0008773946742931292,0.3382021258857199,0.0008773416782177613,0.0008773749120381677,0.0008774011671840516,0.03989766138752337
doc86,0.00149300155456187,0.20210567546580574,0.0014929505139441932,0.0014927138635094683,0.5240056673562702,0.001492737029614824,0.0014927676972224925,0.001492897223145442,0.001492728655276961,0.2634388606406489
doc87,0.0015156312323690083,0.0015157912337075438,0.0015153642358197207,0.0015158137501369514,0.11293672748174123,0.8749378967166986,0.0015157164381712938,0.0015155617672772646,0.0015157502166885152,0.0015157469273899369
doc88,0.0012822924806041374,0.61150986345146,0.03319385321207699,0.34632020080721265,0.0012824289139406102,0.0012823163139098535,0.0012823360368756898,0.0012822086798293306,0.0012822436065428797,0.001282256497547671
doc89,0.005001827301950815,0.005000993400475453,0.0050008241512781515,0.005001853363678621,0.005001797170902452,0.005002262956347022,0.005001290915025683,0.5087175009566353,0.005001389367097338,0.45127026041660934
doc90,0.0008930253119236457,0.0008929993257312976,0.4791436080732855,0.30488845466321784,0.0008931775692588835,0.0008931964558216212,0.0008931040501955548,0.000893128353487096,0.0008929411343849396,0.2097163650626936
doc91,0.002941561120057538,0.28080796161784205,0.09971842726519581,0.0029416506815893345,0.32077826998699194,0.002941844682669214,0.002942006760109874,0.2810453190461695,0.00294147962336892,0.0029414792160057427
doc92,0.0011365896895517609,0.16008134046267938,0.0011367664336802818,0.0011366699760701484,0.0011367736347893868,0.4352286783242569,0.0719602654607627,0.307357360212739,0.001136533759429655,0.01968902204604086
doc93,0.22573408139137863,0.0014497734679212273,0.0014497677498062056,0.19211454811477,0.2742717971671157,0.0014496832615503424,0.1269977897853892,0.0014497874406961422,0.03514981215717713,0.13993295946419543
doc94,0.08109721586699799,0.0008065992631067198,0.0008067103494594915,0.12130549975119358,0.0008066125210122907,0.6349258825086647,0.0008068209844245292,0.0008066393856598514,0.0008065992600473568,0.15783142010943346
doc95,0.000568354539891238,0.46966836530048617,0.0005683238322216373,0.3040031582440481,0.0005683716927773491,0.06511097348564414,0.11292544027200299,0.0005683110298486041,0.0005682511439605792,0.04545045045911915
doc96,0.0005954700598854044,0.04346803058746196,0.000595394388114278,0.24776450270728306,0.21825409940864543,0.000595422171584553,0.0005953876993338161,0.4869409838010142,0.0005953457984980068,0.0005953633781793628
doc97,0.15612781303336198,0.7393789471959267,0.019019959917792956,0.0011498566471653095,0.07857495755204476,0.0011498126066095233,0.001149725051260982,0.001149650655046726,0.0011495138767476309,0.0011497634640437043
doc98,0.045905433995187976,0.3849570319305571,0.0006061822335537833,0.0006061975835325013,0.0006062544826354626,0.08440323490069693,0.39072810182098033,0.09097522617472432,0.0006061488963849806,0.0006061879817467086
doc99,0.0005001182538359756,0.10790850675548198,0.5300043908166029,0.15508479131575081,0.06096104459911842,0.0630612187573096,0.000500174363194825,0.0005001171188120741,0.0005000669189863854,0.08097957110090707
doc100,0.0010872869726003655,0.06621004442420253,0.23151807411485886,0.6946614027274187,0.0010872498404877924,0.0010872280719095842,0.001087219775454425,0.0010872122901986428,0.001087135693714672,0.0010871460891542016
doc101,0.0009617218372287815,0.1018800167277429,0.0009617274074709914,0.0009617533350450296,0.12552639033848179,0.0009616399486949663,0.17779968362146495,0.0009617230906846544,0.019720705842975476,0.5702646378502104
doc102,0.0025003167801420415,0.0025010001481203152,0.002500959564155531,0.12104679392819336,0.4216755868979262,0.0025006511989125596,0.0025003824209397126,0.002500412157521651,0.002500669163473067,0.4397732277406155
doc103,0.0005052150631550898,0.4060739638043032,0.000505132324320786,0.3382057711745645,0.0005052334527062222,0.0005052364952897741,0.2170999747860473,0.0005051937372587438,0.0005051302229955996,0.03558914893935858
doc104,0.001111281562766452,0.001111433294656866,0.3646105979156932,0.3709729915163591,0.001111332966683468,0.0011114329861002406,0.0011113448557356176,0.0011114593728584832,0.0011112693554629297,0.25663685617368354
doc105,0.0011630624617584412,0.20030880159630976,0.20670063644329492,0.0011631084612141439,0.12250209529673073,0.3718478920942053,0.0011630700152866786,0.09282527281257535,0.0011629461503748838,0.0011631146682498233
doc106,0.0011767297619919188,0.5303904625591545,0.0011767687949736027,0.12797674443632737,0.02210874659399719,0.0011767681766534077,0.31246341099593533,0.0011768927130504931,0.0011766855846447096,0.0011767903832713342
doc107,0.0030313853414191045,0.43684669932987763,0.2218457871151068,0.00303134763180769,0.003031101315080154,0.15306955863182453,0.17005074666191347,0.003031599874689396,0.003030833587302309,0.003030940510979155
doc108,0.1901424681047879,0.08512333558590647,0.0007577723563743646,0.0007577511683405436,0.3414120397838776,0.3181755670111543,0.0007578786782093972,0.0007577939439456332,0.0007577266136249599,0.06135766675377892
doc109,0.0047627612822916015,0.004763355771475551,0.004762215317146837,0.004763266253067916,0.6235890787078356,0.004762882561086061,0.004762432238907514,0.004762848632865412,0.07084093115433061,0.27223022808099284
doc110,0.002000676360485098,0.00200066023338934,0.43811616206411863,0.0020005623196287675,0.37041335205068465,0.17746609746107578,0.0020005624897630487,0.002000597373375216,0.0020004484947665313,0.002000881152712985
doc111,0.001818525595478256,0.5630382989161855,0.0018185866420269941,0.0941765809012028,0.10250380440826504,0.0018188217406713606,0.22936983051724666,0.0018187513821570883,0.0018183796413850139,0.0018184202553812717
doc112,0.0009436759414409686,0.059231956793573896,0.0009434749619299639,0.0009436741199372342,0.000943686021310656,0.06344540931526967,0.0009435985089114494,0.000943619758276881,0.8357610238093773,0.03589988076997187
doc113,0.0009436759414409686,0.059231956793573896,0.0009434749619299639,0.0009436741199372342,0.000943686021310656,0.06344540931526967,0.0009435985089114494,0.000943619758276881,0.8357610238093773,0.03589988076997187
doc114,0.9737327025985948,0.0012989653143912427,0.0012989449327805377,0.001298984183457111,0.001298849156833894,0.0012987855836897808,0.0012989769514222523,0.0012989542304917326,0.015875742914129156,0.001299094134209588
doc115,0.07175160928688537,0.0006580117164641616,0.19000194299265893,0.3983812936985712,0.000658082212240653,0.3359165782198046,0.0006581904851621585,0.0006580622308690951,0.0006581151742044183,0.0006581139831394548
doc116,0.0015628692445345633,0.0015626952828157856,0.13569759342290097,0.8517995069280365,0.0015629080596030462,0.001563072562392209,0.001562978482249115,0.0015628435909798525,0.001562813849254246,0.0015627185772337908
doc117,0.0007815250181310529,0.06156820778902845,0.06740007421452879,0.17413254958810848,0.0007814580593422239,0.6032730669445356,0.0007814343479727974,0.08971874549468468,0.0007815328219530376,0.0007814057217147866
doc118,0.22327323529082277,0.33554209500322935,0.06898185886228918,0.10366004990487344,0.08203135619314147,0.0018524011889466522,0.0018526495434704423,0.1791018685219463,0.0018520723621653938,0.0018524131291148564
doc119,0.3981503826270339,0.0008476749222401183,0.0008476408960044749,0.32413133245412207,0.0008476774139804484,0.0008476437595009487,0.0008476401242603705,0.2717847517143075,0.000847641907656961,0.0008476141808932139
doc120,0.2628642880581635,0.1707545174019358,0.0017862755904484184,0.00178622921334319,0.451743911619371,0.0017862507512484515,0.0017861544457103043,0.10391971489470749,0.001786382501138205,0.0017862755239336718
doc121,0.39408006847545246,0.0023814681412357925,0.24964779254022662,0.0023816948849031544,0.00238152127765849,0.33960151207280354,0.002381298654189674,0.0023814003142291237,0.0023817104364970082,0.002381533202804132
doc122,0.0013163374205958237,0.001316116948804079,0.46446927311457326,0.14637143744131678,0.001315999594421733,0.0013160257105573386,0.3799464695853294,0.0013161170485980144,0.0013159697544963803,0.001316253381307247
doc123,0.0019610811348364362,0.04453239746908936,0.00196097925930823,0.00196111212368571,0.9397794714140376,0.0019609071789966144,0.001961000336971116,0.0019611085085272277,0.001961048779255096,0.0019608937952926347
doc124,0.02446076205545244,0.23827991520224506,0.46307499288423315,0.13571024387670638,0.04826792633227045,0.08902592380185889,0.0002950650320938169,0.0002950762371215199,0.00029502798843907967,0.0002950665895791751
doc125,0.002174350299005031,0.44031024375742295,0.002174160496176301,0.0021741750406862785,0.0021742942523460813,0.0021744479524796532,0.1976608857323715,0.3468089454798735,0.0021742412238174524,0.0021742557658212206
doc126,0.0011629924502164486,0.0011630536954689095,0.0011630625796009413,0.0011630347775542947,0.0011630490393930199,0.19151163457980055,0.001163162482291599,0.0011630647883724957,0.0011630048569665492,0.7991839407503352
doc127,0.0007248603666340532,0.0007248609256370344,0.24984584037898552,0.1594991790758748,0.0007247827338888389,0.0007247997627505816,0.0007248136713277656,0.14582127545402795,0.0007247602099887615,0.4404848274208845
doc128,0.5470812509397318,0.000588433147928856,0.061086962304211095,0.07014517321164257,0.10820224143526624,0.022708111703340663,0.0005884560019106533,0.0005884200778134037,0.06045673600964839,0.12855421516850643
doc129,0.3194141390966857,0.002858177526426193,0.0028578272496855707,0.0028576100175397813,0.5005471050614019,0.1600337809132738,0.0028578877230505477,0.00285778847702431,0.0028574436137774094,0.002858240321134812
doc130,0.0016953197311645792,0.001695109092327947,0.001695491941879931,0.0016953548141325167,0.49622721525083896,0.49021004326193235,0.001695323191349771,0.00169533404434608,0.0016951249459729526,0.0016956837260549023
doc131,0.0014496489854374372,0.0014498709832867147,0.0014495666247066592,0.0014494914400514252,0.9869525158743157,0.0014498092493243988,0.0014498473634473935,0.0014497728262749987,0.0014496198720313897,0.001449856781123697
doc132,0.03582982461966969,0.2994006400163244,0.07715268265964252,0.17138326550613422,0.001075641095314349,0.25146068879462324,0.001075436877512447,0.16047066099220988,0.0010755471190053972,0.0010756123195637774
doc133,0.0012051501492037781,0.0012050253833819295,0.42123611717908566,0.5691232691404833,0.0012050826044295115,0.0012052961594744007,0.0012052001308517713,0.0012050033939289757,0.0012049048622845182,0.0012049509968759314
doc134,0.0010103956598987982,0.0010104337210515401,0.0010103690181608067,0.13170353273811564,0.34455299315154697,0.36675380033090793,0.03647501647042736,0.03973786402043173,0.0010104151021153728,0.07673517978734372
doc135,0.1901424681047879,0.08512333558590647,0.0007577723563743646,0.0007577511683405436,0.3414120397838776,0.3181755670111543,0.0007578786782093972,0.0007577939439456332,0.0007577266136249599,0.06135766675377892
doc136,0.31058853053602603,0.3727402880218257,0.0012661116669901165,0.0012660664381948137,0.17074978207873046,0.001266113487846631,0.0012662138332205444,0.13832479924695606,0.0012659703773189985,0.0012661243128906654
doc137,0.0005619490302859108,0.0005619887413174575,0.10454402789812929,0.036912245999126875,0.7326412563989139,0.000561913177053736,0.0005619934160454731,0.12253076419533604,0.0005619498998524637,0.0005619112439389369
doc138,0.0020837714716415152,0.002084782061188807,0.0020837735848830484,0.0020838157155104236,0.8078270671601289,0.0020837503052445303,0.002083827425703061,0.002083816568024452,0.0020839238711110697,0.17550147183656434
doc139,0.6036905885096866,0.0038468060976400644,0.0038471851633884056,0.00384747346016316,0.28894837060827777,0.0038471483716505154,0.003847442205666387,0.0038473137478098433,0.08043049209215372,0.003847179743563633
doc140,0.44249350467242987,0.17821486559391936,0.00270339816637439,0.0027032637993663114,0.3603683217540361,0.00270307496579612,0.002703041073180428,0.0027036367111965384,0.002703525620296531,0.0027033676434042196
doc141,0.0022733993529186194,0.00227351463294443,0.0022730721005474676,0.0022733381061324615,0.0022735558696792796,0.5603835798541198,0.002273298887788185,0.002273242557178113,0.0022732194498259867,0.42142977918886565
doc142,0.0014495330382901387,0.0014497768321849506,0.001449906592382299,0.0014496986691371842,0.22011737911624427,0.001449874153767899,0.27373016477143447,0.001449611924176704,0.0014495246758416233,0.4960045302265406
doc143,0.0022733993529186194,0.00227351463294443,0.0022730721005474676,0.0022733381061324615,0.0022735558696792796,0.5603835798541198,0.002273298887788185,0.002273242557178113,0.0022732194498259867,0.42142977918886565
doc144,0.11372091578781644,0.0010419675933428672,0.08297465135907578,0.14013477274119543,0.0734832830982749,0.2481367075186542,0.03191997296989183,0.3065032454411966,0.001042542049356908,0.0010419414411952193
doc145,0.0016395993230572778,0.7470405801973321,0.0016395916511410134,0.0016399940535406568,0.16434630242579118,0.001639677323149069,0.07713527806381718,0.001639741294496649,0.001639613852191885,0.0016396218154830864
doc146,0.4967481013605695,0.0023262010630855858,0.0023259988282195478,0.002326469836590099,0.14647897431725831,0.0023262217819462728,0.0023263844673713585,0.3040037111035442,0.03881170164654994,0.0023262355948650564
doc147,0.6370175344901337,0.0014496493307005966,0.0014496198774066953,0.0014496400828625917,0.07317826006388588,0.0014496781251564603,0.0014494681135747997,0.23641711008081392,0.0014495081151737373,0.04468953172029163
doc148,0.44013550346056435,0.36203185512647673,0.003334407104574488,0.17449240124603996,0.003334491009575954,0.003334491909128255,0.0033343883412465646,0.003334371790869077,0.003333895378094316,0.0033341946334302765
doc149,0.0013516864674944463,0.0013516424995639658,0.3546675466612155,0.15693054323730166,0.0013516025768871443,0.12435925906175926,0.0013516466072086787,0.3559329365580043,0.0013515275004608225,0.0013516088301041972
doc150,0.3869119880543705,0.0018871026124251062,0.0518953800792999,0.0018871021742474878,0.3425185091995215,0.0018871521133037655,0.0018873172885013818,0.207350925228129,0.0018873768289518246,0.0018871464212496213
doc151,0.0018189454898817725,0.16515442102548122,0.0018190552367524447,0.4910586841601888,0.0018188274632177086,0.19099491043482394,0.0018189118056881534,0.001818840666665939,0.001818366790395994,0.14187903692690404
doc152,0.03466049428656471,0.0007938070750227172,0.0007938337285013839,0.000793846260505718,0.000793823358335973,0.8766056883673679,0.000793896060300703,0.0007938169520567668,0.010763005379749323,0.07320778853159504
doc153,0.2614900464774039,0.0013515987512178057,0.1091164739060514,0.6199321548608877,0.0013515581105188017,0.0013516712740807581,0.0013515968223958468,0.001351570330595585,0.0013517745486333922,0.0013515549182147569
doc154,0.0023261170119093038,0.3882707456966667,0.05698855326793796,0.0023261251981900924,0.002326333583122271,0.0023259131235223254,0.5384573404747032,0.002326221660178072,0.002326102950891484,0.0023265470328788507
doc155,0.0005292711792234415,0.0005292579488365979,0.17881446752413038,0.720655365087387,0.0005292366174970347,0.000529186082458401,0.000529238506006757,0.0005293121318647395,0.09682543883461697,0.0005292260879788484
doc156,0.23485243052625157,0.00034489454892289585,0.036665813343441635,0.1578783963241557,0.0003448884579160963,0.5685339904880263,0.00034489660431547594,0.00034491072612315783,0.0003448663970917497,0.00034491258375571153
doc157,0.0015876039501210059,0.559505084914269,0.04353889092660927,0.0015876627716751562,0.0015876016107917214,0.0015878006926143332,0.3858423770458477,0.0015876685020811208,0.0015876219089625944,0.001587687677028081
doc158,0.0014088773320174272,0.001408900367386139,0.08829264637588657,0.13800909831384012,0.001409062911636185,0.0014089177506843755,0.0014089847002135235,0.001408934667113277,0.00140889858048744,0.7638356790007351
doc159,0.002632095699868282,0.23537698201284699,0.2820693659222205,0.22669858712971552,0.1290205093514818,0.002632279123982242,0.002632573511890584,0.002632613486633,0.11367263135834194,0.0026323624030190392
doc160,0.6550146327049234,0.003846567463848512,0.0038472403907249143,0.003847318412011926,0.003847102344465688,0.31420989852654535,0.0038466957957092513,0.00384703373011184,0.0038465204153355003,0.003846990216323699
doc161,0.0009092612958695741,0.36137437578733794,0.0009093198982033053,0.0009093248414635282,0.19869691817547566,0.0009093426833154591,0.1242998449757497,0.19269471734830512,0.0009092091989409463,0.11838768579533883
doc162,0.0009261552088270127,0.0009261231058379141,0.8577587242946445,0.0009261777289716008,0.0009262163510164179,0.0009261632809828024,0.13483203989304327,0.0009261149535880032,0.0009261353168472567,0.0009261498662412073
doc163,0.0007464919362103034,0.039576725679636326,0.0007464023971619943,0.42935338528193545,0.0007464307897990321,0.18506666975814942,0.0007465041809402483,0.04615142552243628,0.0007463386544664864,0.2961196257992645
doc164,0.0012199465311450528,0.0012199059588598534,0.0012199465176309361,0.0012199791036842894,0.8167536309427907,0.001219871095202545,0.17348707328595717,0.00121988998865435,0.0012198803795285893,0.0012198761965467137
doc165,0.11806815399639094,0.001031167486922799,0.07585344203707199,0.00103114194540776,0.0010311863571382343,0.0010311295411313591,0.0010312355067589255,0.6197291935161704,0.0010311028070123611,0.18016224680599535
doc166,0.0006411931267290593,0.0006411920301477616,0.0006411709709684412,0.4284183495126769,0.24146220724661066,0.038497837038453386,0.000641232360283475,0.2877745301002582,0.0006410965650575119,0.0006411910488148117
doc167,0.0009261900057547296,0.0009261950816806557,0.0009261441774458944,0.566062632060979,0.0009261711624545902,0.1873179053432129,0.0009262399309924673,0.07261893448919658,0.000926099324285115,0.1684434884239981
doc168,0.0007875764778002039,0.0007876561878235334,0.000787586334101806,0.0007876391067274767,0.8614965593347087,0.000787673308964855,0.07680355205064056,0.0007876394814533994,0.0007876623890388909,0.05618645532874062
doc169,0.000990385565390483,0.000990289738297798,0.0009903007851117468,0.000990438773447095,0.0009903367639630771,0.0009903237314692187,0.0009902507713401736,0.0009902763626396126,0.9910871327616472,0.0009902647466936952
doc170,0.000990385565390483,0.000990289738297798,0.0009903007851117468,0.000990438773447095,0.0009903367639630771,0.0009903237314692187,0.0009902507713401736,0.0009902763626396126,0.9910871327616472,0.0009902647466936952
doc171,0.0014494516335572093,0.0014495716022277735,0.001449496818450294,0.11067953906523674,0.0014494758463373995,0.0014495552704914447,0.8777244818147097,0.0014495074653602836,0.001449351088576545,0.0014495693950526002
doc172,0.19946610859197753,0.005264471691965557,0.0052639449128457205,0.005263930798107691,0.546548264455773,0.005264829750361183,0.0052634586467548644,0.21713560576335245,0.005264111579218782,0.005265273809643115
doc173,0.0020005710006108877,0.7592222571531222,0.002000516130855002,0.12276571732358371,0.10400931595242838,0.002000335475949261,0.002000392899846726,0.0020003556796442047,0.0020001758877172733,0.0020003624962423934
doc174,0.0013516204235011955,0.12124512668891044,0.0013517611943760371,0.5289059464818742,0.0013515310733059178,0.001351500537866262,0.0013516414629472433,0.04527370811684328,0.0013518484732044883,0.29646531554717115
doc175,0.0019612517406304656,0.0019614506248959327,0.10288265603931232,0.1411344439876504,0.001961283990051311,0.001961363564719714,0.001961303723444142,0.15291009597014737,0.06964150607346847,0.5236246442856799
doc176,0.001333990103914085,0.4378465529689612,0.001333523486033046,0.0013343231832570258,0.0013338918643763895,0.0013335520821271,0.001333864130507139,0.0013339824578425053,0.001333630159515914,0.5514826895634656
doc177,0.3981503826270339,0.0008476749222401183,0.0008476408960044749,0.32413133245412207,0.0008476774139804484,0.0008476437595009487,0.0008476401242603705,0.2717847517143075,0.000847641907656961,0.0008476141808932139
doc178,0.2951048249264135,0.3391125607565667,0.0016953451829809858,0.0016953763167628301,0.0016952858405238067,0.0016952538728892436,0.0016954274136611702,0.19714496970960607,0.0016953442810723875,0.1584656116995234
doc179,0.20431059177498484,0.0020836153234400643,0.0020835426019093044,0.0020836474486950127,0.0020840561398726464,0.657777798178136,0.0020843335461146815,0.002084045396664448,0.12332471565378365,0.002083653936399422
doc180,0.0003585544823792996,0.05143980991019147,0.0003585670326171632,0.04058459402880968,0.44502237427100955,0.0003585333789080155,0.3208821696865272,0.11700571834050258,0.023631187352115834,0.00035849151693934057
doc181,0.0007877288839746996,0.05583237485027544,0.0007877456579014383,0.0007878208278855729,0.5282435534092258,0.0007876106274499445,0.0007875395754950539,0.0007875434544839415,0.0007874884239495532,0.41041059428935855
doc182,0.0011908147103374042,0.0011906564676398724,0.03446984109143794,0.0011906268929747067,0.0011906916673509866,0.1925038152879445,0.0011908346974963604,0.0011907336883957152,0.0011909702215973273,0.7646910152748251
doc183,0.04908955335445295,0.1580409543788441,0.16185943055599006,0.0008132906728965639,0.5312623389337946,0.0008131730945357483,0.0008131617421497254,0.000813239913752204,0.0008132208734807127,0.09568163648010339
