,topics0,topics1,topics2,topics3,topics4,topics5,topics6,topics7,topics8,topics9,topics10,topics11
doc0,0.0016613794119233164,0.19132259104543836,0.7920604050942074,0.0016612926705718465,0.0016616935674416125,0.0016618914459814423,0.0016613664130089706,0.0016623898324154185,0.0016616737650565307,0.0016616338870661786,0.0016621933651602189,0.0016614895017286041
doc1,0.0005098290550569404,0.5620457318378914,0.3873368104162556,0.000509802684128676,0.046029292122009256,0.0005097610327752038,0.0005098448768956025,0.0005097520019913187,0.0005097830353112629,0.0005098333652890194,0.0005097413509191654,0.0005098182214763241
doc2,0.3657587087812935,0.0007989521686388472,0.0007989042078860166,0.19521822763117136,0.0007991441877293318,0.0007988296033869222,0.0007988525062076582,0.0007989987241644328,0.22666442455867722,0.20596730169416305,0.0007987953433706492,0.000798860593311059
doc3,0.0005429732937253297,0.0005429656415976218,0.0005430032455705817,0.29437691948789685,0.0005429825445301087,0.0005430598388239337,0.0005429977478507276,0.0005430180975122065,0.0005429881487080286,0.0005430302108898789,0.0005429771305256764,0.7001930846123691
doc4,0.15413435517914753,0.0012021809701933993,0.0012023507898125559,0.0012021436692163175,0.0012023418463235852,0.4061221185325841,0.001202233217121468,0.0012023281838773046,0.0012023086052892823,0.42892322640394764,0.0012020844366205142,0.0012023281658662763
doc5,0.0007623254634193067,0.0007624371415362017,0.8585745724137662,0.0007623916295869379,0.0007623816351034991,0.06043610748836689,0.0007623552588902421,0.0007624543390887011,0.0007623136115860039,0.0007624511542031226,0.01779231040775911,0.05709789945669373
doc6,0.001510927567407485,0.001510822973386187,0.40593677697060776,0.0015110718935208872,0.0015110049069155657,0.001510975019119183,0.04651145836163231,0.0015108530032358486,0.001510828206055406,0.5339535408135392,0.0015107712946811562,0.0015109689898989405
doc7,0.0014669133676466918,0.1758767075586213,0.30739193022401057,0.0014665291758374284,0.0014667866325488068,0.17227094284574412,0.0014666664673125655,0.0014668562992726964,0.0014670016455876184,0.0014667723289969376,0.17953519106538654,0.1546577023890347
doc8,0.0006572213522251603,0.3041025809725725,0.09379845479775512,0.0006571494975633115,0.09316911089543134,0.40735712674741503,0.0006571076384751405,0.0006572248200198566,0.0006572321265911209,0.0006571647028082266,0.0006571175714847764,0.09697250887765856
doc9,0.0012954675129611588,0.001295482111827578,0.0012954856482597595,0.0012957289192102165,0.09402935703302084,0.6338157145396089,0.0012957926495638687,0.26049474083284696,0.0012955017966252125,0.0012954832532289277,0.0012957720675848892,0.001295473635261485
doc10,0.0007741540674761374,0.0007742811998605614,0.02791453565379816,0.0007741450344547903,0.022296692217176225,0.836686908232742,0.0007742900103814432,0.10690848431021893,0.0007741273709106286,0.0007741456046612141,0.0007740590507707409,0.0007741772475490048
doc11,0.027927325531528747,0.4166114622405795,0.0006092074248553166,0.0006091359740650115,0.03897249931387794,0.2934982252610556,0.04965936217342931,0.16967603451592558,0.0006092243205154103,0.0006091615580015145,0.000609187653216387,0.0006091740329494887
doc12,0.000745459635454473,0.0007454187486253293,0.7800407884800853,0.0007454006739724701,0.0007453535343243615,0.0007453066456857768,0.00074542388460512,0.1627509599662604,0.0007454721187472761,0.05049973393320726,0.0007452951789743557,0.0007453872000579129
doc13,0.001018501890644196,0.0010184378661015287,0.0010185088107966798,0.0010184569305752835,0.0010185189522338958,0.0010184881749404197,0.0010186604873080474,0.0010185695176832808,0.0010186407109040747,0.0010184624022009496,0.902146102046147,0.0876686522104647
doc14,0.001018501890644196,0.0010184378661015287,0.0010185088107966798,0.0010184569305752835,0.0010185189522338958,0.0010184881749404197,0.0010186604873080474,0.0010185695176832808,0.0010186407109040747,0.0010184624022009496,0.902146102046147,0.0876686522104647
doc15,0.5737667661796162,0.11935339157837055,0.07519504744263947,0.001121293853944336,0.001121197134286173,0.001121452751828584,0.0011212965668531633,0.0011213983038953,0.0011214491358579758,0.0011213990889785655,0.001121420080690588,0.2227138878830391
doc16,0.0009982647330977262,0.31354492962642155,0.0009981844164322414,0.26754619355775033,0.000998313308187583,0.0009982242970273713,0.10814435585129843,0.30277856449059437,0.0009982539769024966,0.0009983064974409817,0.0009981967320458092,0.000998212512801053
doc17,0.0007454005405641544,0.000745364873026443,0.0007453730390028935,0.0007454201481902355,0.0007453992640901602,0.0007454626533300388,0.000745372940299334,0.0007454314713886583,0.0007453112385091643,0.5212418376928063,0.019712446211469534,0.452337179927323
doc18,0.5868987808857286,0.0486330983952321,0.08257916901957413,0.0005177624095899538,0.0005176973132771981,0.0005177620446178761,0.0005177066910138486,0.08396450943186513,0.08833168231308365,0.0005177344489816462,0.004332969136001586,0.10267112791103428
doc19,0.09430263297612561,0.0008914558823177852,0.0008914614141536847,0.0008915249616647752,0.18810374090829127,0.0008915890088805878,0.1354886295940761,0.1464831230688329,0.0008915144480458791,0.40601477622749055,0.0008913913935099599,0.024258160116611034
doc20,0.004505338445476189,0.004504969320488632,0.004504769406589162,0.00450475561824039,0.004504649254252142,0.004504868851904914,0.00450459909372114,0.9504458574839316,0.0045047187248859815,0.004504987992456195,0.004505887382451632,0.004504598425601989
doc21,0.00046261821612740756,0.0004626381031976104,0.0004626807982484518,0.2762645274075455,0.0004626303375693299,0.00046269667430394446,0.12725007882085815,0.0004626678668471758,0.00046271239354428077,0.592321485798147,0.0004626129500613778,0.00046265063354970564
doc22,0.0007566071231515289,0.0007566645732425171,0.16616568950916752,0.0007565644914336188,0.16015956994990596,0.3572077985813917,0.0007566277518777304,0.0007566691166394005,0.1913484907656586,0.08520540877973667,0.035373311796948206,0.0007565975608464036
doc23,0.2649537332502522,0.348088204888431,0.0005204313348538261,0.000520505856402844,0.000520393157236176,0.08308971361761178,0.0005204322085682448,0.0005204377404534118,0.2893215842605243,0.0005204555065153493,0.010903704753802331,0.0005204034253485837
doc24,0.10508446601753388,0.14754743615576568,0.0005343130844201823,0.04633205233541048,0.0005342641433432846,0.49541606290479034,0.0005343719960867733,0.0005343515538325557,0.0005343430196568512,0.00053430053419799,0.000534281792370427,0.20187975646259143
doc25,0.10067874949042288,0.0017187259718796422,0.1375575770806376,0.001718551632112282,0.23345599662869332,0.0017188386832135963,0.0017186494722691448,0.20535889073096228,0.31091812204272584,0.0017186136709834835,0.0017186324561908497,0.0017186521399091626
doc26,0.19894790207826002,0.000303844780775113,0.10622622525781455,0.00030382804959731927,0.0003038565181858429,0.17769828109832608,0.0003038247500727761,0.397360558813585,0.08612209874852578,0.00030381576281171156,0.03182192850819342,0.000303835633852458
doc27,0.0012023449380752732,0.08558547975445996,0.08518952285364266,0.001202033851541899,0.0012022478727119795,0.30282667023790455,0.0012020819714390729,0.0012020853999921296,0.0012023289514957165,0.001202083127748829,0.0012020256180813704,0.5167810954229065
doc28,0.001231997813269242,0.10427656479193256,0.13684854866475776,0.001231714395017637,0.0012318158151642382,0.0012320231072999392,0.15625410125856237,0.07460514484263084,0.0012320724239416067,0.0012317896934029718,0.001231680836593713,0.519392546357427
doc29,0.1542513859544723,0.10007310541546349,0.0009245216014609362,0.0009243429480579788,0.0009245865787463753,0.30301326323402505,0.0009244310463528606,0.43526671202037415,0.0009244842865776586,0.0009244423959912087,0.0009243215705726997,0.0009244029479051642
doc30,0.0007802357622015392,0.40475728599549005,0.39285905411729966,0.10876596799979621,0.0007802947326424681,0.0007802347121338419,0.0007802461644233564,0.0007802909744208078,0.08737580723097942,0.0007802380461206514,0.0007801357951443293,0.0007802084693477074
doc31,0.001953837904491754,0.0019535448506246065,0.3170497684290152,0.0019534631430246697,0.0019536292033639387,0.001953582880905042,0.0019533213029295695,0.663414564121941,0.0019538707676171672,0.00195344851284499,0.0019535119074914017,0.001953456975750702
doc32,0.002315441745699246,0.12384669772306574,0.002315300313146416,0.002315154072521564,0.002315163236314958,0.41419360123243243,0.0023154426687519527,0.44112214403401984,0.0023150793774238264,0.002315421177840268,0.0023154585601393106,0.0023150958586442174
doc33,0.0012021421177307765,0.0012020432934875386,0.001202262184524448,0.0012024317908448546,0.0012020488200033996,0.0012022663149604236,0.0012024923917476264,0.9867756977533637,0.0012020765765985398,0.0012022928394229012,0.0012020461404285716,0.0012021997768869798
doc34,0.008931991645190328,0.1987548448748471,0.49076849883556656,0.008929551936591546,0.0089302133713767,0.008930644059816127,0.008930265947186778,0.008930924378240742,0.008931088217220965,0.23010142494048386,0.00892934031282352,0.008931211480655945
doc35,0.0018803152897923828,0.0018803463653901465,0.0018801062033799503,0.0018800680895321483,0.001880234300407023,0.0018800887108799832,0.0018798363144634875,0.7649660763701114,0.14167977999869083,0.07643292157286234,0.0018799153660905947,0.0018803114183997066
doc36,0.0033129380859687253,0.0033125134311319825,0.0033121636763186915,0.0033117373702186846,0.003311726633412343,0.0033122126981404323,0.003311989579633065,0.8509806051014265,0.0033129547431289268,0.0033128808429614236,0.11589616993181832,0.0033121079058409074
doc37,0.2007771358509881,0.0019926025060644213,0.0019924687666077723,0.0019922847001523215,0.0019923943196627648,0.001992621416724092,0.0019922016940270384,0.6722015261339993,0.10908902587646352,0.001992622620634285,0.001992407691312122,0.0019927084233642522
doc38,0.0007740998920643139,0.0007741862734225329,0.0007741994521582597,0.0007743172026220035,0.0007742601837772269,0.0007742567118957986,0.0007741263473423413,0.7070288751848323,0.0007741889650890491,0.0007742058951211304,0.2852291776749286,0.0007741062167466041
doc39,0.001096752531177243,0.0010967075536402024,0.0010967371842876912,0.001096679903456506,0.0010967518518094838,0.0010968005720759367,0.0010966718999729376,0.369527797939283,0.001096824104992411,0.6195048353495229,0.0010966972427123003,0.0010967438670694647
doc40,0.0006795692212212986,0.0006795435349139416,0.5538359266893953,0.00067958594833339,0.07024506523821863,0.00826847313305189,0.0412458595983285,0.0006795355028617568,0.29448916503385864,0.0006795006497072321,0.0006795266024074019,0.027838248847701717
doc41,0.0735027277072931,0.0016081308801507868,0.3112650133080811,0.0016078405004188421,0.24478839564749963,0.0016082422409471457,0.17120454299303403,0.001608193761726721,0.18798284544999785,0.0016079054411344388,0.001607906304207878,0.0016082557655083918
doc42,0.0007681525781420531,0.0007681016609514861,0.0007681174986148597,0.0007681990424623623,0.0007681750304754118,0.5250440765826027,0.0007681628500896008,0.4672743386997296,0.0007681125754720597,0.0007681953324882506,0.0007682060825461065,0.0007681620664257591
doc43,0.003969755781197388,0.6222090238421643,0.24281336495516986,0.09925721714769742,0.0039689253061145156,0.003968608721562392,0.003969074529094475,0.003969167233710542,0.00396876001983364,0.003968781792869236,0.003968648967173697,0.003968671703412519
doc44,0.0004364089590587506,0.00043640659928895453,0.19515856380526142,0.00043639407426983203,0.00043640570691179956,0.19568454495870877,0.00043642128580992536,0.4677483142349277,0.13791726268612628,0.0004364176924921589,0.0004364024745899605,0.0004364575225543953
doc45,0.0016341889088494922,0.0016341874810245154,0.0016343448043945245,0.3929195422124131,0.0016341975712101668,0.0016349912851551464,0.0016344556913189098,0.0016348761437327657,0.0016344610606695324,0.33118908886526366,0.001634385038773114,0.2611812809371951
doc46,0.00042891057751292676,0.000428897057252873,0.0004289189471745672,0.2362437544387391,0.00042893794839937016,0.00042893433634030956,0.3531975657270985,0.0004289107824524636,0.00042896604547236624,0.40669834081517675,0.00042890682331479894,0.0004289565010659467
doc47,0.0007925889286768226,0.0007926352967404589,0.0007926352198952351,0.0007926169934763502,0.019108115138569942,0.23164197395462127,0.0007926450511396712,0.0007925559274112099,0.0007927046763213369,0.5705742165487372,0.0007924728520437667,0.17233483941236655
doc48,0.002263052459880459,0.0022628189986864003,0.002262903770884384,0.0022631676888820442,0.002262943814317643,0.00226308529295553,0.21172875171372593,0.0022630041260579994,0.0022628414932063384,0.5046121001609528,0.04441843026632812,0.22113690021412238
doc49,0.0049529991686124335,0.0049515715543180325,0.8293685379717084,0.00495118039757586,0.004951373180052692,0.004951213554976822,0.00495168897583255,0.0049516371324501,0.004952128833350129,0.1211140888243813,0.004951010231459039,0.004952570175282875
doc50,0.0018802572587358775,0.0018801638863863914,0.82628022733829,0.0018800410760163326,0.0018801677199318813,0.059162789031212255,0.0018799677511668624,0.0018802900503875717,0.0018802681315093564,0.0018802053420377512,0.02251553381305714,0.07700008860126867
doc51,0.1191350363499192,0.6686980730834363,0.00047361115416845787,0.00047364705469824984,0.00047357698900291707,0.00047362495148887637,0.00047362210614737706,0.20790433145428733,0.0004736130700326023,0.000473664914872252,0.0004736063629977564,0.0004735925089487549
doc52,0.0011878796943354634,0.001187820724688928,0.0011878506895031864,0.0011878567037731087,0.0011878548725851468,0.06761688432596355,0.9205044490843941,0.0011879548722420138,0.001187881173780925,0.001187853426223044,0.0011877694570606302,0.0011879449754497388
doc53,0.0013664349401969356,0.00136641261361103,0.5984139544371191,0.00136634261005389,0.0013663291009737896,0.0013665421996575417,0.001366445058948474,0.36199114729257753,0.0013664986622079526,0.0013662608585270374,0.0013664293954362672,0.027297202830690495
doc54,0.002551749085563548,0.0025514326134416154,0.31812899920486126,0.002551529987746571,0.0025514760646587007,0.1435397283607105,0.0025520741414826573,0.0025514968745750026,0.046505767912137785,0.471412214160606,0.002551855250879611,0.002551676343336616
doc55,0.0016082479571947236,0.2840016733876719,0.0016080481735182396,0.001608442171167495,0.0016080166286892672,0.001608013470829286,0.0016082938738726485,0.2674134110338367,0.0016081626043742208,0.4341115547405893,0.0016082204150191794,0.0016079155432369514
doc56,0.0034251529307624006,0.0034255784480881142,0.0034255059550151747,0.22193373225343588,0.0034252797439670167,0.003425477596924732,0.00342641109021775,0.003425679176339237,0.0034254109993257474,0.7438109656634618,0.003425124825574933,0.003425681316887241
doc57,0.3621933770985304,0.1607258169578315,0.0015108040284749198,0.0015111361255751435,0.0015107536117139565,0.07203305761684584,0.001510875239526282,0.00151108057074165,0.0015110090977313855,0.39296047216897867,0.0015107750098310613,0.0015108424742190992
doc58,0.0013125465572500748,0.0013125462569142908,0.0013127931120329622,0.28805634415743747,0.0013127893493890667,0.0013126557217234653,0.07865444336804342,0.0013126427073418948,0.0013125766688083808,0.6214753585506755,0.0013126403059050946,0.0013126632444783485
doc59,0.0007084324038050684,0.12600655359162594,0.29419505019235165,0.02567708943939877,0.0007083377829258169,0.16942570328786474,0.0007083427374348039,0.0007084343891301041,0.0007083629087591729,0.0007083799761233208,0.0007084129624951434,0.37973690032808555
doc60,0.001279039360450527,0.0012790970311192555,0.0012791281756972346,0.0012791090872032217,0.0012790470003056764,0.9859303732834984,0.0012791398040933016,0.0012792555476620494,0.0012789338227998858,0.0012789799926595912,0.001278958088074229,0.0012789388064364745
doc61,0.0006615023687201159,0.0006615993286866418,0.0006615731909193834,0.0006615445365276662,0.053304694897807196,0.8146225697810126,0.0006616050421492471,0.12611851715439146,0.0006616257420259409,0.0006616140385693362,0.0006615936678760555,0.0006615602513145018
doc62,0.5917263512084004,0.1284762861246204,0.1277248160730965,0.0011604266560118082,0.0011603687734799337,0.14278934981914898,0.0011605379280377733,0.001160360492227515,0.0011603942982473612,0.0011605243338187873,0.001160241364205587,0.0011603429287047656
doc63,0.3902808017512851,0.001366324675424488,0.16169487820962847,0.0013663313911921344,0.0882651381556979,0.14567479381010656,0.0013663689613381952,0.0013664656927604,0.001366565683543744,0.1556752773681166,0.05021052542887796,0.0013665288720285183
doc64,0.06261798685213082,0.0009598378530325843,0.0009597962178269499,0.0009601149170960555,0.0009598422985250434,0.0009598561557353252,0.000959766201218869,0.0009598195764823646,0.0009598157384605794,0.0009599576520779821,0.9277834026595344,0.0009598038778789947
doc65,0.06261798685213082,0.0009598378530325843,0.0009597962178269499,0.0009601149170960555,0.0009598422985250434,0.0009598561557353252,0.000959766201218869,0.0009598195764823646,0.0009598157384605794,0.0009599576520779821,0.9277834026595344,0.0009598038778789947
doc66,0.9186226062928393,0.02021451422591686,0.0010289547778160484,0.0010290505871150086,0.0010289509285067264,0.0010289550212953936,0.0010289550986912297,0.05190204128695673,0.001028920529652423,0.0010290564134619,0.0010290758939576433,0.0010289189437904635
doc67,0.0006091211872468266,0.6462244111275207,0.000609191507405855,0.0006091556599367419,0.0006091113158689571,0.18092241751198612,0.0006091983451648403,0.16737094466753616,0.0006091401342710406,0.0006091262977600426,0.0006090696834478244,0.0006091125618547445
doc68,0.9751081521437143,0.002262976599434685,0.002262897295985237,0.0022628141246700557,0.0022626178984052935,0.0022629615687333325,0.0022628802393883777,0.002262757912558125,0.002262697536546069,0.002262918619896888,0.0022630237713157247,0.0022633022893521378
doc69,0.0013127136985881531,0.0013127712112106886,0.2443899216618577,0.0013125971783368646,0.0013125674850618097,0.34596857790242946,0.0013126471233261107,0.1966150874083075,0.0013125876771514213,0.20252548936811673,0.0013124621681013748,0.0013125771175122422
doc70,0.001953676533273655,0.001953709259821612,0.21129856245240802,0.0019532804306266593,0.5345116208205609,0.0019536427606178797,0.0019535922183814385,0.23660778670690366,0.0019535405097381906,0.001953400006181522,0.0019536280157397387,0.001953560285746534
doc71,0.0009692961969011881,0.0009692489158051629,0.0009692246869415402,0.0009691503684880301,0.0009693090357443163,0.0009692861770943867,0.0009692202529323012,0.0009692994159665985,0.9893384019636681,0.000969267093790079,0.0009690929677141388,0.0009692029249540674
doc72,0.0009599346032907756,0.0009599983149992591,0.0009599922276583221,0.0009600024343199493,0.0009600188767526066,0.18057259025498143,0.5574408575728619,0.000959974522792944,0.20986859404659258,0.0009599906836510352,0.04443808063020467,0.0009599658318945783
doc73,0.0017489528421524418,0.6902072771624419,0.0017487885696781905,0.0017486281032764249,0.0017486451055104782,0.0017486666604397605,0.06087621376489839,0.16403313192026417,0.001748738038266375,0.07089372991761476,0.0017485361225176915,0.00174869179293934
doc74,0.003013086623227001,0.1531164393057294,0.003014383734734812,0.0030124699714431575,0.003012374018636641,0.014002612135284186,0.003012295706308068,0.8057671606947411,0.0030122806787966656,0.003012172750651183,0.0030122948972510694,0.003012429483196621
doc75,0.0012169029437423596,0.0012168978929152786,0.3923060397101967,0.001216761885597298,0.0012168580178849328,0.3272850735509502,0.0012168389273858162,0.2694572592151532,0.001216805702027298,0.0012168690056789649,0.0012169374129979101,0.0012167557354699646
doc76,0.0012022281677261698,0.6773534207673232,0.1472433583255066,0.001202238784432572,0.16458379661286804,0.001202272958147093,0.0012021967510848863,0.0012021222940236831,0.001202067692194535,0.0012020869813371222,0.0012020560551111678,0.0012021546102450324
doc77,0.001488677044180233,0.4945594519728159,0.0014883211136598946,0.0014887219879412734,0.001488291209581323,0.0014884449645932983,0.001488410423447725,0.4393539649210068,0.0014882939282949775,0.052690783721772085,0.0014883509208802096,0.0014882877918260728
doc78,0.0010398291446597312,0.5406947536931301,0.20711790468386837,0.0010397453841052774,0.04766572427175498,0.0010398002797475027,0.19620341350540846,0.001039732677570111,0.001039825151989866,0.0010398079822525185,0.0010396588337273248,0.0010398043917858254
doc79,0.0012630513198191868,0.0012630135678427773,0.27351891281549223,0.0012629046249090917,0.001262947161843535,0.1995357408203156,0.0012629723711753916,0.3599747765666639,0.0012630586625105842,0.0012631171688977558,0.15686660838378003,0.001262896536749892
doc80,0.46249828995013403,0.002427716954278477,0.16680686759466473,0.0024275810844101822,0.0024275255213213245,0.0024278991655349324,0.00242769368501228,0.17731064516297948,0.0024275803991414373,0.173962814415444,0.0024278089144595984,0.0024275771526194247
doc81,0.09651072511051839,0.08784860184221979,0.11103772870454823,0.10921883551678944,0.0010186865928148237,0.39387653018050556,0.0010186978265210804,0.0010186140178056473,0.0010185963912234478,0.001018683596224092,0.0010186604787304637,0.19539563974209903
doc82,0.09031785181447849,0.0020330447645775106,0.002033226457714298,0.06867378374526195,0.0020333083358481103,0.0020328897329896785,0.0020332603178208355,0.34468264039482277,0.002032869915211333,0.0020331380391240754,0.0020328272223621964,0.4800611592597887
doc83,0.20754551737778207,0.0012022821587173332,0.0012022578928181542,0.0012025082734161943,0.0012021014381403848,0.28129480674084756,0.001202255441830135,0.39132489046755625,0.055199411823270095,0.0012022320560002827,0.001202059321202402,0.05621967700841926
doc84,0.0030127637459142994,0.966860149881,0.0030138583833154067,0.003012540680871823,0.003012367492587925,0.0030123434957970534,0.003012587815284474,0.003012259141842759,0.0030125482584859044,0.0030136530790897636,0.003012476556804149,0.0030124514690065126
doc85,0.0013302552646107634,0.0013302491369848713,0.10852175288827241,0.0013300364109307644,0.13646405870334036,0.2988912947448482,0.0013302203852366776,0.19455460268064073,0.10186988726371042,0.0013302998965785975,0.0013299621200097045,0.15171738050483657
doc86,0.0013665476421904827,0.0013664732655845554,0.17719493955638455,0.00136646346382372,0.0013664646882678162,0.7111363255303204,0.0013663978351785779,0.09937066071709144,0.0013665055958263722,0.0013664235485248125,0.0013663099511400092,0.0013664882056673216
doc87,0.002370487936825721,0.0023705197495835304,0.2625290198661539,0.1844023454178863,0.12629153726588252,0.002370326212724347,0.0023707668982083942,0.2775780200351045,0.002370166978608299,0.0023703875070274997,0.002370339742485316,0.1326060823895096
doc88,0.0035468577127489983,0.00354675405031653,0.003547065781208797,0.0035463984163387192,0.3043992834992739,0.0035468331589433946,0.003546584502808048,0.41782153932972865,0.15147556179014918,0.09792917531766879,0.003546262247885888,0.0035476841929291316
doc89,0.07422092666629734,0.0016896916041252703,0.0016894725540966672,0.0016893414848072417,0.0016893823402115572,0.38447058255076516,0.0016895889266593774,0.5261034072525631,0.0016893919800686338,0.0016894071504739267,0.0016893564774903642,0.0016894510124413138
doc90,0.002688829257311412,0.0026887968745443,0.0026888487432156394,0.0026891684214751573,0.0026889459665115135,0.26315594185182245,0.07360784631999091,0.6390370102812194,0.002688552698941398,0.0026889424079472443,0.0026882563962051867,0.0026888607808155086
doc91,0.001084942862665137,0.0010849096846803036,0.7723961989188151,0.0010848674804055526,0.001084961813066744,0.0010849877736879446,0.0010847118282841682,0.0010849676555106122,0.11897252104622726,0.09886726891450365,0.0010847521583434057,0.0010849098638099743
doc92,0.26140872442568464,0.05274910384031746,0.24855692557612694,0.0022628101865885906,0.0022629237579064225,0.0022629144525350264,0.0022628146546028304,0.4191822370919616,0.0022630261994002194,0.002263162527813649,0.002262578551640405,0.0022627787354223892
doc93,0.0007740998920643139,0.0007741862734225329,0.0007741994521582597,0.0007743172026220035,0.0007742601837772269,0.0007742567118957986,0.0007741263473423413,0.7070288751848323,0.0007741889650890491,0.0007742058951211304,0.2852291776749286,0.0007741062167466041
doc94,0.31586356452826997,0.35721302234787555,0.0006243674372458279,0.0006243192291333901,0.0006243095296185172,0.0006243455762675703,0.0006243454079991394,0.32130439055767207,0.0006243347783375469,0.0006243471330201867,0.0006243083401995395,0.0006243451343607435
doc95,0.6988016335868162,0.16240956542577822,0.12454394662015006,0.0015826751660256509,0.0015826361834681754,0.0015828073902525088,0.00158268279424928,0.0015828667595188658,0.0015827130603470055,0.0015828800004048839,0.001583030047433701,0.0015825629655552697
doc96,0.0012169037819891836,0.0012167947970054152,0.0012168489206052277,0.0012167571802506707,0.285767367746766,0.00121674008936861,0.07397618261471216,0.0012167910259165624,0.0012167557878148022,0.00121688695015191,0.0012166187067636804,0.6293053523986559
doc97,0.27208685506341335,0.5302523334721077,0.000853461819975334,0.0008534169428077188,0.0008534365700610002,0.000853492693601128,0.1553973140156731,0.0008534493180988155,0.0008534632400852761,0.0008534898061481739,0.0008534047384257731,0.035435882319602555
doc98,0.5574335230547074,0.0008391823226209905,0.19847381884036608,0.0008390694244359836,0.0008391208196145844,0.0008391534764676931,0.0008390236711008118,0.0008390972364533219,0.0008391683812069526,0.0008390724439874847,0.0008390067480079629,0.23654076358103052
doc99,0.0014247862984175877,0.0014247257809502395,0.001424991799683216,0.5164892742468239,0.001424706924068141,0.001424761113011305,0.2873816782631915,0.0014247443911722744,0.001424659439679449,0.18330565667492332,0.0014250774673093118,0.0014249376007697304
doc100,0.0008252702229453477,0.13725500278024738,0.7603605771986915,0.0008252337711651431,0.0008252203027264168,0.0008253007808971085,0.0008253337980012759,0.05752390778476028,0.000825332319659248,0.0008252483903166725,0.0008251626273423576,0.03825841002324722
doc101,0.001845665925891094,0.0018455239492164988,0.0018456671387281365,0.08657411160799489,0.0018454308660933482,0.0018452334752505008,0.001845551474238745,0.0018453624252088951,0.0018454747860550715,0.697517468730147,0.0018451606231658473,0.19929934899801
doc102,0.0007509209297627434,0.000750895606563847,0.0007508823594089227,0.9053524162760174,0.0007509515599847123,0.0007509304145523208,0.0007508730379586629,0.08713854881805373,0.0007508590529885778,0.0007509397660452499,0.000750862783195555,0.0007509193954684916
doc103,0.002263190333339272,0.002263064897903316,0.19136095240957784,0.1534027584350352,0.18928122977728898,0.1876398099067346,0.1362265177685398,0.002263043433181709,0.12850963670737367,0.0022632765322047194,0.002263359851821793,0.0022631599469990645
doc104,0.0016894027893126853,0.0016894521349832441,0.0016894553968321581,0.2034412476748671,0.0016894944347782066,0.0016898620559746766,0.0016900366222193449,0.0016901015500892615,0.0016893771379731005,0.08043148275081995,0.03433077421391337,0.668279313238237
doc105,0.1815567039137293,0.0010186433008070746,0.001018624749964748,0.0010184928358062896,0.0010186257518187268,0.0010186779894207458,0.0010185035255351935,0.2589516706834452,0.001018525644136815,0.5503244085141178,0.0010184913527202819,0.001018631738497808
doc106,0.0017487207989803763,0.001748599481756613,0.0017486219611437682,0.001748506568162287,0.0017486007903486191,0.0017487742478733263,0.0017484194461133227,0.0017484652787815773,0.0017487555547989018,0.9807651208801187,0.0017483966771506085,0.0017490183147719335
doc107,0.001953676533273655,0.001953709259821612,0.21129856245240802,0.0019532804306266593,0.5345116208205609,0.0019536427606178797,0.0019535922183814385,0.23660778670690366,0.0019535405097381906,0.001953400006181522,0.0019536280157397387,0.001953560285746534
doc108,0.0006166312227649928,0.2857287911399478,0.0006166903118529848,0.0006166255656451881,0.024820922658420105,0.0006166064245124068,0.0006166895648905672,0.0006166273818102312,0.6839004023872339,0.0006166731374187968,0.0006165748640936359,0.000616765341409324
doc109,0.1521481762497551,0.001718982786073111,0.0017187346058842676,0.0017185603609968887,0.0017186634589248214,0.1170216427174125,0.0017186918616909914,0.0017187716744043995,0.0017188568199906708,0.7153613989969392,0.0017188113448604167,0.0017187091230674236
doc110,0.10791459657195336,0.363108793783201,0.0015341315333826074,0.0015342001467517974,0.0015339972268833587,0.001534050040595757,0.00153407358159615,0.19709611289551868,0.001534295017272099,0.3196077685168912,0.0015338598736341718,0.0015341208123196806
doc111,0.002688519792814559,0.002688961220252541,0.0026885894943774412,0.002689053033379879,0.0026888933985850226,0.0026890190432607417,0.29535013159918366,0.1304497748801325,0.29966666240262785,0.2530228316422021,0.002688721134112388,0.002688842359071238
doc112,0.0013302308102313058,0.30512985541054366,0.0013300866037558002,0.001330165751141769,0.001330217058948151,0.0013301809807948902,0.04759137951158854,0.0013302470539228168,0.17262776714676953,0.4640096039492077,0.0013301762368284754,0.0013300894862673933
doc113,0.002212836599715465,0.03674086829864904,0.0022128781479203658,0.0022130762601666747,0.09175132955739511,0.002212708115506002,0.6289416961118411,0.002212759000981784,0.002212566573205399,0.22486314548006012,0.002213043325359057,0.0022130925291998864
doc114,0.0016613482808818722,0.0016614332766630641,0.19449153616729342,0.08139971201292964,0.0016614009237768776,0.0016616208133201499,0.0016614556204353897,0.0016617098546815433,0.001661557385025113,0.0016615970714003515,0.0016613551804997879,0.7091552734130928
doc115,0.0016897719907393947,0.0016894338747693275,0.0016897131346406992,0.23049860631079053,0.0016895814617482368,0.0016895377290929102,0.0016895556955492243,0.0016896378030130954,0.00168952514084797,0.26305135717889394,0.0016896577755328537,0.4912436219043817
doc116,0.09557130209364051,0.000670444311954458,0.0006704953223359042,0.0006703818118779541,0.0006703218987524043,0.2836551736998952,0.0006704578377749392,0.0006704809990015116,0.126200211488983,0.0006703966532367402,0.000670346525249859,0.4892099873572975
doc117,0.0014665151279745548,0.6651517753933004,0.0014666977486680025,0.0014666901561264185,0.0014667793766101735,0.07018719594214012,0.07053118020898187,0.001466683205412331,0.0014668321134710483,0.18239648449612042,0.001466366822411982,0.0014667994087826054
doc118,0.0013481021643701946,0.0013480468448466593,0.6201318335309282,0.001347959373097077,0.17585661007795117,0.0013481066080706366,0.0013480852377700738,0.19187931363247046,0.0013480935880634285,0.001347922252901381,0.0013478483307548337,0.0013480783587757198
doc119,0.22343193672884046,0.10412255902453456,0.5224753448508329,0.0007186387128180968,0.0007185301555918156,0.1442217200614263,0.0007185094261566746,0.0007185806467242408,0.0007185969954778449,0.0007186136058313868,0.0007184687340183459,0.0007185010577473145
doc120,0.0010617626764754598,0.13766530213491576,0.0010618683880999837,0.0010617715497159973,0.0010617813034364137,0.8517167022756446,0.0010618452795868529,0.0010617945614676233,0.0010618266063728262,0.0010619174341289443,0.0010616943810452444,0.0010617334091102602
doc121,0.43649480164449783,0.005496057132332422,0.005496098181512214,0.00549574045123359,0.0054953568229587635,0.5085461965888917,0.00549561469234043,0.005495759871388859,0.005497644846161072,0.005495374126589562,0.0054948945001015315,0.005496461141992025
doc122,0.00047817115180617234,0.15006123626570517,0.05128384503238935,0.0004781428267092267,0.0004781543778387416,0.3793820163157626,0.0004781752292379198,0.30917485487625296,0.00047810366186243754,0.0004781280992646485,0.00047809631944099954,0.10675107584372981
doc123,0.002763461213671186,0.0027628760680789588,0.48806788244036164,0.0027628264224191833,0.002763055948205031,0.002763303793659133,0.002763027465042543,0.33229891400562717,0.0027631469955034654,0.0027630516384974566,0.0027632310975976107,0.15476522291133674
doc124,0.00255173896608241,0.002551492394649214,0.0025514617874592767,0.0025519455607266157,0.002551282226276129,0.002551936795065495,0.0025515799985921118,0.8307631527459133,0.0025513962492678547,0.14372043118822922,0.002551694778604559,0.0025518873091341394
doc125,0.001008140502609191,0.0010081566657910198,0.0010082174188921675,0.0010081469245747864,0.0010083282634912487,0.0010083645219742803,0.0010081669410994872,0.0010083712475547583,0.0010082061003924628,0.0010081215009747897,0.9889095202522771,0.0010082596603687613
doc126,0.001008140502609191,0.0010081566657910198,0.0010082174188921675,0.0010081469245747864,0.0010083282634912487,0.0010083645219742803,0.0010081669410994872,0.0010083712475547583,0.0010082061003924628,0.0010081215009747897,0.9889095202522771,0.0010082596603687613
doc127,0.0018455541088358196,0.2253072212477061,0.0018456498984179798,0.08613065681560239,0.2491101152495034,0.1708265239928812,0.0018455408903884794,0.0018454836791741,0.0018455584643161844,0.2557070132896131,0.0018451993703655924,0.0018454829931957453
doc128,0.001779726361051719,0.16821093938360795,0.001779832600065136,0.0017799019800281298,0.0017798231861036917,0.0017800334564205174,0.0017797649018822107,0.0017798063709978948,0.10462619112459715,0.0017799866942325511,0.0017794796414997201,0.7111445142995133
doc129,0.0007398299412738869,0.05838467573995313,0.16885415993501002,0.000739824466789439,0.4144071043366052,0.0007398336976438927,0.35243560782446937,0.0007397635635568735,0.0007397912694294649,0.0007398245224771677,0.0007397381404428059,0.0007398465623490306
doc130,0.009805937449593363,0.3691980853396779,0.009806832508902729,0.009806969187366801,0.009803946199994909,0.009805520150248583,0.11136538820068961,0.009805678600182489,0.009805364868837737,0.43118580366903847,0.00980580683938232,0.009804666986085044
doc131,0.0007926043798069299,0.2770306775407143,0.2459767381158338,0.0007926825587201791,0.0007926416976300885,0.11455865833341718,0.1866579455474505,0.0525911947136432,0.0007925592128658762,0.1184290431038701,0.0007926234024597666,0.0007926313935880484
doc132,0.8414285277798585,0.10681949136918134,0.0006091353004560312,0.000609109541596458,0.0006091092241273663,0.0006091305159148276,0.0006091090450701974,0.04626993349775878,0.0006091075152173176,0.0006091305580704385,0.0006091208059893505,0.0006090948467593378
doc133,0.0018121884380447404,0.0018120333395849934,0.4661598172320692,0.0018121520629097798,0.0018120014889521556,0.1868999870802554,0.001812094998609994,0.0018122003198239702,0.001811993075347519,0.08823323405742957,0.24421024764939353,0.001812050257579083
doc134,0.2443164179353816,0.001385465091295654,0.11583910766818942,0.0013852756637883293,0.0013856769509370246,0.0013853630942727419,0.0013853021973669086,0.6273761949507136,0.0013853095428290095,0.0013853518172070483,0.0013852024582489955,0.0013853326297696411
doc135,0.14616406359964096,0.00044218741083826036,0.00044220136281385934,0.01630031362904656,0.000442185265901655,0.00044220480064278945,0.0004421633722539542,0.6819809619915782,0.0806008304500265,0.00044220209801701187,0.0004421797029186155,0.07185850631632153
doc136,0.0013855138966535124,0.0013854051238839373,0.4983912017430118,0.0013852840748933492,0.00138561599964972,0.0013853845471555215,0.0013855362544405907,0.0013853183448390158,0.48775460039140167,0.0013854414067674668,0.0013851589210846658,0.001385539296218466
doc137,0.05534373654012241,0.4484394316156306,0.00044616421407924194,0.00044616117006879296,0.06788251588676962,0.1615355855130265,0.00044613310414536023,0.030538816733168557,0.0004461963168798718,0.0004461875468795322,0.00044611273134817736,0.23358295862788142
doc138,0.0005983050830856154,0.0005983454345430183,0.0005982207908978472,0.0005982401614041715,0.0005982044313901899,0.28503269733866005,0.000598293495729464,0.5965546478345617,0.00059823445869603,0.11302834164601003,0.000598178402201183,0.0005982909228208474
doc139,0.07028885856299598,0.0023156909119097704,0.002315384076083743,0.002315179561601541,0.3209344994343947,0.0023156228143800727,0.002315299425161906,0.0962635818995766,0.09109234672828792,0.4052121321951087,0.0023154659054955796,0.0023159384850035764
doc140,0.0014454522777121832,0.001445381510280713,0.3080344817963837,0.0014455330885864755,0.0014455385991185804,0.001445573458741699,0.00144543004136629,0.20673439552034206,0.0014453914102547042,0.4722221969667002,0.001445214758733829,0.001445410571779583
doc141,0.0005842902421312351,0.30173994935587656,0.0005842996874672373,0.000584240072211957,0.0005843462148975695,0.0005842553891560859,0.0005842835943187916,0.643099415443343,0.000584238119897177,0.04990219372716375,0.0005842098934878431,0.0005842782600488824
doc142,0.06937474498229909,0.0008914897561757765,0.0008915569196165212,0.0008914804423544207,0.0008914496929198282,0.0008915368598975598,0.13034633972259477,0.0008915079921795131,0.0008915835894164189,0.16690903130320425,0.0008913818308358213,0.6262378969085061
doc143,0.0009883282436916102,0.0009883588130101368,0.17963966911247678,0.0009883537178173689,0.151247680307055,0.3781752545687253,0.000988387064237896,0.0009883371137989045,0.0009883604465950417,0.14559279216585286,0.1384261634197918,0.0009883150269473808
doc144,0.0014667239484020818,0.0014665326159345937,0.6042767947718028,0.0014666451242620275,0.0014666061425145731,0.3644396229230521,0.01808377169447231,0.0014666750460686443,0.0014667033415067636,0.0014666337338595204,0.001466686394176756,0.001466604263947685
doc145,0.12050991567627592,0.0014885473075192661,0.0014883663059314894,0.0014883694522793052,0.0014882768525848098,0.43111941558303857,0.0014884726867187485,0.28336849461791114,0.0014883654683948107,0.0014883100897609078,0.0014884815824580749,0.1530949843771267
doc146,0.0012791353734627152,0.001279151835924905,0.4220081825786557,0.001279050745267873,0.001279318224708591,0.49098985355790675,0.0012792067266822794,0.0012791843264108118,0.0012791738879471604,0.0012790585837309082,0.0012790268717869896,0.0754896572875152
doc147,0.0019160390325658853,0.0019163899744747807,0.0019165695014603838,0.20694169094967535,0.001916016704674247,0.34012469346013163,0.0019164167094362933,0.0019162448776945478,0.0019164324993893606,0.12448222912207131,0.08310578641514463,0.2319314907532815
doc148,0.0012788744718489422,0.0012789604674492629,0.0012789821643114146,0.0012791489708197023,0.0012790418589252825,0.9370492149298949,0.05016081008883095,0.0012791487743398153,0.0012789162146020115,0.0012789558430722808,0.0012788970239806662,0.0012790491919248655
doc149,0.30409551362024373,0.3365961244845498,0.0014665484278328508,0.0014665123710084947,0.0014664455073840278,0.0014665073674755287,0.0014665057028105787,0.3461095770870904,0.0014666867924797151,0.0014665278212275903,0.001466402429955843,0.0014666483879417472
doc150,0.11184198614612459,0.0010970106264592328,0.001096663180431817,0.0010967315953979092,0.0010965830784470238,0.48086102504607925,0.0010966726053988744,0.34198608091937477,0.0010966920051236932,0.0010967688484107598,0.05653689582396604,0.0010968901247861468
doc151,0.0012955110183851802,0.0012956138828969519,0.0012956316644103464,0.0012957037586046507,0.0012956007958930796,0.2728487988384282,0.0012958197677131876,0.7141948007729048,0.0012955104767007088,0.0012959322912732805,0.0012954404722007279,0.001295636260588699
doc152,0.0006795365004119682,0.0006795043407633622,0.14034936860970504,0.0006795769739014009,0.11782096069716301,0.016386598306103003,0.054828046635813824,0.0006795750614508593,0.6658581868717629,0.0006795423000044169,0.0006796086373479656,0.0006794950655722889
