,topics0,topics1,topics2,topics3,topics4,topics5,topics6,topics7,topics8,topics9,topics10,topics11
doc0,0.0016613789306562155,0.18895821305012966,0.7944247960552353,0.0016612960955925608,0.0016616925046221,0.0016618852470037001,0.0016613713213280957,0.0016623844013881862,0.0016616758912120658,0.0016616282145185705,0.0016621933922467038,0.0016614848960666978
doc1,0.0005098295446491878,0.564227826161392,0.3849799705942836,0.0005098028288738263,0.046204035297848105,0.0005097615137712483,0.0005098452074771243,0.0005097518946332148,0.0005097833804472675,0.0005098336284984656,0.0005097414297367521,0.0005098185183891903
doc2,0.3655724810314924,0.0007989508894007694,0.0007989036899058915,0.20437857136579085,0.0007991417550771824,0.0007988292155046451,0.000798852467523949,0.0007990012401149122,0.2307675571649065,0.1928900541933528,0.0007987951953797491,0.0007988617915502736
doc3,0.000542972785891514,0.0005429650684709736,0.0005430028178534744,0.29420266392380295,0.0005429829790201411,0.0005430957110413682,0.0005429978070917651,0.0005430168261712896,0.0005429888440476011,0.0005430301164573881,0.0005429765687811579,0.7003673065513704
doc4,0.15746615177637358,0.0012021786666045775,0.0012023450788781463,0.0012021452125411999,0.0012023390423535928,0.4065165331815533,0.0012022316947989259,0.0012023272818959365,0.001202303379364369,0.42519703239487255,0.0012020860537688284,0.0012023262369950832
doc5,0.0007623246217329924,0.0007624352860159397,0.8604643696671139,0.0007623910574277155,0.0007623800808753054,0.057227410326929316,0.0007623514545847044,0.0007624552594949371,0.0007623142625115665,0.0007624525247700313,0.018481431818412407,0.05772768364013115
doc6,0.0015109261415157476,0.001510823959173843,0.4042906867778733,0.0015110744934454352,0.001511007680017317,0.001510975647739237,0.04622228236881442,0.0015108529311880189,0.001510831075107622,0.5358888014473019,0.0015107709706879194,0.0015109665071352423
doc7,0.0014669123035141935,0.17728710544585244,0.3078897984733362,0.0014665283067658923,0.0014667885656650813,0.17027075919556917,0.0014666750226871824,0.001466863427565096,0.0014669987492160594,0.0014667778943204708,0.17924209388495405,0.15504269873055426
doc8,0.0006572211694164001,0.3061150546583185,0.09070557990775177,0.0006571493893114333,0.09350599207511819,0.40754109037955294,0.0006571073794074927,0.0006572225809230304,0.0006572317556082117,0.0006571642803332515,0.0006571170622183824,0.0975320693620402
doc9,0.001295465912328427,0.001295482285464588,0.001295485175067902,0.0012957281015529582,0.09398866052304755,0.6297376487431712,0.0012957935601912616,0.2646135043747686,0.0012955018394242208,0.001295483243903314,0.00129577274533828,0.0012954734957419114
doc10,0.000774154977942128,0.0007742886060783162,0.027007722067386095,0.0007741461170732975,0.020939654586853824,0.8122490047842795,0.0007742896812804463,0.13361022868654637,0.0007741290796288755,0.0007741459755918296,0.0007740595925040064,0.0007741758448352061
doc11,0.016317681840319658,0.42344321248473404,0.0006092075574570026,0.0006091356258740653,0.041069694332159595,0.28590685307718505,0.04902572956890441,0.1805817361323479,0.0006092248540989048,0.000609162649059413,0.000609186131995599,0.0006091757458642025
doc12,0.0007454578905149019,0.0007454169635700889,0.7802683865059874,0.0007453968814903316,0.0007453522398842585,0.0007453064564356566,0.0007454226493813033,0.1623161802202383,0.0007454675057014992,0.05070692819203681,0.0007452956860669344,0.0007453888086925472
doc13,0.0010185015274080359,0.0010184377856279907,0.0010185092232601748,0.0010184572886472356,0.0010185182740786287,0.001018488133896621,0.0010186612443515441,0.0010185703485953532,0.001018643480479109,0.001018459865548898,0.8990858807380204,0.09072887209008587
doc14,0.0010185015274080359,0.0010184377856279907,0.0010185092232601748,0.0010184572886472356,0.0010185182740786287,0.001018488133896621,0.0010186612443515441,0.0010185703485953532,0.001018643480479109,0.001018459865548898,0.8990858807380204,0.09072887209008587
doc15,0.6091974128826895,0.14471463746093077,0.001121505994994365,0.0011212946755249965,0.0011211985145625294,0.001121461931005965,0.0011213397773354899,0.0011214003112475642,0.001121469220181447,0.0011214132706757818,0.0011214613937923215,0.23599540456705947
doc16,0.000998266756704975,0.3023057372055185,0.0009981852591540346,0.26652512033172393,0.000998315870161294,0.0009982084834749365,0.10853262957130813,0.3146505635827276,0.0009982570518039652,0.0009983061755680996,0.00099819726430489,0.0009982124475497206
doc17,0.0007454003212149279,0.0007453655588244496,0.0007453731873712678,0.00074542159073358,0.0007453991053549177,0.000745451742892658,0.0007453793893460866,0.000745436294556307,0.0007453123794620136,0.5202006255482484,0.019781135366045702,0.4533096995159496
doc18,0.5819310154585494,0.059724162928034244,0.07151308152442278,0.0005177623118430256,0.0005176957951908559,0.0005177637847819335,0.0005177071925158482,0.08411355451932223,0.08992968656217325,0.0005177344817764855,0.005838329904610118,0.10436150553677975
doc19,0.08882526853760575,0.0008914555732091191,0.0008914604819543023,0.0008915247186217302,0.1896374526075989,0.0008915921353029294,0.13098628657930325,0.1809570095758515,0.0008915128825972145,0.4033534196536419,0.0008913901250261683,0.0008916271292872299
doc20,0.004505328898183248,0.004504929298247999,0.004504764542788017,0.00450474536075301,0.0045046462907262835,0.004504876267760717,0.0045045997008267185,0.9504459402936594,0.0045047286004014,0.0045049714004095544,0.0045058722486663975,0.004504597097577297
doc21,0.00046261801358848774,0.00046263753439633806,0.0004626800495064958,0.27588370978732596,0.00046263096912672934,0.0004626972728673119,0.1277695621811969,0.00046266723474726806,0.00046271158207806146,0.5921828221811387,0.00046261312597754107,0.00046265006805023217
doc22,0.0007566089435263657,0.0007566645702867715,0.16275811321071423,0.000756563823126066,0.16051996027793922,0.36073217761941206,0.0007566279357767011,0.0007566676883168635,0.18796386214885805,0.08783784540452014,0.03564830979336498,0.0007565985841585649
doc23,0.2655779650136362,0.3475817224469011,0.0005204301727700083,0.0005205049849082866,0.000520393690895899,0.08517884428565814,0.000520429264518312,0.0005204371447859001,0.28736830407485064,0.0005204572166925136,0.010650108416733273,0.000520403287649836
doc24,0.10463413987307627,0.14774222951141827,0.0005343129839504859,0.04628434350569296,0.0005342643968126129,0.49578667791969777,0.0005343722222078325,0.0005343508105982667,0.0005343430369940288,0.0005343005251525596,0.0005342819221803754,0.20181238329221854
doc25,0.09619880609245057,0.0017187260027157066,0.14269029591843024,0.0017185539443052885,0.23168464899007982,0.0017188443570102189,0.0017186541779731612,0.20522519486827578,0.3121703789134329,0.00171861051991846,0.0017186325772428456,0.0017186536381648913
doc26,0.19919996074019505,0.00030384459038988444,0.10478847547389328,0.0003038278703486253,0.0003038564834217045,0.18114342308206002,0.00030382445768840276,0.39448353221908444,0.08668223858907981,0.00030381575322033905,0.0318793650782544,0.0003038356623641172
doc27,0.0012023407776784807,0.08436727497486224,0.09270556388917442,0.001202033248328545,0.0012022477123633524,0.30204500081864294,0.001202082273679778,0.0012020853943687292,0.0012023261156003501,0.0012020829872333967,0.0012020253053958764,0.5112649365026719
doc28,0.0012319961038352516,0.10428694978314952,0.13974915715913938,0.001231714741653372,0.0012318158672554123,0.0012320267028362098,0.15451119714731007,0.07443236663772848,0.0012320688579026964,0.0012317885575773035,0.0012316808282990034,0.5183972376133132
doc29,0.1523974471774767,0.09760028089304285,0.0009245342656506901,0.0009243442944426399,0.000924579436893966,0.268493851064536,0.0009244322094714922,0.4741128730158578,0.0009244870068499868,0.0009244444122463797,0.0009243220356128459,0.0009244041879187373
doc30,0.0007802365718807197,0.40278967460041953,0.394590518149109,0.10934874338568777,0.0007802936986555448,0.0007802351992146675,0.000780250997558051,0.0007802928923798601,0.08702917306996927,0.0007802370919992768,0.0007801361978939547,0.000780208145232259
doc31,0.001953847575849345,0.001953542612440839,0.3169620349250965,0.001953464842618347,0.00195363330896151,0.0019535895504662125,0.0019533214003862164,0.663502267308185,0.0019538751527275237,0.001953452134662995,0.001953512012764085,0.0019534591758415543
doc32,0.002315443974274248,0.12574928201028449,0.002315302333401726,0.0023151507352532647,0.0023151629272274614,0.43457212459910194,0.0023154381466867963,0.41884100921691253,0.0023150834064415912,0.0023154302794118104,0.002315475384878957,0.0023150969861248528
doc33,0.0012021446891959105,0.0012020429960365683,0.0012022639344020955,0.0012024395539577421,0.0012020504521873159,0.0012022768465633495,0.0012025105637951347,0.9867756444892931,0.0012020801511365856,0.0012022931255627493,0.0012020471269449605,0.0012022060709248848
doc34,0.008931982333249629,0.19789379274846491,0.4915068093737564,0.008929529863971924,0.008930199490814805,0.008930635180998953,0.008930240801981558,0.008930907989629444,0.008931070687772196,0.23022429857688523,0.008929336752029372,0.008931196200445716
doc35,0.001880317489416839,0.0018803486991313526,0.001880107669731786,0.0018800681314893237,0.00188023644449638,0.0018800887005383843,0.0018798370695526062,0.7651147065366866,0.1409360189785659,0.07702804247429335,0.0018799145717899497,0.0018803132343078296
doc36,0.0033129189457882418,0.0033124611658197217,0.0033121539065367723,0.0033117341962525075,0.0033117208794110294,0.0033122182944875242,0.0033119847088081277,0.8511518246878204,0.003312976030020904,0.0033131520631656873,0.11572475420919298,0.003312100912696127
doc37,0.2020464907428587,0.0019925999466692624,0.0019924734521284374,0.001992286835717054,0.0019923900648515895,0.001992609431888225,0.001992204882145477,0.6726453334255611,0.1073758879886152,0.0019926137714921847,0.001992398199575769,0.0019927112584969867
doc38,0.0007741004979547547,0.0007741868978486966,0.0007741998746351205,0.0007743160737113217,0.0007742611439657839,0.0007742550049813351,0.0007741264253174973,0.7069536092049035,0.0007741896611876104,0.0007742057302291631,0.28530444250693904,0.000774106978326122
doc39,0.0010967531724950582,0.0010967062394501592,0.0010967372523217076,0.001096679389254351,0.00109675157294843,0.0010968034915501549,0.0010966729864226679,0.36615039879909006,0.0010968221093776316,0.6228822330456131,0.0010966973864453096,0.0010967445550313323
doc40,0.000679568727075755,0.0006795503905905529,0.550714941910147,0.0006795832103721615,0.07059963021678749,0.01240085036279841,0.041107261357190214,0.0006795262469430106,0.2944412817134708,0.0006795001267226603,0.0006795271256710537,0.026658778612231045
doc41,0.07401298673632695,0.0016081312466975331,0.31076898633829325,0.0016078422867196855,0.2454001599363222,0.0016082466013899507,0.1689849791279641,0.0016081934180495808,0.18957640479159948,0.0016079058855512113,0.0016079062864369747,0.0016082573446490808
doc42,0.0007681530168421427,0.0007681015751556295,0.0007681173291362108,0.0007681974092639753,0.000768177343884266,0.5302397261575167,0.0007681643950917215,0.46207868750319886,0.0007681125370139999,0.0007681955828821348,0.0007682053418719404,0.0007681618081423642
doc43,0.003969756702549599,0.6237492852052745,0.24143019614434816,0.0991001330285693,0.003968928282186557,0.003968610816727124,0.00396907289097465,0.003969160895654566,0.003968754554751458,0.003968780774202307,0.0039686486181061496,0.00396867208665554
doc44,0.0004364089314591359,0.0004364058322449688,0.19401492564866457,0.00043639413740864327,0.0004364056871757528,0.19280119753503508,0.0004364209465844465,0.47093390794772527,0.1387586553556186,0.0004364173681049423,0.0004364021654241813,0.0004364584445543511
doc45,0.0016341882245293625,0.0016341872619445334,0.001634345674226762,0.39522059659174824,0.0016341971837404677,0.0016349819701826844,0.0016344581866556802,0.0016348769341679311,0.001634466689752479,0.3295888839752735,0.001634385519885312,0.26048043178789304
doc46,0.00042891016722346664,0.0004288962932201208,0.00042891877117694785,0.23360949122619848,0.00042893810225649425,0.0004289340719380094,0.35453109854569725,0.0004289110963779284,0.0004289651700832033,0.4079990721802343,0.0004289067740025849,0.0004289576015914993
doc47,0.000792589376489546,0.0007926348217401603,0.0007926331275076065,0.0007926171365064481,0.019065398483009165,0.23572626876575614,0.0007926476091927796,0.0007925544025537463,0.0007927043288830475,0.5679124796573535,0.0007924726678243635,0.17095499962318345
doc48,0.002263053783682301,0.0022628275924872453,0.002262906984852642,0.0022631696456920135,0.0022629524509515677,0.0022630946354645623,0.2076016836470172,0.002263003461772689,0.002262844037323838,0.5073718932703659,0.04503040554738599,0.22189216494300396
doc49,0.004952956481136491,0.004951573803912148,0.8115807859504134,0.004951162393528486,0.004951374673345636,0.0049512152903431325,0.004951662268184896,0.0049515998214489446,0.004952134305704688,0.13890202679180055,0.004951009995650901,0.0049524982245309325
doc50,0.0018802550603885541,0.0018801667048980084,0.82543275655415,0.0018800453397332694,0.001880172014128155,0.0604654140886878,0.0018799676281259085,0.0018802812998288548,0.0018802704789001525,0.0018802053857237871,0.022493062676331582,0.0765674027691039
doc51,0.12004754229244816,0.668480232039123,0.0004736107703878817,0.00047364654043440473,0.0004735771391523326,0.00047362609429620994,0.0004736215243089055,0.20720966650709008,0.00047361308450058915,0.0004736657097540178,0.0004736054868327174,0.00047359281167163203
doc52,0.0011878792922342023,0.0011878203826712558,0.0011878506075259196,0.001187855780477586,0.0011878541993951433,0.0680105420733091,0.9201107996447871,0.0011879532370167511,0.0011878797687704275,0.0011878525040864328,0.0011877703080350787,0.001187942201690948
doc53,0.0013664330267662808,0.0013664099246542632,0.5980703856414336,0.0013663417387429755,0.0013663267407361059,0.0013665197198658165,0.0013664380950568942,0.3622616473346126,0.0013664964501580844,0.0013662611770982169,0.0013664291651103054,0.027370310985764743
doc54,0.0025517476480479907,0.0025514296788171713,0.31351341375211067,0.0025515309809389717,0.002551477211475277,0.1479614657668334,0.0025520725027801073,0.002551491484715456,0.04647914100488689,0.47163270985517963,0.002551849029868969,0.002551671084345535
doc55,0.0016082496864986136,0.27845374719722216,0.0016080487382195083,0.0016084477307520167,0.0016080164289025945,0.0016080088698448383,0.0016083005028604384,0.27199600751545644,0.0016081657562953447,0.43507686924446415,0.0016082222775830471,0.001607916051900976
doc56,0.0034251545687389484,0.0034255408429629494,0.0034254930560047208,0.2213654400380582,0.003425282343676949,0.003425475483938939,0.003426418301348606,0.0034256390077985707,0.00342541525420273,0.7443793240086376,0.003425126180959995,0.0034256909136718737
doc57,0.3620030494561481,0.15832187729969519,0.001510804561831199,0.0015111555307474353,0.0015107538107395433,0.07584745630956043,0.0015108797621098042,0.0015111127277714462,0.0015110111938995295,0.39174027790867016,0.0015107781765101112,0.0015108432623170333
doc58,0.0013125478334272776,0.0013125465124333518,0.0013127946989293245,0.28859158888879544,0.001312791688502183,0.0013126607000367408,0.08064041362918646,0.001312642547358456,0.0013125746482502173,0.6189541325200707,0.001312641463848775,0.00131266486916105
doc59,0.0007084327869418545,0.12588125055497365,0.2947604184355277,0.025659473058976492,0.0007083378879287449,0.16832047577009915,0.0007083421298016654,0.0007084347439876572,0.000708363793858891,0.0007083795774072775,0.0007084130985983558,0.3804196781618984
doc60,0.0012790627052634183,0.001279120501220458,0.0012791226989064478,0.0012791335514430405,0.0012790201185612015,0.8304184647516478,0.0012791896055237009,0.15679107189517663,0.0012789422065963797,0.001278996779516988,0.0012789437026114122,0.0012789314835327393
doc61,0.000661503677036645,0.0006615990114728077,0.0006615734999204552,0.0006615446140574616,0.05292404203214222,0.8131305795971132,0.0006616057686183763,0.12799116271204158,0.0006616236587888469,0.0006616144280219385,0.0006615921673306226,0.0006615588334559435
doc62,0.5885349484367157,0.13044594605448998,0.1269624133446193,0.0011604264315435357,0.0011603684094811477,0.1447735049197902,0.0011605301242247686,0.0011603579360884883,0.001160394597759255,0.001160525331702485,0.0011602420645456214,0.0011603423490396325
doc63,0.38950120947130357,0.0013663241239101028,0.1588430555331789,0.001366331123897686,0.0886584650170356,0.14941486342266103,0.0013663673876733397,0.001366462415000703,0.0013665657784833918,0.15562801126103584,0.04975581413415244,0.0013665303316675059
doc64,0.06255350305689553,0.0009598385407594965,0.0009597964397559273,0.0009601110734177502,0.000959843199316829,0.0009598559507820206,0.0009597667680450951,0.0009598199377644227,0.000959815590674595,0.0009599578683068629,0.927847887132877,0.0009598044414045365
doc65,0.06255350305689553,0.0009598385407594965,0.0009597964397559273,0.0009601110734177502,0.000959843199316829,0.0009598559507820206,0.0009597667680450951,0.0009598199377644227,0.000959815590674595,0.0009599578683068629,0.927847887132877,0.0009598044414045365
doc66,0.9231685974098601,0.0010291850414435278,0.0010289570202922642,0.0010290619330757267,0.0010289560306150295,0.0010289440096710406,0.001028961774776111,0.06654136227167783,0.0010289204059862514,0.0010290547238510205,0.0010290770201004495,0.0010289223586507344
doc67,0.000609121310896105,0.6476563764344172,0.0006091897208644793,0.0006091543394739179,0.0006091113990046286,0.17904775282294821,0.0006091982707116363,0.1678136471724956,0.0006091406097159052,0.0006091256322143175,0.0006090697921587664,0.0006091124950992914
doc68,0.9751080118317683,0.002262978829582715,0.0022628993537971522,0.00226281379078171,0.0022626175326134076,0.002262968869956206,0.002262883040717318,0.0022627587108407987,0.002262701790872789,0.002262924885214511,0.0022630242018950547,0.002263417161960003
doc69,0.0013127115072480713,0.0013127697279762872,0.24724899866751185,0.0013125978728664254,0.0013125674528151464,0.34172485544145453,0.0013126471091700726,0.20029893029984464,0.0013125887634365145,0.20022629395470737,0.0013124616377542342,0.0013125775652149988
doc70,0.0019536748244771925,0.0019537078094273804,0.21168174979870807,0.001953281675194302,0.5343553653085,0.0019536411581016606,0.0019535936020041843,0.23638085753586635,0.001953541943371087,0.0019533997327445033,0.001953626404908036,0.001953560206697267
doc71,0.0009692955583138913,0.000969247017566838,0.0009692226571844934,0.0009691496783811201,0.0009693086635995443,0.0009692864416760094,0.0009692210374908706,0.0009692991281013531,0.989338406658406,0.0009692661731417112,0.0009690933540927973,0.0009692036320453688
doc72,0.0009599329704740571,0.0009599957181320708,0.0009599890390912005,0.0009600061884260537,0.0009600198247747887,0.18159091615880424,0.5549053171455735,0.000959971015659154,0.20942877208831093,0.0009599913585437141,0.04639512316513823,0.0009599653270723392
doc73,0.0017489561983506368,0.6922281906696885,0.0017487916222596372,0.001748629879867747,0.0017486434740788298,0.0017486688028023275,0.05871803639839357,0.16386528063194244,0.001748739767999996,0.07119884399226066,0.001748530030796032,0.0017486885315596416
doc74,0.0030130844453189892,0.15296197712286508,0.003014585462655259,0.00301246925620093,0.0030123727417049485,0.0030134429346856503,0.0030122975270366996,0.8169105815495838,0.0030122797246703403,0.003012169828184858,0.003012303553108307,0.0030124358539849677
doc75,0.0012169034573932406,0.0012168974848426317,0.39326775654105933,0.0012167624658995782,0.0012168583395738414,0.3260441902954585,0.0012168400256737995,0.26973642185432056,0.001216806743908194,0.0012168689760508218,0.001216938360483658,0.001216755455335681
doc76,0.001202228620093088,0.6789111609655701,0.14566828089126668,0.0012022362437977957,0.1646011504369405,0.0012022749763006813,0.0012021897509102706,0.001202121523187697,0.00120206748747966,0.0012020852046522924,0.0012020496707510714,0.001202154229050173
doc77,0.001488683719704963,0.4864617557137674,0.0014883212570829052,0.0014887113828874004,0.0014882917590839703,0.0014884324285390918,0.001488410551693431,0.4450833236090207,0.0014882936135031492,0.05505913517048124,0.001488353030135445,0.0014882877641002857
doc78,0.001039830534435687,0.5449065805205375,0.20593866061473548,0.001039746476761497,0.04875557651290556,0.0010398001893965187,0.19208097606857316,0.0010397320602359328,0.001039824582411378,0.0010398084106822529,0.0010396602781649205,0.0010398037511601536
doc79,0.0012630516700253694,0.0012630114885036053,0.2734173645073936,0.0012629058134511336,0.001262948598802872,0.2015379458836517,0.0012629678586959722,0.3579708253141739,0.0012630574427415235,0.0012631159456461258,0.15696990879762635,0.0012628966792877635
doc80,0.46574776470723583,0.002427716037018203,0.1693353312682569,0.002427583847425873,0.0024275231935875926,0.0024279120562508355,0.002427688394879411,0.16802918509784942,0.002427582103305219,0.17746632649506305,0.0024278116059791317,0.0024275751931484807
doc81,0.09610275043180291,0.09061205605081471,0.11061942019472895,0.1093892915424036,0.001018687607367257,0.3910390624069658,0.0010186978374116082,0.0010186199119372832,0.0010185980256577263,0.001018682017810962,0.0010186593779655643,0.19612547459513363
doc82,0.09075690583690368,0.002033047239145711,0.002033229641954277,0.06855143865327325,0.002033312588890723,0.0020328904230184548,0.0020332563671114834,0.3442102659895112,0.0020328703209574854,0.0020331403813333565,0.002032824814962157,0.4802168177429382
doc83,0.2070348094237765,0.0012022834028435985,0.0012022562868472058,0.0012025000402171681,0.001202101857999301,0.28009751818217166,0.0012022513822785115,0.3926694335073039,0.05321844151603527,0.0012022300729911683,0.0012020599832017695,0.058564114344333874
doc84,0.0030127674794586403,0.9668608930004157,0.0030131033528412823,0.003012543664827214,0.0030123679084330056,0.003012344334598592,0.0030125830980233833,0.003012259365393692,0.003012552575915329,0.00301365687230751,0.003012477175266783,0.0030124511725186454
doc85,0.001330257685766559,0.0013302495213441967,0.10763974595215152,0.0013300360255832757,0.13801932587241458,0.28524937542681206,0.0013302190349833254,0.20653012200200463,0.10328315816624842,0.0013302996522652024,0.0013299622689360625,0.15129724839149025
doc86,0.0013665465743284005,0.0013664740872381127,0.1764265639648153,0.0013664612165821958,0.0013664612759421424,0.6983345226070558,0.0013663964953194664,0.11294085124824627,0.0013665042614777615,0.0013664204731905583,0.0013663092022064708,0.0013664885935975944
doc87,0.0023704568826758902,0.10930706062711577,0.0023704577618919903,0.1875268046455436,0.18984171538351144,0.002370355073440079,0.1101798605149699,0.269868441245094,0.0023701842801144087,0.00237037922556471,0.002370321660570558,0.1190539626995075
doc88,0.0035468550093534384,0.0035467483698154636,0.0035470736070425456,0.003546399183659842,0.30403184734669414,0.0035468367301888315,0.003546584517751304,0.4169861610532312,0.1516207585555802,0.09898678403867468,0.003546261715957884,0.003547689872050463
doc89,0.0744667308699428,0.0016896907916572643,0.0016894695850879244,0.0016893412307669056,0.001689380176672748,0.3821899581535108,0.0016895873631234887,0.5281382373655182,0.0016893920064427028,0.001689408191144933,0.001689355736978651,0.001689448529153416
doc90,0.0026888266119634305,0.002688785329761476,0.002688847024503569,0.0026891645188802625,0.0026889449311813087,0.2608575838108369,0.07391467067547097,0.6410285773667713,0.0026885566030572638,0.0026889394747867078,0.002688255540777185,0.0026888481120099054
doc91,0.0010849418578938652,0.0010849191359643092,0.7442977036115768,0.0010848842075253519,0.0010849606012189124,0.0010849977571710699,0.0010847099729109648,0.0010849765921017286,0.11385304978072489,0.1320851978942632,0.0010847505978544573,0.001084907990794375
doc92,0.2978042517493858,0.0022633156253540508,0.2560030132350365,0.0022628219368791176,0.0022629385504141573,0.0022629159656013392,0.002262818896236778,0.4258263177341043,0.0022630468999058277,0.0022631970645323484,0.0022625756349768764,0.0022627867075730285
doc93,0.0007741004979547547,0.0007741868978486966,0.0007741998746351205,0.0007743160737113217,0.0007742611439657839,0.0007742550049813351,0.0007741264253174973,0.7069536092049035,0.0007741896611876104,0.0007742057302291631,0.28530444250693904,0.000774106978326122
doc94,0.3160747835722671,0.35721327306352224,0.0006243678359472025,0.0006243197191342544,0.0006243094437271781,0.0006243462527232222,0.000624346652274898,0.32109291830755704,0.0006243349263324863,0.0006243477171304615,0.0006243068460181114,0.0006243456633660607
doc95,0.6999625583692681,0.15983540337469046,0.1259571658789056,0.001582680623362178,0.0015826385254622002,0.0015828033822102667,0.0015826923158843394,0.001582867723216088,0.0015827144262773897,0.001582877167422397,0.001583034920599772,0.001582563292701129
doc96,0.001216900890647809,0.0012167951290859586,0.0012168496012148605,0.0012167557795147836,0.28744404207536295,0.0012167402347417148,0.07121876402182933,0.0012167891069130939,0.001216756337966604,0.001216888801991892,0.0012166185234852992,0.6303860994972458
doc97,0.2740073906379469,0.5306540547512397,0.0008534622610222334,0.0008534191096901602,0.0008534376204771789,0.0008534956893779627,0.15202123415518162,0.0008534482728937531,0.0008534626586434058,0.0008534936284723493,0.0008534056529689479,0.0364896955620858
doc98,0.5569571913669158,0.0008391827995112392,0.19646788119807215,0.0008390697412210673,0.0008391211519172481,0.0008391557257351674,0.0008390261809032692,0.0008390974646257793,0.0008391689207055593,0.0008390740542076122,0.0008390067827075007,0.23902302461347766
doc99,0.0014247875024374927,0.0014247318802305211,0.0014250019386550653,0.5184666622385147,0.0014247087862854708,0.0014247583359565349,0.28719668165277507,0.0014247430591302322,0.0014246601388812831,0.1815132393762558,0.0014250870424458678,0.001424938048431995
doc100,0.0008252698088032782,0.13733678102078214,0.7602418756857865,0.0008252350496368669,0.0008252203985154885,0.0008253026939065131,0.0008253359479956791,0.05752099191824822,0.0008253321253788822,0.0008252485108094708,0.0008251623872546856,0.03829824445288212
doc101,0.0018456566464212399,0.001845525519438019,0.001845666946529465,0.08368855936044532,0.001845430228556054,0.001845233817393389,0.0018455295975208222,0.0018453588767734584,0.0018454788205312879,0.7009153826569553,0.0018451602670116322,0.19878701726242398
doc102,0.0007509208286514243,0.0007508956343745566,0.000750882072993418,0.9119947205817478,0.0007509523428288274,0.0007509315980360808,0.0007508730416552858,0.08049624228106932,0.0007508591059128207,0.0007509397943819845,0.0007508629045333361,0.000750919813814818
doc103,0.002263192192901958,0.0022630702321940763,0.18530325368721032,0.15743871540176338,0.1953099268870158,0.19192507815031035,0.13111230784629413,0.0022630386971950705,0.12533160737611904,0.00226328436350876,0.002263362614037122,0.0022631625514499547
doc104,0.0016894029214498325,0.0016894469363271506,0.0016894560578063964,0.2036699899006694,0.0016894950550055891,0.0016898846843971657,0.0016900334329367204,0.0016900749734040444,0.0016893798854014745,0.08063942925438815,0.03432042899702356,0.6678529779011905
doc105,0.1803175951662897,0.001018645695665305,0.0010186249736935495,0.0010184930571316944,0.0010186248332247406,0.0010186812507425183,0.0010185046122678856,0.2593307906995934,0.0010185250588181113,0.5511843905052279,0.0010184915832090922,0.0010186325641361948
doc106,0.0017487177473839706,0.0017485970219708854,0.0017486212948962727,0.0017485068624694242,0.0017485993338794937,0.0017487680709348788,0.0017484184229804099,0.0017484639704022171,0.001748755989501059,0.9807645591052305,0.0017483963093848272,0.0017495958709661363
doc107,0.0019536748244771925,0.0019537078094273804,0.21168174979870807,0.001953281675194302,0.5343553653085,0.0019536411581016606,0.0019535936020041843,0.23638085753586635,0.001953541943371087,0.0019533997327445033,0.001953626404908036,0.001953560206697267
doc108,0.0006166317234010303,0.2837013208514742,0.0006166891298634088,0.0006166253909830998,0.0242615413450631,0.0006166064023988537,0.0006166885018744967,0.0006166274535430822,0.6864872563886684,0.0006166725722608426,0.0006165749598203147,0.0006167652806492153
doc109,0.15125782675617772,0.0017189808874362295,0.00171874025533274,0.00171856134826003,0.0017186684802689093,0.1156646820255445,0.0017186916584656685,0.001718774408276817,0.0017188459973007829,0.717608705729453,0.0017188125619592533,0.0017187098915243094
doc110,0.11191921050433871,0.35935583489646067,0.0015341326263010845,0.001534205618997131,0.0015339963853091053,0.0015340530341225052,0.0015340750998044121,0.1949919557860923,0.0015342967043884916,0.3214602565960364,0.001533859761895323,0.0015341229862537412
doc111,0.002688523422767812,0.0026889459994104527,0.002688579667416896,0.0026890252819234696,0.0026888903302459063,0.002688999576399512,0.29946854003629764,0.12371728004301688,0.2999350659943338,0.2553685982800354,0.002688716210569566,0.0026888351575826528
doc112,0.0013302292474475894,0.30500060984517047,0.0013300854066337995,0.0013301783497731512,0.0013302149870384897,0.001330182814540822,0.048968403004777346,0.0013302693894585026,0.17430698343234455,0.4610825761283216,0.0013301782007178846,0.0013300891937757504
doc113,0.0022128337828010588,0.0367764892003353,0.0022128684393598256,0.0022130704526508904,0.093027959851472,0.0022127090899407265,0.6272059562558714,0.0022127581678257923,0.002212565018308296,0.22528664762403375,0.00221304918965325,0.002213092927747626
doc114,0.001661346844325271,0.0016614358107614612,0.19442694054699183,0.08201898640045696,0.0016614058739024874,0.0016616232031636923,0.0016614538141636864,0.0016617125367600566,0.001661555136602299,0.0016615973239535735,0.0016613581893833473,0.7086005843195352
doc115,0.0016897716221928921,0.0016894321482855963,0.001689713750694711,0.23107543680041107,0.001689582135792248,0.001689537878079944,0.0016895567311805764,0.0016896356894510163,0.0016895208819819063,0.26275914697150615,0.0016896627005744825,0.49095900268984943
doc116,0.09529925541520483,0.0006704444593994442,0.0006704961038716335,0.0006703819753333376,0.0006703217735430192,0.2818643931202633,0.0006704624404128946,0.0006704834827887886,0.12785948300888644,0.0006703959275281154,0.00067034676907128,0.48961353552369696
doc117,0.0014665144928932216,0.6628212921272575,0.0014666973574742163,0.0014666916041465574,0.0014667797229639332,0.06963691626370344,0.07418700452598687,0.0014666832175031772,0.0014668358341960281,0.18162141823070335,0.0014663671965099248,0.0014667994266618057
doc118,0.0013481002101374082,0.0013480441232007084,0.620483184900016,0.0013479573369956654,0.17554044635822313,0.0013481091997624996,0.0013480836908502112,0.1918441322999046,0.0013480936671285088,0.0013479212318767875,0.00134784835648457,0.001348078625419834
doc119,0.22495998503822554,0.1024012862810808,0.5213676956772594,0.0007186380893172446,0.000718530492679476,0.14552259498445572,0.000718509326350688,0.0007185784904950852,0.0007185968807499234,0.0007186150117357923,0.0007184685598856975,0.000718501167764654
doc120,0.0010617629080625494,0.14057937627717626,0.0010618672357870988,0.0010617691927576904,0.0010617813956005208,0.8488026193127616,0.00106184553913555,0.001061797442710254,0.0010618301302175645,0.0010619185962103606,0.0010616975906928426,0.0010617343788877345
doc121,0.43601813769344,0.005496067455651071,0.00549609362551286,0.005495731427145167,0.005495355171542648,0.5090229071340889,0.005495611666385165,0.005495754013848469,0.005497622911826459,0.00549537002594836,0.00549489549447761,0.005496453380133206
doc122,0.00047817039923036403,0.1448644875514078,0.05192656162845826,0.00047814105590160644,0.0004781533196206014,0.3522879122409661,0.0004781764741967065,0.33999055612629453,0.000478104567467665,0.00047812979357304695,0.00047809670368960145,0.10758351013919387
doc123,0.002763462102159773,0.0027628756693973506,0.4869195865282964,0.0027628280947488023,0.002763054320287868,0.002763305300895393,0.0027630274609601008,0.33066983439912473,0.0027631452872076685,0.0027630539891293415,0.00276323085283734,0.15754259599495524
doc124,0.0025517358969764496,0.002551493365083913,0.002551464075031067,0.0025519362351736647,0.0025512822917524926,0.0025519299663645145,0.002551576436565489,0.8294946255063684,0.0025513986064008413,0.14498897392196816,0.002551699367292736,0.0025518843310220435
doc125,0.001008140219880118,0.0010081566484345075,0.0010082170058868995,0.0010081474043688767,0.00100832794605842,0.0010083656085625393,0.0010081673337807866,0.0010083712324611498,0.0010082064621460475,0.00100812105165375,0.9889095191094063,0.0010082599773607404
doc126,0.001008140219880118,0.0010081566484345075,0.0010082170058868995,0.0010081474043688767,0.00100832794605842,0.0010083656085625393,0.0010081673337807866,0.0010083712324611498,0.0010082064621460475,0.00100812105165375,0.9889095191094063,0.0010082599773607404
doc127,0.001845557140501783,0.22529616090250976,0.0018456453700138563,0.08657434901700987,0.24961906102053535,0.17227229752342246,0.0018455455816931369,0.0018454844682471612,0.0018455617951591943,0.25331965704726256,0.0018451991263192485,0.001845481007325543
doc128,0.0017797240942793934,0.16816163806239273,0.001779834496162639,0.001779908878733769,0.0017798237128608097,0.0017800345316707543,0.0017797671277022314,0.0017798083858193414,0.10722812397108268,0.0017799977874857844,0.001779479452570937,0.708591859499239
doc129,0.00073982924352728,0.05807844723774542,0.17416303822680426,0.0007398261289677477,0.41482807287922824,0.0007398340081506256,0.3470119837303581,0.0007397635196632357,0.000739792123148101,0.0007398269324374807,0.0007397395804497265,0.0007398463895195295
doc130,0.009805904409378775,0.37269432712731615,0.009806844423646027,0.00980702355221289,0.0098039503626068,0.00980550623927556,0.11187203004851909,0.009805683802013644,0.00980537231668243,0.4271828967276379,0.00980579574838994,0.009804665242321058
doc131,0.0007926030231234104,0.2799437815669344,0.250585922074233,0.0007926813061040068,0.0007926430859400023,0.12347541562024857,0.180951651029034,0.03692232950661053,0.0007925607876896015,0.12336515967532612,0.0007926211377979521,0.0007926311869583727
doc132,0.8428322028801759,0.09743316248792867,0.0006091360139771117,0.0006091092623138528,0.0006091096395934501,0.000609123721855203,0.0006091109468946558,0.0542525874332169,0.0006091081898904134,0.0006091310753370127,0.0006091218371292278,0.0006090965116877321
doc133,0.001812188277593018,0.0018120317411440007,0.46873430345409134,0.001812152957635203,0.0018120031040000102,0.18557698097440992,0.0018120953222093637,0.0018122016368648847,0.0018119933862348818,0.08721625660453881,0.2439757398547302,0.0018120526865483722
doc134,0.24485133608388246,0.0013854641982680965,0.11574765863412984,0.001385275807733821,0.001385671011909631,0.0013853647976269645,0.0013853006562000922,0.6269327280235614,0.0013853100079890017,0.0013853548028705922,0.00138520246008436,0.0013853335157438895
doc135,0.1466114957118852,0.00044218693614984776,0.00044220138563126724,0.01641787718302136,0.0004421849189494049,0.0004422045519684189,0.0004421636059452336,0.680846856779844,0.08044007335549627,0.00044220153790392624,0.0004421795304136037,0.07258837450279138
doc136,0.0013855131447895665,0.0013854059935862742,0.49449222503980406,0.0013852833081342514,0.0013856145162077,0.0013853839972374122,0.0013855352596533728,0.0013853189295484373,0.491653579280757,0.0013854408777269366,0.00138515806692763,0.0013855415856272148
doc137,0.05714511599005886,0.44806851370578427,0.0004461638137855348,0.00044616219048569216,0.0683081684466107,0.16465264222054238,0.0004461320952377818,0.02660940720451227,0.00044619558591223706,0.000446188018624663,0.0004461118774956912,0.23253919885094995
doc138,0.0005983044150144608,0.0005983420884306198,0.0005982208851116823,0.0005982380016875797,0.000598204339595763,0.27685204646809436,0.0005982958040644614,0.6052696175742895,0.0005982345736660327,0.11249402655852841,0.0005981780062314732,0.0005982912852855832
doc139,0.08203970891748849,0.0023156806484825364,0.0023153667907563798,0.002315175342087298,0.3215201104602951,0.0023156061689430293,0.002315281769353408,0.12814850273325779,0.076979942862231,0.3751032210045618,0.002315460418307766,0.002315942884235525
doc140,0.0014454526501831372,0.0014453816460906555,0.3063182002111601,0.0014455358658160445,0.0014455419885046788,0.0014455774725437886,0.0014454289423108109,0.20587288933241576,0.001445395559487726,0.474799971177624,0.00144521481975049,0.0014454103341129802
doc141,0.0005842911522585851,0.3008175211836723,0.0005842992112202261,0.0005842395716762124,0.0005843444276161738,0.0005842561926523864,0.0005842833520735645,0.6429820519014158,0.000584237956972534,0.050941985306501555,0.0005842103192507396,0.0005842794246898828
doc142,0.06902519721914055,0.0008914899803136033,0.0008915556414758233,0.0008914794728306063,0.0008914489555850771,0.0008915356836407105,0.1306779587132146,0.0008915073107968916,0.0008915762889794453,0.16689997439933238,0.0008913801958993918,0.626264896138791
doc143,0.0009883295539273253,0.000988366799303513,0.17251310496497382,0.0009883546595557996,0.15200118890082798,0.3846524825204717,0.000988386251118635,0.0009883355141620264,0.000988359727713827,0.14579993157432553,0.1381148451879055,0.000988314345714495
doc144,0.001466725151537363,0.0014665302073294433,0.6002415998898247,0.001466643284305812,0.0014666071250340168,0.3671133760322146,0.019445226660963204,0.0014666723199623227,0.0014667024995521773,0.0014666329674101846,0.0014666808042355754,0.0014666030576307985
doc145,0.12053994769777729,0.0014885503427365353,0.0014883672510032126,0.001488369804439073,0.001488276202148469,0.4259719101978215,0.0014884681083032123,0.2888957795256158,0.001488364229471179,0.0014883110854753297,0.0014884817172434403,0.15268517383796518
doc146,0.0012791349841897912,0.0012791621273123563,0.4206745880848935,0.0012790546501617996,0.0012793169406534093,0.49117430871357554,0.0012792041894483977,0.0012791919728332372,0.0012791727291245937,0.001279063599569023,0.001279041167909112,0.07663876084032922
doc147,0.0019160449403690918,0.0019163976892680548,0.0019165715429837267,0.20654401821350696,0.0019160201747417639,0.34079986403111495,0.0019164204260623536,0.0019162466504045938,0.001916434236034203,0.12428804268878307,0.08273562112724771,0.2322183182794836
doc148,0.001278874549232305,0.0012789593835509597,0.0012789825071977793,0.0012791445085082002,0.0012790410057210925,0.9370567100523016,0.050153321659019534,0.0012791490108655012,0.0012789177952333957,0.0012789548107065207,0.0012788954969260283,0.0012790492207372826
doc149,0.3044916455442483,0.33620856556058976,0.0014665479655044478,0.0014665137372814746,0.0014664459814550867,0.0014665081447058973,0.001466509913925977,0.3461009955747341,0.0014666867166107124,0.0014665280493894207,0.0014664030678635904,0.0014666497436911573
doc150,0.11249997403471372,0.0010970120668539476,0.001096661226384299,0.0010967319944999753,0.0010965825407056999,0.4927685681662176,0.0010966768033913925,0.32971462315726263,0.0010966913110699648,0.0010967664460473285,0.05624281188392389,0.0010969003689297661
doc151,0.001295513055226512,0.0012956149791804497,0.001295633167798462,0.0012957058803344346,0.001295602580693068,0.26944030004096015,0.0012958291891733314,0.7176032697832726,0.0012955129387345209,0.0012959411191259932,0.0012954404442788853,0.0012956368212217171
doc152,0.0006795364600636471,0.0006795050923354037,0.13984488351153576,0.0006795770565696704,0.11856087640043504,0.01664577592578634,0.052423279457830915,0.0006795723026804942,0.6677683344480215,0.0006795407153939425,0.0006796231715479404,0.0006794954577992857
