,topics0,topics1,topics2,topics3,topics4,topics5,topics6,topics7,topics8,topics9,topics10,topics11
doc0,0.0016613826685902375,0.18221571258482722,0.7744403321899247,0.001661274944288395,0.0016616566326361553,0.0016616833082686274,0.0016613616121730968,0.02838994385238584,0.0016616885851544248,0.0016616205751924375,0.0016618781051162253,0.0016614649414427893
doc1,0.0005098292475012535,0.5639549296530086,0.38536219397927607,0.0005098024204842346,0.04609470939352806,0.0005097616346436894,0.0005098449333409918,0.0005097518808180082,0.000509783266209708,0.0005098336625030662,0.0005097415440121176,0.0005098183846742313
doc2,0.3657070995591737,0.0007989514474055901,0.0007989039891667858,0.2039173312485506,0.0007991428281319659,0.0007988290296729578,0.0007988521654367966,0.0007990007089938762,0.22908146894229872,0.19490276296547518,0.000798795308729872,0.0007988618069639421
doc3,0.0005429728899430184,0.0005429651589479396,0.0005430031003430539,0.2946428329505993,0.0005429825691311492,0.0005430595337155012,0.0005429976840379134,0.0005430167818194291,0.0005429880871440136,0.0005430305111603925,0.0005429767941044135,0.6999271739390539
doc4,0.1571723946242212,0.0012021784943194282,0.001202345860066935,0.0012021441700272482,0.0012023373578012048,0.4060543312069523,0.0012022316240878834,0.0012023269081423936,0.0012023028223245467,0.4259529945818748,0.0012020855948086282,0.0012023267553735496
doc5,0.0007623249649117927,0.0007624353878615526,0.8621532740516054,0.0007623910430036761,0.0007623800685696884,0.05516888057085853,0.0007623537853115414,0.0007624547623254332,0.0007623138779179141,0.0007624508613675301,0.018674420951431826,0.057904319674835295
doc6,0.0015109284090205888,0.001510823659219758,0.40677540916883276,0.001511074119105933,0.001511006477225208,0.0015109756476168956,0.04623231733744556,0.001510855052939465,0.001510830049212953,0.5333940373334772,0.001510771033065708,0.0015109717128381096
doc7,0.0014669113959019547,0.1767053548114094,0.3083128304797496,0.0014665304346155982,0.0014667865004514323,0.17036232378959515,0.00146667418072878,0.0014668635582673493,0.0014670001682281844,0.0014667763887380972,0.17938520313556322,0.1549667451567512
doc8,0.0006572211004858921,0.3061559174969379,0.08965782436434133,0.0006571497494551137,0.09376160749912699,0.40811743130956535,0.0006571073127462848,0.0006572229529684894,0.0006572322707907385,0.0006571643499150954,0.0006571171723807282,0.09770700442128613
doc9,0.0012954663465164632,0.0012954811224591785,0.0012954849722389612,0.0012957323852929785,0.09403668482712818,0.6281443982381779,0.0012957906070178331,0.26615873225711434,0.0012955016911100382,0.001295482890828649,0.001295771297889278,0.0012954733642261153
doc10,0.0007741555978993353,0.000774289548728989,0.026877689561327966,0.000774146101269501,0.021144023365576792,0.8158451236152442,0.0007742901529093519,0.12993977172603244,0.000774128896795385,0.0007741454953206047,0.0007740595654914997,0.0007741763734038546
doc11,0.0158221136825169,0.42386756303947065,0.000609207891524354,0.0006091361279723263,0.04120378323897906,0.28688861016508094,0.0486930448202704,0.17986979080021195,0.0006092252043141612,0.0006091624116645356,0.0006091865528288895,0.0006091760651659699
doc12,0.0007454591400628925,0.0007454183821941254,0.7794798009734358,0.0007453995635234637,0.0007453534335610307,0.0007453065609610143,0.0007454230146779069,0.1629578898770493,0.0007454735012779237,0.05085379220396115,0.0007452961084974492,0.0007453872407978645
doc13,0.0010185014039238455,0.0010184376238078676,0.0010185093965838288,0.001018456987613137,0.001018518119549472,0.0010184876553396087,0.0010186606323014918,0.001018570604270195,0.0010186432920538612,0.0010184593801888394,0.8987622641396823,0.0910524907646855
doc14,0.0010185014039238455,0.0010184376238078676,0.0010185093965838288,0.001018456987613137,0.001018518119549472,0.0010184876553396087,0.0010186606323014918,0.001018570604270195,0.0010186432920538612,0.0010184593801888394,0.8987622641396823,0.0910524907646855
doc15,0.6091267687291735,0.14433390381167074,0.0011215040277403497,0.0011212937679350597,0.001121198850668613,0.0011214634498277773,0.0011213416843425682,0.0011214003890196247,0.0011214689384169093,0.0011214143150262302,0.0011214626909771632,0.23644677934520153
doc16,0.00099826623428536,0.30337553758529023,0.0009981853819371325,0.26776900026296285,0.0009983155892699593,0.000998210756289203,0.10807772208163191,0.312791789123993,0.0009982560504721758,0.0009983071307489277,0.0009981969894541506,0.0009982128136649853
doc17,0.0007454004476319917,0.000745365820789281,0.0007453722065347893,0.000745421269148038,0.0007453989192426867,0.0007454497692457977,0.00074537785162716,0.0007454354068155213,0.0007453114637605782,0.5201161563411276,0.019669388889451925,0.45350592161462455
doc18,0.5827752147209193,0.05680808414839919,0.0745278463657351,0.0005177618062574494,0.0005176960163729362,0.0005177636841022965,0.0005177073141469826,0.0841204249137111,0.08924256323139863,0.0005177348360027943,0.0054722819110811505,0.10446492105187322
doc19,0.09004199407233845,0.0008914549161951102,0.0008914606608197134,0.0008915231562535712,0.1891065781388923,0.0008915918486255271,0.13120923517654595,0.1795403856045157,0.0008915129786432251,0.4038612483266961,0.0008913890832444659,0.0008916260372299262
doc20,0.004505334839598013,0.0045049388359422,0.00450476415539079,0.004504751987546911,0.004504646559417857,0.004504871811252633,0.004504599127253382,0.9504459216885667,0.004504724078267174,0.004504975404778465,0.004505874420025637,0.0045045970919604375
doc21,0.0004626181916213998,0.00046263755803910864,0.00046267992869508933,0.2748272353469809,0.0004626310105011999,0.0004626975730635188,0.12819633683678003,0.0004626673973833452,0.0004627119473883976,0.5928125210371704,0.0004626128867642683,0.0004626502856123062
doc22,0.0007566087369454554,0.0007566653090611468,0.16475226920202066,0.000756564829877082,0.1615030585953791,0.36131957998615966,0.0007566283521967805,0.0007566675023861174,0.18754359604582785,0.08507597078234534,0.035265792833550906,0.0007565978242500024
doc23,0.2652540515361842,0.3477711866765052,0.0005204307451429356,0.0005205052120044046,0.000520393265142847,0.08340253889574262,0.0005204300017751971,0.0005204374639481165,0.2890706373473103,0.0005204558359127605,0.010858530068495055,0.0005204029518362727
doc24,0.10490450286524354,0.14716100916138763,0.0005343130227947111,0.04643506532339358,0.0005342643450848463,0.4959860244087089,0.0005343712785609894,0.0005343510667597253,0.0005343428936446491,0.0005343006479822933,0.0005342821595860284,0.2017731728268532
doc25,0.09659901953623015,0.0017187255635058994,0.14326493303369736,0.0017185533897129976,0.23203547185553286,0.0017188438769284462,0.0017186531212347153,0.20480304268099186,0.31126686214572413,0.0017186101674964158,0.0017186313759755278,0.0017186532529695027
doc26,0.19940718264102575,0.0003038445370225354,0.104216047962701,0.0003038278801462494,0.0003038567360110029,0.18217607214984577,0.0003038247165601703,0.39384868691084474,0.08651330681823866,0.0003038158853579284,0.0320156981408963,0.00030383562134975666
doc27,0.0012023430688525957,0.0855141408473347,0.08572223516297751,0.001202033389028796,0.0012022488967674363,0.3034212549453084,0.0012020814503386462,0.0012020854761984055,0.0012023269433432957,0.0012020835897910943,0.001202025301697634,0.5157251409283614
doc28,0.0012319954778352285,0.1048276557155335,0.13580345941557204,0.0012317144774823781,0.0012318165964290565,0.001232025948614936,0.15570401791169805,0.07444520901034853,0.0012320673755400295,0.0012317897355835455,0.001231680992357207,0.5205965673430056
doc29,0.15267930744044092,0.09802086726292918,0.000924531494767338,0.0009243435416560188,0.0009245799565035637,0.27342927868230177,0.0009244316422941024,0.4684750030370331,0.0009244862346528337,0.0009244447346438872,0.0009243219033147766,0.0009244040694624818
doc30,0.000780236508906594,0.4029881540260259,0.39409130786719393,0.10927747094632356,0.0007802947830615355,0.0007802357714652775,0.0007802495800908311,0.0007802922062162602,0.08740117468968696,0.000780238675554924,0.0007801363524218115,0.000780208593052408
doc31,0.001953850734264115,0.0019535446663009335,0.3164920275398504,0.0019534648400918167,0.0019536351987199363,0.001953591020700107,0.0019533225078980925,0.6639722634685236,0.0019538778380213525,0.0019534522565926903,0.001953511107092186,0.0019534588219446503
doc32,0.002315442095081253,0.1254703533637192,0.0023153038474554447,0.0023151519589921466,0.0023151624643190805,0.4293309205188568,0.002315437857554672,0.4243611556150942,0.002315081938928362,0.002315424251341746,0.002315469075532641,0.002315097013124309
doc33,0.0012021445872058938,0.0012020434440044576,0.00120226433776914,0.0012024371434883724,0.0012020483974944892,0.001202283535000368,0.0012025019961729383,0.9867756492548589,0.0012020802728079751,0.001202295665818706,0.0012020469599527573,0.0012022044054259499
doc34,0.008931976418773795,0.20128114812340597,0.48852093067583224,0.008929544643932249,0.008930205727407005,0.008930643499613958,0.008930237519267865,0.008930908916361962,0.00893107925687291,0.22982281060820478,0.008929337295701497,0.008931177314625697
doc35,0.0018803159731420505,0.0018803475134727757,0.0018801088547464814,0.001880068889672781,0.0018802347471050238,0.0018800890990515657,0.0018798361284974423,0.7650427483554035,0.14125739052759642,0.07677863224774309,0.001879914299058681,0.0018803133645100747
doc36,0.003312923721660444,0.0033124705685365816,0.003312156156650547,0.003311736680217555,0.003311721431167331,0.003312215881697086,0.003311986788812192,0.8512602350447129,0.00331297137544651,0.0033128470097378375,0.1156166357721686,0.0033120995691923475
doc37,0.20221773534658766,0.0019926013052840425,0.0019924714865464307,0.0019922838930059718,0.0019923910843563917,0.001992609940503227,0.001992203905176204,0.6724936540650225,0.10735631826410556,0.00199261901987923,0.0019923980996614447,0.0019927135898713125
doc38,0.000774100479729354,0.0007741864503895245,0.0007741995608437738,0.0007743159928519273,0.0007742607323616075,0.0007742536452815978,0.0007741273880792056,0.706916464735399,0.0007741895797677295,0.0007742061253594,0.2853415884320594,0.000774106877877533
doc39,0.0010967534200076433,0.0010967074340743844,0.0010967372028639756,0.0010966805290480144,0.0010967515428737717,0.0010968010519064226,0.0010966726866581012,0.36811411359379964,0.0010968228555034854,0.6209185191332107,0.0010966959456492548,0.0010967446044046628
doc40,0.0006795675612628015,0.0006795426306563238,0.5485502777046105,0.0006795829432656941,0.07044561652793828,0.01369219750836916,0.041021855263187176,0.0006795236589585681,0.295840143099813,0.000679500394756675,0.0006795285625543605,0.02637266414462737
doc41,0.07394320575947264,0.0016081317428002114,0.30839554508428224,0.001607843144773986,0.24626022809724157,0.0016082479108240377,0.17012652667781747,0.0016081930923909327,0.19001800996161147,0.0016079048911142105,0.0016079062267260644,0.0016082574109451192
doc42,0.0007681527663213574,0.0007681016267480247,0.0007681173790851489,0.0007681975535557255,0.0007681764859140711,0.5294111401950291,0.0007681632638146871,0.4629072766990503,0.0007681122339213193,0.0007681957946110983,0.0007682045815225234,0.0007681614204267251
doc43,0.003969754551489824,0.6228537915173238,0.2421917610742512,0.09923406459139045,0.003968928962959316,0.003968610062324885,0.003969074806745704,0.003969156719805542,0.003968755783912565,0.003968781022199683,0.003968648716250955,0.003968672191346028
doc44,0.0004364088778948715,0.00043640589844520095,0.19412869559109364,0.0004363938923740375,0.00043640570395659257,0.19287132060950374,0.00043642037517768024,0.4707648317769495,0.1387438402228198,0.0004364174925753402,0.00043640210530134264,0.000436457453908191
doc45,0.0016341881443135392,0.0016341874950516167,0.0016343446139661935,0.3931410316409653,0.0016341973131774707,0.0016349756776243183,0.001634457521017771,0.0016348986147081287,0.0016344669294824023,0.3307589070815177,0.0016343844548585592,0.2613899605133169
doc46,0.0004289104720656087,0.00042889678135276803,0.00042891910928037207,0.2345612499602587,0.0004289381309193382,0.00042893467278469575,0.3546425487437874,0.00042891115745501466,0.0004289657136279617,0.4069358614938045,0.0004289065701572584,0.00042895719450639417
doc47,0.0007925882385493114,0.0007926332820208802,0.0007926344859804621,0.0007926154592602713,0.0190554028267814,0.23527009108740532,0.0007926444899634906,0.0007925543697714679,0.0007927040665403836,0.5689994445918691,0.0007924724209810395,0.17033421468087684
doc48,0.0022630536495165643,0.002262822839804191,0.0022629047199953173,0.0022631667013531037,0.002262949127319069,0.0022630914301424187,0.2100574670617649,0.002263001878877913,0.002262842761576064,0.5042090291090997,0.044369985161245434,0.22325968555930512
doc49,0.004953041584006535,0.004951565901248457,0.8471230286774264,0.004951202759262299,0.0049513742151847265,0.004951209522935235,0.004951705113842657,0.004951667584318569,0.004952118968886477,0.10335943944447422,0.0049510064001285605,0.004952639828285761
doc50,0.001880254657711395,0.0018801638412497819,0.8259129269817322,0.0018800413075718205,0.0018801698532378253,0.06020265862891922,0.0018799672700189588,0.0018802819719675923,0.0018802683333310488,0.0018802051451088566,0.022498216078147105,0.07634484593100425
doc51,0.11976586233157463,0.6688222426219842,0.00047361108940555797,0.0004736467385386761,0.0004735772113772973,0.00047362575462796724,0.0004736213220873966,0.2071493351428841,0.00047361315173119093,0.00047366546283242,0.0004736064501106091,0.00047359272284606
doc52,0.0011878782947663089,0.0011878200030679402,0.001187850045297842,0.0011878567233107784,0.0011878543576475467,0.06791795371431554,0.9202033873907837,0.0011879522205480752,0.001187879760960044,0.0011878529189784303,0.0011877694266175022,0.0011879451437064484
doc53,0.0013664337520927214,0.0013664083047010792,0.598516009873593,0.00136634182639667,0.0013663273930030035,0.0013665241576005054,0.0013664436353210217,0.36185712783188295,0.0013664975465116896,0.0013662605052446434,0.0013664281411081105,0.02732919703254444
doc54,0.0025517523099565765,0.0025514291647592913,0.3137765141280285,0.0025515310086540533,0.00255147854229196,0.14701016117392948,0.002552072329367828,0.00255149412704021,0.04674072322912847,0.47205931268597584,0.0025518539316992483,0.002551677369168425
doc55,0.0016082499669322202,0.28073351818074377,0.001608048813464892,0.0016084517175393009,0.0016080168157041606,0.0016080085208463636,0.0016082939914615173,0.27113417159036285,0.0016081637568807915,0.43365894032304364,0.0016082208097476045,0.001607915513272949
doc56,0.003425153788683464,0.0034255853062485435,0.0034255107309930782,0.22246410042690612,0.003425284830017783,0.0034254768115577153,0.0034263961776785415,0.0034256805478891247,0.003425424459828188,0.7432805734768861,0.003425124788330698,0.0034256886549806033
doc57,0.36224618791161006,0.15742601416915464,0.0015108044730873832,0.001511156425712637,0.0015107538599550747,0.0755889191049481,0.0015108775877564701,0.001511110824954284,0.0015110109091115204,0.3926515453914578,0.0015107779441213822,0.0015108413981308026
doc58,0.0013125481216337295,0.0013125454213143409,0.001312791071963804,0.2864791479482835,0.0013127896007221064,0.0013126597596239483,0.08125188993478129,0.001312642267341877,0.0013125752780169839,0.6204551060798141,0.0013126402328680112,0.001312664283636214
doc59,0.0007084325611803455,0.12655879696987155,0.29296301264227187,0.025994552608597083,0.0007083385610396526,0.16938502714814088,0.0007083425661273301,0.0007084348321258661,0.0007083641627776285,0.0007083799129127439,0.0007084138696635476,0.38013990416529136
doc60,0.001279060034768764,0.0012791181984798605,0.0012791222390403114,0.001279132385957113,0.0012790228342616735,0.8393920651278698,0.0012791850020027987,0.14781748306121661,0.0012789407635293763,0.0012789944801728475,0.0012789439712695882,0.0012789319014313634
doc61,0.0006615031534868452,0.0006615987603110821,0.0006615726231581907,0.0006615441574168477,0.052963285479697614,0.8132751502197567,0.0006616055518352522,0.1278073523521627,0.0006616230358691533,0.0006616139389037945,0.0006615918961739019,0.0006615588312278153
doc62,0.5892244422679748,0.13001563860139265,0.12646927984954953,0.001160426471525892,0.0011603682908236837,0.14500744791012887,0.0011605339397270245,0.0011603581935107803,0.0011603945295529303,0.0011605261642191698,0.0011602417515575996,0.001160342030037052
doc63,0.38990581942503877,0.0013663241527085948,0.15780596262155186,0.0013663305341560011,0.08876006322341819,0.15003637978222462,0.0013663682324152155,0.0013664623617586445,0.0013665646140045677,0.15569188205538342,0.049601312262101065,0.0013665307352391778
doc64,0.0625157655086295,0.0009598385560569644,0.0009597966931171645,0.0009601230537647449,0.0009598422388065151,0.0009598560975657835,0.000959766984337281,0.000959819648545582,0.0009598157257885124,0.0009599581118391339,0.9278856133950566,0.0009598039864922583
doc65,0.0625157655086295,0.0009598385560569644,0.0009597966931171645,0.0009601230537647449,0.0009598422388065151,0.0009598560975657835,0.000959766984337281,0.000959819648545582,0.0009598157257885124,0.0009599581118391339,0.9278856133950566,0.0009598039864922583
doc66,0.9233783895771667,0.0010291870866577506,0.001028957581404076,0.001029063043284279,0.001028956330393184,0.0010289440254960243,0.0010289609361081066,0.06633156474112789,0.0010289202954338662,0.0010290560263143693,0.0010290774123125626,0.001028922944301324
doc67,0.0006091213127909354,0.6471964658996632,0.0006091906496151238,0.0006091542663331198,0.0006091115850706688,0.18088882237635712,0.0006091965790473419,0.16643248841875244,0.0006091405809093277,0.000609126026553824,0.0006090697693540008,0.0006091125355530192
doc68,0.9751081091653108,0.0022629803329333167,0.002262898207885699,0.0022628152279745243,0.0022626179575049817,0.0022629706680347772,0.002262885300250629,0.0022627592590269557,0.0022627017289453865,0.0022629251119472174,0.0022630238980109276,0.0022633131421747796
doc69,0.0013127121633613444,0.00131276938112611,0.24598591951071347,0.001312596799234282,0.0013125681105171393,0.3437155806885689,0.0013126459386890007,0.19808916284844905,0.0013125888423635675,0.20170841696779557,0.0013124617358686059,0.001312577013313145
doc70,0.0019536756808063056,0.001953709640077097,0.21105675211779656,0.001953282080383522,0.5348904436537013,0.0019536426082776294,0.001953593457280657,0.23647077036178,0.0019535419579552126,0.00195339931028944,0.0019536283356579335,0.00195356079599434
doc71,0.000969295884096228,0.0009692467222990618,0.0009692232045833759,0.0009691496780823057,0.000969308741868715,0.0009692867284691981,0.0009692191997187111,0.0009692988609751564,0.9893384078073962,0.0009692660765390213,0.0009690932273224728,0.0009692038686494761
doc72,0.0009599341750757621,0.000959998571771275,0.00095999193652689,0.0009600030227639671,0.0009600185330547668,0.1826093876648758,0.555859436448527,0.0009599714649546545,0.2095061877739275,0.0009599916717251894,0.044345112815571824,0.0009599659212254189
doc73,0.0017489562027048803,0.6904483693232,0.0017487882169379403,0.0017486281606083115,0.001748644760396817,0.0017486646435764836,0.06066948540372492,0.16404271881190166,0.001748738576277223,0.07084978074940042,0.00174853575433256,0.0017486893969388758
doc74,0.0030130849247521317,0.15323269701699518,0.0030145850626821288,0.0030124693856243903,0.0030123729503650416,0.003013446087196827,0.0030122969915404004,0.8166398574929145,0.003012279603419226,0.0030121715296515797,0.0030123040746147765,0.003012434880243808
doc75,0.0012169030987403881,0.0012168977031513765,0.3919411023759104,0.0012167627049472923,0.0012168586448877236,0.32758116765415823,0.0012168396289489705,0.26952609871296457,0.0012168069120643756,0.0012168690124391703,0.0012169381167972022,0.0012167554349901764
doc76,0.0012022302832599343,0.6790173425349932,0.14473575991737697,0.001202236340951791,0.16542747299045787,0.0012022778127692517,0.0012021921309343655,0.0012021235069978819,0.001202067380322846,0.0012020856801592478,0.0012020558919503188,0.0012021555298261284
doc77,0.0014886830497635147,0.4890180535499235,0.0014883216614512546,0.0014887142005831366,0.0014882917156337316,0.001488434084735889,0.0014884109758489677,0.4434835237567281,0.001488293782472337,0.0541026333448009,0.0014883525379387175,0.0014882873401198392
doc78,0.0010398296196608404,0.5423742034343235,0.2077976893285251,0.0010397469275183258,0.048330131509702494,0.0010398039723807544,0.19317976505386458,0.0010397327088689737,0.001039824795442819,0.0010398083949155,0.0010396601456549035,0.0010398041091420043
doc79,0.0012630526980856917,0.0012630129743063264,0.2729933116661528,0.0012629055199133053,0.0012629498121638264,0.20255155022683102,0.0012629696897333781,0.35740730523892145,0.0012630587519096368,0.0012631178879473769,0.15694386887974757,0.0012628966542877359
doc80,0.4667564957338105,0.00242771689732667,0.16799259322512972,0.002427584855426176,0.0024275243220054144,0.002427912349279286,0.0024276903633289717,0.16908488752175624,0.0024275825877647685,0.17674462305127522,0.002427812662216847,0.0024275764306800496
doc81,0.09603182301334631,0.0896857692111898,0.11044503005063809,0.10967308935454564,0.0010186878481064148,0.3923309500554708,0.001018698080206616,0.0010186191489220922,0.001018598008270957,0.0010186844517092366,0.0010186619084741413,0.19572138886911997
doc82,0.09091923709999282,0.002033047185913796,0.0020332312148293404,0.06863270110331185,0.002033311978721041,0.0020328905228406977,0.0020332604500373935,0.34431996262896736,0.002032869779913396,0.0020331406668545357,0.0020328280369326687,0.47986351933168503
doc83,0.20799032248384355,0.001202282624199416,0.0012022572896377265,0.0012025002438951812,0.0012021018007921291,0.28119010186695353,0.0012022482115831687,0.3906786520820171,0.05259703621338634,0.0012022308539325303,0.0012020595944241639,0.05912820673533545
doc84,0.003012765248757058,0.9668604763692507,0.0030135210196880133,0.0030125403799322044,0.0030123682265843416,0.0030123451299590392,0.003012582733922311,0.0030122587143524386,0.0030125528275467793,0.0030136612257110154,0.0030124766502724926,0.003012451474023506
doc85,0.0013302588743623763,0.0013302507593578204,0.10740853987261424,0.001330036883519937,0.13804226474376552,0.28592092820978887,0.0013302199249538393,0.20626011899987426,0.10279228805654025,0.0013303028057039738,0.001329962428045162,0.15159482844147368
doc86,0.0013665464190719416,0.001366474609627761,0.17550602591806788,0.0013664616267635144,0.001366462484667948,0.697976564061605,0.00136639628117671,0.11421934160020641,0.0013665054538022437,0.0013664219664587035,0.0013663095136323532,0.0013664900649197225
doc87,0.0023704876524893673,0.0023705119730330062,0.26574901362309983,0.1833727823747762,0.12523122873920278,0.0023703352725881364,0.0023707725813949046,0.27541711856194284,0.002370165165690794,0.002370393939197346,0.002370339232326484,0.13363685088425836
doc88,0.0035468549907985386,0.0035467501734713427,0.003547065646678515,0.003546398817245792,0.304187668553897,0.003546836155046775,0.0035465857083828776,0.416778412985555,0.15192447194700537,0.09873500616208525,0.003546261724027466,0.0035476871358057723
doc89,0.0745281234155767,0.0016896906636738557,0.0016894717817184345,0.0016893426178045989,0.0016893804917885145,0.38386799148688117,0.0016895870334439895,0.5263988107580964,0.0016893917008305268,0.0016894065907434182,0.0016893557468591106,0.0016894477125833293
doc90,0.0026888259383763794,0.002688785430938616,0.002688845598734445,0.0026891626673932103,0.0026889453996732774,0.2608329451046638,0.07387029467580986,0.6410975966830017,0.002688556031901277,0.002688941035606314,0.002688255517326427,0.0026888459165745667
doc91,0.001084941813153857,0.0010849099941346583,0.7756648299530728,0.0010848682964780339,0.0010849617564105305,0.0010849882570486517,0.0010847113834933423,0.0010849646128186625,0.11906349434346383,0.09550766659499262,0.001084752590025137,0.0010849104049078543
doc92,0.29875466273895296,0.002263319426689704,0.25536241445757024,0.0022628221774921614,0.002262938428241448,0.002262913330270125,0.0022628165977069967,0.42551650365201776,0.00226304737085348,0.002263198916469811,0.00226257608979713,0.002262786813938175
doc93,0.000774100479729354,0.0007741864503895245,0.0007741995608437738,0.0007743159928519273,0.0007742607323616075,0.0007742536452815978,0.0007741273880792056,0.706916464735399,0.0007741895797677295,0.0007742061253594,0.2853415884320594,0.000774106877877533
doc94,0.3154442639917904,0.358089839584479,0.0006243679636415183,0.0006243199660382778,0.0006243096076031716,0.0006243462032286185,0.0006243467484794737,0.3208468695657067,0.000624335104436965,0.0006243474591532939,0.0006243082214200554,0.0006243455840224287
doc95,0.6995589979165118,0.1606565335380809,0.12553958814102414,0.001582674586847497,0.0015826389875531926,0.0015828047763297413,0.001582691694151733,0.001582871229381198,0.0015827145294194911,0.0015828815224389332,0.001583038622618147,0.0015825644556432521
doc96,0.0012169016369436643,0.0012167951146531185,0.0012168492352299092,0.0012167578713331208,0.28766296400898345,0.0012167401343990106,0.0720283001474339,0.0012167887530469272,0.001216755711937164,0.0012168874100925737,0.001216618577834471,0.6293576413981128
doc97,0.2743748370902465,0.529375129157836,0.0008534621815088396,0.0008534188719488092,0.0008534378190480246,0.0008534964480157662,0.1533489945480655,0.0008534485287653943,0.000853462921992797,0.0008534941284535356,0.0008534052054641322,0.036073413098654625
doc98,0.5571955036435735,0.0008391828809054743,0.19768599072758813,0.0008390693299407581,0.0008391206643336367,0.0008391550707411697,0.0008390242925214867,0.0008390975793956105,0.0008391680252157431,0.0008390722581122651,0.0008390066861981879,0.23756660884147385
doc99,0.0014247860125764795,0.001424730425475038,0.0014249962501414238,0.5164572633118675,0.0014247086277175706,0.001424757316341785,0.28838316310723977,0.001424742203213269,0.001424659720423419,0.18233617349563344,0.001425080707801553,0.0014249388215687446
doc100,0.0008252699732267214,0.13678617674246618,0.7607205687276535,0.0008252332019659129,0.0008252202890618418,0.0008253024817290515,0.0008253352778690534,0.05763856791985417,0.0008253319062041636,0.0008252491334824041,0.000825162559356355,0.03825258178713066
doc101,0.0018456647199612457,0.0018455249673603807,0.001845661893246165,0.0864718878864601,0.001845429887980037,0.001845234858739208,0.001845531203428719,0.0018453602177573253,0.0018454787846456683,0.6970482625471626,0.0018451602258485384,0.19987080280741004
doc102,0.0007509201429552512,0.0007508955680139224,0.0007508822561523987,0.9168058097014056,0.0007509511503846113,0.0007509313191155352,0.0007508729193219983,0.07568515595614117,0.0007508590208463386,0.0007509394302821248,0.0007508634020363932,0.0007509191333444411
doc103,0.00226319179962766,0.0022630681038417135,0.18818476228668196,0.15321437731941706,0.19248730876762404,0.19024543789453824,0.1360398431529602,0.002263037886913991,0.1262491736961725,0.0022632800928681853,0.002263356176288094,0.002263162823066535
doc104,0.0016894026941830956,0.0016894483336530645,0.0016894556377203005,0.2035049299903322,0.001689494072772138,0.001689875561211378,0.0016900372078876638,0.0016900783353052966,0.0016893794673441909,0.08087200946903149,0.034292891930279755,0.6678129973002795
doc105,0.18150217709431374,0.001018643785606642,0.0010186248439664866,0.0010184926836033742,0.0010186253527001805,0.0010186806498893885,0.0010185044816639912,0.2589823977106196,0.0010185258724310262,0.5503482029368676,0.001018491477236895,0.0010186331111011406
doc106,0.0017487202528318065,0.0017485974991589917,0.0017486214035086832,0.0017485061317411591,0.0017485997820439983,0.0017487735740873696,0.0017484185862454557,0.0017484649672611088,0.001748755444728685,0.9807651258469487,0.0017483960309544744,0.0017490204804895522
doc107,0.0019536756808063056,0.001953709640077097,0.21105675211779656,0.001953282080383522,0.5348904436537013,0.0019536426082776294,0.001953593457280657,0.23647077036178,0.0019535419579552126,0.00195339931028944,0.0019536283356579335,0.00195356079599434
doc108,0.0006166314022212228,0.28333488946705493,0.000616689754590237,0.000616625253050957,0.024748047353065666,0.0006166063181969127,0.0006166882193478054,0.0006166273009545612,0.6863671810447945,0.0006166723915102908,0.0006165749022791524,0.0006167665929336536
doc109,0.15198031699665224,0.0017189784192037708,0.0017187398768342,0.0017185585464870733,0.0017186693297658138,0.11548646355853484,0.0017186919989722936,0.0017187740122547289,0.0017188505386040978,0.7170644338904076,0.0017188125163995367,0.001718710315883813
doc110,0.11219311153304418,0.3611793253818022,0.0015341330353549846,0.001534206715864333,0.0015339963461427116,0.0015340522563837464,0.0015340736854507753,0.19379259462662982,0.0015342957368941973,0.3205622284582824,0.0015338598110957965,0.0015341224130546195
doc111,0.0026885234127516917,0.0026889573160109735,0.002688588824351292,0.002689050809029717,0.0026888914481162573,0.002689008288260673,0.29837837096535663,0.1315937161933012,0.2997044134120228,0.24881292866346832,0.002688716237026125,0.0026888344303042312
doc112,0.001330229940283363,0.302840866953784,0.001330086427048779,0.001330178501920324,0.0013302146151946057,0.0013301807332276887,0.047344022585901736,0.0013302651929279863,0.1751369753685361,0.4640367138335146,0.0013301759236078255,0.0013300899240530604
doc113,0.0022128357614127456,0.036676029784945934,0.002212876930279244,0.0022130777457813715,0.09183009820637907,0.0022127085933849352,0.6295272162437849,0.002212757427143299,0.002212567447306066,0.2242636977704045,0.002213039367698056,0.002213094721479843
doc114,0.0016613467252828832,0.0016614347491283178,0.19356024396295518,0.0824197994004124,0.0016614079734124192,0.0016616327994770244,0.0016614548280763073,0.0016617211105393547,0.0016615546436262924,0.001661596042561442,0.0016613608277195244,0.7090664469368089
doc115,0.0016897738262167936,0.0016894345991715516,0.0016897135145260461,0.23002516414485605,0.0016895846476470038,0.0016895381508398141,0.0016895560962979987,0.0016896363381439263,0.0016895247786757898,0.2631184074682813,0.0016896577168814435,0.4916500087184623
doc116,0.0949690133364101,0.0006704440632714793,0.0006704953333262878,0.0006703828196307018,0.0006703218982637155,0.283302870058954,0.0006704606665662215,0.0006704825467628596,0.1272802221209133,0.0006703959735255456,0.00067034636451623,0.48908456481785956
doc117,0.0014665149510217036,0.6631715655706625,0.0014666972268055896,0.0014666902515993515,0.0014667799195943428,0.069884571160638,0.07295986732127965,0.0014666829245977761,0.001466836102403529,0.18225062824199845,0.001466367017618965,0.0014667993117803305
doc118,0.0013481010630391952,0.001348045392233321,0.6198894335823621,0.0013479587254601874,0.1761679999679281,0.0013481103612513362,0.0013480850102363467,0.1918103215353876,0.0013480940714750088,0.0013479227057716847,0.0013478486478687467,0.0013480789369862385
doc119,0.2244876158076916,0.10344444530385676,0.5209464764695847,0.0007186380252903736,0.0007185301972376935,0.14537302628026805,0.0007185093034157078,0.0007185788358143592,0.0007185967261854802,0.000718613555548868,0.0007184685642774973,0.0007185009308287181
doc120,0.0010617627211736125,0.14006926037927814,0.001061868194709997,0.0010617706273768248,0.0010617803491442175,0.8493127385113117,0.0010618451146903814,0.0010617968499359715,0.0010618275603301631,0.0010619174908465762,0.0010616973747908322,0.0010617348264114785
doc121,0.4363977352877741,0.005496065381771063,0.0054960882629582495,0.005495733597958786,0.005495356112987207,0.5086433075663265,0.0054956133259721415,0.005495763878075953,0.005497601883488619,0.005495372587496375,0.005494895311446464,0.005496466803744807
doc122,0.0004781709046191674,0.14525185895993123,0.05334787622281908,0.00047814179273387156,0.00047815309667138584,0.35470727426670556,0.00047817544803043443,0.3363069273927569,0.0004781041239911185,0.0004781285530931172,0.0004780966988328155,0.10703909253981517
doc123,0.002763461766334177,0.002762876176761487,0.48903022534988166,0.0027628274893223594,0.0027630558184458063,0.00276330504296631,0.002763026982717271,0.33187105674462286,0.002763146665791598,0.002763052778748271,0.002763231840775008,0.15423073334363316
doc124,0.002551736014370834,0.002551494419080224,0.002551463935970197,0.0025519530205660103,0.0025512833753103983,0.002551926442316959,0.002551582469328992,0.8301203899637618,0.0025513986253521913,0.14436317850181635,0.00255170035538369,0.0025518928767423034
doc125,0.0010081400510340308,0.0010081565064397693,0.0010082171247643265,0.0010081472377322584,0.0010083272985835056,0.0010083652773328158,0.001008167285446857,0.0010083705944493604,0.0010082059837983064,0.0010081219233962246,0.9889095208551437,0.0010082598618788021
doc126,0.0010081400510340308,0.0010081565064397693,0.0010082171247643265,0.0010081472377322584,0.0010083272985835056,0.0010083652773328158,0.001008167285446857,0.0010083705944493604,0.0010082059837983064,0.0010081219233962246,0.9889095208551437,0.0010082598618788021
doc127,0.0018455571686216883,0.22467954566603532,0.0018456470226870132,0.08605012251212509,0.2499673603149533,0.17313203300865151,0.0018455441512647982,0.0018454825998639281,0.0018455612130605418,0.2532524660917043,0.001845198762150742,0.0018454814888816068
doc128,0.0017797237279187298,0.17046440748939376,0.0017798342301880343,0.001779910686468982,0.0017798229601225686,0.0017800419709043753,0.001779767077751938,0.0017798088938095493,0.10649913240929454,0.0017799903181429145,0.0017794791693735005,0.7070180810666311
doc129,0.0007398295703491746,0.058345065385682855,0.16980208875392566,0.00073982551032513,0.415423039019277,0.0007398340464431516,0.3505113499603234,0.0007397640624729932,0.0007397920798732484,0.0007398263310778597,0.0007397383351690992,0.0007398469450804748
doc130,0.009805908933258393,0.3720209438447401,0.009806833894429835,0.009807042437517517,0.009803950947820562,0.00980551789858833,0.11246083503562482,0.009805681648608183,0.009805379654287205,0.42726744111604986,0.00980579585630901,0.009804668732766177
doc131,0.00079260310285683,0.27869755568907256,0.2507158465102292,0.000792682112382177,0.0007926428048970658,0.12330982270730159,0.18313427854066142,0.0388501536574319,0.0007925604466131336,0.12053660239098139,0.0007926203978733251,0.0007926316396994308
doc132,0.8426004743433706,0.09914062511607363,0.0006091367479506335,0.000609109219181136,0.0006091096228355372,0.0006091247076773944,0.0006091104526269666,0.05277685154970899,0.0006091082080077389,0.0006091313717806895,0.0006091220112050471,0.0006090966495814996
doc133,0.0018121879260819822,0.0018120338726226068,0.4661829290255077,0.0018121491816878914,0.0018120023173752555,0.18651007171241538,0.0018120980466497611,0.001812200484835314,0.0018119948536232044,0.08823159621526902,0.24457868364434263,0.0018120527195893902
doc134,0.24504319444700343,0.0013854633383196442,0.11625823194908391,0.0013852758203832594,0.0013856708893725481,0.0013853643974519958,0.0013852999719915,0.6262303010532048,0.0013853101245279841,0.0013853525612629086,0.0013852023234457978,0.001385333123952535
doc135,0.1469256225204588,0.0004421869579836959,0.000442201175555351,0.016391391029986966,0.0004421847320646988,0.0004422047070104537,0.00044216339621748534,0.6807981712247181,0.07985760847285363,0.0004422017147153969,0.000442179753254611,0.07293188431518076
doc136,0.0013855122567926596,0.0013854044100029897,0.4963727144358414,0.001385283455660333,0.0013856141286685201,0.0013853833146644733,0.0013855343762974384,0.0013853187189722062,0.4897730953020193,0.0013854413210593536,0.001385158288732592,0.0013855399912887593
doc137,0.057688819490317546,0.44730687870396935,0.0004461639978314596,0.0004461622991632308,0.06825395911523548,0.16320172282690046,0.0004461323951519054,0.028453718610989918,0.00044619566782333855,0.00044618776608050927,0.0004461127954302849,0.23241794633110655
doc138,0.0005983049418617874,0.0005983461647840865,0.0005982212500250284,0.0005982403973321443,0.0005982046060632238,0.27676436289943696,0.000598293996832347,0.605903903525113,0.0005982347029154707,0.11194741833135474,0.0005981781069083748,0.0005982910773727581
doc139,0.08147498390287577,0.0023156792911980914,0.0023153660009566546,0.002315173551266277,0.3234889399050845,0.0023156060229591762,0.0023152820297635372,0.1255461596075456,0.07671591720519337,0.37656549571475834,0.0023154603570701873,0.0023159364113282824
doc140,0.0014454512333196075,0.0014453796882216482,0.30776402009824183,0.0014455299795808388,0.0014455401197460273,0.0014455773991944743,0.0014454298871832971,0.20518158186373434,0.0014453934053251373,0.47404547081736226,0.0014452148230263476,0.0014454106850642543
doc141,0.0005842907375728636,0.30105712097457593,0.0005842992385765676,0.000584240902755457,0.0005843436463365168,0.0005842560816391047,0.000584283288435273,0.6429101369807395,0.0005842379903175682,0.0507743014851202,0.0005842101243244477,0.0005842785496066886
doc142,0.06927030050982466,0.0008914903093799302,0.0008915573064836467,0.0008914798949010362,0.0008914493119723316,0.000891537883483184,0.13152444274808353,0.0008915076196529331,0.0008915788090933212,0.16615844522514261,0.0008913814721406466,0.6259148289098421
doc143,0.0009883291413068547,0.0009883637082530273,0.1745402073124931,0.0009883549121039942,0.14989281152866293,0.38461378404767915,0.0009883858291842133,0.0009883357678707213,0.0009883594013599328,0.14599533335658257,0.1380394209133295,0.0009883140811739021
doc144,0.0014667256162839931,0.0014665310427380593,0.6005125230473947,0.001466644631611449,0.001466607591896422,0.36802667841581754,0.018260991012217443,0.0014666728613540521,0.001466701488700896,0.001466633620814217,0.00146668603567091,0.001466604635500629
doc145,0.12045847974034461,0.0014885488872294647,0.0014883665743387873,0.0014883692467067904,0.0014882764796589054,0.42542819024536976,0.0014884727844176153,0.2896258469336989,0.0014883642053616565,0.0014883097824497655,0.0014884808573729462,0.15258029426305078
doc146,0.0012791353767776254,0.0012791628142996864,0.42056995477898673,0.001279055448269548,0.0012793204854446131,0.49145353331997427,0.0012792050639315708,0.0012791925173376141,0.0012791745494228457,0.001279064373639494,0.0012790425227111864,0.07646415874920479
doc147,0.001916045606073414,0.0019163955477806325,0.0019165732084288263,0.20624111725414246,0.0019160197400771148,0.3405449688691037,0.0019164194813055162,0.0019162455225527671,0.0019164282110153655,0.1252801884291852,0.08270219819896149,0.23181739993137368
doc148,0.0012788742043070393,0.0012789592816131602,0.0012789822414238392,0.001279145305464646,0.0012790414673961449,0.9373198672644375,0.04989016179478177,0.001279149466057892,0.0012789176148982203,0.0012789558343025839,0.0012788957126554522,0.0012790498126617556
doc149,0.304575224025601,0.336762390997606,0.0014665491660345658,0.0014665130204847606,0.0014664458664156905,0.0014665073648619342,0.0014665072320311338,0.34546359535871163,0.0014666868747003929,0.0014665282036356278,0.0014664028151888308,0.0014666490747285248
doc150,0.11212304222317687,0.0010970115828046593,0.001096663810596143,0.0010967345043577498,0.0010965828402428011,0.4885260993492473,0.001096674293508444,0.334209746923976,0.0010966919964006054,0.0010967677289031913,0.05636708909662596,0.0010968956501600333
doc151,0.001295512413763065,0.0012956146952166478,0.0012956333974464597,0.0012957052874701697,0.0012956025456281636,0.2704622597555027,0.0012958260593685413,0.7165813214044257,0.001295512232024395,0.0012959358837691252,0.0012954402420620617,0.001295636083322923
doc152,0.0006795365671787465,0.0006795049332103396,0.1391743859611036,0.0006795768302859133,0.11792120392764169,0.016676412655521604,0.05396924052511704,0.0006795724644567589,0.6675019148348519,0.0006795405386595089,0.0006796157090797541,0.0006794950528931536
