,topics0,topics1,topics2,topics3
doc0,0.000837678228769403,0.0008376751244753852,0.9974868891544919,0.0008377574922633149
doc1,0.154526737634424,0.021389448068372997,0.5664413422880493,0.2576424720091536
doc2,0.2082003043374059,0.0009962179139917753,0.17271044160373505,0.6180930361448672
doc3,0.0006786277085522377,0.000678497954220384,0.736207840556594,0.2624350337806333
doc4,0.33320305941883394,0.0019459813378525828,0.0019460264918208772,0.6629049327514925
doc5,0.030797881353318395,0.00033182944915429076,0.8628886616382145,0.10598162755931284
doc6,0.3053125635761799,0.0005252859972840253,0.24640421941177315,0.44775793101476286
doc7,0.4691801443143408,0.0012137808557344208,0.5283922196476835,0.0012138551822413412
doc8,0.0009962680909186162,0.2357322249978397,0.5388397263242849,0.2244317805869569
doc9,0.6486845903450789,0.0012597547407351807,0.34879582256676994,0.0012598323474159467
doc10,0.22583569246668786,0.007463936817665247,0.007464961045658444,0.7592354096699884
doc11,0.0009401353181384,0.9971797356602334,0.0009400527267961356,0.0009400762948319691
doc12,0.6506999368593704,0.0009581679759500495,0.3473836950336783,0.0009582001310012674
doc13,0.0009401353181384,0.9971797356602334,0.0009400527267961356,0.0009400762948319691
doc14,0.19392879461023863,0.022123667857689523,0.6317876363837422,0.15215990114832972
doc15,0.11757737590541409,0.0012441361490979047,0.2537404005869947,0.6274380873584935
doc16,0.1627435757706757,0.0008172274930186303,0.835622048115073,0.0008171486212326488
doc17,0.0008820799361781724,0.0008820052909133544,0.3296487655485191,0.6685871492243894
doc18,0.5937939453933773,0.006100975131334227,0.3940057830194625,0.0060992964558258915
doc19,0.0007913587838740606,0.0007913226363108347,0.9976259597054735,0.0007913588743416811
doc20,0.2517303337239101,0.0009963634179544101,0.3020001268038452,0.44527317605429034
doc21,0.028558263901555286,0.014360303391472172,0.3257198916593524,0.6313615410476201
doc22,0.213374007992047,0.0014206410136653584,0.11390505589504454,0.6713002950992432
doc23,0.9983549887649376,0.000548286216801795,0.0005483771696670781,0.0005483478485935466
doc24,0.2548068169664157,0.0014009114112346066,0.0014011690301491545,0.7423911025922005
doc25,0.0006564056327757429,0.0006563130228998318,0.9980309611719509,0.0006563201723734128
doc26,0.12644339229188764,0.0008106320838280323,0.23383000850722746,0.6389159671170569
doc27,0.5849895863657996,0.045371953714216394,0.3688407319903847,0.0007977279295992619
doc28,0.20550484059619412,0.001742306600921026,0.0017425552625620051,0.7910102975403228
doc29,0.16068853582651577,0.026169660890713112,0.6657566115928658,0.1473851916899052
doc30,0.0012140870934048028,0.0012137588520920895,0.9963582325218562,0.001213921532647021
doc31,0.4028395042959375,0.000844818142539538,0.4458771678877754,0.15043850967374753
doc32,0.7086298672204051,0.0013091555160372535,0.28875165592230667,0.0013093213412509338
doc33,0.45658943527115164,0.052659822973580024,0.48833436524151025,0.002416376513758032
doc34,0.8474674295513502,0.000455827189231161,0.09716016529370132,0.05491657796571724
doc35,0.23731934976484892,0.0017735405808027738,0.759133435346644,0.0017736743077044251
doc36,0.13124854139791428,0.0010270559270412058,0.26749875723777794,0.6002256454372665
doc37,0.40162605466803214,0.0008238254836967611,0.0008240292609955593,0.5967260905872754
doc38,0.7318033875236069,0.0005198549746760946,0.0005199294266658813,0.26715682807505114
doc39,0.26641883662491406,0.06272169238754702,0.4876650623154848,0.18319440867205414
doc40,0.5460002380391749,0.0004731219613996968,0.10457249631169763,0.3489541436877278
doc41,0.9942739591306603,0.00190857201525599,0.0019086443520341227,0.0019088245020496295
doc42,0.0005768528815749346,0.12008098344680554,0.8787653328807403,0.0005768307908791651
doc43,0.4068498095364673,0.0007554013814992059,0.3608106840907588,0.2315841049912747
doc44,0.0021101089164790956,0.0021098341776919233,0.8378412327460243,0.15793882415980462
doc45,0.8108967240769461,0.0010165393593634046,0.18707014702919322,0.0010165895344972124
doc46,0.21975992234803415,0.0020662859915398252,0.7761071223226611,0.002066669337764907
doc47,0.2785052577269314,0.0004916958330896693,0.5240017750455792,0.1970012713943997
doc48,0.34448351542441324,0.0013443042637626783,0.1628351301390235,0.49133705017280066
doc49,0.0009580967436936921,0.0009579877454476223,0.6773396518206837,0.320744263690175
doc50,0.0019088959593177315,0.0019090808946789432,0.4985126134581658,0.4976694096878376
doc51,0.5165161670324251,0.0016561203277635633,0.001656063115637432,0.48017164952417396
doc52,0.0014413524144415765,0.0014411645969810915,0.5578576004218542,0.43925988256672305
doc53,0.21253869717858664,0.0010163168364879713,0.7854284761673951,0.0010165098175303254
doc54,0.6864528590094978,0.0012921434025145943,0.3109626859831097,0.0012923116048779327
doc55,0.143115764159569,0.0009226393678295328,0.8550388601070725,0.0009227363655289571
doc56,0.9890480392689492,0.003650143050302342,0.0036505968559395604,0.0036512208248087427
doc57,0.46711745146939965,0.0006121250310758914,0.33659272572319276,0.19567769777633162
doc58,0.0031856864330181383,0.003185865402264472,0.3328095289009625,0.6608189192637549
doc59,0.0005870192759384537,0.0005870173854587112,0.9982389337466147,0.0005870295919881311
doc60,0.596543616716319,0.1106842797390629,0.0024760012304054606,0.2902961023142127
doc61,0.07584897624379852,0.1975572902109179,0.7260032338368989,0.0005904997083847138
doc62,0.30733797325441353,0.001553587821972101,0.0015531989148497162,0.6895552400087647
doc63,0.0035220643746963773,0.1196620714471677,0.003521872632362129,0.8732939915457738
doc64,0.0009227601425426993,0.997231862994692,0.0009226825038848165,0.0009226943588804016
doc65,0.2972676836020966,0.0014208517340721825,0.6998907811515886,0.0014206835122425512
doc66,0.0009227601425426993,0.997231862994692,0.0009226825038848165,0.0009226943588804016
doc67,0.0023592820178335,0.0023594639895150663,0.7665770701804014,0.22870418381224994
doc68,0.22078057277054633,0.0007124677078822289,0.777794500702331,0.0007124588192404491
doc69,0.0010269425154647916,0.001026964926418932,0.6486247393653681,0.3493213531927482
doc70,0.0007074213168422414,0.0007073693822610231,0.7582747115988547,0.24031049770204202
doc71,0.9980934593252521,0.0006354759851618128,0.0006355228983601604,0.000635541791225995
doc72,0.0019461659305506744,0.0019463400915421922,0.5274464584606927,0.46866103551721444
doc73,0.0007913587838740606,0.0007913226363108347,0.9976259597054735,0.0007913588743416811
doc74,0.15954047295177906,0.005156314495073658,0.0051556604517718554,0.8301475521013754
doc75,0.8860076810715452,0.10916001343294078,0.0024161720639952595,0.0024161334315189508
doc76,0.4361944854118981,0.0007226257907592858,0.43106674854463395,0.13201614025270866
doc77,0.7988701830559499,0.029418584847281465,0.09791699296545671,0.07379423913131192
doc78,0.3604776613657471,0.000755455620620122,0.6380113385718338,0.0007555444417989243
doc79,0.001462227679783482,0.0014621894203192141,0.3445369769017381,0.6525386059981592
doc80,0.5157449224726186,0.0021555443801299,0.4799436555504753,0.002155877596776254
doc81,0.22299567152959276,0.2699917820794642,0.0019088824651839087,0.5051036639257591
doc82,0.9414575167392015,0.0014206268053256724,0.05570106485173391,0.001420791603738996
doc83,0.2732337349938683,0.0014840130289784318,0.723798120666322,0.0014841313108313451
doc84,0.9986508616338826,0.00044967149308816504,0.00044974287022499443,0.0004497240028042204
doc85,0.3248816865379976,0.0008819897612608868,0.4060899549379792,0.26814636876276227
doc86,0.6020400519462957,0.0007974919420086457,0.396364842255152,0.0007976138565436385
doc87,0.9966437066487841,0.0011186899170517,0.00111884481615914,0.001118758618004947
doc88,0.29155276407204817,0.0008105065558697268,0.6027366448406517,0.10490008453143046
doc89,0.45705178886991654,0.0010708681022405877,0.19346898394954354,0.34840835907829937
doc90,0.6706375338967142,0.001838539341935542,0.20799920287235665,0.11952472388899352
doc91,0.5707277824946189,0.001309185666100678,0.22501079210235136,0.20295223973692916
doc92,0.8904200465344005,0.0018388752619531447,0.10590224478379257,0.0018388334198536983
doc93,0.5893672996369452,0.002747433816130819,0.40513711415436704,0.0027481523925570054
doc94,0.16237748967946847,0.0010484750140266146,0.1974397194873941,0.6391343158191108
doc95,0.9949487141968223,0.0016837908843965455,0.0016837071946680057,0.0016837877241131303
doc96,0.199610340335795,0.0014205964374884132,0.0014208911350509334,0.7975481720916657
doc97,0.730214712276522,0.002066671198409819,0.0020665698195063416,0.2656520467055618
doc98,0.9507547389284063,0.0482759570832644,0.00048465297456184433,0.00048465101376746005
doc99,0.09149601371728511,0.00048000769323412236,0.05065125420934826,0.8573727243801326
doc100,0.33781905016532554,0.0020663534895170315,0.002066747528031284,0.6580478488171263
doc101,0.0022034340638899708,0.19201946775741396,0.803573782183669,0.0022033159950269094
doc102,0.20457163177361068,0.0024753445524936545,0.4022282323364955,0.39072479133740023
doc103,0.0009580967436936921,0.0009579877454476223,0.6773396518206837,0.320744263690175
doc104,0.2177497932647307,0.0008040014923361257,0.7806421263852791,0.0008040788576541138
doc105,0.2842848126533936,0.0029943242345584708,0.0029945715980584774,0.7097262915139895
doc106,0.0013266190993750887,0.001326359360908491,0.17182041303789508,0.8255266085018214
doc107,0.33965224149042994,0.002024640258163968,0.002024922801264913,0.6562981954501411
doc108,0.1948716486399427,0.001026870575752886,0.4270084639903247,0.3770930167939798
doc109,0.7518769672106932,0.03532917432857907,0.17311866757337138,0.039675190887356354
doc110,0.8649514372361049,0.0012286435025781939,0.0012289065044950112,0.13259101275682186
doc111,0.0006650239906737248,0.0006650220637123296,0.38329316233839417,0.6153767916072198
doc112,0.2008875108761539,0.0029947678185624576,0.0029944351686542804,0.7931232861366294
doc113,0.3286920266383042,0.0012139192429126639,0.6688801137014859,0.0012139404172970731
doc114,0.0008820730986596429,0.02895664574542081,0.29486663792099693,0.6752946432349226
doc115,0.0017736861169742578,0.0017731285914273287,0.9946793933983119,0.0017737918932864269
doc116,0.002359120540912805,0.0023594431043846777,0.6803182484964322,0.31496318785827027
doc117,0.6732165556322454,0.0006236379918598948,0.3255361449717373,0.0006236614041574645
doc118,0.0003420962956370501,0.0003420680717397766,0.9989737056687195,0.00034212996390387874
doc119,0.0026050370807911317,0.0026049433782864622,0.6737091246429061,0.3210808948980163
doc120,0.9975284054255984,0.0008238279096979897,0.0008238773875071326,0.0008238892771965059
doc121,0.002994702104627583,0.09198670940749618,0.5457688182569744,0.3592497702309017
doc122,0.4477995234441657,0.1272071384376326,0.0024759940485390344,0.4225173440696628
doc123,0.30733797325441353,0.001553587821972101,0.0015531989148497162,0.6895552400087647
doc124,0.5302642842618731,0.00039008097509041396,0.38428828587900304,0.08505734888403337
doc125,0.0009674274212458601,0.9970979164904902,0.0009673339231396836,0.0009673221651242765
doc126,0.0009674274212458601,0.9970979164904902,0.0009673339231396836,0.0009673221651242765
doc127,0.0006650239906737248,0.0006650220637123296,0.38329316233839417,0.6153767916072198
doc128,0.4222896613615554,0.0015531022118841734,0.4271545905193241,0.1490026459072365
doc129,0.7531763030025833,0.0013091798117715805,0.24420517422506344,0.0013093429605816737
doc130,0.14844672254678695,0.026646599607745767,0.0012598251511602946,0.823646852694307
doc131,0.4953596322505113,0.11225781795405133,0.39092008302950576,0.0014624667659317598
doc132,0.9946796229611674,0.0017732298727397846,0.0017735137030035156,0.0017736334630892659
doc133,0.8415032020786696,0.00125995850532564,0.15597701558159754,0.0012598238344072351
doc134,0.0007913587838740606,0.0007913226363108347,0.9976259597054735,0.0007913588743416811
doc135,0.001048466800109818,0.0010485069377837613,0.7895759279809186,0.20832709828118795
doc136,0.3954253138114738,0.002358910862672038,0.5998564857202316,0.0023592896056226806
doc137,0.6375805577899478,0.001773361765386866,0.00177369209932122,0.3588723883453441
doc138,0.9252087001452617,0.0002870846024565795,0.0002871164518203323,0.07421709880046136
doc139,0.2254495749939762,0.0008105182211283837,0.7729293108826658,0.0008105959022296584
doc140,0.10753757529728432,0.07877138052244423,0.6026287847537583,0.21106225942651322
doc141,0.6801128263466302,0.0014626014473976194,0.31696218118038494,0.0014623910255872538
doc142,0.9941617724476011,0.0019457751195512548,0.0019464693920092412,0.0019459830408383822
doc143,0.9986508616338826,0.00044967149308816504,0.00044974287022499443,0.0004497240028042204
doc144,0.31316168335334726,0.00202507881508201,0.0020247860769090904,0.6827884517546615
doc145,0.4901939999279736,0.0009672286942224116,0.5078713599204329,0.0009674114573711809
doc146,0.30272084854090026,0.0026045938984396826,0.0026049757014142342,0.6920695818592458
doc147,0.38392434653332586,0.0013444635850108865,0.38353317920128227,0.2311980106803809
doc148,0.11523996320298753,0.2447192283145192,0.6367503155731213,0.0032904929093719687
doc149,0.7347666073885222,0.0017125233231793618,0.17567423019505574,0.08784663909324268
doc150,0.572588558187003,0.0708530963915197,0.13929180084230866,0.21726654457916864
doc151,0.0022526058674428797,0.11722708655556813,0.8782673894082007,0.0022529181687882607
doc152,0.2073379346236392,0.051332267116942124,0.7400374198326402,0.001292378426778486
doc153,0.8193814785730492,0.0011443637085364559,0.17832972914576956,0.0011444285726448491
doc154,0.0027481409137074322,0.0027478040986953006,0.0027479775879590182,0.9917560773996382
doc155,0.19212888960279997,0.0008105249415281758,0.0639000488027681,0.7431605366529037
doc156,0.0013266190993750887,0.001326359360908491,0.17182041303789508,0.8255266085018214
doc157,0.33965224149042994,0.002024640258163968,0.002024922801264913,0.6562981954501411
doc158,0.001484053870823631,0.0014840638684186962,0.00148396080847348,0.9955479214522842
doc159,0.0024757825396770836,0.0024757150399079397,0.9925723158193143,0.002476186601100758
doc160,0.0009580967436936921,0.0009579877454476223,0.6773396518206837,0.320744263690175
doc161,0.7853482521916659,0.002155649981205456,0.2103404918815314,0.002155605945597239
doc162,0.44195233902842757,0.036469260130839114,0.519219492622254,0.002358908218479316
doc163,0.0017426945197467475,0.001742839394892909,0.0017427085362208446,0.9947717575491395
doc164,0.0006974980107264754,0.000697827735964806,0.0006974854346053967,0.9979071888187032
doc165,0.1948716486399427,0.001026870575752886,0.4270084639903247,0.3770930167939798
doc166,0.6241515276575802,0.0015292742130611553,0.0015294421487182092,0.37278975598064046
doc167,0.0017427044946446905,0.0017423901586521243,0.6639011910312037,0.33261371431549946
doc168,0.3303136535426525,0.000996189161212189,0.0009962634702818812,0.6676938938258534
doc169,0.0014207863952969836,0.0014205438057332074,0.9957379781369176,0.0014206916620522413
doc170,0.7129022415817304,0.002907681006739708,0.0029076019781283297,0.2812824754334014
doc171,0.14473881224322166,0.016022858100189198,0.10986896506088349,0.7293693645957057
doc172,0.24090935574750322,0.0019842780932512864,0.001984805319919617,0.7551215608393259
doc173,0.9444305803724119,0.018520964770612266,0.018524288508887085,0.018524166348088813
doc174,0.0020249942560682964,0.0020249301319091406,0.39545988055971243,0.60049019505231
doc175,0.5917991940150397,0.0020667126164067486,0.14806714783795993,0.2580669455305935
doc176,0.0009766294078899715,0.9970700760325574,0.00097665094734801,0.0009766436122045092
doc177,0.9973770210271187,0.000874312299110043,0.0008743587847671283,0.0008743078890042014
doc178,0.0009766294078899715,0.9970700760325574,0.00097665094734801,0.0009766436122045092
doc179,0.002110427724507924,0.002109907618915778,0.3398008978219302,0.6559787668346462
doc180,0.3261525270513058,0.0007728560009655773,0.6723016049983074,0.0007730119494213607
doc181,0.0009060548257763197,0.0009059216173855464,0.9972819047262617,0.0009061188305764737
doc182,0.06068621858987455,0.0008899030301851102,0.9375339333280014,0.0008899450519389567
doc183,0.9910161572928002,0.00299420633179862,0.002994853064610705,0.002994783310790455
doc184,0.9969506736099709,0.0010163966863799122,0.0010164983959467934,0.001016431307702333
doc185,0.2073379346236392,0.051332267116942124,0.7400374198326402,0.001292378426778486
doc186,0.9805154322914298,0.006493625080424023,0.006494855070923216,0.006496087557223037
doc187,0.18429954945378185,0.0018055920065690888,0.5505692088912917,0.2633256496483573
doc188,0.3517685542183543,0.0022527114478232296,0.41501004045724943,0.23096869387657312
doc189,0.6433605136127243,0.03305647754838269,0.0008239441115962837,0.3227590647272967
doc190,0.0040998124821073475,0.004098742548241605,0.5498416019515576,0.4419598430180935
doc191,0.1492699620881615,0.0005144704881416682,0.8497010108511818,0.0005145565725150238
doc192,0.9958552344154104,0.0013815356909586463,0.001381712246395278,0.0013815176472356655
doc193,0.6628781946205696,0.06804771263951784,0.26865972975294605,0.00041436298696650997
doc194,0.24259291690179485,0.001344343854174441,0.0013443852180691222,0.7547183540259614
doc195,0.9986508616338826,0.00044967149308816504,0.00044974287022499443,0.0004497240028042204
doc196,0.21097150399186249,0.0014839018834170786,0.001484117362817869,0.7860604767619026
doc197,0.6679786745059746,0.0016290622004123069,0.0016290370334599992,0.3287632262601531
doc198,0.13394004766660175,0.0011713214140285076,0.6774752450116558,0.18741338590771398
doc199,0.995267175503199,0.0015773599574215326,0.001577654006959347,0.0015778105324202006
doc200,0.0019459107237332245,0.0019456546588676451,0.3247602842884496,0.6713481503289496
doc201,0.40943999319581953,0.0010062516628304601,0.0010062288439493584,0.5885475262974006
doc202,0.9968873991203843,0.0010373886738911384,0.0010376069948967665,0.0010376052108277893
doc203,0.6710996043929301,0.0018730153017238339,0.32515414214519217,0.0018732381601538864
doc204,0.17565128477434364,0.0015530434442116913,0.8212425325156476,0.0015531392657968713
doc205,0.18660683325038357,0.001059590825427595,0.0010596163164896134,0.8112739596076992
doc206,0.770354357767704,0.05997697938365417,0.00211032306352694,0.16755833978511508
doc207,0.6628781946205696,0.06804771263951784,0.26865972975294605,0.00041436298696650997
doc208,0.0025388327259919445,0.0025384236954131066,0.9923841392164335,0.002538604362161476
doc209,0.0016840062405653947,0.0016838159899442205,0.6775535919470311,0.3190785858224593
doc210,0.7070269519342451,0.0023588219439193005,0.0023590861602655836,0.28825513996157
doc211,0.2008875108761539,0.0029947678185624576,0.0029944351686542804,0.7931232861366294
doc212,0.6732165556322454,0.0006236379918598948,0.3255361449717373,0.0006236614041574645
doc213,0.0007073649453681571,0.0007077572208409343,0.0007073518084850782,0.9978775260253058
doc214,0.38921859188289076,0.002415900141510634,0.6059492116735188,0.002416296302079842
doc215,0.41036682493232857,0.0008377541281183339,0.41886423456735633,0.1699311863721967
doc216,0.7962243179670635,0.002110160572732622,0.19955539386091492,0.002110127599288994
doc217,0.06746129371977788,0.0006562839689811423,0.0006563520041319712,0.931226070307109
doc218,0.41381280679288557,0.002155650258101946,0.5144650516404138,0.06956649130859867
doc219,0.6543743236551017,0.0011315865954732761,0.3433625209229468,0.0011315688264781217
doc220,0.9871756051448684,0.004274463300097932,0.004274874498917073,0.004275057056116814
doc221,0.31036512279529416,0.0015295106396912672,0.5517779860061564,0.13632738055885832
doc222,0.9462779886340632,0.0028250068235655054,0.0028254075100401224,0.04807159703233103
doc223,0.7473947213306056,0.0015064067900743996,0.08465530487807747,0.16644356700124266
doc224,0.0005016283875954474,0.0005015548390779718,0.9984952238036183,0.000501592969708265
doc225,0.0011064225244817242,0.00110633384505584,0.9966807248202467,0.0011065188102157143
doc226,0.6580608978148798,0.0009227007008082137,0.1648601268289314,0.17615627465538072
doc227,0.07227936471566414,0.0003408671145554896,0.9270388665753653,0.00034090159441515084
doc228,0.9910161572928002,0.00299420633179862,0.002994853064610705,0.002994783310790455
doc229,0.0015777499428774864,0.13066355250252742,0.0015776550826166,0.8661810424719785
doc230,0.6331285804646006,0.0009313694294319163,0.13370399914417364,0.2322360509617938
doc231,0.001946077131134804,0.001945884690750456,0.10952613045116835,0.8865819077269463
doc232,0.0009766294078899715,0.9970700760325574,0.00097665094734801,0.0009766436122045092
doc233,0.6930676060352265,0.0006649558913046393,0.3056023829461602,0.0006650551273085957
doc234,0.0009766294078899715,0.9970700760325574,0.00097665094734801,0.0009766436122045092
doc235,0.0019089154964022914,0.0019085241661424743,0.9942736276150573,0.0019089327223978936
doc236,0.0014624172820502023,0.001462389094163023,0.17462209784953014,0.8224530957742566
doc237,0.6482386220945429,0.0012920754224310712,0.0012923587849987088,0.3491769436980272
doc238,0.0011314535035956605,0.0011314879483057703,0.9412861541133677,0.05645090443473077
doc239,0.31036512279529416,0.0015295106396912672,0.5517779860061564,0.13632738055885832
doc240,0.0005119081242545901,0.15078148484839832,0.84819471483003,0.0005118921973171383
doc241,0.3878202356261275,0.0010374472078118963,0.6101046516133549,0.0010376655527056385
doc242,0.10310471353849683,0.0004665748463803624,0.3660888070951844,0.5303399045199384
doc243,0.20669816826750034,0.0015778179122832561,0.7901463609625059,0.0015776528577104679
doc244,0.619641928580787,0.0010709198553940054,0.07336413772085125,0.30592301384296766
doc245,0.15377343347172667,0.26592568934600797,0.5780481119040579,0.0022527652782073867
doc246,0.995267175503199,0.0015773599574215326,0.001577654006959347,0.0015778105324202006
doc247,0.12516605876868891,0.02550479337243108,0.849004806235309,0.00032434162357095314
doc248,0.4513299011556716,0.0016558926992082017,0.25057466736710793,0.29643953877801227
doc249,0.22597416637688278,0.001185117712186198,0.10323555250615346,0.6696051634047776
doc250,0.0010825530197147353,0.25511275001607114,0.42774401184366034,0.3160606851205538
doc251,0.005740661243465912,0.01831637597237889,0.6646279311037336,0.3113150316804217
doc252,0.579352709257093,0.01110407253285077,0.4088044469591266,0.0007387712509295166
doc253,0.6543743236551017,0.0011315865954732761,0.3433625209229468,0.0011315688264781217
doc254,0.9958555939730728,0.0013813130339288945,0.0013814790490049716,0.0013816139439933356
doc255,0.0008239273240688882,0.0008238246654287241,0.1615282819847019,0.8368239660258006
doc256,0.9444305803724119,0.018520964770612266,0.018524288508887085,0.018524166348088813
doc257,0.4643649848857225,0.022374446800181913,0.001712743612173461,0.5115478247019222
doc258,0.9473790008272919,0.04956205848782422,0.0015294107597506423,0.0015295299251332462
doc259,0.0011852651113654343,0.11114300435476497,0.0011851815996129515,0.8864865489342566
doc260,0.001683938946822497,0.0016838659648631508,0.6132690549877409,0.3833631401005734
doc261,0.2131608816327453,0.0010942952356247729,0.0010943378853630799,0.7846504852462669
doc262,0.0011444635589288904,0.0011443051861747685,0.8240594805202982,0.17365175073459818
doc263,0.31360816877717046,0.0019842801129439187,0.6824229772222525,0.00198457388763315
doc264,0.5677622267156098,0.0016028339258761747,0.2097889676172081,0.2208459717413059
doc265,0.002110427724507924,0.002109907618915778,0.3398008978219302,0.6559787668346462
doc266,0.9936694127812392,0.0021099432370854116,0.0021103321947176608,0.002110311786957587
doc267,0.0023590985246939667,0.002359140484301327,0.0023590180676848777,0.9929227429233197
doc268,0.5789690965052859,0.001184868084673666,0.0011850933268771607,0.41866094208316323
doc269,0.0010269625461167009,0.0010267569893077208,0.996919399098267,0.0010268813663085992
doc270,0.8470080838407447,0.004904599992528076,0.06850309498039456,0.07958422118633261
doc271,0.0009766294078899715,0.9970700760325574,0.00097665094734801,0.0009766436122045092
doc272,0.9967873925454451,0.0010708529205365523,0.0010709084391144568,0.0010708460949038468
doc273,0.6815548631589815,0.002747850461307615,0.3129490729494792,0.0027482134302318083
doc274,0.0008520748741547208,0.000851960343686012,0.9974438916137128,0.0008520731684464446
doc275,0.0009060239907889737,0.0700065498823221,0.9281814897074714,0.0009059364194174338
doc276,0.12055401358526392,0.0012596743763788726,0.0012597626125262415,0.876926549425831
doc277,0.0017128686422643344,0.0017127556469016798,0.4301457176446679,0.566428658066166
doc278,0.35231296815159074,0.0008977741707960591,0.6458913727271466,0.0008978849504667022
doc279,0.0015777499428774864,0.13066355250252742,0.0015776550826166,0.8661810424719785
doc280,0.0009766294078899715,0.9970700760325574,0.00097665094734801,0.0009766436122045092
doc281,0.0009766294078899715,0.9970700760325574,0.00097665094734801,0.0009766436122045092
doc282,0.0010062827274947789,0.001006139912115808,0.9126030929578544,0.08538448440253507
doc283,0.7388460512723978,0.002024471401729678,0.25710472946007407,0.002024747865798594
doc284,0.0864882629510012,0.000738731926017617,0.6292568349613351,0.28351617016164604
doc285,0.819992757496583,0.0008979664874312932,0.0008978578060652616,0.17821141820992045
doc286,0.0006564056327757429,0.0006563130228998318,0.9980309611719509,0.0006563201723734128
doc287,0.9208713426608798,0.0022032072664001988,0.002203311913477995,0.07472213815924206
doc288,0.19157101547249877,0.0015067156848501341,0.8054157569842282,0.0015065118584231276
doc289,0.0005768514699971226,0.16101306164517376,0.8378332450466509,0.0005768418381782744
doc290,0.9555447177139192,0.0012923094287857256,0.0012925638956626758,0.04187040896163226
doc291,0.17093235687860697,0.0017424857904786018,0.8255823966741911,0.0017427606567233108
doc292,0.0009060239907889737,0.0700065498823221,0.9281814897074714,0.0009059364194174338
doc293,0.003937879435321649,0.003937876994507434,0.003938078645385907,0.988186164924785
doc294,0.40958411741048906,0.0006010693912282057,0.589213668465316,0.0006011447329668466
doc295,0.0023590985246939667,0.002359140484301327,0.0023590180676848777,0.9929227429233197
doc296,0.12516605876868891,0.02550479337243108,0.849004806235309,0.00032434162357095314
doc297,0.3594452864249809,0.0019458827112286674,0.001946332665698715,0.6366624981980916
doc298,0.22406600012085937,0.07686646566323749,0.6980509524982521,0.0010165817176509887
doc299,0.4138808223176527,0.0009672576737440586,0.528517614528204,0.05663430548039926
doc300,0.2262980505787668,0.0013629206592005838,0.7709762653006274,0.0013627634614052247
doc301,0.05324539394881045,0.0008592615333013283,0.8889518731161529,0.05694347140173528
doc302,0.25609601293121526,0.03688121633231514,0.645017853770864,0.06200491696560563
doc303,0.0011852651113654343,0.11114300435476497,0.0011851815996129515,0.8864865489342566
doc304,0.001400879720796214,0.1774920370376208,0.8197062347586761,0.0014008484829068956
doc305,0.9546300044822086,0.0009863246137512428,0.0009864037116122486,0.0433972671924279
doc306,0.0006197427663911701,0.18405203497115585,0.8147085182558751,0.0006197040065777694
doc307,0.9473790008272919,0.04956205848782422,0.0015294107597506423,0.0015295299251332462
doc308,0.9927518294992639,0.002415891243608885,0.0024160253125435744,0.0024162539445835678
doc309,0.6930676060352265,0.0006649558913046393,0.3056023829461602,0.0006650551273085957
doc310,0.0019091512601625822,0.0019088878012929744,0.9942731404651938,0.0019088204733506658
doc311,0.9555447177139192,0.0012923094287857256,0.0012925638956626758,0.04187040896163226
doc312,0.2526549789345821,0.0010707431192368084,0.7452033943726343,0.0010708835735468933
doc313,0.0008446936707454833,0.0008447128891073627,0.0008449310742699764,0.9974656623658772
doc314,0.0014208224662897802,0.001420599355745176,0.13422608345360856,0.8629324947243564
doc315,0.9919752881166123,0.002674948322163658,0.0026749896322026223,0.00267477392902128
doc316,0.33176581050899806,0.036100569156826606,0.2694172148626845,0.36271640547149087
doc317,0.9932420089897621,0.002252383074110114,0.0022529780955560545,0.0022526298405716374
doc318,0.0006926534186673304,0.0006926005923644225,0.0006926927345138142,0.9979220532544545
doc319,0.25689153199367787,0.0014837599886382054,0.5348613551607779,0.20676335285690595
doc320,0.07800152894262827,0.0008171479730379468,0.9203641552995718,0.0008171677847619792
doc321,0.0018734242312322816,0.001873134431189756,0.9943803719245237,0.0018730694130542564
doc322,0.7430860509363894,0.0015529634888747448,0.0015532071050667708,0.2538077784696692
doc323,0.002994824785654836,0.0029945897407372664,0.0029945765149397936,0.9910160089586681
doc324,0.06990826255862823,0.0008592819379702368,0.3403812883278412,0.5888511671755604
doc325,0.001213756029007125,0.0012137300343933585,0.0012140529677179654,0.9963584609688815
doc326,0.0026047022485605493,0.0026046413130982565,0.0026046185325477606,0.9921860379057934
doc327,0.09849674275324236,0.002539181046680631,0.8964253301748994,0.002538746025177507
doc328,0.0003351885892713635,0.0003351639655396552,0.0811758989217183,0.9181537485234706
doc329,0.08825851844554267,0.000948948281185157,0.0009489779355748685,0.9098435553376973
doc330,0.001629158786992869,0.0016291758756048467,0.9951124441586773,0.0016292211787250525
doc331,0.6449685337826515,0.00028872184566746013,0.35445396631050385,0.00028877806117717965
doc332,0.0004644017062212744,0.3650755242151954,0.26416030327744916,0.3702997708011342
doc333,0.0006832249717555986,0.0006831668662801133,0.9979503545207415,0.0006832536412228863
doc334,0.35231296815159074,0.0008977741707960591,0.6458913727271466,0.0008978849504667022
doc335,0.0015777499428774864,0.13066355250252742,0.0015776550826166,0.8661810424719785
doc336,0.17992197247157504,0.0007849941266485595,0.0007851432326700554,0.8185078901691063
doc337,0.0009766294078899715,0.9970700760325574,0.00097665094734801,0.0009766436122045092
doc338,0.0009766294078899715,0.9970700760325574,0.00097665094734801,0.0009766436122045092
doc339,0.7984054404241208,0.0010062395626186968,0.001006331274029033,0.1995819887392315
doc340,0.00046654759651796636,0.020209071806130047,0.7849851729739913,0.1943392076233607
doc341,0.21979769867333948,0.0005041929172747492,0.14741868147209633,0.6322794269372893
doc342,0.22133132223053867,0.0008592467751669145,0.7769501209429327,0.0008593100513617945
doc343,0.8053436489542247,0.0009227968254090914,0.1928108488243128,0.0009227053960533734
doc344,0.3915621508932306,0.010443122270311368,0.5976234291179559,0.00037129771850206625
doc345,0.14891862443752502,0.00042854568325390984,0.8502242696962974,0.0004285601829237217
doc346,0.2841165116361084,0.0003870713978118111,0.45704177384791,0.2584546431181697
doc347,0.1489679413979757,0.0012921741789338039,0.43342351702413257,0.41631636739895794
doc348,0.14155726369049051,0.0003374555593314696,0.36890703822701065,0.48919824252316735
doc349,0.19032339242807786,0.0003222776582335173,0.6826193620319019,0.12673496788178665
doc350,0.0011445190977277956,0.001144231426090325,0.0011444635119771136,0.9965667859642048
doc351,0.18460650746489732,0.000580115055999793,0.8142331685969559,0.0005802088821468446
doc352,0.0004398132379320948,0.00043982573695235144,0.00043986033766859895,0.998680500687447
doc353,0.12516605876868891,0.02550479337243108,0.849004806235309,0.00032434162357095314
doc354,0.1949248941065814,0.034577562003850745,0.0016031025428096938,0.7688944413467582
doc355,0.6413755686288645,0.001006114246994925,0.17983741727790287,0.17778089984623788
doc356,0.0010825042948421797,0.001082374983506031,0.996752538784156,0.0010825819374956384
doc357,0.8563762448144814,0.0008379078939438745,0.14194815266432756,0.0008376946272472329
doc358,0.6380038470911998,0.0009399595434900283,0.1633679426215494,0.19768825074376067
doc359,0.07851579243705313,0.0011992985792542911,0.615150732933459,0.3051341760502335
doc360,0.3963232457310823,0.000881985053193562,0.0008820851167276019,0.6019126840989965
doc361,0.5726087608765545,0.0013448331446193702,0.001344554342253484,0.42470185163657254
doc362,0.11709432396586013,0.03384525572782918,0.0004776658387385355,0.8485827544675723
doc363,0.1483297715117955,0.002826036737127189,0.5202224471817376,0.32862174456933985
doc364,0.9555447177139192,0.0012923094287857256,0.0012925638956626758,0.04187040896163226
doc365,0.3932224982382081,0.0009227448710428632,0.1545063507439478,0.45134840614680133
doc366,0.2868148026458145,0.0005253539647233145,0.7121345002772952,0.0005253431121670282
doc367,0.9419728309703073,0.05547546746835157,0.0012758752910219406,0.0012758262703190817
doc368,0.6008418460112972,0.047434535162673555,0.0023045375158846017,0.3494190813101446
doc369,0.9954116295760953,0.001529279342237496,0.0015295113505128276,0.001529579731154274
doc370,0.31427660400869056,0.0010942020927195086,0.00109444363420727,0.6835347502643827
doc371,0.0035218608452446806,0.0035220172487764392,0.0035225017021691947,0.9894336202038098
doc372,0.2957972782166719,0.0014207450230757435,0.0014208206425167548,0.7013611561177356
doc373,0.49044648542306407,0.001484018437094879,0.0014840282752933847,0.5065854678645477
doc374,0.27240507319819307,0.0006275722292547202,0.4670199228585308,0.2599474317140214
doc375,0.0003351885892713635,0.0003351639655396552,0.0811758989217183,0.9181537485234706
doc376,0.0004398132379320948,0.00043982573695235144,0.00043986033766859895,0.998680500687447
doc377,0.001228681732336397,0.023296294149025985,0.00122879756557201,0.9742462265530656
doc378,0.1579202082295723,0.0011713356661410173,0.8397370757038567,0.0011713804004298877
doc379,0.497114040310396,0.00048692257581959284,0.4459139648877734,0.056485072226010916
doc380,0.46575070858911355,0.0010270115524562465,0.0010270405280705273,0.5321952393303596
doc381,0.0015775317771976533,0.03626496904560043,0.00157765289138534,0.9605798462858165
doc382,0.002304733039912382,0.0023046131298599852,0.18210818449685956,0.813282469333368
doc383,0.0003826915150582474,0.000382656002306737,0.9988519931804218,0.0003826593022130709
doc384,0.0016560585714332627,0.0016562041320376704,0.5137916523593485,0.48289608493718056
doc385,0.23145840305366008,0.0014621068741255305,0.2667371664216822,0.5003423236505321
doc386,0.0006235742979536342,0.0006234954564997661,0.0006235712908760214,0.9981293589546706
doc387,0.0011189149318498075,0.28657449694935555,0.48284219376663073,0.2294643943521638
doc388,0.00046654759651796636,0.020209071806130047,0.7849851729739913,0.1943392076233607
doc389,0.7661772567636325,0.019769260236265684,0.09997053328734544,0.1140829497127564
doc390,0.9163202694930417,0.0015528457572206084,0.08057371429125142,0.0015531704584863092
doc391,0.0009489721120286661,0.9971530775520916,0.0009489255888047128,0.0009490247470749281
doc392,0.0009489721120286661,0.9971530775520916,0.0009489255888047128,0.0009490247470749281
doc393,0.45009917575479,0.002155728616786405,0.5455893778824323,0.0021557177459913027
doc394,0.8264085679088893,0.0005803550238837442,0.17243089226645622,0.0005801848007708923
doc395,0.3450684112157789,0.41454114726462626,0.23924593575398315,0.001144505765611687
doc396,0.4231724435749753,0.0006695231921440114,0.5754884995475146,0.0006695336853662193
doc397,0.16097156253477632,0.0011064234701974327,0.13985630106384622,0.6980657129311801
doc398,0.6032498810800446,0.0013091868139522647,0.028686153080661785,0.3667547790253412
doc399,0.8378032887041216,0.001773174707849035,0.0017735564763929918,0.1586499801116362
doc400,0.4378213785421648,0.00043793612869978053,0.11243407902158427,0.4493066063075512
doc401,0.002475789630906628,0.002475609741096036,0.746951157926867,0.2480974427011304
doc402,0.0029079715084600675,0.0029081423687364618,0.0029075952349075693,0.991276290887896
doc403,0.550204011222686,0.0016558977105040177,0.0016563295194778134,0.44648376154733216
doc404,0.005749204108539711,0.0057483386392619676,0.21111641396418518,0.7773860432880132
doc405,0.07844948337006662,0.000551310300660869,0.0005514170309646278,0.9204477892983078
doc406,0.0011065386156462874,0.001106339787308846,0.8915833492708364,0.10620377232620856
doc407,0.0006354949034704656,0.05023693333252274,0.9484920531257357,0.0006355186382710257
doc408,0.0010944011767407022,0.0010943232567900214,0.7622256750354331,0.2355856005310362
doc409,0.0011315938214749267,0.0011313979219752508,0.12407761225230399,0.8736593960042458
doc410,0.0012140150441276002,0.09618650065359076,0.5552575047760905,0.34734197952619117
doc411,0.0008667891907298319,0.0008666328585565938,0.9973997946273309,0.0008667833233826957
doc412,0.0014009435816423035,0.001400701535631392,0.9957974546682145,0.0014009002145118682
doc413,0.0032905799913864157,0.0032897415456085424,0.26654134988175654,0.7268783285812485
doc414,0.0011994687593205378,0.033742012421702515,0.0011994566208057484,0.9638590621981711
doc415,0.17992197247157504,0.0007849941266485595,0.0007851432326700554,0.8185078901691063
doc416,0.0016559812371362648,0.0016560186041256258,0.0016561757082710071,0.9950318244504671
doc417,0.7984054404241208,0.0010062395626186968,0.001006331274029033,0.1995819887392315
doc418,0.00125977068421971,0.0579599351950797,0.9395205555350619,0.00125973858563881
doc419,0.0024162946831209815,0.002416089189214397,0.1979992048617279,0.7971684112659367
doc420,0.0019086678787259468,0.0019086858954578355,0.0019090098126562235,0.9942736364131599
doc421,0.0012138733559024235,0.0012137284242513553,0.12680324630924672,0.8707691519105994
doc422,0.7366581946843683,0.0015292152195076564,0.0015294563262788494,0.26028313376984524
doc423,0.9359909231524353,0.001309061735350324,0.0013092720854600266,0.061390743026754485
doc424,0.002994824785654836,0.0029945897407372664,0.0029945765149397936,0.9910160089586681
doc425,0.0026047022485605493,0.0026046413130982565,0.0026046185325477606,0.9921860379057934
doc426,0.2957972782166719,0.0014207450230757435,0.0014208206425167548,0.7013611561177356
doc427,0.00046654759651796636,0.020209071806130047,0.7849851729739913,0.1943392076233607
doc428,0.0029076464724109817,0.0029074572328400094,0.930249029321954,0.06393586697279524
doc429,0.001873118107874049,0.0018728707043132405,0.9266026052781421,0.06965140590967062
doc430,0.0013814591911185928,0.0013814936879893282,0.9958554110568717,0.0013816360640203982
doc431,0.9929226404542016,0.0023590693239066013,0.0023592252915876515,0.0023590649303041463
doc432,0.2070201586882389,0.0006158506194610235,0.0006159269617656143,0.7917480637305344
doc433,0.0004580310128000168,0.05940330298501056,0.8620483961270795,0.07809026987510985
doc434,0.0011188114325708606,0.034215802143019725,0.9635465575833435,0.0011188288410659702
doc435,0.5410133224065663,0.001872845290410528,0.423226878426987,0.03388695387603615
doc436,0.0010164272286976,0.001016349167810546,0.001016573240787575,0.9969506503627042
doc437,0.0020666527967241445,0.002066755047593006,0.9938001252198578,0.0020664669358249695
doc438,0.001712925850772126,0.0017126476274984736,0.4488270580056117,0.5477473685161177
doc439,0.4977231829049527,0.0004822269899715387,0.44484316128388024,0.05695142882119556
doc440,0.0044654533907605085,0.004466806422726947,0.2740922129306844,0.7169755272558281
doc441,0.001529440891141466,0.0732777756459179,0.9236633749834551,0.0015294084794856744
doc442,0.0830643321972062,0.019213037272691528,0.896628237292711,0.001094393237391154
doc443,0.4708673370072953,0.21825524397046392,0.2516565395607146,0.059220879461526175
doc444,0.000976677059174314,0.9970698920379132,0.0009766683850821528,0.0009767625178301442
doc445,0.9910138544054057,0.0029946616976156437,0.002996155532666228,0.0029953283643124797
doc446,0.000976677059174314,0.9970698920379132,0.0009766683850821528,0.0009767625178301442
doc447,0.0013626562464104923,0.0013626715767430242,0.0013627081048488694,0.9959119640719976
doc448,0.4283070730497824,0.0008743138358286591,0.09068247111426253,0.4801361420001265
doc449,0.0014413200631024025,0.0014411856743829768,0.6843888602389,0.3127286340236145
