,topics0,topics1,topics2,topics3,topics4,topics5
doc0,0.0565889956230355,0.000836308175169126,0.940065636828015,0.0008364034462784451,0.0008362899299198664,0.0008363659975820632
doc1,0.19795230859426763,0.0013059255970717814,0.5665840504072039,0.0013058192934829256,0.019328455264231936,0.21352344084374167
doc2,0.24470747772363657,0.0009943743453898193,0.1540211992801991,0.000994244670544504,0.0009942299961949086,0.5982884739840352
doc3,0.12519036351355223,0.0006776619897261011,0.6392930819891812,0.0006776983617003089,0.0006775805499705913,0.23348361359586944
doc4,0.11320647848393846,0.16431223296773445,0.0019384409014613683,0.0019382909690824719,0.0019385160910605033,0.7166660405867227
doc5,0.000331670779958633,0.015112593579679014,0.5633378245686647,0.39988494564551197,0.00033161382142562107,0.02100135160476004
doc6,0.4198011742992674,0.0005248134023040865,0.0953282062747634,0.41147588042579164,0.0005247252996745095,0.07234520029819912
doc7,0.1825607958530633,0.239141613449489,0.5746649190321664,0.0012108845021068066,0.0012108321124908801,0.0012109550506834562
doc8,0.19371073446843795,0.0009942456867028044,0.2953301472919487,0.33810144700530104,0.17086915709276554,0.0009942684548442016
doc9,0.40950500803557016,0.13186833791016034,0.10054355704852638,0.3555699436365573,0.001256578424446748,0.0012565749447389395
doc10,0.3756850610625441,0.007354895397216737,0.0073552164739366325,0.3079143487036977,0.00735386124436185,0.29433661711824294
doc11,0.0009382595793684951,0.0009384327748230127,0.0009382970757771023,0.000938286362969135,0.9953084141591537,0.0009383100479084769
doc12,0.11330227352643477,0.5713355669795378,0.21967055271529387,0.0009563427943095926,0.0009564436510605657,0.09377882033336342
doc13,0.0009382595793684951,0.0009384327748230127,0.0009382970757771023,0.000938286362969135,0.9953084141591537,0.0009383100479084769
doc14,0.12119023290431587,0.0756249285830727,0.6284741362811379,0.0011964249281218608,0.01978657833307295,0.15372769897027855
doc15,0.0012410843761757415,0.0012411323678386387,0.27024599163114005,0.15975022084559215,0.0012410689727874857,0.566280501806466
doc16,0.0008159243922130947,0.12764319607209182,0.7788812696930908,0.0910279544110776,0.0008158837183121373,0.0008157717132144312
doc17,0.000880547534457117,0.0008805055057134226,0.20164552266237518,0.3767241780080052,0.0008804473449646415,0.41898879894448443
doc18,0.006026527378794306,0.006025982923387685,0.8587084200175435,0.006025799911710871,0.11718736554711315,0.006025904221450353
doc19,0.12175959963143562,0.0007901271622016638,0.6149107043379394,0.2609594529046333,0.0007900496744694667,0.0007900662893204721
doc20,0.33384324203241433,0.000994335137258985,0.24965632615228148,0.09609946137408645,0.0009943691747657825,0.3184122661291928
doc21,0.18167598803811041,0.0005969671669412075,0.24392498990269162,0.13638693938669985,0.017888983763174233,0.4195261317423828
doc22,0.18772195573847658,0.20137677390821032,0.001416859224190497,0.07845569372066356,0.001416605265356647,0.5296121121431023
doc23,0.0005477635083685452,0.9972613176006078,0.0005477638478053553,0.0005477387896181204,0.0005476819860177976,0.0005477342675824971
doc24,0.4286306559945097,0.0013970682623036317,0.0013971526533364876,0.0013971811211575397,0.0013969782194506585,0.565780963749242
doc25,0.08453506091874734,0.016597954465759148,0.8113686490146368,0.0861874516457381,0.0006554484180913712,0.0006554355370272209
doc26,0.4159819414079838,0.000809225203998479,0.0008093638026915284,0.5807810341863919,0.0008092123402713742,0.000809223058662854
doc27,0.12019405913389228,0.5055237477534189,0.2414678832690126,0.09080258350094945,0.041215325420429764,0.0007964009222970125
doc28,0.6388984275162851,0.0017363493133936544,0.0017363711321227021,0.35415615263393974,0.001736258365577504,0.001736441038681311
doc29,0.001004362741729581,0.11157462509232541,0.4329677224034688,0.32898242581240184,0.03136128564359868,0.09410957830647555
doc30,0.001210918667506105,0.034946447422623234,0.6778458474986884,0.2835750330132128,0.0012107996832659723,0.0012109537147035004
doc31,0.1265689445815539,0.16767759916221986,0.2507308705164954,0.45333588082612475,0.0008433346291669537,0.0008433702844390121
doc32,0.126294872826488,0.265471481296296,0.001306030709834173,0.6043162772590085,0.001305675239419691,0.0013056626689537066
doc33,0.2247098924560883,0.35505973836583427,0.3747784036091711,0.0024046250110114123,0.040642607259141005,0.002404733298754067
doc34,0.00045552613150084346,0.8490238027677702,0.012770195868355374,0.0004556166164342985,0.0004554190843927508,0.13683943953154656
doc35,0.0017673336217867766,0.21267844746229492,0.5334595346252536,0.24855993072251847,0.0017673215279433371,0.0017674320402028955
doc36,0.5247976984110879,0.0010247635303470986,0.001024866519722483,0.4711030712243144,0.0010247984731208456,0.0010248018414071825
doc37,0.6573098953742019,0.0008225641614740246,0.0008225748083155837,0.33940000765210543,0.0008224394762400106,0.0008225185276630951
doc38,0.5419429603209819,0.1471906341061656,0.0005194279211388582,0.3093083204616287,0.0005192847971372093,0.0005193723929477574
doc39,0.2611662923331843,0.06253942366268765,0.2470076094018006,0.427194080416988,0.0010463450132945165,0.0010462491720450492
doc40,0.7594848242356961,0.00047269452560541706,0.07393616524885306,0.09503214517509372,0.000472656046735219,0.07060151476801664
doc41,0.001901694124881349,0.9904927077272323,0.0019013433418530545,0.0019014979994214532,0.0019012829256208278,0.0019014738809910211
doc42,0.0005761919537215755,0.0005762045851021378,0.5341604795556599,0.3849011346699503,0.07920983854853253,0.0005761506870334225
doc43,0.1105061372050574,0.3565065445477802,0.13607827807770176,0.23995992498506982,0.0007542681017880056,0.15619484708260278
doc44,0.0021011174013613187,0.002101256937418957,0.7161233174535176,0.0021010530543759077,0.0021009471695068002,0.27547230798381933
doc45,0.5189371241189105,0.33482719378066195,0.0010145368043523724,0.001014426563870576,0.0010144944046097581,0.14319222432759487
doc46,0.002058326161793166,0.2238433774431075,0.6829701181478205,0.08701209071644424,0.0020577819095942422,0.0020583056212403147
doc47,0.1068827090680075,0.2546634132035565,0.30319902276688887,0.14745989704023163,0.0004912167048203307,0.187303741216495
doc48,0.4718867270036394,0.001340971675813792,0.18045181550373698,0.17385983547951064,0.0013406844163335503,0.17111996592096576
doc49,0.0009563542393846879,0.0009562124681924481,0.7020251068919793,0.0009562024099091279,0.000956165725100298,0.294149958265434
doc50,0.001901678808376016,0.06732611515364989,0.37911829336378927,0.0019017972229631028,0.0019018426798022992,0.5478502727714194
doc51,0.15982454848273742,0.3332346843772012,0.0016505671979291656,0.0016504943168000664,0.0016506492779512752,0.5019890563473808
doc52,0.16412162885758105,0.0014371522370304358,0.40711269441914016,0.3084132746366342,0.001437013679046508,0.11747823617056764
doc53,0.07894609659404786,0.097255733955684,0.8207550601271678,0.0010144534600075535,0.0010142489124115286,0.0010144069506811567
doc54,0.0012889899668521363,0.7407724955770656,0.2540716915210427,0.001288944857027597,0.0012888331426828942,0.0012890449353290397
doc55,0.0009210278427925218,0.15656913997202987,0.747845918797648,0.0928219580616059,0.0009209427220231959,0.0009210126039007097
doc56,0.3786622376205044,0.45789846826789166,0.003624201944568296,0.0036242253972014983,0.0036236240147146104,0.15256724275511968
doc57,0.6733415676128043,0.000611413947843971,0.23531927353556242,0.0006114512366912314,0.0006113329230787652,0.08950496074401938
doc58,0.0031654486616894363,0.003165472680715334,0.4055766303741094,0.0031653771986309663,0.003165661080123816,0.5817614100047311
doc59,0.0005863386334570223,0.0005863346603621478,0.7931745234112908,0.0005863795639217569,0.0005862777795105274,0.20448014595145772
doc60,0.6334630688316983,0.002463949693832755,0.00246454792335772,0.35668050475256424,0.002464427189341434,0.002463501609205639
doc61,0.07645916131560035,0.0005898026311540082,0.3975124975165441,0.34838214075318813,0.17646666143786352,0.0005897363456498531
doc62,0.606864687507487,0.0015483007066370601,0.0015483417233974272,0.38694177908184924,0.0015484445079086695,0.0015484464727204656
doc63,0.0034977060715219144,0.003497416906230601,0.0034972288597038825,0.25442780415154925,0.1497249124341501,0.5853549315768443
doc64,0.0009210479918343883,0.0009210314250219139,0.0009209830075354336,0.0009209848963748706,0.9953949442407226,0.0009210084385107234
doc65,0.0014166856079573993,0.3658673947761269,0.6284657006876516,0.0014166906871240022,0.0014168492806555769,0.0014166789604846241
doc66,0.0009210479918343883,0.0009210314250219139,0.0009209830075354336,0.0009209848963748706,0.9953949442407226,0.0009210084385107234
doc67,0.0023481176495758122,0.3386108643619451,0.5332671385973494,0.12107730814903206,0.0023483388693462336,0.002348232372751394
doc68,0.09697072870950671,0.19800251086926818,0.6176481417768098,0.000711476825666064,0.0007115873386735259,0.08595555448007575
doc69,0.16574504328765877,0.0010248176646972282,0.5994994473836494,0.05813374765637486,0.0010248093754576674,0.17457213463216212
doc70,0.24779656532643946,0.000706362306691108,0.7493778780722521,0.0007064226142649665,0.0007063310700386726,0.0007064406103135957
doc71,0.7569727454800123,0.19028175925153037,0.0006346863052924788,0.05084158145438285,0.0006346367554531296,0.0006345907533290471
doc72,0.001938452621757904,0.001938669900123698,0.4074082799577874,0.0019385582884612,0.0019388294460193642,0.5848372097858504
doc73,0.12175959963143562,0.0007901271622016638,0.6149107043379394,0.2609594529046333,0.0007900496744694667,0.0007900662893204721
doc74,0.9744834963517677,0.005102597021584886,0.005103288595123182,0.0051029052545095,0.005103520887080119,0.0051041918899347805
doc75,0.39990033102060335,0.3273517419855763,0.0024045776095646867,0.19429102261597886,0.07364797208691445,0.0024043546813622817
doc76,0.0007216823746908904,0.47799801061645875,0.14889938456932583,0.25185771038201793,0.0007215988099108783,0.11980161324759557
doc77,0.0019387836204896084,0.6139337636007111,0.10272094561266791,0.0019382483478730427,0.033413127579676294,0.24605513123858203
doc78,0.4858334592940476,0.000754348683914507,0.5111492777108592,0.000754356097654291,0.0007542591028481679,0.0007542991106765095
doc79,0.0014580147856573477,0.0014579415229053036,0.27382059119585217,0.0014578914713652765,0.0014579158555622915,0.7203476451686576
doc80,0.0021464807099562406,0.6174865695239381,0.16170724479022983,0.1051910193553133,0.002146379901870186,0.11132230571869238
doc81,0.47235978926046457,0.0019016480332038437,0.0019016428189330395,0.0019017273027604612,0.2801862464174483,0.2417489461671898
doc82,0.23785867488348703,0.7564737447374057,0.0014172863449772634,0.0014167517551146682,0.0014166317647496588,0.0014169105142658683
doc83,0.10749799073174224,0.2238377952487917,0.5337659968422148,0.13193879152666851,0.0014796133564269484,0.001479812294155776
doc84,0.00044932982859983197,0.9977534638791346,0.00044932397170057326,0.000449310019192818,0.0004492641209017939,0.00044930818047057814
doc85,0.26891937692465634,0.0601274283514121,0.27146116828116273,0.39773093657905906,0.0008804124992192478,0.0008806773644906237
doc86,0.0007963719730824354,0.7123260297526515,0.2133041636062362,0.07198084191584658,0.0007962292288347154,0.0007963635233487266
doc87,0.0011163476355095948,0.994418662791777,0.001116273831977985,0.0011163481468745846,0.0011161564358033295,0.0011162111580574913
doc88,0.058923261868895196,0.20784446217042363,0.11078467700968776,0.6208289887473941,0.0008092244598150405,0.0008093857437843019
doc89,0.5166781341166182,0.03152038975250959,0.13626712235572563,0.3133971336347765,0.0010685521240972303,0.0010686680162728865
doc90,0.0018320821210954378,0.6067380265372858,0.11391431718915386,0.0738314824012142,0.001831957944029863,0.20185213380722083
doc91,0.7582125222810082,0.0013059400827975956,0.23656391264916132,0.0013058199763867644,0.001305619853601101,0.001306185157044963
doc92,0.4712346459094201,0.32262782813299784,0.0018319610132923846,0.20064197439958056,0.0018317932647411645,0.0018317972799679167
doc93,0.335205233557298,0.2387852623058509,0.4178108840129717,0.0027330570814145345,0.002732423054754412,0.002733139987710369
doc94,0.0010465466802368462,0.07700571062287742,0.0010463929123732327,0.918808703258359,0.0010463328637364212,0.0010463136624172147
doc95,0.0016782698004604094,0.991609231834292,0.0016780269701195168,0.001678172596668864,0.0016781789188627292,0.0016781198795964144
doc96,0.16030283463381462,0.07957886033961602,0.0014168252099031856,0.0014169746911925764,0.0014166362700142386,0.7558678688554594
doc97,0.5327411813411528,0.002058352146082015,0.002058056049476439,0.0020579138100224404,0.0020581880201721676,0.4590263086330942
doc98,0.40713563846217266,0.5435254820968723,0.0004841839352580949,0.00048417635203924737,0.04788634368777791,0.00048417546587971224
doc99,0.14216974825076467,0.000479531756157323,0.0004795141742709864,0.6390872217374429,0.00047946412184003765,0.21730451995952413
doc100,0.13950557700293362,0.002058252437504711,0.14576571378697992,0.0020580392857386933,0.0020578670066527262,0.7085545504801903
doc101,0.0021935629464707026,0.0021937536413355707,0.5305686716870445,0.29910664340227255,0.1637438812643084,0.0021934870585683464
doc102,0.0024638451994037527,0.31784964110318026,0.3024167496555578,0.18730147532798594,0.0024631580254551168,0.18750513068841715
doc103,0.0009563542393846879,0.0009562124681924481,0.7020251068919793,0.0009562024099091279,0.000956165725100298,0.294149958265434
doc104,0.0008028263120860058,0.0008028231833225201,0.7386782795797578,0.2581105952918915,0.0008026964025250152,0.0008027792304170487
doc105,0.8779672629437985,0.002977382560840153,0.0029767193476725093,0.002977039011114349,0.0029764102090420242,0.11012518592753258
doc106,0.0013231947941611446,0.0013230909467393816,0.18774889250222296,0.0013230646426206705,0.0013228331167098126,0.8069589239975461
doc107,0.0020166385799596925,0.28892223916356674,0.002016723544150365,0.17160017244572545,0.002016453015134763,0.5334277732514631
doc108,0.10514828275206668,0.04209923165192548,0.4160791535579849,0.0010247122187749737,0.0010247593225376171,0.43462386049671026
doc109,0.08502284016322073,0.7491532348838469,0.04632527243192516,0.08241062562304168,0.036608473249965,0.0004795536480004742
doc110,0.2265589863804813,0.768537812675149,0.0012257668320927776,0.0012258682580254597,0.0012256774021921506,0.0012258884520592566
doc111,0.0006642132205259291,0.0006641377172918009,0.2762331505863129,0.14308673630036942,0.000664140314602237,0.5786876218608977
doc112,0.8584888965952675,0.0029766873287097838,0.00297648385340727,0.0029769737012899826,0.0029765177989023207,0.12960444072242316
doc113,0.21331307901109872,0.0012110850683918525,0.6060220044146537,0.17703184202379701,0.0012109453471356151,0.001211044134923314
doc114,0.0008805240970051669,0.0008805501589076799,0.2216450746460227,0.18267500933498412,0.029303016977194955,0.5646158247858853
doc115,0.001767148168919644,0.2401819245859094,0.6077808739639343,0.14673601006975504,0.0017668674829002737,0.0017671757285813005
doc116,0.0023481881554525,0.0023480578804909837,0.5776800218630865,0.002348288792475014,0.06374439551580897,0.35153104779268596
doc117,0.09437375589488366,0.6364080769763344,0.21391765950786318,0.05405472337324338,0.000622856987131144,0.0006229272605440551
doc118,0.00034188006261311676,0.000341848796094543,0.8569093236383588,0.10372933315275622,0.00034183839831325246,0.03833577595186403
doc119,0.0025915124499031527,0.0025915491772619593,0.23022135298566304,0.7594132657412959,0.0025912170710479985,0.0025911025748280884
doc120,0.600666698968454,0.3960432055605864,0.0008225407391924797,0.0008225756747637343,0.0008224559260783904,0.0008225231309248478
doc121,0.002977029703853685,0.0029765543745714006,0.48867550740417315,0.4385728488399169,0.0638211201028707,0.002976939574614276
doc122,0.5586339631920151,0.0024639512469836248,0.002464006169955407,0.14522400140827557,0.10994885815782317,0.18126521982494723
doc123,0.606864687507487,0.0015483007066370601,0.0015483417233974272,0.38694177908184924,0.0015484445079086695,0.0015484464727204656
doc124,0.367325544792119,0.0003898168824827176,0.11900433760853359,0.512500751001497,0.0003897645847203444,0.00038978513064748
doc125,0.0009654376942745367,0.000965613703726369,0.0009654595529858378,0.0009654331104078639,0.9951725662846116,0.0009654896539938046
doc126,0.0009654376942745367,0.000965613703726369,0.0009654595529858378,0.0009654331104078639,0.9951725662846116,0.0009654896539938046
doc127,0.0006642132205259291,0.0006641377172918009,0.2762331505863129,0.14308673630036942,0.000664140314602237,0.5786876218608977
doc128,0.2088130115883556,0.1849526528588732,0.15212274149610028,0.3926631447183708,0.001548281666592202,0.059900167671707895
doc129,0.7151621820961165,0.0013059427379111636,0.27961432215767495,0.0013058190114717016,0.0013058551304878324,0.0013058788663378067
doc130,0.0012566492009155996,0.20578154419508304,0.0012566116935586178,0.0012566625467806418,0.026535070976325653,0.7639134613873363
doc131,0.7035869117032466,0.0014580516568006524,0.2671315595624226,0.001457954991886349,0.024907380003689198,0.0014581420819545713
doc132,0.0017669803100118884,0.7590107588156173,0.0017672074572241115,0.001766966090205877,0.0017669319769515754,0.2339211553499892
doc133,0.44359994183608126,0.4846391781284396,0.001256669128091952,0.06799083877316275,0.0012567392340960492,0.0012566329001282737
doc134,0.12175959963143562,0.0007901271622016638,0.6149107043379394,0.2609594529046333,0.0007900496744694667,0.0007900662893204721
doc135,0.0010463117689423285,0.0010462535884327253,0.8019868340099651,0.0010463588912639201,0.0010463456400316895,0.19382789610136425
doc136,0.1698686770580553,0.3484564875837033,0.4746305643423042,0.0023481866354900524,0.0023478549803734585,0.0023482294000736524
doc137,0.19014960705151757,0.18840081996747787,0.0017674411302595772,0.0017672516597182332,0.0017671472210942594,0.6161477329699326
doc138,0.4917674060687013,0.329872042516774,0.0002869475463752951,0.17749978155156196,0.00028690461921668307,0.00028691769737074923
doc139,0.0008093229108880882,0.0008093198446067012,0.7344054711088988,0.26235741876883445,0.0008091911705000966,0.0008092761962719329
doc140,0.0003502380977599922,0.00035023581099787396,0.2027757261341871,0.7958233441317941,0.0003502497628295647,0.0003502060624312781
doc141,0.6370008984083352,0.0014582712250585975,0.357166670253467,0.0014581231170881302,0.0014579993602124508,0.0014580376358385833
doc142,0.3259939558198416,0.6662520259669961,0.0019386886367649854,0.0019383412710395945,0.0019381891482112982,0.0019387991571464761
doc143,0.00044932982859983197,0.9977534638791346,0.00044932397170057326,0.000449310019192818,0.0004492641209017939,0.00044930818047057814
doc144,0.6468473306532717,0.002016492312651235,0.002016498044270629,0.34508621426798136,0.002016766301849942,0.002016698419974955
doc145,0.2172656833897517,0.35682085643625583,0.42301700072432613,0.0009655375697976763,0.000965360157917311,0.0009655617219513734
doc146,0.6907753070047219,0.0799985484553009,0.002591597840584296,0.0025915217418002283,0.0025910310683821183,0.22145199388921058
doc147,0.33660504543733666,0.0013409077633177407,0.18985804333000397,0.41589868297751503,0.0013407274866367893,0.054956593005189694
doc148,0.41681533870200593,0.0032686940894236273,0.003268997597135035,0.3521042912673425,0.22127376986684977,0.0032689084772433074
doc149,0.2833950007682724,0.3780909341594816,0.0017070098592149759,0.33339318532525264,0.0017066585708431744,0.0017072113169353778
doc150,0.5876101260780155,0.0010248225012530398,0.0010249158118392403,0.4082903745490993,0.0010250276141512342,0.0010247334456417096
doc151,0.0022424450833700817,0.0022426940969683326,0.4910048117692642,0.002242539722136083,0.12286704951553859,0.37940045981272263
doc152,0.001289109417252144,0.0012889759463953036,0.581558739574231,0.3772729614334199,0.037301302794638336,0.0012889108340633857
doc153,0.6288866876975931,0.2042053813041789,0.1326392673496468,0.03198518162891077,0.001141775027760588,0.0011417069919097789
doc154,0.002732961848139988,0.0027331141788887667,0.002732754363003004,0.8821002289347049,0.002732685198289025,0.10696825547697436
doc155,0.13230810153437958,0.14028498111521595,0.0008093143547800758,0.0008093014895458465,0.00080923816396312,0.7249790633421155
doc156,0.0013231947941611446,0.0013230909467393816,0.18774889250222296,0.0013230646426206705,0.0013228331167098126,0.8069589239975461
doc157,0.0020166385799596925,0.28892223916356674,0.002016723544150365,0.17160017244572545,0.002016453015134763,0.5334277732514631
doc158,0.25851247414012624,0.0014795203910282148,0.0014795596412147324,0.0014796761072125508,0.0014798325370496232,0.7355689371833687
doc159,0.00246365141449649,0.0024634557608044045,0.6685411122345092,0.3216045590984961,0.0024634056418907126,0.0024638158498031235
doc160,0.0009563542393846879,0.0009562124681924481,0.7020251068919793,0.0009562024099091279,0.000956165725100298,0.294149958265434
doc161,0.002146377616208169,0.9892676224962179,0.0021466828657579315,0.002146360751238147,0.002146520341046842,0.002146435929531093
doc162,0.10943935222852129,0.3061860554100396,0.5417329967669966,0.002348002625042025,0.03794581413028584,0.0023477788391146545
doc163,0.27003701349590703,0.0017365732355226976,0.0017366198094668638,0.0017365370001838525,0.0497623033293689,0.6749909531295507
doc164,0.10903072040322516,0.0006965357621419644,0.0006965260056216607,0.0006965992020480274,0.011112391267051163,0.877767227359912
doc165,0.10514828275206668,0.04209923165192548,0.4160791535579849,0.0010247122187749737,0.0010247593225376171,0.43462386049671026
doc166,0.42563041007453645,0.45771008086338605,0.001524743397441445,0.0015249457821173578,0.0015246097459533793,0.11208521013656551
doc167,0.06040225917413041,0.0017366313235776115,0.5005684741835832,0.15920468766138493,0.0017363486085957937,0.276351599048728
doc168,0.0009942733336998518,0.2807477863841102,0.0009942459224731221,0.23224838227943612,0.0009942328054391904,0.4840210792748415
doc169,0.001416639014414353,0.0014170457616017624,0.9929162522329534,0.0014167735490138794,0.00141650917767261,0.0014167802643439535
doc170,0.5382599706028676,0.0028913375357482634,0.002890736366794282,0.0028906261258388275,0.0028906653476367815,0.4501766640211143
doc171,0.3590683604045125,0.0010463284111708014,0.08985864543983073,0.25916423075585954,0.020166179350178837,0.27069625563844757
doc172,0.0019770083649126476,0.14616211550981928,0.0019768316035285167,0.0019767695120690453,0.00197646093155773,0.8459308140781128
doc173,0.017863066193677585,0.4320636933117922,0.017859467582858262,0.49649492151153024,0.017858969712471272,0.017859881687670612
doc174,0.41220023390385346,0.002016511083286735,0.0020167827369744645,0.5797334950845257,0.00201649211660369,0.0020164850747560756
doc175,0.6454859528720193,0.17263348804771836,0.1757058609648297,0.0020582269411978686,0.0020581847951184513,0.0020582863791161715
doc176,0.0009747524083560917,0.0009747148139248474,0.0009747471503658225,0.0009747462203299428,0.9951263110480986,0.0009747283589248424
doc177,0.24286390277333172,0.7536449307237096,0.0008728282698804242,0.0008726876627797834,0.0008728386264530602,0.0008728119438454624
doc178,0.0009747524083560917,0.0009747148139248474,0.0009747471503658225,0.0009747462203299428,0.9951263110480986,0.0009747283589248424
doc179,0.11220306660769722,0.002101535218517645,0.14601338708263642,0.30233619278965307,0.0021010261607377107,0.4352447921407578
doc180,0.0007717992546918884,0.5412485807494825,0.4556642037599867,0.0007719104392543969,0.0007716750111587555,0.0007718307854257993
doc181,0.0009044827268200879,0.0009044495423097288,0.8454325962710277,0.15094972651723687,0.0009042823162888666,0.000904462626316761
doc182,0.0008883868682373683,0.0008884235272158978,0.9955581038352077,0.0008883671426127536,0.0008883092018097638,0.0008884094249165742
doc183,0.33703402280661593,0.6510591258700396,0.0029770341448693434,0.00297657178368605,0.002976391335087649,0.0029768540597013703
doc184,0.0010144654003522058,0.9949280862285417,0.0010143794223710398,0.0010144230096751266,0.0010143097442092625,0.001014336194850766
doc185,0.001289109417252144,0.0012889759463953036,0.581558739574231,0.3772729614334199,0.037301302794638336,0.0012889108340633857
doc186,0.6774374434607987,0.006412270774752033,0.006411462553415337,0.2969168804136752,0.006410323472042866,0.006411619325316035
doc187,0.2778532160454388,0.0017989723085363842,0.44463215056484645,0.0017991168450543318,0.001799137800472973,0.2721174064356511
doc188,0.0022425669954651206,0.3778971858844652,0.22310899057769928,0.19850006010648744,0.002242562167893414,0.19600863426798962
doc189,0.000822564389194376,0.6541811417806076,0.0008225436914116172,0.06621845507470499,0.000822730336053042,0.27713256472802844
doc190,0.004066567691282929,0.00406674405892033,0.42874044617610013,0.004065620968672898,0.0040655265400782875,0.5549950945649454
doc191,0.16682210257996075,0.0005140137264405353,0.8311218456307276,0.0005140525811889511,0.0005139523954883184,0.0005140330861939458
doc192,0.0013778101212431988,0.9368483766966542,0.0013777134897358847,0.05764069656625699,0.0013777678454226813,0.0013776352806868575
doc193,0.2133572132360935,0.5285331131497254,0.19030516692238936,0.0004140403995631745,0.06697643953963346,0.000414026752595111
doc194,0.6013756249679532,0.00134081846701315,0.0013407630527110615,0.00134087369767443,0.0013407224256065363,0.3932611973890417
doc195,0.00044932982859983197,0.9977534638791346,0.00044932397170057326,0.000449310019192818,0.0004492641209017939,0.00044930818047057814
doc196,0.0014797308528694325,0.0014797593996976899,0.0014797109706479743,0.7668085676765372,0.0014797108463322738,0.2272725202539154
doc197,0.43464191816238235,0.29158069767205624,0.0016236573159454696,0.2689062267827494,0.0016237400968092512,0.0016237599700573476
doc198,0.39171149002304545,0.0011684818075340523,0.60361431018108,0.0011685884683624863,0.001168443043883453,0.0011686864760945628
doc199,0.28914441175724925,0.3659686167848236,0.0015726700796423528,0.00157264851678118,0.0015723933136795837,0.34016925954782384
doc200,0.0019384593163088671,0.0019383457973143974,0.001938603660754835,0.5045074502696423,0.0019381062524240044,0.4877390347035557
doc201,0.8856124887360322,0.0858047954383551,0.0010042783729728802,0.0010042666732978844,0.001004261506424629,0.02556990927291731
doc202,0.6846819760738326,0.31117654476696616,0.0010354479107316007,0.0010354817707907923,0.0010352355584417065,0.0010353139192371534
doc203,0.515002739182153,0.0018662820907787653,0.26796467946849867,0.21143395328536937,0.001866010879238653,0.0018663350939614669
doc204,0.0015482244121981046,0.8820091001347343,0.11179767722137653,0.0015485031527974309,0.0015482321418140545,0.0015482629370796575
doc205,0.34251402787044416,0.0010574021425124552,0.001057342372634253,0.001057244414355163,0.0010573163266737954,0.6532566668733802
doc206,0.5059394996719633,0.37354800033052893,0.0021014503585424517,0.11420771854650928,0.002101560702612005,0.002101770389843982
doc207,0.2133572132360935,0.5285331131497254,0.19030516692238936,0.0004140403995631745,0.06697643953963346,0.000414026752595111
doc208,0.0025257189133571644,0.0025261631759800913,0.9873707556603999,0.0025258017779986913,0.0025256051983636933,0.0025259552739004213
doc209,0.17206252974123346,0.0016782427929928924,0.4656183239810595,0.2655434209245235,0.0016781879004797912,0.0934192946597108
doc210,0.7258049644118244,0.2648029949167286,0.002347975482929607,0.0023480027288411446,0.002347639064946811,0.0023484233947294406
doc211,0.8584888965952675,0.0029766873287097838,0.00297648385340727,0.0029769737012899826,0.0029765177989023207,0.12960444072242316
doc212,0.09437375589488366,0.6364080769763344,0.21391765950786318,0.05405472337324338,0.000622856987131144,0.0006229272605440551
doc213,0.11187753747623662,0.0007063742096090348,0.0007063650377075939,0.0007064395215755878,0.011337239404829003,0.8746660443500422
doc214,0.17499998697733193,0.34076976581305274,0.4770165975932079,0.002404644550794938,0.0024043035982592165,0.0024047014673532333
doc215,0.2926597817482994,0.09182351705582685,0.3840117931322559,0.22983217780462806,0.0008363369538057277,0.0008363933051840825
doc216,0.0021012845859207656,0.9894931204557191,0.002101576044246152,0.002101268524836764,0.002101413106047769,0.00210133728322939
doc217,0.20401071282393404,0.0006555010533943178,0.0006554518337275377,0.303072986895972,0.0006554130143327243,0.4909499343786392
doc218,0.052915334336510314,0.2875278432983964,0.24697957836748743,0.0021463162035373663,0.002146361959115707,0.4082845658349529
doc219,0.5911245112035486,0.0011289893774430381,0.4043597306453766,0.0011289810289233713,0.0011288960909733175,0.0011288916537352317
doc220,0.0042384044678599455,0.73346791932507,0.0042383658711519145,0.004238164042698127,0.004238027824894951,0.24957911846832512
doc221,0.19920506417610614,0.19939968781108336,0.3937090969226054,0.0015247322507580992,0.001524727449991759,0.2046366913894553
doc222,0.0028099036203644364,0.9035184003218669,0.0028095129235423013,0.0028094605757711315,0.002809196678847925,0.08524352587960728
doc223,0.2490542118011954,0.5555269632837049,0.0015020013349688944,0.0015019281157393524,0.001501865319497321,0.19091303014489416
doc224,0.0005012065162886388,0.0005011315359438853,0.9974943878189939,0.0005011294413527717,0.0005010526640827346,0.0005010920233380622
doc225,0.0011039994554569762,0.001103972339191454,0.9010096980408745,0.0011041072322411645,0.0011038995950089516,0.09457432333722685
doc226,0.5001117420748886,0.23229659689899995,0.1467727430808426,0.0009210544146199364,0.0009209629480002488,0.11897690058264851
doc227,0.00034069904989637715,0.08336331892832921,0.91527400522506,0.00034067442044361987,0.00034063619066392736,0.000340666185606828
doc228,0.33703402280661593,0.6510591258700396,0.0029770341448693434,0.00297657178368605,0.002976391335087649,0.0029768540597013703
doc229,0.19902250941172092,0.0015725485389049758,0.0015725532957718987,0.7946868905662827,0.0015728839549034787,0.0015726142324160191
doc230,0.6076802917013557,0.0009296685488372732,0.22285013726950528,0.16668078011072615,0.0009295623554622499,0.0009295600141133335
doc231,0.387186237411328,0.001938331998883803,0.001938571447412561,0.6050601990668301,0.0019383118944438407,0.001938348181101789
doc232,0.0009747524083560917,0.0009747148139248474,0.0009747471503658225,0.0009747462203299428,0.9951263110480986,0.0009747283589248424
doc233,0.0006641652520850818,0.7746807823108322,0.15427950986373998,0.06904727164945146,0.0006640733730097823,0.0006641975508817846
doc234,0.0009747524083560917,0.0009747148139248474,0.0009747471503658225,0.0009747462203299428,0.9951263110480986,0.0009747283589248424
doc235,0.0019016246685626455,0.0019017721514989602,0.9904920921494758,0.00190169679175734,0.0019012792240480651,0.0019015350146571258
doc236,0.0014581576888426397,0.0014582007583734298,0.12091756150644681,0.1384837845425161,0.0014581441866397978,0.7362241513171812
doc237,0.0012889912347045836,0.70292146951191,0.0012889635162580471,0.001289093123293997,0.0012887845480768216,0.2919226980657567
doc238,0.0011288304555961968,0.001128909318387307,0.619456473656188,0.2849921873745132,0.0011289306792358915,0.09216466851607956
doc239,0.19920506417610614,0.19939968781108336,0.3937090969226054,0.0015247322507580992,0.001524727449991759,0.2046366913894553
doc240,0.0005114087450327981,0.0005113924697590737,0.5108603197593388,0.36608424330258393,0.12152127848684866,0.0005113572364367105
doc241,0.09286377223530781,0.35665313320539654,0.4876814670163488,0.0010355575658439128,0.0010353183650329827,0.060730751612070005
doc242,0.23099674268445372,0.00046614145028249,0.18556700059855566,0.515520490397356,0.00046608771927995993,0.0669835371500723
doc243,0.0015727825501771827,0.2138512486638246,0.5454375007910408,0.23599297802204777,0.0015728103574601524,0.001572679615449375
doc244,0.0010685905723078239,0.6411832015422178,0.03156520998239057,0.12039554475497424,0.0010686616501003287,0.20471879149800926
doc245,0.002242855903447196,0.0022430402855958902,0.39226718452602294,0.36053482453579333,0.24046972869746508,0.002242366051675413
doc246,0.28914441175724925,0.3659686167848236,0.0015726700796423528,0.00157264851678118,0.0015723933136795837,0.34016925954782384
doc247,0.0003241107602967356,0.048400852875851316,0.18832136315832868,0.7623054289781934,0.0003241122931065066,0.00032413193422335744
doc248,0.0016505214380638366,0.4759820987505424,0.0016507775721504503,0.35202462520761507,0.0016504309998800737,0.16704154603174806
doc249,0.27636767399638773,0.09621615884639899,0.0011824278886144535,0.2998722788465728,0.0011822869776547632,0.32517917344437114
doc250,0.0010801888041010337,0.0010803163846578867,0.10967039344259473,0.5555585290326768,0.16830412246747928,0.16430644986849033
doc251,0.0010145197652286354,0.0010145830408969361,0.5190606531380598,0.2872103522316582,0.017311872409760263,0.1743880194143961
doc252,0.14324795565898407,0.455607229199727,0.2532731691324541,0.1358269111669347,0.011306974219433892,0.0007377606224661536
doc253,0.5911245112035486,0.0011289893774430381,0.4043597306453766,0.0011289810289233713,0.0011288960909733175,0.0011288916537352317
doc254,0.38949874434804505,0.6049906557770961,0.0013776373564223076,0.001377758217964352,0.0013775063708385419,0.0013776979296335414
doc255,0.0008225828194296834,0.0008225615723019363,0.2050436858208988,0.07288451039237197,0.0008224672944801107,0.7196041921005174
doc256,0.017863066193677585,0.4320636933117922,0.017859467582858262,0.49649492151153024,0.017858969712471272,0.017859881687670612
doc257,0.5598724964271853,0.0017072660170050756,0.0017067685543684877,0.4128361313228889,0.022170477681059418,0.0017068599974928702
doc258,0.8518812121981172,0.0015248004502592333,0.0015247042356396903,0.11731726168672299,0.001524752171913544,0.02622726925734743
doc259,0.994088409342197,0.0011822052094383486,0.001182369243297163,0.0011822980847285606,0.0011822646726171928,0.0011824534477217464
doc260,0.001678419257752708,0.001678293284580252,0.499656518782671,0.197588464708704,0.0016781886923490708,0.29772011527394293
doc261,0.7096834179497044,0.001091926828321129,0.001091945386415793,0.001091923850449188,0.0010918632961255958,0.28594892268898386
doc262,0.0011418203800909895,0.0011418866602037835,0.5630859552365161,0.22073505949939992,0.0011416980726990092,0.21275358015109022
doc263,0.0019767651579503955,0.43892892122593813,0.5531645104797164,0.0019766072929607017,0.0019764308867115045,0.0019767649567228917
doc264,0.0015977519455141447,0.5544254937695703,0.10756976828459495,0.11397392598794549,0.0015976907377788965,0.22083536927459613
doc265,0.11220306660769722,0.002101535218517645,0.14601338708263642,0.30233619278965307,0.0021010261607377107,0.4352447921407578
doc266,0.002101367150621206,0.9894932026733215,0.002101429411325104,0.002101316751179049,0.002101141674354627,0.0021015423391984637
doc267,0.40812439272700324,0.002347801490630076,0.002347954523577483,0.24804952741074401,0.002348107136241234,0.336782216711804
doc268,0.3564965773366453,0.2639650878659591,0.0011823387111950432,0.0011822126249587338,0.0011820662337401755,0.3759917172275017
doc269,0.0010250000766104774,0.001024767191749092,0.994875789479859,0.001024910229133628,0.0010247558230539154,0.0010247771995938624
doc270,0.8018796590285067,0.004855445615033986,0.17869726413176318,0.004854910577856632,0.004855990744650669,0.004856729902188863
doc271,0.0009747524083560917,0.0009747148139248474,0.0009747471503658225,0.0009747462203299428,0.9951263110480986,0.0009747283589248424
doc272,0.0010687619408638735,0.9946569534224654,0.0010685696441793098,0.0010686323044064238,0.0010685577113799785,0.0010685249767050664
doc273,0.21901349216339228,0.44171231508752323,0.3310753444552747,0.0027326210597151644,0.002732742044615869,0.0027334851894787395
doc274,0.0008505812893260884,0.0008505916959423533,0.6924533085189573,0.05920014450157839,0.0008505332012380871,0.24579484079295794
doc275,0.0009043954808355655,0.0009043341315523861,0.9954781627527018,0.000904291240030233,0.0009045201799268673,0.0009042962149531512
doc276,0.001256822682043875,0.0012565724287642859,0.001256569465019651,0.0012566817882642084,0.0012565086426248187,0.9937168449932833
doc277,0.0017070671732906414,0.00170701806616074,0.27104818711844914,0.001706818983727038,0.0017070095514128622,0.7221238991069595
doc278,0.5134183690855932,0.0008963307682287602,0.4507454695605857,0.03314747793079891,0.0008961488022962814,0.0008962038524969598
doc279,0.19902250941172092,0.0015725485389049758,0.0015725532957718987,0.7946868905662827,0.0015728839549034787,0.0015726142324160191
doc280,0.0009747524083560917,0.0009747148139248474,0.0009747471503658225,0.0009747462203299428,0.9951263110480986,0.0009747283589248424
doc281,0.0009747524083560917,0.0009747148139248474,0.0009747471503658225,0.0009747462203299428,0.9951263110480986,0.0009747283589248424
doc282,0.0010043015413274793,0.0010042762487834792,0.48147742316274467,0.477018029649953,0.0010041157343645647,0.038491853662826876
doc283,0.0020164931520892577,0.8429950132086166,0.0020168117664819455,0.0020165443317731162,0.0020163306067188477,0.14893880693432016
doc284,0.000737668964418827,0.1808921303715873,0.3131321302804399,0.25620028657510663,0.0007376285240940962,0.2483001552843532
doc285,0.9037053431127302,0.06418758700740872,0.0008962841531924092,0.0008962804257530732,0.0008962888281461683,0.029418216472769286
doc286,0.08453506091874734,0.016597954465759148,0.8113686490146368,0.0861874516457381,0.0006554484180913712,0.0006554355370272209
doc287,0.00219335634981154,0.890376372078119,0.0021935132585771807,0.0021932352527917263,0.002193388102151569,0.1008501349585487
doc288,0.11599279613438768,0.0015019706533954005,0.6210534907679547,0.19160609293507758,0.001502162587089459,0.06834348692209528
doc289,0.0005761985321115165,0.0005761968123696263,0.47008762911516494,0.3988699988252732,0.12931381857051094,0.0005761581445697318
doc290,0.9935554803520769,0.0012889776815520572,0.0012889468002961258,0.0012888853015504825,0.0012888477643763663,0.0012888621001480585
doc291,0.001736400763790556,0.22282343761731507,0.7702303579321241,0.0017366164956713421,0.0017364421120681325,0.0017367450790307967
doc292,0.0009043954808355655,0.0009043341315523861,0.9954781627527018,0.000904291240030233,0.0009045201799268673,0.0009042962149531512
doc293,0.1904897131095202,0.003906935256478123,0.003906784959806582,0.7938823421625408,0.003907108936152661,0.003907115575501662
doc294,0.000600356945326719,0.49902971244947697,0.30555404173941925,0.000600387704575448,0.0006003430308245027,0.193615158130377
doc295,0.40812439272700324,0.002347801490630076,0.002347954523577483,0.24804952741074401,0.002348107136241234,0.336782216711804
doc296,0.0003241107602967356,0.048400852875851316,0.18832136315832868,0.7623054289781934,0.0003241122931065066,0.00032413193422335744
doc297,0.0019384150117842617,0.2928013158047802,0.0019386170760904778,0.30709479770192694,0.0019383959958017836,0.39428845840961635
doc298,0.1836295710445692,0.0010143964330693426,0.35477701968363273,0.4585501474954408,0.0010145462941923396,0.0010143190490954652
doc299,0.2986010051744711,0.29156772580678275,0.40693469150095,0.0009655823179811486,0.0009653866104601394,0.0009656085893549878
doc300,0.18441201551883718,0.057014304420286,0.5663844474855149,0.18947104092752792,0.001359229874221003,0.0013589617736129284
doc301,0.0008578642682590983,0.07412813539163307,0.6659377706529153,0.22452743036484582,0.0008577913267368714,0.033691007995609916
doc302,0.0011290988473899874,0.13750196008572285,0.3743842726640844,0.4847265314151492,0.0011290448870252352,0.001129092100628439
doc303,0.994088409342197,0.0011822052094383486,0.001182369243297163,0.0011822980847285606,0.0011822646726171928,0.0011824534477217464
doc304,0.0013969664295575477,0.0013969841202948134,0.8367777868592696,0.0013969314997252119,0.15763431745072096,0.0013970136404319192
