,topics0,topics1,topics2,topics3,topics4,topics5,topics6,topics7,topics8,topics9,topics10,topics11
doc0,0.0006985279878545783,0.4702293330740582,0.0006985610801761546,0.0006984993063009311,0.0006984678054808263,0.0006985147006566824,0.3569336907925706,0.0006985301868850941,0.0006984561928817027,0.1665505252732769,0.0006984654583324815,0.0006984281415258783
doc1,0.0004898236913116147,0.0004898444674627943,0.0004897999247205766,0.10254580242634037,0.03815306951602067,0.5782118823193408,0.11961997476267712,0.07238554080479002,0.08614473258710187,0.0004898848567068333,0.0004898648485484492,0.0004897797949789146
doc2,0.17175590588182926,0.001880336169601901,0.0018803192921878974,0.13831604228799232,0.0018799239005139101,0.001880087695095102,0.46915507708213,0.0018802912785825397,0.001880417947282567,0.0018800720586680778,0.20573156347533175,0.0018799629307845347
doc3,0.0005911511704216185,0.07254764592267156,0.048830696379333856,0.0005911920873012212,0.0005911870256094026,0.0005912190474103179,0.04754220362971231,0.0005912125334811919,0.000591199950419841,0.7243374312385924,0.10260375767067942,0.0005911033443668462
doc4,0.001953330062731135,0.001953463380355005,0.0019537922256505605,0.0019535422548965235,0.0019537260358775095,0.38157756370250157,0.17861338660416895,0.0019535872962050506,0.24024984270259134,0.0019535702891720955,0.18393092271636202,0.0019532727294883567
doc5,0.002369929167456414,0.0023698793244036204,0.0023698189865203135,0.002369872529776849,0.9739307285908454,0.002369925098470803,0.002369879347504703,0.0023701126883792258,0.002370061233657126,0.0023700001819469386,0.0023700004966174053,0.002369792354421238
doc6,0.0035466306076410337,0.12006613986514168,0.0035466006408149658,0.0035467074763898456,0.003546613041022234,0.0035466446280282104,0.0035470818076524663,0.2090291284431023,0.6389847325365638,0.003546605297089897,0.003546798865265225,0.0035463167912883433
doc7,0.0018799329235577754,0.0018800940973351255,0.0018800171275932893,0.0018800458199325573,0.0018803190859272097,0.0018799667807656293,0.001880353417232368,0.0018800641051861411,0.0018805828781316334,0.0018800097304219321,0.9793184210910058,0.0018801929429106451
doc8,0.0007802156877151973,0.0007801690506563612,0.0007801672713144364,0.0007802460460087083,0.5142439243230799,0.0007801777444363556,0.000780241538727266,0.0007801270282870417,0.0007802666001952049,0.0007801726367692546,0.4779541671852841,0.0007801248875261952
doc9,0.0009691622130305627,0.0009691184505086598,0.0009691998126074306,0.1519817004139659,0.0009692799822295339,0.0872775891526574,0.000969166803970007,0.0009692175073798584,0.0009692556548681614,0.000969314273352352,0.706842311370321,0.046144684365109025
doc10,0.48264998586438923,0.0007290801606839814,0.0007291592786407238,0.0007291082065449446,0.4104172359834265,0.000729039651591526,0.0007289814866135099,0.0007289995300307142,0.0007290422463547596,0.0007290294401842269,0.0007290875477981034,0.10037125060374155
doc11,0.0006888194987436989,0.0006888229384796801,0.0006887608665797318,0.0006887946911823888,0.41418298157646577,0.08490618753300992,0.0006889367657525744,0.0006888846583843408,0.0006888645883358221,0.024351960644494054,0.47104814416737883,0.0006888420711933182
doc12,0.0008835354423114787,0.0008835708918501869,0.0008837051222549081,0.0008836344492484734,0.0008838781324037228,0.0008836978582827287,0.0008835132892547216,0.0008836773873686073,0.0008836953932938747,0.9902799332523224,0.0008836395197857285,0.0008835192616230695
doc13,0.0009331458473159328,0.0009330422652017406,0.0009329717613808973,0.0009330147992516402,0.0009329198825853971,0.0009329754540396024,0.0009329791058550049,0.0009329937572490435,0.0009329170795546983,0.0009330818801360235,0.0009329408550562499,0.9897370173123737
doc14,0.0009331458473159328,0.0009330422652017406,0.0009329717613808973,0.0009330147992516402,0.0009329198825853971,0.0009329754540396024,0.0009329791058550049,0.0009329937572490435,0.0009329170795546983,0.0009330818801360235,0.0009329408550562499,0.9897370173123737
doc15,0.034152026615426496,0.00043453781240037877,0.0004345395122416292,0.09734745975372552,0.46504085786368365,0.22771615995847533,0.033376748799297445,0.012269006132353271,0.0398630359550867,0.03876918004445453,0.05016188234820173,0.0004345652046533228
doc16,0.5422429571869583,0.0006795226945434565,0.0006795876718456257,0.18874267477257786,0.000679576169023651,0.0006795729063492177,0.0006794716818533598,0.05383202646612427,0.0006795171876369843,0.0006794833376917985,0.19990973338983536,0.010515876535560225
doc17,0.0020330428226719654,0.11481888979550717,0.002032856296776207,0.0020328563093183678,0.06935806203230958,0.0020328797881744498,0.07817747008569326,0.0020331077131297004,0.7213819300331692,0.0020328568403745885,0.0020332928744921912,0.00203275540838355
doc18,0.0012471883124224527,0.001247170235882631,0.12107391214459377,0.0012473233805181541,0.0012472990791854962,0.001247315445193006,0.07476917632840212,0.0012472884046694735,0.0012472801242482032,0.3172623608839049,0.47691649244028295,0.0012471932206968646
doc19,0.11011695743632578,0.0012021871709121574,0.001202134981929567,0.0012022714189883026,0.4788149772642015,0.0012022764215684732,0.001202165531820483,0.1746015883111664,0.0012021777180936174,0.0012026135392243214,0.22684847963909413,0.001202170566675323
doc20,0.000427126791655625,0.0004270595438999325,0.061754262956189514,0.00042708072264622843,0.0004271074258362719,0.33772829813045996,0.0004270535511842258,0.026194334515639295,0.00042707751139377367,0.0004271041167674995,0.5709064752477343,0.0004270194865933998
doc21,0.001295626511707491,0.17998674154152197,0.0012957403221415449,0.0012958288038154128,0.0012957710311879075,0.0012955770837783437,0.524387583771789,0.0012957227493879046,0.2839645857458006,0.0012955552318775884,0.0012955043903527782,0.0012957628166395832
doc22,0.00184539907073111,0.0018457281816795293,0.0018452991378439857,0.0018456311593962335,0.0018456170402262363,0.001845610737544036,0.001845657689529518,0.0018452316911536073,0.4936581654673831,0.0018454051568929644,0.4878868860195619,0.0018453686480577464
doc23,0.0018801184060424241,0.17494466939461759,0.06949819345581952,0.001880225679476477,0.1660936897833853,0.0018803825558509526,0.0018801321553126226,0.0018801943538994514,0.0018802011345344764,0.5744216922883247,0.001880254727660836,0.001880246065075661
doc24,0.00047813380009360633,0.35088669215695023,0.0004781130037278311,0.0254557715253389,0.0004781419297031373,0.00047812918848895057,0.0004781526220791177,0.022064476102362812,0.05341746738008041,0.3615457862168393,0.18376100066988413,0.00047813540445152986
doc25,0.0014885699017656575,0.0014885847249649223,0.001488392964061625,0.001488560192580733,0.001488531596716534,0.001488584092929507,0.27054766602094277,0.0014886167450405719,0.0014887624336612135,0.001488410366046644,0.7145670642739744,0.0014882566873153122
doc26,0.001147152496409471,0.03809176984897296,0.0011472967592184844,0.0011471582020682234,0.5322769983771323,0.001147200728680265,0.06192090858055476,0.18866373836195188,0.0011470192035587254,0.0011471375223431367,0.1710165547625911,0.0011470651565185308
doc27,0.0009692209320358442,0.0009692695136242633,0.0009699294464127193,0.0009692850254624379,0.0009692961985581662,0.22458124902093846,0.0009692158359333095,0.0009692958721064779,0.0009691601541379134,0.6425573681391279,0.12413751263745405,0.0009691972242085429
doc28,0.000818620122257573,0.0008185676069845798,0.2148668248711401,0.2618025743706382,0.40587968461617574,0.0008185797708576978,0.0008186256101489028,0.0008185605275276191,0.0008185241564776155,0.000818544902658124,0.11090230949985366,0.0008185839452801104
doc29,0.0013478881360865886,0.0013480645631302347,0.05234683732960721,0.20781602371320296,0.0013481462188251997,0.17748673731426853,0.0013479706180680464,0.0013479944760930232,0.001347953272363418,0.001348097595402059,0.5515663262481441,0.001347960514808684
doc30,0.0005841877155248992,0.0005842028950356084,0.0005841805250599534,0.0005842065299878062,0.0005842021309395259,0.0005841858525719608,0.0005841835374258777,0.9935739822924546,0.0005841588249407594,0.0005841680695844965,0.0005841905315153096,0.000584151094959302
doc31,0.0005581419279852744,0.05087245659777191,0.0005581402337792455,0.0005581884507624738,0.24449118723843588,0.06578684075808092,0.054372502017813504,0.0005582046916287216,0.0005581356051122498,0.0005581494411751247,0.5805699032223913,0.0005581498150632783
doc32,0.0035472037870879587,0.12228347253306654,0.09630737555089007,0.00354698315630395,0.5125433934186003,0.003546679449255699,0.13654818022649948,0.0035466528969407118,0.0035464936105389934,0.10748973669825604,0.003547380530945882,0.0035464481416142093
doc33,0.0015578109548968538,0.0015577860095054717,0.0015577863550663774,0.0015578034548470732,0.0015581227379440005,0.0015580555520803103,0.0015580014716224983,0.1932451601530981,0.001557867820662476,0.10136810512179034,0.6913655086960446,0.0015579916724418033
doc34,0.0003434845602913785,0.0003434667454560578,0.0003435025557435383,0.5682886234496678,0.16822298120370677,0.2603970104406652,0.0003434570851279495,0.0003434858846854393,0.0003434894040888327,0.0003435057496972768,0.00034348247487574456,0.0003435104459940448
doc35,0.0008534840399615105,0.35700572992451407,0.00085355674313171,0.0008535392534460706,0.5716943630024356,0.0008533743264339278,0.0008534005164999014,0.0008534308145128776,0.0008533971437736555,0.0008533508724655728,0.0008534171715286571,0.06361895619129668
doc36,0.0013479418556578042,0.3834211369905854,0.0013478366495731024,0.0013478666833403462,0.0013479001902527584,0.0013484369328295295,0.13528389990031917,0.0013479193637332134,0.0013481164985938397,0.0013479354549212467,0.39938646600983835,0.07112454347035523
doc37,0.0005581388714055772,0.03624342111745023,0.0005582039504249528,0.0005581248779896183,0.22697104603451973,0.7317620834364909,0.00055813574804854,0.0005580985956669173,0.0005582226340224824,0.00055809245078222,0.0005582014361698435,0.0005582308470288395
doc38,0.15067287859498416,0.0009691408146483572,0.0009691750092305537,0.0009692273233622371,0.000969348595299908,0.0009691049641765393,0.13381922996600956,0.0009692448210425318,0.5639929336547544,0.0009692273586268616,0.14376128481433836,0.000969204083526369
doc39,0.0007083998699947892,0.026939968221264658,0.0007083811640550171,0.0007084435227346441,0.0007084111604618019,0.3791475195576884,0.2982227363394074,0.0007084085827231176,0.10766106639345395,0.0007083556346227346,0.183069917407868,0.0007083921457256377
doc40,0.24591865087707312,0.0010618682408875878,0.0010617788098909809,0.503358664534395,0.0010619301930192618,0.24116601022529288,0.001061757242029449,0.001061879918631061,0.0010617862368348992,0.0010619476885944624,0.0010619059263774597,0.0010618201069739254
doc41,0.001488379199282841,0.0014883369365225397,0.0014883738154920778,0.17798779323431776,0.06842769000612146,0.19358298719781802,0.0014885448563415242,0.0014885043886580295,0.36532220650018465,0.18426060280979675,0.0014883591544730217,0.0014882219009910611
doc42,0.002488054748513501,0.0024886266911910053,0.1621344114791996,0.0024878941808846883,0.002488200702361366,0.00248807018728521,0.0024880501762097147,0.09035176872686702,0.22212687257641153,0.505481846090522,0.0024881332616382484,0.002488071178916061
doc43,0.30387703168386593,0.24403673906809825,0.0017186287489260883,0.43661850532631447,0.0017187467071281557,0.0017186075806760088,0.0017185408060288866,0.001718595548476285,0.0017186722445300892,0.001718664724054945,0.0017186433030186967,0.0017186242588821358
doc44,0.1011092058034283,0.0004481265446624605,0.00044815174562557776,0.00044813601659170546,0.11515898350192424,0.01187302753180373,0.0004481532568733624,0.00044812057324021055,0.09237764694727767,0.0004481443718562648,0.6763441982980197,0.00044810540869686234
doc45,0.0014456975308360137,0.001445376153398827,0.0014456447296870565,0.07117719130856578,0.001445471670334356,0.0014458012029521985,0.001445543742059409,0.001445417881757972,0.1068712368679626,0.808941509775403,0.0014455742347967441,0.0014455349022460646
doc46,0.027167329051802278,0.0008053770757763218,0.0008053388719654285,0.0008054144464621584,0.0008053027997098773,0.42662130433906165,0.05562435726518759,0.0008052902199691818,0.0008053369773564406,0.0008053351564831472,0.4841443719079384,0.0008052418882874403
doc47,0.0011604786408829688,0.001160472462173399,0.001160367615325172,0.2129495594199483,0.0011605077945487413,0.0011604094842528436,0.013147833858967213,0.0011605170975724595,0.0841368395673889,0.6804819844576169,0.0011606081512121435,0.0011604214501109921
doc48,0.0010505866290089734,0.0010506442183950242,0.0010505183149985711,0.0010506571663837616,0.0010505369685983844,0.08377462757675568,0.0010506181166339721,0.07659856695030286,0.5707182509591685,0.2605035887997711,0.0010506865034115571,0.0010507177965717195
doc49,0.001780045544635704,0.22908090039286008,0.0017799257672605768,0.0017797518871594028,0.0017799184793329409,0.0017798214633228105,0.4396014857294651,0.001779849511432009,0.3152990720965702,0.0017798071123470286,0.0017799493216281797,0.0017794726939860872
doc50,0.00396860269978257,0.34527192642545024,0.003968738593841635,0.003968889916290743,0.45574217989150906,0.003969591699813042,0.16326361016033447,0.003969628004951986,0.003969321899888665,0.003969372001755446,0.00396918423432949,0.003968954472052572
doc51,0.5063186196564402,0.000959894851022011,0.1746119815989058,0.07330003197116333,0.1656378110121024,0.0009600138926855926,0.0009599828794145885,0.0009599136714370705,0.0009599858054672091,0.0009601697732528709,0.0009598842911327193,0.07341171059697617
doc52,0.004505782393579428,0.7479041785849485,0.004505970062433091,0.0045056187027201515,0.004506181053113438,0.004505410227268599,0.004506050067295753,0.004505617616877101,0.004505878733526635,0.004505884524262784,0.004505986499588725,0.20703744153438566
doc53,0.0011470609733463632,0.0011471228348967888,0.0011471732684643883,0.7751162239314356,0.001147138193696272,0.0011471636571069707,0.08394426700260686,0.001146917120658111,0.09053868341530345,0.0011469938721729931,0.0011469949054960641,0.04122426082481591
doc54,0.0010730221337003625,0.0010730544669501263,0.0010730927583748175,0.0010730851220537886,0.001073171355701335,0.001073291596699923,0.0010730596798818274,0.0010730963154134156,0.001073041666898931,0.0010731773021083126,0.0010731292466568331,0.9881957783555604
doc55,0.0010730221337003625,0.0010730544669501263,0.0010730927583748175,0.0010730851220537886,0.001073171355701335,0.001073291596699923,0.0010730596798818274,0.0010730963154134156,0.001073041666898931,0.0010731773021083126,0.0010731292466568331,0.9881957783555604
doc56,0.14107557231784607,0.0005911652658724958,0.0005911855717042016,0.0005911824772271426,0.20205403805281394,0.13919755031292083,0.10820910810992287,0.07672161704774651,0.11586523174937996,0.12259761678824894,0.09191458832766869,0.0005911439786484619
doc57,0.0011603524678747488,0.001160438187942794,0.0011603284524564095,0.1047885601085978,0.020451645126789774,0.001160289063655626,0.6322151154237439,0.001160380008050952,0.23326189898710112,0.0011603131344747237,0.001160418440519496,0.0011602605987926418
doc58,0.0015825193958732364,0.0015824868738845456,0.0015825140367151823,0.0015826539150811194,0.0015826804913016527,0.05477903951214466,0.24178582904088555,0.0015826880093680223,0.5433382231760311,0.1474360866891304,0.0015827479609873542,0.0015825308985970607
doc59,0.0016615142869695104,0.001661662299588742,0.0016614150174131127,0.0016615632075351822,0.0016617234975460657,0.0016613932325844395,0.7055459009743072,0.14345344246851702,0.13604691899873403,0.0016615258276910564,0.0016616696314383115,0.0016612705576752715
doc60,0.0014246890697767415,0.0014248438859056213,0.0014247196970301709,0.001424985419799121,0.0014250296104619052,0.0014251132977215711,0.6448282377822238,0.0014249449427541643,0.001424821896674159,0.0014248403227647775,0.3409228543751963,0.0014249196996917676
doc61,0.38020291855861166,0.001312616871145914,0.0013126187283629906,0.14333654468636003,0.11341421655540092,0.0013125764230848345,0.0013126546487467463,0.0013126911721270153,0.35254495647041045,0.0013126407437481006,0.0013126891748257217,0.0013128759671754734
doc62,0.0005520228026964067,0.000551965092187307,0.0005519555482942144,0.0005519837983493033,0.0005520000305832989,0.0005519838484626515,0.0005519854517655609,0.0005520272129441135,0.0005520219704641577,0.9939280614728732,0.0005520421494064378,0.0005519506219733362
doc63,0.009806520757831994,0.009805736535099155,0.009805083600511017,0.009806181699651884,0.00980631503163748,0.009806680684298536,0.41632014177957916,0.4856112924232457,0.009810241478134385,0.009806860042272537,0.00980616361219849,0.009808782355539766
doc64,0.0032056048448111988,0.6079489556320881,0.0032057384263714495,0.0032055974841871514,0.0032059556196588172,0.003205523171727105,0.003206245802215456,0.0032053063962183487,0.0032057023445306917,0.0032056503179986513,0.3599941421022759,0.0032055778579170536
doc65,0.20745286075337974,0.0013302583402994043,0.0013302961635392357,0.41182490860701876,0.001330100943801949,0.3021006905034002,0.0013300056226431215,0.001330125591780601,0.06798038645777517,0.001330146971491455,0.0013300645402113864,0.0013301555046589762
doc66,0.41029407753748487,0.07319821835524867,0.05002734959714663,0.26478825116011706,0.00039818116019832455,0.1989047881364569,0.00039820553591820294,0.00039818345104921656,0.0003981979794939294,0.0003981582839904358,0.0003982455628333732,0.0003981432400624887
doc67,0.0023154518102382953,0.002315383690552502,0.0023154561390106645,0.0023154549739044577,0.0023151405608004393,0.0023150270735474822,0.44989136361914445,0.0023152120670964413,0.23354890097348852,0.002315157188401325,0.2957222439710345,0.0023152079327808397
doc68,0.16216895783913324,0.0006660057971072727,0.1808814394220965,0.12942851225519753,0.0006659964012376265,0.0006659271642782592,0.0006658667238748756,0.0006659901576197624,0.000665927297658345,0.0006658946622891891,0.3157257502460134,0.20713373203349394
doc69,0.20852027661700218,0.0009693234708300021,0.1626198124080387,0.1579254910394005,0.0009692250861462426,0.0009692846069960807,0.0009692428685904066,0.0009693609361599556,0.46318015265542783,0.0009692532593601025,0.0009692611728071932,0.0009693158792407306
doc70,0.0013664319873170046,0.0013664527524128106,0.07834331716787055,0.0013665915427874004,0.0013664991468449238,0.5245443442995159,0.001366581911031358,0.00136654821057064,0.04858553067457845,0.001366434646877492,0.3375948003704874,0.0013664672897059891
doc71,0.11634752299182265,0.0012168140831188752,0.0012167926229256821,0.0012169026868430607,0.0012168671502182477,0.12835678992960062,0.33908837485991683,0.04719874117381631,0.03143541390881606,0.0012168699305302555,0.3302722265504733,0.0012166841119181926
doc72,0.0010396392932197171,0.0010397117086151562,0.001039672669028259,0.0010397324046488349,0.21901074827120567,0.08489546427217605,0.0010396379976855216,0.0010399670373372359,0.0010396687181083478,0.6867363083522009,0.0010397860197999841,0.0010396632559743991
doc73,0.001160399052172336,0.001160332700686926,0.02694813802624597,0.001160236164404608,0.12076670710924922,0.0011604162816105843,0.0011604315082155293,0.0011604250534332473,0.0011603288309483873,0.6385076944990807,0.20449466808468594,0.00116022268926642
doc74,0.0027628618223803476,0.002763232927919841,0.0027627743742639982,0.002763290862658982,0.0027631592071988608,0.002763017950194372,0.07491382461716567,0.0027632433338552155,0.33118730837585225,0.5197292304483383,0.002763332577925593,0.052064723502246585
doc75,0.0005841877155248992,0.0005842028950356084,0.0005841805250599534,0.0005842065299878062,0.0005842021309395259,0.0005841858525719608,0.0005841835374258777,0.9935739822924546,0.0005841588249407594,0.0005841680695844965,0.0005841905315153096,0.000584151094959302
doc76,0.0009159456748365317,0.0009160724306665847,0.0009158682733381404,0.0009159529945239054,0.0009160219240479457,0.0009158614685777929,0.1048358492903668,0.12138463529863734,0.07009204146843256,0.0009159588282822993,0.6963598415711455,0.0009159507771445092
doc77,0.0009076924127501895,0.0009076845457227083,0.0009077661089680555,0.0009076600139091075,0.3768796941205602,0.11587248981097514,0.0009076245513407425,0.11375061368045881,0.0009077515130444662,0.0009076782379515158,0.3862356496301199,0.0009076953741989824
doc78,0.23767474068549255,0.002688615017402641,0.08154206356755643,0.002688686271883137,0.0026886397003091514,0.0026890936978378444,0.002688563153888718,0.0026884661922735777,0.00268845766196381,0.08061226978582707,0.5786615998669671,0.002688804398597939
doc79,0.4094330300812084,0.00043832557213962494,0.0004383609425309106,0.09246009744648613,0.34582166104581724,0.0004383442152637083,0.000438334482416502,0.00043832268666867537,0.0004382641999102774,0.00043840715426944675,0.14877860231719914,0.0004382498560897654
doc80,0.0007344462744753076,0.263014859805771,0.0007343733645389545,0.0007344146430187315,0.0007343853819125077,0.16158750553792572,0.0007344452163332404,0.0007343614896343573,0.0007344005114888833,0.0007343020810339543,0.5687881524530971,0.0007343532407703807
doc81,0.0006443809708943938,0.0006444388854854838,0.0006443951297312848,0.000644453395064332,0.0006445475674539645,0.0006444416915301534,0.0006443702762836323,0.0006445333006680996,0.0006444041431593212,0.9929110349433383,0.0006444812097593483,0.0006445184866316622
doc82,0.11270107557569811,0.0014667002063612725,0.1912179949390462,0.0014669039535537725,0.0014665617119869105,0.5013040825599376,0.001466616557232453,0.0014666878205828945,0.001466843122616892,0.0014666311910067299,0.1830432596135837,0.0014666427483934774
doc83,0.0015826123022895135,0.0015825196565156328,0.0015826206634514486,0.0015827369204282071,0.6065610553381516,0.001582619488840663,0.001582584567123263,0.0015825705550215825,0.001582475017022398,0.20591925202820133,0.17327613494668667,0.0015828185162675304
doc84,0.0006018563384297726,0.10365059576843963,0.1913169072057838,0.2346451329070032,0.0006018895877565041,0.4273945577685431,0.0006018186332286313,0.038779908966734826,0.0006018148254250686,0.0006018615872860252,0.0006018360476686208,0.0006018203637009004
doc85,0.0010850302311505187,0.13757844606520758,0.0010849729143384437,0.1961350812019407,0.13293064296330204,0.0583175724866708,0.0010848863831349827,0.001084862775076531,0.0010849345179554737,0.23241401555257862,0.23611480915602884,0.0010847457526155348
doc86,0.3095053311729176,0.0028417065745414906,0.26655114204804964,0.0028421777909378057,0.10557745903522436,0.002841939833701394,0.0028415086279540954,0.002841664209214568,0.0028413325663860143,0.1713774853069492,0.06409770907265443,0.06584054376146935
doc87,0.0011214850243857224,0.10962939731065052,0.0011213227797523082,0.0011212752106140903,0.0011212488559178154,0.0011212428072483048,0.2381241908247984,0.0011213683986390462,0.6421546545608353,0.0011212396442157305,0.001121393379076902,0.0011211812038656988
doc88,0.2576799871804804,0.0010507384050620517,0.0010507716224166116,0.0010508204104800812,0.001050675420060076,0.0010507613238881673,0.0010506791477186519,0.0962402946370216,0.11073828452320073,0.20832803944525255,0.3196582885239949,0.001050659360424266
doc89,0.0009788463872888906,0.0009787542166013485,0.0009788239547228444,0.16297937670304985,0.11194885683595886,0.0009786677696626898,0.0009788096200472084,0.0009788819556152382,0.11041381382417685,0.6068274466329422,0.0009789400184309026,0.0009787820815031446
doc90,0.04784250434949293,0.0004648100102052886,0.0004648249936983082,0.0004648148989441329,0.3650903306656193,0.11038292100738416,0.10889095269582705,0.0004648278041097908,0.10397272913275815,0.17035500252021832,0.09114153357671417,0.00046474834502854416
doc91,0.0008759342932304177,0.0008759556115590184,0.0008759004962808417,0.819833249608966,0.17140809973137658,0.0008758488585683863,0.000875905891064806,0.0008758587726967659,0.0008757993564132281,0.0008757947271909922,0.0008758613767569964,0.0008757912758961065
doc92,0.0015828300786084539,0.0015827936299149725,0.1544724235881928,0.1904352016789472,0.0015828231243550897,0.0015827877978254294,0.001582822062538023,0.0015827915230035945,0.1133585630868976,0.04513382323252827,0.48552031877815927,0.0015828214190293194
doc93,0.0008608980289315125,0.000860789583573702,0.43413762298438174,0.0008608522100954892,0.0008608217396830722,0.32720263593260707,0.2309123740098944,0.0008607387987289793,0.000860738712563272,0.0008607196593910729,0.000860884505346537,0.000860923834803112
doc94,0.0010506637823949315,0.001050553899969927,0.0010506246568904374,0.0010506574270740137,0.001050657042506563,0.0010507274337375272,0.5296759572264105,0.0010507685361658345,0.4598175565661146,0.0010506401888156587,0.0010506222025976003,0.0010505710373224504
doc95,0.001992795931395895,0.001992469687905976,0.3035799953796273,0.0019925586452030053,0.13077166216229882,0.001992565385911587,0.0019925249442880088,0.001992774938833899,0.24458038680625202,0.0019926686001419053,0.30512707400377265,0.0019925235143689046
doc96,0.0006167162925502687,0.0006166893775268173,0.0006166400020481559,0.0006167120264946662,0.0006167205921643981,0.46445354799837324,0.0006167340012645219,0.09223097274004466,0.05476630448696784,0.163371575308486,0.22086072963941022,0.0006166575346692166
doc97,0.0016081505177466845,0.0016081039450660732,0.473357077373777,0.33675366394212924,0.001608094355738698,0.0016082467313455746,0.0016079142093808306,0.0016082724559377754,0.0016079372459255482,0.0016081942415908247,0.17541645227544628,0.0016078927059153853
doc98,0.0007988915007172759,0.0007988736175346562,0.16305382164123214,0.00079890567349049,0.18349460830282194,0.0007989037452967277,0.009962809331251862,0.0007988907718337342,0.0007989153232733632,0.05375147982180674,0.5559382154862937,0.029005684784447268
doc99,0.002263148994454005,0.0022630824062896794,0.002262918760624795,0.2137989739451106,0.002263044785931681,0.002262981885385791,0.0022627931536150932,0.002262969179524055,0.1035259139168853,0.0022628595571135735,0.6623083336415564,0.002262979773508995
doc100,0.06820132756919699,0.0010083681081084787,0.0010082658377105257,0.0010085207143249474,0.18560756401413422,0.0010083332457592332,0.0010081687574079352,0.06331513939107247,0.0010083782845278937,0.0010082738954978227,0.6748092839639569,0.0010083762183025133
doc101,0.000950730481504282,0.00095065581835951,0.0009506736388877558,0.0009507173318362923,0.0009507592102558363,0.0009506460007604308,0.0009506531281551756,0.0009506344286396986,0.000950684114418313,0.0009507601327426916,0.000950716083925788,0.9895423696305142
doc102,0.000950730481504282,0.00095065581835951,0.0009506736388877558,0.0009507173318362923,0.0009507592102558363,0.0009506460007604308,0.0009506531281551756,0.0009506344286396986,0.000950684114418313,0.0009507601327426916,0.000950716083925788,0.9895423696305142
doc103,0.02503462332534121,0.20985521789433015,0.0009244458937869173,0.0009244523576540656,0.3754808436890344,0.0009244071270282716,0.16697905728504756,0.0009243642402950455,0.0009243635244821036,0.0009243615163271781,0.2161795823677224,0.0009242807789506709
doc104,0.00038891045283043744,0.3010781311374783,0.00038890777158050014,0.04592607394191973,0.00038893184341227797,0.24850535906259497,0.0003888716599701012,0.00038889197977843887,0.25709593228843547,0.011045596453142147,0.1340154520535533,0.00038894135530443053
doc105,0.0008683311465625331,0.0008683109871867571,0.0008682874717115303,0.0008682309369301746,0.0008683027793336044,0.05029866946985341,0.3750451135188384,0.0008682207763153633,0.4323848590390957,0.13532516840492906,0.0008683444869093951,0.0008681609823340556
doc106,0.1030773195116427,0.002315183214959056,0.0023154816452748564,0.0023153624471796215,0.2103910972693433,0.3943318689285917,0.0023156128352278807,0.0023153428294488015,0.002315670088927479,0.0023156041769918736,0.27367574495749786,0.0023157120949147815
doc107,0.5799179154391525,0.001084897986638566,0.0010849065076161102,0.001084962377503258,0.0010850255443066751,0.00108505068226699,0.0010850256713226198,0.11937865348448394,0.2909390190360004,0.0010848624893629209,0.0010849506859272463,0.0010847300954188656
doc108,0.001661661485550748,0.6684397750487986,0.12011399439221876,0.001661529856782034,0.0016617143620266844,0.0016616879648269894,0.0016615533282960877,0.0016615474229584619,0.0877078610783845,0.0016614932251615099,0.11044591321380334,0.0016612686211924092
doc109,0.2949832973391949,0.0006572024055218955,0.0006572270421016442,0.5909711104267482,0.10813071472450374,0.0006572361418080871,0.0006571853572558266,0.0006571599734758238,0.0006572381166350729,0.0006571855590357318,0.000657217584502036,0.0006572253292170083
doc110,0.000805251684157035,0.9911422477623222,0.0008052286906489603,0.0008052388927622091,0.0008052414497605575,0.0008052690968505419,0.0008052912849961226,0.0008052459986453281,0.0008052913791782692,0.0008052321787144358,0.0008052674400136883,0.0008051941419506079
doc111,0.0012318069582056182,0.4325508634539657,0.09215203931339294,0.0012318454815487586,0.0012319204465644515,0.2736746317905761,0.19176773914691184,0.0012319034398527607,0.0012318341393789674,0.0012317666695917317,0.0012318872205134836,0.0012317619394977123
doc112,0.2450150059961877,0.18109878294735088,0.2588069774964039,0.0011213591665053808,0.0011213923833013452,0.001121399803601928,0.0011212896814601495,0.001121465287148195,0.001121407034496545,0.0011213527663304138,0.30610825865731256,0.001121308779901077
doc113,0.21193121132662932,0.026808885893105497,0.0011739559770841635,0.0011739475341935948,0.0011739198574337339,0.001173986407938818,0.18188196067056597,0.04720475719723795,0.3112196708910503,0.0011739326072978916,0.21390994202041572,0.0011738296170472555
doc114,0.0005676889376427776,0.46589717634187383,0.0005676537609673463,0.13817571521612518,0.0005677543719954322,0.0005676600189514066,0.0005677247470586372,0.0005676685960936802,0.0005676688985284906,0.39081794460149294,0.000567694734960426,0.0005676497743097507
doc115,0.5053013512528904,0.17178537964770949,0.0038179753049356942,0.0038172193526477684,0.11562231496118683,0.0038179356510894746,0.10379311338473947,0.003817345379991519,0.07677391196427373,0.003817621287238743,0.003818164249467653,0.0038176675638290276
doc116,0.1327953275615601,0.0012169897892371551,0.001216868204970368,0.0012168992970793325,0.0012167981637238707,0.28044010564810157,0.18399051234667202,0.001217011374710345,0.1884299136475083,0.20582591311089388,0.0012168836000373072,0.00121677725550579
doc117,0.0005371594813609571,0.2576460328801654,0.0005372297931076962,0.5927917054169111,0.00053717438073367,0.08705857002177803,0.0005372209900711009,0.0005371804832775723,0.0005371226013986268,0.000537141339573944,0.058206216147088645,0.0005372464645331848
doc118,0.0020332427087261925,0.0020332086708862943,0.0020331539302879446,0.0020332503489579614,0.002033150033698276,0.002033391899565885,0.24333223018260605,0.0020333411733141665,0.2312338811616258,0.04676745594766977,0.46240086909721245,0.0020328248454491563
doc119,0.0016618447688598148,0.5622530034491351,0.0016618394004136207,0.0016616890253082345,0.36168816001139303,0.0016615233269353215,0.001661575678732755,0.0016613845143629647,0.001661496949036837,0.0016613481688561363,0.0016616116317483725,0.061104523075217736
doc120,0.13101389218146822,0.001216794495366395,0.0012168806524200785,0.0012169762576066064,0.14274781199282377,0.001216982464910882,0.0012168250615373602,0.0012169446337751684,0.0012169856138320608,0.7152862680943878,0.0012169451143654122,0.001216693437506197
doc121,0.000883613870383021,0.10246612510380458,0.09696842268363214,0.0008837002827115661,0.077690269159102,0.23651311263833383,0.3685238382075806,0.0008836534909861513,0.0008835455817665219,0.0008836573778208578,0.11253651215749523,0.00088354944638344
doc122,0.001366548389092186,0.08974628323091943,0.0013663135514819958,0.001366365990615406,0.001366468282860233,0.0013664696671074484,0.0013665953675838344,0.0013664773888598727,0.0013663872486711877,0.0013663994216199312,0.8965879568074162,0.0013677346537723978
doc123,0.0010731606249949717,0.08758667572614123,0.24396140813907058,0.1152528852869589,0.1726682152177362,0.0010732505076990575,0.0010731091777582012,0.06269554024803306,0.001073057899201714,0.3113957450846915,0.001073315168916858,0.0010736369187977553
doc124,0.0005841877155248992,0.0005842028950356084,0.0005841805250599534,0.0005842065299878062,0.0005842021309395259,0.0005841858525719608,0.0005841835374258777,0.9935739822924546,0.0005841588249407594,0.0005841680695844965,0.0005841905315153096,0.000584151094959302
doc125,0.0015342852988234584,0.31403924535050454,0.001534241570621531,0.0015342037314575055,0.0015342483973341558,0.0015340172897177673,0.32844349963622027,0.0015341498486993897,0.0015341378337628948,0.001534002824282589,0.34370995992210884,0.0015340082964671248
doc126,0.0004563030341626621,0.0004562681732084599,0.00045629063060951034,0.00045632458496778117,0.8411363303749665,0.0004563237700689357,0.00045629298974585137,0.00045627881506861445,0.0004562987260321147,0.00045633140658399177,0.15430066209121085,0.0004562954033746979
doc127,0.2127510508214231,0.0024879951850559448,0.0024879999690913517,0.002488335333914189,0.0024882155085803274,0.1407283146263477,0.0024884092843455888,0.0024884182096590827,0.6241264386648169,0.00248821683170736,0.002488453501372193,0.0024881520636862485
doc128,0.1308906734531496,0.5064034711698898,0.0006749352942374487,0.0006750014638519907,0.0006750407451265939,0.0006750033872535472,0.06925503369268714,0.0006749639400877015,0.0006750054419325191,0.0006750434204388045,0.24458057276947523,0.04414525522186966
doc129,0.0017797175551551834,0.001779989215831594,0.0017796125100990325,0.0017797288343210714,0.36327053606323023,0.0017796381507797778,0.0017797255380618284,0.0017797861229341806,0.0017797943020778303,0.001779635890020777,0.5715316066819347,0.049180229135553775
doc130,0.001510845266678001,0.001511060385064676,0.0015109502992755994,0.0015107596996487367,0.001510890942324559,0.0015107851665125695,0.0015110382518927577,0.0015107446665992604,0.3222377819528103,0.001510867829873272,0.6356924240330235,0.02847185150629666
doc131,0.0015108970186809066,0.0015110897677507733,0.001510924051722576,0.0015108972778100735,0.08923954775455234,0.0015111502130103665,0.0015111493431921245,0.0015108990564668824,0.12476751751873073,0.0015108587849381253,0.7723941972923958,0.0015108719207492776
doc132,0.43317259379151785,0.001173971313113557,0.0011741368472978292,0.0011741733724804312,0.001174066068319874,0.0011742218063236834,0.001174143744566387,0.12290833012281545,0.14346268811526006,0.0011740050957468888,0.2910638204042824,0.001173849318275659
doc133,0.3230769245116348,0.001748658586361755,0.0017486764169719693,0.0017486647765789986,0.12230683405051802,0.001748530238474677,0.0017489084823232165,0.0017484986464471283,0.20348966142021027,0.0017485583663139287,0.33713769113950487,0.001748393364660406
doc134,0.0004583932032416055,0.00045842329262216533,0.0004583872558868977,0.000458456288620669,0.0004584082444694182,0.38406408798644065,0.5717170543652368,0.04009313933741854,0.0004584459111204866,0.0004583678577113535,0.00045843136651508535,0.0004584048907163838
doc135,0.0013852419986060665,0.05205433626953871,0.0013852375116333504,0.0013854197768558626,0.22616332241590786,0.0013853733289678248,0.44273425117286214,0.0013853273494426606,0.26796532606629353,0.0013854781816002425,0.001385472416752953,0.0013852135115388462
doc136,0.15162566930055646,0.0010290193068230697,0.0010290074576251545,0.001029037681468351,0.001029076374275153,0.06393963479702555,0.18597901903890254,0.0010291703669640883,0.328205446900496,0.11237530760824052,0.1517006456890168,0.0010289654786063663
doc137,0.16443885606899225,0.08899764617340411,0.37955978652738054,0.30120115499260935,0.0013480730676882736,0.0013479824273681471,0.05636671625864786,0.0013479080359648822,0.0013480342107669763,0.001347897645549763,0.0013481036102555317,0.001347840981372437
doc138,0.001147049175902108,0.47520445451363275,0.0011470289104575082,0.3465637700996562,0.0011470528444021298,0.0011471408540186284,0.1679085420226474,0.0011470810013922473,0.0011469888942724465,0.001146996578658175,0.001147016252519891,0.0011468788524404336
doc139,0.0018453772242972956,0.061287387480570006,0.001845246145369638,0.0018454034358771786,0.0018452027405145648,0.0018451849132366232,0.1320524647539382,0.0018453152549659842,0.7900524804009826,0.001845243996537677,0.001845450061216225,0.0018452435924940405
doc140,0.3495773328324065,0.0011213964477740548,0.0011213891505365188,0.5099699868150417,0.0011214356183443307,0.13036032631653008,0.0011214167081176987,0.0011213400432749647,0.0011213979627642562,0.0011213889106408202,0.0011213008786180618,0.001121288315951114
doc141,0.11808804180629925,0.0004181882975355309,0.37020781792043733,0.5079407717781118,0.00041822085896886963,0.0004181119805029621,0.0004181710243683572,0.0004181417645467612,0.0004181230676813387,0.00041813736314144753,0.00041816252183564346,0.0004181116165707018
doc142,0.0003844193507931018,0.0003844291923355178,0.00038441696661158163,0.05232199174233546,0.228567323682873,0.0003843751032962449,0.00038444148830582396,0.00038440480254834454,0.0003844508659759439,0.00038438191047627087,0.7156510142983468,0.0003843505961019084
doc143,0.26122858454044046,0.0023162197389707774,0.34166427436281577,0.37626757121969395,0.002315182171353392,0.002315237174532603,0.0023154674143678225,0.002315709309033404,0.002315645412389245,0.002315173179476237,0.002315355374955428,0.0023155801019708014
doc144,0.0006571447723350388,0.0006571557909453178,0.0006571171365686344,0.000657246893913621,0.0006572471777816703,0.0006572315944178874,0.3296726606496914,0.0006572369519901951,0.4683780222276801,0.0006572216551805408,0.17499856816041984,0.021693146989075675
doc145,0.000899428228036452,0.0008995339027338088,0.0008993893272577816,0.0008995347621995271,0.0008993475627268071,0.29333332648811333,0.6976721480447747,0.0008994266279580294,0.0008994555816530122,0.0008995585328888517,0.0008994059704891314,0.0008994449711687346
doc146,0.2349492408316333,0.000587748273235565,0.0005877315976150169,0.0005877141175255675,0.143467957514613,0.0005876836247162136,0.0005877151066588606,0.0005876668732360609,0.0005876556679528007,0.0005876348349212524,0.616293584834766,0.0005876667231264517
doc147,0.0004422077305355793,0.11315245508439888,0.00044214731467712425,0.00044219410540542097,0.13423991123313153,0.00044216781055791293,0.09265864594763788,0.0073711209899087115,0.00044218693996218086,0.00044217277395559607,0.6424233408756715,0.007501449194157627
doc148,0.31714321773661946,0.0014248822760227337,0.0014250066912581741,0.001424854109059492,0.0014249440313625127,0.41402569917100385,0.08940544367866808,0.16802673437124319,0.0014249216819310895,0.0014247561128032937,0.0014249458262194674,0.0014245943138086836
doc149,0.0009244737763657877,0.7916835972458549,0.0009244747457896581,0.05391078820722089,0.14608555990412408,0.0009244685076501697,0.0009243593854895192,0.0009243041326227105,0.0009244288387475387,0.0009245301626212695,0.0009244749890748758,0.0009245401044386736
doc150,0.0009882320196836646,0.0009882271751060184,0.0009882122028335328,0.0009882204060245815,0.0009882348987476904,0.000988241588939906,0.0009882305245504264,0.0009882017649442253,0.0009881936260803738,0.0009882326731311434,0.000988227751745461,0.989129545368213
doc151,0.0009882320196836646,0.0009882271751060184,0.0009882122028335328,0.0009882204060245815,0.0009882348987476904,0.000988241588939906,0.0009882305245504264,0.0009882017649442253,0.0009881936260803738,0.0009882326731311434,0.000988227751745461,0.989129545368213
doc152,0.1533613911996898,0.30353680620038703,0.0019930755026168687,0.001992793273467957,0.001992634813658,0.0019927149999903024,0.5251665742646585,0.0019929349011215004,0.001992848328577127,0.001993201864393064,0.0019925143548782265,0.0019925102965615473
