,topics0,topics1,topics2,topics3,topics4,topics5,topics6,topics7,topics8,topics9,topics10,topics11
doc0,0.0006748438627508901,0.000674867380999581,0.0006748529010751602,0.0006749930794955744,0.0006748229441688845,0.0006748419272295611,0.0006749297265216402,0.0006749689793570829,0.9925760325716552,0.0006750313214208428,0.0006748908650836171,0.0006749244402418558
doc1,0.0020327988871560254,0.14408495084702744,0.0020327894677934833,0.002033118111462226,0.0020329752627027023,0.002032893098653653,0.1393372477033689,0.0020329293559229957,0.0020329817671111377,0.6982816265597428,0.0020327998179733935,0.002032889121085212
doc2,0.001160459050444617,0.001160714098981676,0.0011604993984708888,0.0011604978616246917,0.0011604821016983164,0.0011604674559383492,0.001160462945405072,0.0011602205526838958,0.34151852197272675,0.3848657653228741,0.001160344450810061,0.26317156478834164
doc3,0.0006322206325286993,0.000632231022087961,0.0006321877107964816,0.0006322860659252834,0.0006322310529381459,0.0006321806525361104,0.0006322661058774615,0.0006322046281683251,0.0006322873803866492,0.14451365298617821,0.000632346358979599,0.8491639054035971
doc4,0.2221310674134876,0.0007509976573111001,0.018883773217774825,0.4484999421761412,0.0007509817048365705,0.000750910982453741,0.24877051940749378,0.0007509194150265603,0.05645819097594169,0.0007508616201355348,0.0007508759946880341,0.0007509594347092546
doc5,0.00047138879809616505,0.8732814125376147,0.00047137504618965297,0.00047139084659494847,0.0004713269024199024,0.00047134467246495693,0.00047132479001399825,0.0004714211559670433,0.00047132045186584927,0.11430110750513402,0.00047134485038581174,0.008175242443252944
doc6,0.06429857318706432,0.22309093218020262,0.001425125383568223,0.32886813829307815,0.0014249470574802987,0.3723429246309134,0.0014249919987071404,0.001424800431662883,0.0014248325943155553,0.0014249249176320627,0.0014250557370339059,0.0014247535883415425
doc7,0.0008995660853965403,0.5753972156164484,0.013115897787480277,0.40339118352503733,0.0008995136235144679,0.0008996647366421083,0.0008995350254081744,0.0008993854250810882,0.0008995930312944298,0.0008994664831358108,0.0008995360835453542,0.0008994425770158601
doc8,0.306480954454501,0.2752681873209352,0.001247072169927442,0.001247127895781082,0.0012473863030322346,0.0012472651807788674,0.0012473197181638571,0.08148017103386863,0.0012471950532744471,0.22396053466828453,0.10407956461544975,0.0012472215860028389
doc9,0.0010966048545468852,0.001096680548482497,0.9879368628920219,0.0010966788415691505,0.0010966856138287118,0.0010965633710739728,0.0010966040975624108,0.001096741965497595,0.0010966490294840826,0.0010965669936825655,0.0010966257875803396,0.0010967360046698735
doc10,0.0010966048545468852,0.001096680548482497,0.9879368628920219,0.0010966788415691505,0.0010966856138287118,0.0010965633710739728,0.0010966040975624108,0.001096741965497595,0.0010966490294840826,0.0010965669936825655,0.0010966257875803396,0.0010967360046698735
doc11,0.03867271132272367,0.0002118447591693574,0.00021181367421325685,0.00021184483830197275,0.24649676797015505,0.00021181949362067325,0.00021183937749187412,0.00021183473226969884,0.5194624259522715,0.1175037176013118,0.00021183426477723946,0.0763815460136938
doc12,0.0005876864995570749,0.0005877228776170315,0.04819874433885185,0.07691164423030913,0.4935336365182318,0.000587723829231249,0.2047138667727735,0.0005876984061220962,0.04646265953148905,0.12665321874360277,0.0005877111837666316,0.0005876870684480522
doc13,0.020890798476054347,0.0008390458426736914,0.0008390316300551795,0.0008391759831440581,0.367307926843026,0.0008390243261441924,0.0008391483963571518,0.3927133870981236,0.0008391526421863354,0.0008391252947196571,0.21237507259458638,0.0008391108729294824
doc14,0.0018118476142787734,0.001812348723984517,0.0018118159950104426,0.36428712205450736,0.0018122229809780553,0.001812211820851789,0.0018120234229074938,0.21820986667767292,0.001812205128513344,0.0018121665092073142,0.1360118124333337,0.2669943566387542
doc15,0.0005644818482395416,0.4726044513065386,0.0005644110231165685,0.0005644812280627952,0.0005644908752359004,0.0005644664255767861,0.21286183426267294,0.0005644651468491479,0.08213119008100044,0.1761442607032815,0.0005645045599063089,0.052306962539519566
doc16,0.0010966748944459437,0.0010970372954410192,0.0010966109045903788,0.0010968028643588855,0.0010967269276323376,0.0010966285646294433,0.0010967618401046596,0.001096674889971084,0.0010967157834515932,0.0010966145859641191,0.0010966592284057707,0.9879360922210049
doc17,0.0004030231068552974,0.16156966656779942,0.0004029310401684096,0.00040303181282501675,0.0004030462434859703,0.0004030341711699154,0.0004030385412994861,0.0004030043309607132,0.0004030520840757064,0.0004030910923446424,0.0004030775047916699,0.8344000035042238
doc18,0.0005520282567685443,0.0005520052625202973,0.0005519603310728434,0.0005520500275445834,0.2002227766382092,0.0005520308125830205,0.06949170392033112,0.07664633739079782,0.0005520141492427605,0.0005519844579317577,0.6124079754366872,0.03736713331631085
doc19,0.08849875156796613,0.05529553049268076,0.014589214858795307,0.07760018740689915,0.06748776768458027,0.0007083350266992135,0.503980334032042,0.0007083439092776093,0.0007084206612175527,0.12145740185287576,0.06825735122853845,0.0007083612784276905
doc20,0.0013301418776265307,0.0013300823908831408,0.0013299019265773295,0.10561658070833077,0.0013302388819835102,0.001330083190218072,0.17296132343480294,0.0013299362659195142,0.2684348572172672,0.0013299329220320172,0.4423468725143425,0.0013300486700165862
doc21,0.12952895809206105,0.2165142505226699,0.0006128547777749954,0.0006129390547002882,0.1913986028485238,0.0006129414177686059,0.16178708180079487,0.000612937191559223,0.0006129369512497279,0.19231155485131585,0.0006129493534004743,0.10478199313818119
doc22,0.018801220218361673,0.3659085482557285,0.0005910708435025316,0.0005911675281669833,0.06514088968244822,0.1884594402036058,0.23776032497312935,0.0005911300787298425,0.0005911731737466593,0.0005911374741681107,0.0005911547039933918,0.12038274286441905
doc23,0.001216873367254257,0.0012167593025658974,0.001216664084850609,0.0012169022837677267,0.0012169526136536592,0.00121678833108058,0.0012168251614983183,0.0012167666838084343,0.6206729558247838,0.1591220979920263,0.0012168025213362386,0.20925361183337424
doc24,0.00044417976718384575,0.0004441975658250737,0.0004441068117565097,0.14403433443505664,0.03937152530170101,0.6231377466635375,0.06818815318285404,0.03295346690539872,0.00044417680480195095,0.08964979689337753,0.000444143540309996,0.00044417212819728
doc25,0.0005203789683716623,0.44228349350659274,0.0005203544162943135,0.22664643603293624,0.000520463288425198,0.0005204443161396019,0.0005203924069307531,0.0734352903822182,0.0005204034625726137,0.0005203986648347357,0.0005204590221677271,0.2534714855325162
doc26,0.0004307689281133717,0.000430799815448095,0.0004307224516823444,0.5046082623980308,0.15348924302930678,0.00043076960126073587,0.11161401409158447,0.00043078963844030886,0.12006353816650325,0.0004308185112265127,0.10720949136507571,0.00043078200332756847
doc27,0.001330015526523666,0.2849878334006291,0.12757773655353616,0.0013301928519976632,0.0013299912274154998,0.3068377080859535,0.001330145971829539,0.0013301182173114034,0.001330135672203777,0.2699557382511262,0.0013302858765331556,0.001330098364940552
doc28,0.002315550417659056,0.27666200005919406,0.002315302525628353,0.0023154992334040708,0.19380146882372365,0.0023152845596394593,0.15221479515043834,0.002315292132013111,0.358798446583863,0.0023154157252113835,0.002315534103821448,0.002315410685404023
doc29,0.0014666665193002746,0.3527786934731255,0.0014664372563227427,0.06093650123748027,0.3273183238896404,0.0014666399009479144,0.08716009513682715,0.0014667225028589727,0.0014667167050809932,0.0014666426574738744,0.0014666445056950572,0.16153991621524688
doc30,0.06339458489078767,0.0009983374212473599,0.0009981766069344351,0.12326476170562493,0.0009983161437439462,0.675307907165385,0.1300462943380908,0.0009981896062225544,0.0009983326831565472,0.0009983989376138316,0.000998364776402666,0.0009983357247902273
doc31,0.0015827081342947508,0.44176422427255063,0.02757717660478129,0.11542320534515096,0.16338445832016177,0.0015826374027304096,0.14946245085730095,0.0015827004398811177,0.0015828704040946255,0.0015829353180443857,0.0015828182917453873,0.09289181460926378
doc32,0.0008607915929362523,0.0008608216726403101,0.019714386400579702,0.0008608439533881461,0.3683250965986252,0.19916825257980356,0.2619409532458987,0.0008607362303744514,0.14482577308458092,0.0008607349345460971,0.0008607929862657171,0.0008608167203608326
doc33,0.0014884556340649666,0.4824861571555153,0.0014884306242728298,0.052459192881613534,0.0014884236366521984,0.0014883109823936858,0.0014883646123183434,0.0014884318860090631,0.16394673372440624,0.001488375231223557,0.0014885943890863842,0.28920052924244405
doc34,0.002118921596481569,0.0021189991330857983,0.0021188506741942176,0.0021189564051759652,0.0021189234879182414,0.002119020016746362,0.0021190152996173077,0.5073670214051971,0.0021189501268111433,0.0021189890442381122,0.0021191187723261615,0.47144323403820815
doc35,0.0435092012799762,0.5668800142605088,0.0008681488243127369,0.0008682824370709007,0.000868282413701916,0.0008683987538190253,0.0008683193088407346,0.0008681832652722332,0.0008682691048659211,0.10754045275547958,0.27512408351897305,0.0008683640771788194
doc36,0.10768787376095028,0.8352710974623889,0.015965130755665913,0.0375694440826243,0.00043827779977600377,0.00043829210535948276,0.00043837364576204587,0.0004383023440365759,0.0004383062643104497,0.00043827003903641054,0.00043830297392698545,0.00043832876616269864
doc37,0.0015341665711286988,0.3882719820885637,0.0015339692060547532,0.083840931678763,0.14313346037859495,0.001534308368943487,0.05395460874867105,0.0015343094473820608,0.0015341636036350853,0.0952578770781202,0.22633582897670662,0.001534393853436192
doc38,0.0007237176144012777,0.7973769449098522,0.0007237481496718947,0.17071082765544968,0.0007237652953202249,0.0007237177451804595,0.0007237716967277828,0.0007237727714404427,0.0007237943158568311,0.0007236725643653719,0.01618859060226531,0.009933676679468425
doc39,0.0013665454429655434,0.0013663092117257988,0.001366235461134383,0.0013662640838590337,0.0013664585247737445,0.0013662701028936154,0.984970469985465,0.0013662760519136032,0.0013663574574121766,0.0013662501012495307,0.0013662496740282778,0.0013663139025793477
doc40,0.09601948384817831,0.000594612441564935,0.03713990830263478,0.0005946464402488579,0.8104093553003902,0.0005946188934496914,0.05167393779518955,0.0005946433073742779,0.0005947035600515397,0.000594697108390529,0.0005947260694104471,0.0005946669331170026
doc41,0.00047811236034297366,0.2359985557736208,0.00047809856426721633,0.0004781657685206478,0.47162150668702735,0.00047810549472566787,0.04231485783845212,0.00047809774252554347,0.24624009639853067,0.00047815861186273014,0.00047809745274363243,0.00047814730738059553
doc42,0.0005550793542113484,0.7679163920440661,0.0005550022796885772,0.2039200488125862,0.0005550797468929351,0.0005551038222387963,0.023167874640328386,0.0005550428766903855,0.0005551069498690838,0.0005551598773964368,0.0005550556566871728,0.0005550539393445834
doc43,0.0007801752024993628,0.0007802503492448975,0.0007801624540260904,0.10631970946756411,0.5680790399331789,0.0007801567988712392,0.0007802762108494062,0.0007801718935238994,0.31857923556158174,0.0007803543308367904,0.000780213976814151,0.0007802538210094337
doc44,0.001096622748239015,0.0010965974716466737,0.0010965758201492831,0.0010966620966300457,0.0010967389064335414,0.0010966708016000187,0.0010967180676384283,0.0010966063782299814,0.0010966396546508005,0.987936930058405,0.0010966226667435191,0.0010966153296336784
doc45,0.003676675556133853,0.003676896243973563,0.0036766582214378487,0.0036775812312881684,0.0036765857755815252,0.003676662819980789,0.003677046098144443,0.7697242759557694,0.0036768730972861546,0.003677707585109558,0.19350410054882342,0.003678936866471252
doc46,0.000825229720072766,0.787768082442786,0.0008252104712582116,0.0008253798636567619,0.0008252099016856684,0.0008251871370952539,0.20397911814107597,0.0008252359272389812,0.0008253360368412393,0.0008255601072303219,0.0008252220638422029,0.0008252281872165943
doc47,0.0017187111538147718,0.001719071698124762,0.0017185104008746038,0.0017187230094772193,0.0017185992333018485,0.0017185780361419713,0.531330725318204,0.0017188095939033384,0.3287732480465694,0.0017187885557261287,0.001718465626813715,0.1244277693270482
doc48,0.000406255862635192,0.00040630869002885694,0.0004062213381480612,0.19134795285751605,0.14304350716724376,0.0004062722547317915,0.053134497803259205,0.1072574258290386,0.00040625587767602876,0.00040626661610083546,0.000406246480105862,0.5023727892235157
doc49,0.0008462179868870925,0.0008462513373132777,0.0008462049910304803,0.0008462552548805929,0.0008462993778289717,0.0008461968424639212,0.2619014849863893,0.0008462471278170114,0.057184279584801996,0.0008461983183336607,0.0008462060694985643,0.6732981581227551
doc50,0.011264622309668501,0.0005947100012443211,0.0005945990895854907,0.08198065915485779,0.5165804680552191,0.0005946658284791542,0.3854168540573439,0.0005946583363084607,0.0005947210092435887,0.0005947097438991526,0.0005946301638714359,0.0005947022502793658
doc51,0.001953705160744654,0.0019535231023299696,0.001953305030232218,0.001953496429749873,0.001953527442531248,0.0019533527585525565,0.001953726360018081,0.1809229071494696,0.0019534909993680406,0.0019533815657170224,0.31336950266463653,0.4881260813366503
doc52,0.002427598104387338,0.002427685664624487,0.002428091317224296,0.0024275445959858984,0.0024279788158991615,0.1981560721767922,0.0024278743117896705,0.3977465857794632,0.0024280850320596292,0.0024274829545151556,0.002427316366595065,0.382247684880664
doc53,0.08910402608946158,0.0009245437751511403,0.000924427216542998,0.18236948695920954,0.11589514758226334,0.0009243903093277636,0.08130313484051528,0.000924478969812556,0.25072362982740204,0.24883917664495936,0.02714315143744312,0.0009244063479113376
doc54,0.0022631341350726445,0.0022629581655086175,0.002262514499266453,0.31001963585032966,0.6673514311420081,0.002262712027067492,0.002263172515876932,0.002262823173901446,0.002263073813768936,0.002262732390564038,0.002262814008206637,0.002262998278429149
doc55,0.0011470677601049394,0.0011470901315928388,0.0011469979782127982,0.19341954519322344,0.0011470403245469368,0.0011470540069688647,0.0011469768049433215,0.7951099444949944,0.0011470487347312863,0.001147056536534321,0.0011471675934498764,0.0011470104406970981
doc56,0.0021649679265340342,0.002164885650598514,0.0021646738247637826,0.002165079265713572,0.002164914264114095,0.002164743085993447,0.0021647717579729346,0.7054683892219903,0.0021652911679219695,0.0021649562285501,0.03417905789534631,0.24086826971050093
doc57,0.0004922626131159477,0.0004922776718918709,0.0004922005774536408,0.0004922903145584501,0.0004922952391634776,0.0004922084855019139,0.0004922701441772509,0.0004922461394222444,0.0004922641768217198,0.0004922089222959055,0.0004922737056309648,0.9945852020099666
doc58,0.09450859370674224,0.0011340452149603759,0.05572565199586176,0.2559091322435577,0.0011339890755411334,0.0011339962963287584,0.0011340842107038112,0.2450682253667485,0.0011341580469071467,0.15368549718132665,0.18829862120318105,0.0011340054581408722
doc59,0.02005795501166781,0.16627171190768,0.0007397658665270847,0.0007398660855261856,0.5459228157630847,0.0007398399970078198,0.12206769805289362,0.0007398552661063082,0.14050084004933902,0.0007399378721356185,0.0007398647087949111,0.000739849419237041
doc60,0.0008914891142711459,0.0008916340227814679,0.0008916828094861905,0.0008915825922883527,0.000891425434181908,0.000891423555048007,0.0008915444415483826,0.29443195428959706,0.0008914973669079537,0.0008916023974970241,0.07004325313265036,0.627500910843742
doc61,0.001488507089045997,0.0014886908632454274,0.0014883510625341037,0.1405013767389834,0.0014883978926707466,0.0014882508707655705,0.001488449667970709,0.001488522176826897,0.0014885892908819808,0.1876167000729528,0.6584857595125574,0.0014884047615649982
doc62,0.008930738067641398,0.00893008892523798,0.008931168964145355,0.6459003666608782,0.008929251553759013,0.008929892959145862,0.2073420446262578,0.008929970371719354,0.00893125249812491,0.00893102876115208,0.0663836740029795,0.008930522608958503
doc63,0.26081270397526946,0.5902300358882873,0.0011215316122334513,0.13886470856312097,0.0011212676914414857,0.0011212727144196352,0.0011213797099486771,0.0011214309256342414,0.0011214095661874206,0.0011215681479564256,0.0011214410484039433,0.0011212501570970804
doc64,0.0034253532804433004,0.23699716937680432,0.10534834205683649,0.5213382648552043,0.003425603670219153,0.0034253268145198836,0.003425481274468793,0.003425455518237761,0.10891114066143459,0.0034261506094071664,0.003426106078860147,0.0034256058035641588
doc65,0.001216784490174832,0.12890189805341065,0.0012169415471734552,0.0012168838917443164,0.48412197681177027,0.0012168751525638037,0.001216774943826941,0.14604132300228773,0.23119999824952606,0.001216851607100214,0.0012168523390550616,0.0012168399113665837
doc66,0.09781529407537631,0.4085409146270179,0.13316791450510718,0.12198716997284298,0.0017489116875062573,0.0017487328599934016,0.0017486919072331813,0.22624731437376971,0.001748691316480708,0.0017489452048457738,0.0017485887949602783,0.001748830674866243
doc67,0.2221310674134876,0.0007509976573111001,0.018883773217774825,0.4484999421761412,0.0007509817048365705,0.000750910982453741,0.24877051940749378,0.0007509194150265603,0.05645819097594169,0.0007508616201355348,0.0007508759946880341,0.0007509594347092546
doc68,0.0009883688932833857,0.000988299012907553,0.9253282201634484,0.0009882714594271907,0.06478875001858549,0.0009882614471783827,0.0009883870990501,0.0009883328467774743,0.0009882864377703793,0.0009882511051779262,0.0009882520384996297,0.0009883194778941833
doc69,0.0009883688932833857,0.000988299012907553,0.9253282201634484,0.0009882714594271907,0.06478875001858549,0.0009882614471783827,0.0009883870990501,0.0009883328467774743,0.0009882864377703793,0.0009882511051779262,0.0009882520384996297,0.0009883194778941833
doc70,0.001404811159256709,0.0014050726109805269,0.0014046114527457732,0.0014051037555388836,0.34765043110451876,0.6383005829855934,0.001404891969002936,0.0014048437823092695,0.0014051784904008592,0.001404801885169334,0.001404711436702973,0.0014049593677806366
doc71,0.001880087357460168,0.001880025650487324,0.0018798534967357115,0.0018804704864745173,0.0018802142042006636,0.001880260169714708,0.001880558087320924,0.18014000086254656,0.0018802734977569904,0.0018801181745798762,0.061638076668438,0.7413000613442846
doc72,0.001953372991452957,0.036292223476241676,0.0019533153793546668,0.001953434581372151,0.00195339344390421,0.001953546466143831,0.0019534507251787936,0.504290847175443,0.0019534149660615768,0.001953434543606356,0.0019536586469441498,0.4418359076042967
doc73,0.0004827665472049401,0.4969820728989083,0.00048265875008312426,0.00048273983888470306,0.04421313203025959,0.05880792378770652,0.30228127512418457,0.00048270699383143523,0.00048277475093048776,0.09433647847590365,0.00048271466468583266,0.0004827561374170417
doc74,0.001534070662453513,0.0015341523517835238,0.0015339087763280945,0.4795120783224577,0.0015339958306545322,0.0015340490126593421,0.0015341321966577033,0.001533983438449646,0.3923790810242433,0.001534029421911932,0.11430245157390699,0.0015340673884938745
doc75,0.0026892192500656323,0.002689447299039994,0.0026893441867802135,0.0026888662606506216,0.0026886234065225225,0.0026883406648954417,0.0026889024986330185,0.0026884015800604606,0.0026887347521045092,0.00269000945415801,0.9704201198468453,0.0026899908002444768
doc76,0.0005459723721157488,0.0005459565082696819,0.0005460024478433902,0.0005459992432779617,0.10255340169350596,0.0005459772952281838,0.5038552967196649,0.0005460534109592226,0.0005460170345883882,0.38867729881055435,0.0005459493925670376,0.0005460750714253054
doc77,0.004133024011404512,0.4513852598635269,0.0041329643683652335,0.2689392754097026,0.0041331398030753,0.004132947367522147,0.004133024081015717,0.0041331029649774075,0.004133640442950957,0.004132870594493756,0.2424774065106652,0.004133344582300271
doc78,0.0008915431544376808,0.0008915542884054706,0.0008913610635930484,0.07881745591423889,0.1837856417948683,0.0008914792102085851,0.0008916000239105912,0.6748361774189933,0.05542862230145849,0.0008915364280297142,0.0008914765297907096,0.0008915518720655367
doc79,0.0005020913405982363,0.4306836214637035,0.0005020679895769098,0.2275474757157246,0.0005021675369952435,0.000502153917483519,0.000502103321945046,0.07032363716283967,0.0005021132770047665,0.0005021105578291436,0.0005021728849963575,0.2674282848313031
doc80,0.14719101069932258,0.10797020290328829,0.0014884605706708693,0.142825771380027,0.0014884470520604412,0.40174890060704616,0.0014885639775394947,0.0014885233432586752,0.18984465523971264,0.001488611448604945,0.0014884483791913151,0.0014884043992777294
doc81,0.0005124354773620386,0.000512534634015888,0.0005123721091261856,0.0005124742933035609,0.19610616237025882,0.0005124745113016686,0.0662763156555354,0.07815491182766991,0.0005124264505563933,0.0005124041539005167,0.6063259665871082,0.04954952192986143
doc82,0.06715344987834458,0.49405492416968255,0.05319261111212949,0.12484430776427931,0.0008996156343705324,0.0008995925960731343,0.08850782607261687,0.0008996304870732246,0.0008996095124138696,0.05490119914581148,0.04616034457565662,0.0675868890515484
doc83,0.09490992885882371,0.10992848947519453,0.07235146307676985,0.0020331328183946728,0.002033063739761043,0.0020328515567843053,0.5067328960824902,0.0020332583171447233,0.20184556340583384,0.002032994613378976,0.002033082765537653,0.0020332752898864635
doc84,0.0013665454429655434,0.0013663092117257988,0.001366235461134383,0.0013662640838590337,0.0013664585247737445,0.0013662701028936154,0.984970469985465,0.0013662760519136032,0.0013663574574121766,0.0013662501012495307,0.0013662496740282778,0.0013663139025793477
doc85,0.001174030980355009,0.0011740426944715121,0.0011737762443848748,0.14393969681733623,0.21979900256024576,0.0011738640525479392,0.001174048846482161,0.00117394842401402,0.0011740088664140857,0.0011741805185806328,0.0011740104426638713,0.625695389552504
doc86,0.0007682207604493013,0.0957730184730111,0.000768163694508257,0.0007682485672271241,0.06773315023299575,0.000768304918374578,0.055534079309521873,0.000768226400530616,0.000768284517575521,0.7748138315986929,0.0007681946520328122,0.0007682768750800142
doc87,0.000684077684671388,0.000684147185348994,0.0006840384189668112,0.0006841503202823916,0.055771588511389025,0.0006841373114119895,0.000684136000234181,0.0006841161326209779,0.8402635780858898,0.0006842453540642597,0.030097112409837173,0.06839467258528309
doc88,0.0013481289263688266,0.14907354779515108,0.0013480551324960995,0.6530668812679249,0.0013480853312314936,0.0013479339109852587,0.13595762536206446,0.0013479818012145917,0.051117759900542785,0.0013479933891598832,0.0013479982285644443,0.0013480089542960995
doc89,0.06625966888543627,0.001096815840696424,0.0010966931572384238,0.0010968175583541556,0.0010967619949304116,0.5429364476386223,0.11728349539685232,0.0010966369255634505,0.001096744921184197,0.21368492569815295,0.0010967145000868829,0.05215827748288208
doc90,0.0039698699313007926,0.7791421072165342,0.06219886176421718,0.00396934191513004,0.12293697887657207,0.003968841354285711,0.003969082874107588,0.003968538253939493,0.003969757714705476,0.003968668631438086,0.003969154184960624,0.003968797282808707
doc91,0.003547084558867884,0.21765797494893596,0.0035469669365880197,0.003546445222000997,0.003547228658653402,0.0035469383071805847,0.37951963342747097,0.003546567577341512,0.3709006605268077,0.003546743600629729,0.0035464363704908945,0.0035473198650322084
doc92,0.0010732234065503456,0.7122881595201248,0.0010732815564766334,0.1646626524850652,0.07442540375366645,0.0010730964773189402,0.0010732555288749531,0.04003802927525379,0.0010732445199536087,0.0010732380453449203,0.00107330897922528,0.001073106452145318
doc93,0.0008915469549975234,0.5702795200745266,0.012962651847192563,0.40873427667228657,0.0008914945683101937,0.0008916439251365865,0.0008915161359093375,0.0008913727316546945,0.0008915746611380817,0.0008914520196289394,0.0008915239910389392,0.0008914264181798727
doc94,0.003012418805269442,0.0030128213618936923,0.0030127254851409027,0.0030129873412007633,0.0030124458592604543,0.0030123728791664425,0.0030125867302838835,0.43019097451150107,0.3940161867873885,0.0030126920741536385,0.0030130344546009926,0.14867875371014028
doc95,0.0013665454429655434,0.0013663092117257988,0.001366235461134383,0.0013662640838590337,0.0013664585247737445,0.0013662701028936154,0.984970469985465,0.0013662760519136032,0.0013663574574121766,0.0013662501012495307,0.0013662496740282778,0.0013663139025793477
doc96,0.09601948384817831,0.000594612441564935,0.03713990830263478,0.0005946464402488579,0.8104093553003902,0.0005946188934496914,0.05167393779518955,0.0005946433073742779,0.0005947035600515397,0.000594697108390529,0.0005947260694104471,0.0005946669331170026
doc97,0.0031057395403004946,0.0031059951686679215,0.003105778122095906,0.0031067017456074303,0.0031057118363645923,0.0031057605376568556,0.0031060028095195777,0.8298787431633708,0.0031059132571946953,0.0031066310170842757,0.13905966219508345,0.0031073606070538143
doc98,0.02367276948199045,0.0003997710924949556,0.0003997315447354231,0.0003998128758442935,0.0003997930763268107,0.23239480806343196,0.19095558171990795,0.133013616281641,0.03864039458759306,0.3789241712855349,0.00039974662796511315,0.00039980336253402424
doc99,0.0007863399846757005,0.0007863539906050833,0.000786319128226471,0.0007863631286057188,0.0007864041685181008,0.0007863161033569457,0.24710325256718027,0.000786376327843365,0.0901981203004344,0.0007863925478964146,0.0007863262115534748,0.655621435541104
doc100,0.0005741560419797271,0.0005741564566871898,0.0005741261236654769,0.0005742127263464422,0.0005741645059884089,0.0005741246083072273,0.0005742032147631372,0.0005741428199771563,0.0005742159187407142,0.16704611388994145,0.0005742503423878264,0.8272121333512152
doc101,0.0006528168288419885,0.0006528447156582262,0.0006528248300564918,0.0006529685077333016,0.0006527980504431621,0.000652817316443483,0.0006528985709901191,0.0006529385577473503,0.9928180694707264,0.0006529618885909202,0.0006528897279718603,0.000653171534796511
doc102,0.0009598558715142495,0.0009598213696861228,0.0009597675865012717,0.0009598740778753304,0.000959888463369739,0.07649829466328834,0.0009598975814705809,0.0009597931016638669,0.0009598281094544951,0.913903368112954,0.0009598152255657198,0.0009597958366562404
doc103,0.0013666027627045568,0.0013666486434899413,0.0013661896537386733,0.30729906292817083,0.11786296339811546,0.001366365808050957,0.0013665252627832057,0.0013664513737654635,0.0013665066162413492,0.0013663852627563593,0.30762825197216165,0.25627804631802154
doc104,0.00151100804616423,0.0015109860541499675,0.0015107886633960214,0.0015110797005956544,0.001510913245555967,0.0015107783923761979,0.10095522967106375,0.1349038158139456,0.0015108893704487915,0.0015107682302715896,0.38942169488054407,0.362632047931488
doc105,0.0015340908021457096,0.001534026266238953,0.0015342299271864544,0.0015341320163443544,0.0015342813250468104,0.11542580434745404,0.22670736376348613,0.0015341760388627127,0.0015341436022382842,0.6440594928950125,0.0015341481432716302,0.0015341108727125884
doc106,0.16712668061955577,0.0017186741452881425,0.001718520404164725,0.001718671350882728,0.21039436313290572,0.001718510316468396,0.0017187250227280976,0.441789156805136,0.001718694955871224,0.001718714779259792,0.1669406526186813,0.001718635849058241
doc107,0.00046479676531913485,0.0004648461360069092,0.00046476026016070666,0.00046485151625216603,0.05898920838105454,0.0004647681906408726,0.00046482666518985464,0.00046477775544939096,0.6342423824224387,0.26773268324517924,0.00046486544796634996,0.03531723321434211
doc108,0.0021190921244923313,0.0021193702596690902,0.0021187483241328735,0.0021192413588214565,0.0021190735357402984,0.002119064796855515,0.0021192935567374,0.5803280384867376,0.002119456816717161,0.0021196064671784786,0.22744604622477219,0.17315296804814553
doc109,0.001534041399013617,0.18528437627994604,0.001533917188891532,0.0015340675830355745,0.0015344822546131778,0.0015340882900319636,0.0015340146928910078,0.6314724012666615,0.001534004711181051,0.0015339341922649778,0.16943627307830503,0.0015343990631645655
doc110,0.2668893428695161,0.0007452663417509005,0.09764965330764416,0.0007452712200296587,0.11959191445181015,0.0007453092731505203,0.000745374623652566,0.0007453028026687592,0.5099066359143284,0.0007453029831593143,0.0007452972871002501,0.0007453289251893273
doc111,0.0020327898719794137,0.0020329820385177628,0.002032763642334372,0.002032929633356922,0.002033172468450003,0.002032795376960421,0.002033013545494932,0.002032921640114588,0.5337909438538391,0.44587980003248107,0.0020329402672245316,0.002032947629246947
doc112,0.001404782128374394,0.0014048280988108106,0.001404856873796635,0.4059967126285389,0.026011801395943192,0.14125251711242526,0.001404836017976516,0.0860019541897286,0.0014047752375628132,0.2612342573932675,0.07107389564168083,0.001404783281894659
doc113,0.0008534113643957018,0.000853447849269214,0.0008534739836911193,0.0008534615613307855,0.0651305520704455,0.0008535456311319794,0.0008534921727318517,0.48559020242127304,0.185348824567947,0.0008534871418479057,0.2571024812002698,0.0008536200356660247
doc114,0.06754457258606726,0.22943139564818574,0.11256482693587003,0.0010290770636754163,0.0010291188557872762,0.0010290643188502905,0.001029080218827406,0.0010289814022767234,0.5822264837979273,0.0010291649789518596,0.0010291332663107016,0.0010291009272699436
doc115,0.0010396375178143335,0.00103979234959031,0.0010396257726316169,0.0010399380760580848,0.0010397667013018216,0.0010396802418022456,0.001039624521865791,0.0010397167986488048,0.9885629666470117,0.0010397265332754816,0.0010397910574432147,0.001039733782556505
doc116,0.0008758724616976146,0.0008759665108117302,0.0008758493443241913,0.0008758686927569836,0.0008758316173179017,0.05941146381495955,0.000875822598382495,0.1747429768846551,0.0008758279768399827,0.0008759234510064378,0.0008761412288858565,0.7579624554183622
doc117,0.12139732323768598,0.25426235790960405,0.0008183942811690883,0.521695406490252,0.00081849387163169,0.000818641059156877,0.0008185286872131913,0.0008185236295867488,0.09609675696476813,0.0008185863711425944,0.0008185111702459052,0.0008184763275437273
doc118,0.0010735453607584977,0.8423716085320828,0.0010732637403822927,0.1468956416326811,0.001073268228287942,0.0010731341824666981,0.001073437093768164,0.0010731256951418897,0.001073250687753381,0.001073223941334216,0.0010733332133314977,0.0010731676920114428
doc119,0.0013482040712987536,0.5086827696585818,0.019547998795505808,0.0013481696421858427,0.0013480995109223927,0.0013480158048228522,0.001348141783151247,0.0013479182487337218,0.29252034491860224,0.0013479532570681305,0.0013481398353740468,0.1684642444737531
doc120,0.2846658114318763,0.580480006766152,0.04333606915544003,0.0008836578625459726,0.0008835749713176933,0.0008835325789624392,0.0008836641647211371,0.0008836689776382446,0.0008835944362010965,0.0008837779852849584,0.0008836448400975652,0.08444899682976263
doc121,0.0009786289573291832,0.0009787152370147579,0.989234934747321,0.0009787508754259405,0.0009786491577746033,0.0009785564460727948,0.0009785844786496002,0.000978564518481484,0.0009787315790160663,0.0009786899934954459,0.000978565098052475,0.000978628911366731
doc122,0.0015339611673225253,0.0015339614453636246,0.0015340201757681026,0.0015341179902453185,0.001534025005011278,0.0015340384140996347,0.0015340932193555342,0.001534193698705318,0.0015341367680879192,0.7817295936961332,0.001534159084540119,0.20292969933536742
doc123,0.0009786289573291832,0.0009787152370147579,0.989234934747321,0.0009787508754259405,0.0009786491577746033,0.0009785564460727948,0.0009785844786496002,0.000978564518481484,0.0009787315790160663,0.0009786899934954459,0.000978565098052475,0.000978628911366731
doc124,0.051688327775373646,0.0003519698379799644,0.010969931172066384,0.00035194646597773996,0.10627440467029317,0.610991528933591,0.06981145672808436,0.00035199642013280906,0.0003519763722610892,0.07267731259043901,0.01646324938863209,0.0597158996451685
doc125,0.0007238215508784871,0.0007238262797985035,0.0007236565730171614,0.0007237369233207109,0.4108094137956235,0.24817813626351198,0.07102513550632765,0.0007236940774660433,0.2641973043839228,0.0007237663411846866,0.0007237205038553679,0.0007237878010931161
doc126,0.0010731906303900565,0.001073199763573454,0.0010730296028128264,0.0010731669916989569,0.0010731546974211228,0.0010733343500791282,0.001073188401976458,0.0010732218463984356,0.0010731751811481553,0.9881949909924793,0.001073178430649111,0.0010731691113729763
doc127,0.003106141169536437,0.6062669900133063,0.003105959993973566,0.3626713324366514,0.0031061912873032176,0.0031061383787028968,0.0031063823659203764,0.003106031152754808,0.00310620441599756,0.0031064208816433494,0.003105979994118256,0.0031062279100919515
doc128,0.0010731906303900565,0.001073199763573454,0.0010730296028128264,0.0010731669916989569,0.0010731546974211228,0.0010733343500791282,0.001073188401976458,0.0010732218463984356,0.0010731751811481553,0.9881949909924793,0.001073178430649111,0.0010731691113729763
doc129,0.6042780127133917,0.0027630306989763344,0.19642954521599,0.1744255458369155,0.00276300036469507,0.002762752557322213,0.0027629138250875617,0.002762612900568597,0.002763888756439358,0.0027627997346534954,0.0027629870606436496,0.002762910335316913
doc130,0.0036768637410986363,0.0036772257740860176,0.0036771425788242017,0.7282925317130093,0.0036771216788459263,0.003677262676586694,0.0036772517399397773,0.23493444553228984,0.003677785553276239,0.0036779006126327,0.00367724441719513,0.003677223982215313
doc131,0.0005982222185808747,0.06390641902640493,0.0005982441713208572,0.10023000278902461,0.0005982750097069583,0.0005982026304883451,0.09461879839205763,0.0005982634874817203,0.42483836206374637,0.31221870208225927,0.0005982529310833237,0.0005982551978452399
doc132,0.0014047865319414682,0.0014049673989522512,0.0014046116435757522,0.24611968895227349,0.35920029829376554,0.0014047709567807786,0.0014048873420915646,0.2703397941155426,0.1131019656842829,0.0014047968724337123,0.001404756635309547,0.0014046755730503912
doc133,0.022743978427516066,0.38229493999384995,0.0003701410193242463,0.19523676280213617,0.01687321577825431,0.0003702238575560588,0.0003702138075534343,0.00037020322482229017,0.19197812160787256,0.1886517659099303,0.00037022992228074133,0.00037020364890385263
doc134,0.0009076664189037329,0.0009076327741715502,0.08495702688161474,0.0009077277284431789,0.0009076614502311572,0.34303082665435014,0.0009076064347151361,0.0009077576999508898,0.000907779855016992,0.11385112310986412,0.45089945684899596,0.0009077341437423511
doc135,0.0016613019843154852,0.0016614518329208434,0.0016613181128086808,0.0016613578193161135,0.001661327694088942,0.14808571088565137,0.0016615586732304716,0.001661398041061338,0.001661437815332113,0.8353002395673874,0.0016615662358204781,0.0016613313380667372
doc136,0.0010185822729059963,0.0010185358265910156,0.0010184202763028984,0.0010186863952515643,0.0010186388024108293,0.22783138547780776,0.0010184978722532986,0.16238901581573312,0.0010186381640261799,0.0010186162180382105,0.6006122882140313,0.0010186946646477746
doc137,0.0017186515256804702,0.07045650947692145,0.001718719053735978,0.0017186158962705432,0.38614665399780196,0.001718480361137791,0.0017188652286085845,0.1543878657101662,0.37525965811023376,0.001718686696036382,0.0017185601942885662,0.0017187337491183733
doc138,0.028373738291287625,0.22679002755503924,0.07954993091064454,0.6170301624696292,0.0008995377968270066,0.041959724472464134,0.0008994720400341852,0.0008994365365245904,0.0008994871056003741,0.0008994045149482671,0.0008995328740901283,0.0008995454329108645
doc139,0.002428038126733494,0.0024279457207631236,0.0024278107137863697,0.26947691571100574,0.5726917940554664,0.0024276989694030993,0.13598084557442636,0.002427601900216337,0.002428124684082993,0.00242790514378246,0.002427624688921721,0.002427694711411889
doc140,0.09284409772007365,0.0019535887582038383,0.14559233452820863,0.0019537691188859056,0.453997539815981,0.0019533263025893325,0.0019536753846681083,0.0019534694016487162,0.2919375876562269,0.001953509181061701,0.001953541249559454,0.0019535608828926826
doc141,0.0009982366411444169,0.2663492796324302,0.000998132626397449,0.0009982821084106649,0.43497184287061574,0.023343614122881117,0.0009982709652132423,0.0009981483821744255,0.07894771006491974,0.14879426053638303,0.04160388278666362,0.0009983392627664304
doc142,0.0010185669172883443,0.0010186626517215982,0.0010184607873069472,0.1031621631201396,0.0010185196122401213,0.3165041918324847,0.0010186280709662706,0.03717246271460033,0.0010185525719695566,0.3052052899985422,0.2308259182788756,0.0010185834438647327
doc143,0.0009159945227639795,0.20430189481425692,0.0009158917597003111,0.0009160187868398419,0.5712899955911448,0.0009159432086365473,0.1168642553819317,0.0009160446118577998,0.0009159818858960108,0.0707849929192477,0.0009161049310455468,0.03034688158667887
doc144,0.0017490050554693102,0.0017486348824490776,0.0017484579516291112,0.08759310834901216,0.0017486849896996158,0.0017485561816243554,0.001748565588127385,0.15836376959399978,0.0017485906573127337,0.11213482846202746,0.24681978679967817,0.3828480114889709
doc145,0.05170191890930846,0.4239604184147029,0.002487939131067128,0.5019444159574203,0.002488090637230223,0.002488022996401411,0.0024882927823510204,0.0024882173654738053,0.002488162900997785,0.0024883047160567636,0.0024880885781818165,0.0024881276108085423
doc146,0.1346587662852276,0.25900875314229255,0.00171838603800303,0.0017186490268936393,0.5908653111702952,0.0017184918716717102,0.0017188345584065164,0.001718475935185168,0.0017188435563257486,0.001718516966048396,0.0017185169653481341,0.0017184544843022588
doc147,0.0008253277583953161,0.0008253274019932019,0.038853842324422044,0.0008252513817498863,0.0008253480280237014,0.0008252848990608962,0.15109099966249373,0.0008252530912193378,0.763767909989638,0.0008253255235201507,0.039684823029042283,0.0008253069104416273
doc148,0.0010847142900219631,0.038783500488983796,0.0010847643681530688,0.0911782984295278,0.0010847933316653353,0.0010849629231507948,0.187317094720114,0.0010848397826988393,0.0010849517617367902,0.27680881377009203,0.39831845770966273,0.001084808424192936
doc149,0.00155797380414265,0.6320682985896198,0.02073932543003143,0.11098705152814449,0.0015578545825433315,0.0015579767003871428,0.0015581432830699489,0.0015582529608981403,0.0015580573994726668,0.001558215731371861,0.22374079694547255,0.0015580530448459555
doc150,0.09185883934685186,0.2017656194899146,0.0013478687291979294,0.35481932292311424,0.0013479737248609223,0.0013479992587053459,0.0013480326229944977,0.0013480250239637003,0.0013481199356902467,0.19119131497723976,0.1509287674341262,0.0013481165333406738
doc151,0.0003354045107400689,0.0003354197146949869,0.0003353957020922948,0.00033542451487822287,0.08445371335133946,0.00033539560159430724,0.0003354329378343918,0.0003354033175136302,0.6361836916921397,0.27634385584102716,0.0003354329633417435,0.0003354298528039337
doc152,0.0002957767291459868,0.10684423143793102,0.06812123716479274,0.08641545990612405,0.00029574171961099343,0.10325299539674718,0.050942042034525556,0.00029576111387152567,0.0002957614017870969,0.4412668365003887,0.14167839466759288,0.00029576192748220385
