,topics0,topics1,topics2,topics3,topics4,topics5,topics6,topics7,topics8,topics9,topics10,topics11
doc0,0.0008757829241349984,0.5429565104277554,0.0008757747327596362,0.44828530751690354,0.0008758647488817429,0.0008758110401567577,0.0008758035728980061,0.0008758153060105995,0.0008757639729558311,0.0008758402459231024,0.0008759085502252324,0.0008758169613951424
doc1,0.0013853897992069783,0.0013855256350040954,0.20964069761067794,0.13379743896242402,0.14494757626857205,0.0013854760759053559,0.001385359146442667,0.001385367713671052,0.0013860877311061227,0.0013853444934208542,0.0013854193668230877,0.5005303171967459
doc2,0.000998248175505854,0.000998321435322706,0.282948583260165,0.0009984215195009355,0.4516186564277637,0.000998545390168093,0.0009982112736714528,0.000998283892126113,0.0009981448561293678,0.0009985004421354195,0.0009981906847235785,0.2564478926427879
doc3,0.0007033855890160634,0.31748574879187885,0.0007034353511591567,0.0007034052915927354,0.2018461883721077,0.0007034317581558398,0.0007033563583143783,0.16203398569377747,0.0007033215068367598,0.04878303022887031,0.09597706711786999,0.16965364394042082
doc4,0.1495772285406504,0.001845400098226262,0.11541562911212684,0.0018454175006170253,0.0018456438317890303,0.0018453753059094855,0.0018455229961630844,0.6114938649387426,0.0018455300517486147,0.001845550646225206,0.0018452305400769014,0.10874960643772448
doc5,0.0003299055902441327,0.2967344545062024,0.00032989563225766747,0.00032990824495365503,0.03826168201364846,0.36441850098339507,0.10972145844917418,0.0003298988435162332,0.00032987329573572465,0.10492558511978003,0.00032988584181899475,0.0839589514792735
doc6,0.0005258874663767578,0.0005259240620067804,0.20164824902682693,0.11437389893073155,0.0005258878265269882,0.11966418039982663,0.1632904809696189,0.06264846997409541,0.0005258328890728162,0.33521938342625573,0.0005259089323942996,0.0005258960962673399
doc7,0.0011742670306982253,0.0011740961028123044,0.2546006574840374,0.10180946095617661,0.0011739182322360875,0.0011739194372731704,0.0011742128934133988,0.001173936531226561,0.0011738894168437746,0.0011741230840263432,0.0011739927314742189,0.633023526099782
doc8,0.000998139300472024,0.0009985420129611019,0.0009981873449480686,0.2912093321354009,0.0009982329612065444,0.0009983437264945586,0.0009982734000547639,0.0009983408956424423,0.07613589056843055,0.2751166994815846,0.3495518565825335,0.0009981615902710259
doc9,0.0013482626112113056,0.001348108426484805,0.11266885419407334,0.001348059474160981,0.0013479245029907462,0.08203935836050269,0.23755367390192428,0.0013479562782692939,0.0013480325561277806,0.507564057611123,0.0013479829960034806,0.0507377290871285
doc10,0.005495098462696263,0.0054959265395723095,0.17112282278036883,0.005496019159208277,0.0054968776255911655,0.00549538442634382,0.2951942787982251,0.005496140119449494,0.005495466811905008,0.1304825735597483,0.3592336305889954,0.005495781127896097
doc11,0.0401042861993294,0.000959977930479094,0.00095995251827423,0.0009600180416587219,0.0009600182844934602,0.0009599041606376479,0.0009597948244655188,0.0009599113017391433,0.9502963040434517,0.0009598312413805646,0.0009601092522805887,0.0009598922018098944
doc12,0.4454287164368354,0.0009244488429433164,0.20397515684917455,0.0009244705538223139,0.0009244281263490761,0.0009245242973341913,0.0009244315965108465,0.07857293681159618,0.0009244891219945468,0.030593184260079877,0.0009244458329713718,0.23495876727038836
doc13,0.0401042861993294,0.000959977930479094,0.00095995251827423,0.0009600180416587219,0.0009600182844934602,0.0009599041606376479,0.0009597948244655188,0.0009599113017391433,0.9502963040434517,0.0009598312413805646,0.0009601092522805887,0.0009598922018098944
doc14,0.001295688922645544,0.15686804411269478,0.26028983032746966,0.0012957179449734812,0.08280807465072011,0.001295683953759088,0.001295568761323157,0.0012956034691735938,0.001296313110550502,0.0012955696632806332,0.0012955817512911101,0.48966832333211846
doc15,0.0012629820794204248,0.0012630852395836647,0.0012629672082316527,0.14116262577236707,0.5998232097271263,0.247646897222701,0.0012633339859086338,0.0012629343079536865,0.001263007460708839,0.0012630213097472862,0.0012628725634395183,0.0012630631228119898
doc16,0.12728659427928776,0.0008118713108270565,0.0008118539176797134,0.22003027288060037,0.000811775690727814,0.0008118982745965883,0.0008119394869492096,0.0008117976781569671,0.0008117660724947713,0.0008118764798653934,0.43106231641739584,0.21512603751141848
doc17,0.000883587957600421,0.0666168401310678,0.03752253236936499,0.25986288291105974,0.0758741791086634,0.11979502001680636,0.062276059648800564,0.23443329536608495,0.0008835790376403933,0.14008464753325356,0.0008837066932918652,0.0008836692263657803
doc18,0.004717669303815564,0.0047176171311168755,0.4638233616494954,0.004718191989736778,0.0047175322012169224,0.004717591387042173,0.19697804171223554,0.004717512859111697,0.004718381714428398,0.00471797197728083,0.004718049851451359,0.29673807822306836
doc19,0.0008322200464085167,0.0008321566567762828,0.000832086508969987,0.9526500443820557,0.0008320781224800016,0.0008321925062447505,0.03902870375205547,0.000832092242788971,0.0008320546652289758,0.0008321320319523256,0.0008321132575886595,0.0008321258274503197
doc20,0.001018662628444669,0.001018761479129515,0.1388217142645096,0.12481100198931534,0.4469144063533981,0.0010186993081020457,0.10161211410181696,0.0010185374877165604,0.0010187134129956772,0.1807100527719428,0.0010186854418334538,0.0010186507607953693
doc21,0.0005983650808769901,0.14553039965843156,0.0005982151499556569,0.0005982133433973492,0.4356153941426161,0.0005982529391176455,0.0714652408323437,0.11484125506976409,0.0005984011593185,0.1867141895365206,0.04224386654756465,0.0005982065400932273
doc22,0.0013666837744553014,0.0013664215485177957,0.001366612103980969,0.0013663962809177812,0.2429049982447398,0.2693537181336784,0.0013664034465465554,0.22248513576886908,0.00136643869890787,0.16599047516198556,0.0013664281601634919,0.08970028867723728
doc23,0.39766338787516786,0.0005520001733618393,0.5968165416357831,0.0005519730151827667,0.0005519604966353514,0.0005520652964668071,0.0005521070554592832,0.0005520141547571179,0.0005519164492960606,0.0005519884474093661,0.0005520064208411647,0.0005520389796392925
doc24,0.0014248006256427903,0.001425152587326106,0.3306119633126042,0.0014248818143326124,0.1328173735579039,0.0014249754702503475,0.0014247364329799564,0.36294103711904985,0.0014248450041133688,0.1622303731642142,0.0014248419323706742,0.0014250189792121173
doc25,0.0006616209196176732,0.4990314906505985,0.0006614773434821389,0.3754330957935908,0.0006615684964270846,0.11958150486542098,0.0006615021530426711,0.00066150268920997,0.0006614922288567553,0.0006616067955813385,0.0006615745629003472,0.000661563501271646
doc26,0.0008914637847942659,0.0008914780630156754,0.0008914221023382875,0.134007414826579,0.0008914401849641074,0.07713659700935463,0.0008914350536554193,0.0008914147095103696,0.0008913803221490152,0.5669602849039703,0.2147641494833958,0.000891519556273221
doc27,0.3429131203489795,0.0007989119775385024,0.0007989379059936163,0.15559101048108473,0.0007989361624450382,0.07373256388168727,0.0007989255196881431,0.0007989207386914418,0.03584167181430809,0.0007989847482559671,0.0007989598260405886,0.38632905659528705
doc28,0.001953406138885047,0.001953472287536135,0.001953581484059903,0.0019537911472071743,0.0019538298684230403,0.0019534370446408654,0.052751067291119315,0.0019535221872770386,0.001953321019477783,0.9277133847237388,0.0019536578407186246,0.0019535289669162744
doc29,0.06045369425094561,0.24238574157536188,0.0010083162273264402,0.0010084127545355477,0.0010082494065279724,0.2457551108840836,0.0010083584342868318,0.16322518716554463,0.020320339164895326,0.1422781887273574,0.0010083759034552487,0.12054002550567955
doc30,0.001202282259698067,0.0012023259942688604,0.0012023531417527076,0.001202319872513466,0.0012021081799348595,0.5949165981215357,0.0012023211530105386,0.0012022412001430657,0.001202102059187292,0.001202383410896786,0.0012023067777619894,0.3930606578292967
doc31,0.042700713729990694,0.11364179730064039,0.0008119197336581245,0.0008119009367841661,0.000811841612442935,0.4039450139912646,0.06183689513559354,0.0008118397208260456,0.0008118768918843846,0.37219236134573663,0.0008118930204182215,0.0008119465807603065
doc32,0.14223367820158175,0.0012628254007461405,0.0012628508992149775,0.14270582879274715,0.0012627800121843892,0.2734237881169095,0.0012628918544656045,0.0012628391518653933,0.0012628271845965431,0.32975073844328057,0.0012628844091827037,0.10304606753322516
doc33,0.25746853891716615,0.30987005038078996,0.0025518302879749214,0.0025518927726225545,0.11752855760056093,0.0025519379472289353,0.11331650936601316,0.002551523905806376,0.04339679846971023,0.14310881918125828,0.002551799311330948,0.002551741859537555
doc34,0.6286049259448546,0.0004691602209045898,0.09205897985161894,0.0004691793826656706,0.00046923660643812345,0.00046914785250395556,0.00046917368470453735,0.04660300155203826,0.0004690869422379048,0.0004691581507701179,0.0004691588287084485,0.2289797909825547
doc35,0.07763167169542907,0.0017488849486391154,0.0017486141653339563,0.0017488771092920314,0.15780882707523472,0.26603091660686984,0.0017489193362379791,0.0017485841433470554,0.0017486766765042183,0.0017488695143771877,0.16250660917310888,0.32378054955562596
doc36,0.0010185249176774408,0.0010187084190974496,0.0010185738019745094,0.21645776954903334,0.0010185241398228736,0.0010185626279338134,0.0010186356424927811,0.0010185148348367278,0.0010185295583806015,0.6511641525506146,0.12321102996171797,0.0010184739964179067
doc37,0.0007988791395296452,0.0007988302344366152,0.0007988218757573327,0.000798947953023272,0.0007989428408799295,0.0007989268689056678,0.000799074893183822,0.0007988895659093889,0.0007987778589011589,0.9287524210629129,0.06325856597662215,0.0007989217299380707
doc38,0.18947037645494996,0.051813673501048756,0.0005124392158961937,0.06563483536510963,0.0005124308055100239,0.000512437442031438,0.0005124848926299655,0.0005124282321297158,0.00051236231989359,0.6889816602931846,0.0005124120491521861,0.0005124594284639197
doc39,0.09036334135308988,0.18732393719337775,0.0010968329716572705,0.0010967752981044577,0.0010967211920887517,0.1996864610653679,0.001096770065780984,0.0010968433438016502,0.001096787789460692,0.40965970756781667,0.10528914992793374,0.0010966722315202948
doc40,0.03602650574504773,0.035059194447189135,0.13715119482265595,0.00045017137731093876,0.1301687716902141,0.00045015171927154503,0.0004501616937703682,0.04953999368788897,0.0004500962132169777,0.6093533762624003,0.00045018865039575203,0.0004501936906381179
doc41,0.4047342308420958,0.001879904745865743,0.5764653275686183,0.0018799153438599692,0.0018800523264332861,0.0018800079262522786,0.0018803821349419774,0.001879976946435987,0.0018800734888706453,0.0018801168975889613,0.0018800578777119254,0.0018799539013250423
doc42,0.0006166885602091553,0.4884045602540678,0.0006166906473570577,0.0006166659158276431,0.0006166142815502151,0.0006166531784312018,0.38603899485828536,0.0006166326546050212,0.07573876977541004,0.0006166957965467432,0.04488434724758822,0.0006166868301213873
doc43,0.07635556662292922,0.0006888600590070978,0.0006889018367461032,0.0006889030422846257,0.05379104962437825,0.46779869000000124,0.10825309913106823,0.0006889147416315101,0.0006888238862631292,0.0678912521075711,0.0006888295113030092,0.22177710943681656
doc44,0.00211901133375933,0.39696370290145594,0.0021192975601544,0.0021190857073693776,0.5118780799636078,0.0021191256364626264,0.002118979044740311,0.0021195946439608545,0.0021187927790675843,0.00211893195925886,0.0021190239917896155,0.07208637447837334
doc45,0.0009885538562415758,0.0009884094410326494,0.2822782400389091,0.179604460394664,0.0009885687861517828,0.0009883675775319315,0.0009883910447583536,0.0009883522433102492,0.0009885357920693593,0.000988448886955506,0.0009883319645524185,0.5292213399738231
doc46,0.0017485601706030167,0.001748488581409011,0.001748946678477407,0.0017486796946509957,0.0017484561458280053,0.0017487783011755078,0.0017486643987241833,0.0017487681157873317,0.001748304949010185,0.0017486607572260056,0.0017485513853835871,0.9807651408217247
doc47,0.00048512901318048567,0.01782793988468112,0.12555610605849718,0.00048512643227768305,0.00048507854317760154,0.24763664829822854,0.05648679376256586,0.1627091371745194,0.00048501736744931823,0.00048512055897904173,0.0004851057992028616,0.386872797107241
doc48,0.0012630935923448755,0.00126303344847044,0.1173219188838993,0.0012630100956159543,0.13047536348880703,0.00126303559146436,0.11831648154563854,0.00126301774714084,0.0012628307381983173,0.46859474100998705,0.07697394944511157,0.08073952441332176
doc49,0.0009691178777726027,0.36472405606946157,0.0009692075749281261,0.03933636269943146,0.5872171177771681,0.0009690940882121818,0.0009692169797207264,0.0009690728977356283,0.000969094553224264,0.0009692381702962932,0.0009692606148814745,0.0009691606971675583
doc50,0.0017487121797297878,0.2776350259867091,0.0017488743469447003,0.0017485517464674043,0.49204973457995943,0.12304211741864855,0.09328306874222594,0.0017487798129691599,0.0017488288552564152,0.0017486374114203845,0.001748969533604669,0.0017486993860644216
doc51,0.09004756979867011,0.0016342040323653099,0.21163300480842037,0.001634383655921604,0.3918373999507606,0.0016344858582017592,0.0016343507675533387,0.001634318773102372,0.0016344580244534637,0.0016345970522589899,0.001634233639408646,0.29340699363888334
doc52,0.0014454701065985303,0.0014454822405117046,0.0014453484177175263,0.34244526168080025,0.2733579802337392,0.0014455900366064647,0.0014456227615729919,0.001445384247441826,0.0014452253736456726,0.0014455325513578808,0.07693860335853596,0.29569449899147215
doc53,0.0009787819630503788,0.16261728896737465,0.19023906819788114,0.15351345427878296,0.0009786677583517689,0.0009787300057137935,0.000978777383669086,0.0009786731773821175,0.0009785082439164182,0.00097872597976507,0.11279087916812415,0.37398844487598853
doc54,0.40053560574388386,0.0012168722627240436,0.0012168594546517351,0.10247015717436116,0.0012168774879435958,0.08086345328118492,0.0012167621011866486,0.001216990766613279,0.001216673882544976,0.001216726467371005,0.0012168262553776763,0.406396195122157
doc55,0.11988567486933271,0.48911965675861757,0.000899428915612752,0.0008995402569290672,0.057721236293384826,0.2077726532912468,0.0008995349638655575,0.0008994333672884123,0.0008995186539938322,0.0008995737870324261,0.0008996236342243912,0.11920412520847151
doc56,0.003425659653255036,0.0034256416843318686,0.6352677976415338,0.003425904387983632,0.003425559888236769,0.0034252053394473497,0.09080527454457114,0.07668600461329107,0.003424926236968768,0.16983731892953904,0.0034250625245779804,0.0034256445562634566
doc57,0.0006091544037553604,0.2141787201026584,0.1320230096064905,0.0006091836774877695,0.0006091262332778165,0.0006091791240673175,0.0006091735185696474,0.10767342854646479,0.0006090872435438935,0.5412515324509682,0.0006091888973222167,0.0006092161953942056
doc58,0.0031062818340857135,0.0031064182744294177,0.00310611993084252,0.0031066571482523545,0.5607914649681152,0.003106438826288987,0.003105984180277397,0.003106554902093442,0.003106273295597512,0.003106379243636425,0.003106460116475577,0.4081449672799057
doc59,0.00058426493329361,0.17570089096675584,0.0005842500935658186,0.0005842861949728711,0.0005842355054675371,0.0005842678983759771,0.0005842188993626851,0.1951703593074596,0.0005841952832166568,0.0005842717980840389,0.0005842378132711077,0.6238705213061743
doc60,0.0023705977861907257,0.00237115014553346,0.002370434975237591,0.20233070689569427,0.0023700172008860967,0.002370632243318127,0.0023699325813362464,0.0023699625567008146,0.050792311321671495,0.7255435096889733,0.0023701956147608345,0.002370548989697114
doc61,0.0006129365338451619,0.0857877188754964,0.0006128255296352272,0.3075896058310863,0.0006128629018495418,0.040874457880953924,0.0006128991081260564,0.0006128435743545798,0.10955563664319963,0.1508411554580367,0.30167417512831446,0.0006128825351021142
doc62,0.0014248243319072778,0.001424715421655323,0.0014247881128544226,0.0014247675733977533,0.0014247676456887735,0.0014247780922604946,0.0014251644902952257,0.0014249371470704195,0.0014248589449380015,0.6273007083587435,0.3584508963837823,0.0014247934974064163
doc63,0.0031063505422604435,0.003106069130339482,0.0031067566014449967,0.003106659370732421,0.16747405740830432,0.003106317234001711,0.0031067504686130088,0.3615161879102573,0.09953121834556894,0.3466265642608683,0.003106771000787307,0.0031062977268215756
doc64,0.0009330336693660057,0.0009330373227271286,0.0009330684287385801,0.0009330139650121044,0.0009334462309836958,0.0009330172751701135,0.0009330649120165495,0.0009329918534990811,0.9897362524270357,0.0009330778445520844,0.0009329576860340388,0.0009330383848650344
doc65,0.2793823411828066,0.49249409601534117,0.09556455460095663,0.0013854936383774245,0.001385287010388977,0.0013852842686304164,0.0013852493605473954,0.0013853410951332728,0.0013857256602464662,0.0013852046950542378,0.0013855179336998565,0.1214759045388176
doc66,0.0009330336693660057,0.0009330373227271286,0.0009330684287385801,0.0009330139650121044,0.0009334462309836958,0.0009330172751701135,0.0009330649120165495,0.0009329918534990811,0.9897362524270357,0.0009330778445520844,0.0009329576860340388,0.0009330383848650344
doc67,0.0024278952457639884,0.002427664192051572,0.0024276788161615944,0.002427722705585364,0.0024276493950161327,0.002427822781156536,0.0024284341134650058,0.0024279681413480352,0.0024279523542064967,0.0024277985780372453,0.0024279007794582,0.9732935128977498
doc68,0.0007185637719618468,0.0007186100543221058,0.0007185870563550441,0.0007185925745021179,0.0007186188623865373,0.0007185361764546904,0.43196105331036533,0.00071852854241894,0.0007185481144614457,0.0007185620987456102,0.000718537679962351,0.5608532617580639
doc69,0.0010507512458824083,0.0010507624247296917,0.0010506085874490358,0.12550303851655958,0.036418952091902684,0.0010507587516258457,0.0010505285237046396,0.2901066951450434,0.001050783191784453,0.0010507386545272912,0.21872926278320612,0.3218871200835848
doc70,0.0007083238829750528,0.41903071368950545,0.0007083316500167145,0.32718313283256717,0.0007083797181169154,0.0007083992293755888,0.055056896411369474,0.07764708735354088,0.0007083774571562263,0.06488160094164057,0.0007083450453675411,0.05195041178836843
doc71,0.1903940710825856,0.0006244732208949493,0.0006243660014610633,0.04441433353464625,0.0006243196596661101,0.0006244659692302549,0.0006243413166005094,0.0006243216406781518,0.0006243338666503672,0.7595722183998079,0.0006243323287661919,0.0006244229790124075
doc72,0.0018802293287844029,0.0018803979223595193,0.0018802165603489657,0.0018800286332479206,0.4093102557710162,0.3381473560890162,0.0018801965566145478,0.23561991385625086,0.0018805949245912397,0.001880023391898231,0.0018804159811942227,0.0018803709846777717
doc73,0.0008322200464085167,0.0008321566567762828,0.000832086508969987,0.9526500443820557,0.0008320781224800016,0.0008321925062447505,0.03902870375205547,0.000832092242788971,0.0008320546652289758,0.0008321320319523256,0.0008321132575886595,0.0008321258274503197
doc74,0.005494917971582669,0.005495728757367073,0.5192074924518428,0.005495624340431915,0.005496085303217361,0.005495090662214557,0.005496194218013834,0.005496450407564522,0.005495092185941131,0.4258359118179095,0.005495520506386142,0.005495891377528387
doc75,0.002262967523642747,0.0022628521013085923,0.0022630435370755305,0.002262928539871355,0.002262839262332173,0.15754464802665916,0.00226279026307954,0.0022628220920848686,0.0022634138610013324,0.3935744452588447,0.34605534489042505,0.08472190464367504
doc76,0.13216918389307786,0.049829170272593176,0.0006984559573366933,0.0006985126344291999,0.05733327787281321,0.6235912068755003,0.0006985322605855525,0.13218771522390538,0.0006984210054360523,0.0006985181021462787,0.0006984658144067998,0.0006985400877695364
doc77,0.3832571848523069,0.001992808717071081,0.3636708471097741,0.001992271918201968,0.13122977754140192,0.00199232604900128,0.001992379037414822,0.0019925929528417344,0.0293814947184882,0.001992400634016593,0.0019923476974912173,0.07851356877199017
doc78,0.0007566331794474447,0.3161551834751055,0.0977090315772734,0.0007566409240171931,0.0007565978355687421,0.0007566136474625245,0.0007566141759074903,0.0007565832199125008,0.0007565775265545175,0.37180751764067393,0.07793661877349027,0.13109538802458637
doc79,0.0014246772047646506,0.14670240520266417,0.001424774436931288,0.0014247855623977926,0.7343829176158522,0.0014247463316772778,0.0014247838143270017,0.10609203945214901,0.0014246033294998226,0.0014246254135066182,0.001424810441192234,0.0014248311950376558
doc80,0.2298043409827893,0.001880277657630173,0.19267403726348512,0.0018800954413797887,0.0018801257446070196,0.39276021975659176,0.0018803162616801731,0.0018802010486967463,0.0018800217158122094,0.0018800809142015236,0.0018800698594949785,0.16972021335363127
doc81,0.001953610981877743,0.001953896586401993,0.3263757290751723,0.001953887010755808,0.0019537952805942075,0.001953513687727529,0.0019537761998519062,0.14148327070812666,0.19399168366908798,0.32251945664962783,0.0019537889626433623,0.0019535911881326026
doc82,0.7300422246901971,0.0014668159822910692,0.02833220711327216,0.0014666640329251753,0.0471404813811681,0.0014665483530367338,0.0014666570228946527,0.0014664853977936303,0.001466508929806663,0.1827521344070752,0.0014666328687349681,0.0014666398208045541
doc83,0.18347592867599655,0.11544096724873068,0.0016082578372828044,0.46083488968751996,0.0975086171925692,0.0016080607839230466,0.113163121781426,0.0016080949495007075,0.0016081761377806968,0.0199276443218124,0.0016082741001963437,0.0016079672832617544
doc84,0.3910896528826036,0.0004562957973249939,0.6043472838929547,0.0004562761211600206,0.0004562743773913566,0.0004563385734497749,0.00045641593166568985,0.00045630796089776997,0.00045623498194160216,0.00045629280444142603,0.00045630081250418636,0.0004563258636648369
doc85,0.0008609107265581936,0.11353169387273253,0.0008607799012827382,0.06410575334525781,0.02086712540725152,0.0008608458182331578,0.18104854938913525,0.00086078797141134,0.0008607206197236867,0.42077234951374215,0.000860761950787265,0.1945097214838843
doc86,0.4192339011703188,0.000780192124627464,0.000780191638887389,0.0007802079922388479,0.0007801715959402209,0.24396245036470054,0.0007802370901110867,0.0007801673135366961,0.0007800799986155536,0.0007802287844083056,0.0007801806133325821,0.32978199131328245
doc87,0.987382936384917,0.001146976587650411,0.0011471189409062404,0.0011469993693241606,0.001146935917931392,0.0011469965770371478,0.001147291317620295,0.0011469193117433943,0.0011468553279623177,0.0011470733721317492,0.0011469729071342289,0.001146923985641574
doc88,0.13790564642926204,0.000756655058411616,0.0007565896014967173,0.0007566119823571535,0.0007566087622045885,0.8195388428336212,0.035745828781031434,0.0007566642420299805,0.0007565616285618914,0.0007566813501144261,0.000756627344600447,0.0007566819863083882
doc89,0.02502668432446125,0.10936416029021633,0.0010396878110688814,0.41344591434430344,0.0010397571655454674,0.0010398451473002943,0.0010397527135837961,0.0010398014640608804,0.0010396958741347782,0.443845211027979,0.0010396970782915642,0.0010397927590541536
doc90,0.2559175388588666,0.0018122389142680594,0.5691823057927842,0.00181216895935728,0.06267829064874547,0.001812107397184421,0.09772518222252542,0.0018122078062884704,0.0018119786333512511,0.0018119119474807718,0.001811915484241717,0.001812153334906227
doc91,0.001295580931962501,0.03380474547019832,0.5752968212831917,0.001295728406668798,0.02519220129396292,0.18373053294946204,0.0012957132041792017,0.001295632922457858,0.001295487303983206,0.1729062867522431,0.001295539726860448,0.001295729754829965
doc92,0.2795462334764207,0.0016895548409667195,0.0016896703727902701,0.001689681586182012,0.0016894596038073023,0.0016897357081342571,0.0016895507956468934,0.0016894246864198313,0.0016894726261425254,0.637538700570855,0.06770881182327569,0.0016897039093587405
doc93,0.1748311163099086,0.0025520146640629045,0.35845954244627315,0.0025516347952076667,0.0025518157140477153,0.0025514233518394132,0.002551505862745158,0.002551741609260132,0.0025511967905754124,0.11042586400053604,0.002551774988022169,0.3358703694675217
doc94,0.0009884862913775879,0.023258480300721966,0.0009883176536398177,0.15024753411746847,0.000988299510455189,0.0009884344237799567,0.000988418437972535,0.0009886498779277863,0.0009883068032283627,0.47988267677773166,0.3387039842952824,0.0009884115104142929
doc95,0.45129039196195453,0.0015824426447041042,0.5328843550557335,0.0015823888354868354,0.0015825139247577112,0.001582481910988441,0.0015827014465745264,0.0015824360639137992,0.0015826342457013933,0.001582597362631638,0.0015825500719096048,0.0015825064756438169
doc96,0.001330146753377538,0.0013301155603783553,0.26802944999531503,0.0013300867505352287,0.2026083200162834,0.001330135400186928,0.0013302505081405438,0.42360513622928,0.0013299616229756899,0.09511613036438785,0.001330078612733812,0.0013301881864056547
doc97,0.0022128120535474306,0.0022126983838444505,0.7377695700869179,0.002212925691058365,0.2401027266836996,0.002212603404079457,0.0022126908486252744,0.002212838959646215,0.002212603219397632,0.00221293883081492,0.002212722231143719,0.0022128696072250473
doc98,0.4966097837269605,0.00048988805613962,0.0004898549663047451,0.0004898873339260788,0.0004898736641794172,0.0004898441780623232,0.0004898016643150025,0.0004898539294080485,0.024228140129024075,0.4747534066610657,0.0004898310766357902,0.0004898346139787708
doc99,0.0005520197944120773,0.0005520077127440252,0.10849719560413276,0.0005520539450257296,0.0005520182970778489,0.13648555670829401,0.07787834692353275,0.3365423206775721,0.0005519843853767044,0.25455728332475946,0.082727220864022,0.0005519917630505806
doc100,0.001992502114692544,0.001992599026574295,0.23108741755140705,0.0019926083158892213,0.7489871498569053,0.0019923675679841993,0.001992822137715349,0.0019923840809865445,0.001992222803450669,0.001992497228157948,0.001992638680014443,0.001992790636222617
doc101,0.0023155970926093403,0.0023155515816619637,0.002315485177772831,0.0023153255208634544,0.0023154457650142284,0.4164075215314134,0.0023152520553202005,0.0023154028681227003,0.11880074646359412,0.002315371998762092,0.4439525944913258,0.002315705453539759
doc102,0.0024882497207662085,0.00248799619666575,0.002488145809839453,0.0024881112989515314,0.0024881137840369657,0.0024884329098364857,0.002488188511351138,0.002488303789248098,0.002487634890103963,0.14190503636872195,0.002488370698430422,0.833213416022048
doc103,0.0009691178777726027,0.36472405606946157,0.0009692075749281261,0.03933636269943146,0.5872171177771681,0.0009690940882121818,0.0009692169797207264,0.0009690728977356283,0.000969094553224264,0.0009692381702962932,0.0009692606148814745,0.0009691606971675583
doc104,0.0007624515451059015,0.09719895143481215,0.0007624207221219444,0.0007624518686903885,0.000762454422930146,0.0007623352555013208,0.0007624415883367007,0.0007623774829401895,0.0007623289271627173,0.0007623980812242967,0.7036477832889461,0.19229160538222828
doc105,0.0030128217886439468,0.0030123695385752386,0.0030130465428854533,0.0030127892711771602,0.19008366530938303,0.0030125290986526515,0.0030129776909086164,0.003012445518542333,0.0030122958777064534,0.7797900461455252,0.00301241474941243,0.003012598468587512
doc106,0.0012956186588635942,0.001295797936600031,0.0012956957428433905,0.0012955967817230585,0.8129307775793697,0.0012956498684482333,0.10405665996048291,0.07135160889699818,0.0012954315141409623,0.0012957002562738395,0.0012956578633537494,0.001295804940902242
doc107,0.1315416873052576,0.0019925710873988176,0.17191603748302456,0.0019924482458816228,0.13695278361524246,0.0019927551862826717,0.39262041469642717,0.1530211685282742,0.001992433242081909,0.001992456611446652,0.0019926055272913128,0.001992638471391144
doc108,0.017330481444337357,0.3730127110320223,0.4067017324045949,0.0010618381817321288,0.194460752810764,0.001061841010135553,0.0010616656691725332,0.0010618538676194164,0.0010617178305626432,0.001061776367635334,0.0010617579794669982,0.0010618714019566579
doc109,0.5390988904718534,0.00047814930410440575,0.00047817043616768984,0.19192436353587047,0.043968314430289826,0.000478149172336914,0.15335549331429774,0.00047814878630082845,0.024930935700488203,0.0004781611560302506,0.04385306574960618,0.0004781579426539549
doc110,0.5147703616938003,0.0011340114195363662,0.0011341280145416514,0.0011340220304130186,0.0011339802840169017,0.19688765258438998,0.0011339968559576936,0.0011342036438284075,0.0011339626822528706,0.19308315621117733,0.0011339534472062497,0.08618657113287943
doc111,0.0006748944228237542,0.10773863755952719,0.000674925108037567,0.24469314868384048,0.13680529584929516,0.0006749342507114752,0.0006749988342502518,0.5053633508321831,0.0006749369772973581,0.0006749399545084793,0.0006749959045542121,0.000674941622971002
doc112,0.003012430042581482,0.0030124595259899464,0.003013146055445768,0.003012505890232573,0.13720087236951922,0.0030123724899286655,0.09812030467710982,0.0030125071166098773,0.0030127145237424115,0.7375655564367272,0.0030127723776549307,0.003012358494457959
doc113,0.0012168618482963477,0.0012168438397377013,0.12783188383455282,0.0012168523507337088,0.0012168019891990454,0.0012169690071778913,0.06057791462670048,0.08757826930605646,0.0012167135449631739,0.07282353933818028,0.6426704636054823,0.001216886708919876
doc114,0.0008994707125795792,0.0008994834171660644,0.0008994195366239584,0.17453856021910968,0.532201456965744,0.11234317853128135,0.0008995322915717485,0.0008995150908827992,0.025718340340308465,0.000899465117072811,0.0008994515496684082,0.14890212622799118
doc115,0.1569918811268705,0.30524054312201104,0.0018453618538512378,0.0018452708190252866,0.0018455620740416001,0.0018456302139057525,0.09061977569176612,0.0018453351361016478,0.0018451073569366982,0.0018454478538590987,0.0018454251517606888,0.43238465959987016
doc116,0.0023711385722219964,0.7181149758793396,0.002370074244854561,0.0023702778734925063,0.22059125140066121,0.0023700944779424028,0.002370329333038803,0.0023703948906382563,0.0399607775598347,0.0023702581551751614,0.002370297591903724,0.0023701300208970036
doc117,0.4062493051415419,0.0005947085209724811,0.24014738771989674,0.0005947131913255068,0.0005947025771016655,0.0005947445756437255,0.0005946665302315149,0.0005948479013375609,0.0005946009603936466,0.0005946721570634422,0.09246783528821767,0.25637781543627414
doc118,0.0003531830965469639,0.3932779755701786,0.0003531753144895468,0.16309643039327312,0.047591671976136375,0.08585917267205836,0.00035322030685034245,0.0003532209680411549,0.0003531854173554708,0.0003532161046072661,0.03577936525754582,0.27227618292291705
doc119,0.0021651541563663603,0.0021652750821339493,0.002164891848389657,0.0021660923063877196,0.002165309838028447,0.27910224059866123,0.0021651210279268972,0.0021655565229098278,0.0021656426002896745,0.30745703077639214,0.39395269017294865,0.0021649950695654015
doc120,0.36300465839427243,0.0008185772003027012,0.062763309690383,0.0008185915810252558,0.0008184675097763282,0.0008185629798985232,0.0008184976394255123,0.0008184990880410943,0.0008184399059969407,0.5668653442366971,0.0008184782166380391,0.0008185735575431716
doc121,0.0028412353436162675,0.3970108059555071,0.002841426739339135,0.1764836120293895,0.0028414077998254643,0.002841293424331396,0.14834520089752845,0.002841476420774129,0.06455842332680613,0.19371199833991135,0.0028414709366664267,0.002841648786304624
doc122,0.0024277699219818314,0.0024280209958846997,0.2676594464536556,0.0024280049521939033,0.002427652557281835,0.0024277855687803154,0.07972868011884084,0.14545157446130147,0.11528412559535305,0.3748810693521556,0.0024278370588437528,0.002428032963727075
doc123,0.0014248243319072778,0.001424715421655323,0.0014247881128544226,0.0014247675733977533,0.0014247676456887735,0.0014247780922604946,0.0014251644902952257,0.0014249371470704195,0.0014248589449380015,0.6273007083587435,0.3584508963837823,0.0014247934974064163
doc124,0.0003874136020254659,0.12205509448490244,0.0003874034899234217,0.17424182401034152,0.00038734938155259024,0.00038741257325862726,0.2159247622104881,0.0003873621576856918,0.00038736183860988143,0.4846791658142047,0.00038741743441095185,0.00038743300259643697
doc125,0.04936059536910239,0.0009786683500712001,0.0009787630032027296,0.0009787114261216238,0.0009786628783819086,0.0009786541577117705,0.0009786595936130272,0.0009790902701301638,0.9408520202139108,0.0009786584804086164,0.0009787501122425222,0.0009787661451032721
doc126,0.04936059536910239,0.0009786683500712001,0.0009787630032027296,0.0009787114261216238,0.0009786628783819086,0.0009786541577117705,0.0009786595936130272,0.0009790902701301638,0.9408520202139108,0.0009786584804086164,0.0009787501122425222,0.0009787661451032721
doc127,0.0006748944228237542,0.10773863755952719,0.000674925108037567,0.24469314868384048,0.13680529584929516,0.0006749342507114752,0.0006749988342502518,0.5053633508321831,0.0006749369772973581,0.0006749399545084793,0.0006749959045542121,0.000674941622971002
doc128,0.0014885671391593562,0.001488588236440236,0.0014885383709865709,0.17278018085828104,0.0014883922676751044,0.22650375584780788,0.2311182750177351,0.040608445361509364,0.0014883063374179877,0.31856981744588553,0.0014885693832208961,0.001488563733880961
doc129,0.00133018802296434,0.18673665993475635,0.48794564140113866,0.0013302473110807912,0.001330196602846069,0.0013301812403415496,0.0013302662958199693,0.0013300692015976209,0.001330144321788943,0.22464617214917035,0.0013301986408223354,0.09003003487767319
doc130,0.06649894944699543,0.00123170766367558,0.0012318298043104761,0.0012317145932449606,0.448902370440124,0.17634212817905917,0.001231688997766561,0.2683403076452143,0.031293936068664825,0.0012318200394917072,0.0012316932761767504,0.001231853845276307
doc131,0.001424730480087215,0.0014250271554630519,0.4672016232190766,0.017533542509832606,0.0014249271804865253,0.0014249618694080002,0.001424655544723498,0.0014248844492278803,0.030651909503639038,0.21145228133456948,0.14038741379129965,0.12422404296218655
doc132,0.7225009139998859,0.001534115255817062,0.0015340822854447067,0.0015339202120287637,0.262159513218653,0.0015338426091757755,0.00153394448665312,0.0015339988064186928,0.0015338779898043742,0.0015338273925631309,0.0015339663367643825,0.001533997406790908
doc133,0.4031219848717812,0.0012473363365053016,0.3104621348202576,0.0012471039131063128,0.0012471114359895725,0.07369255602283628,0.04648537215046998,0.00124718597152846,0.0012472189250144902,0.15750759265178307,0.0012472197516255454,0.0012471831491021742
doc134,0.0008322200464085167,0.0008321566567762828,0.000832086508969987,0.9526500443820557,0.0008320781224800016,0.0008321925062447505,0.03902870375205547,0.000832092242788971,0.0008320546652289758,0.0008321320319523256,0.0008321132575886595,0.0008321258274503197
doc135,0.0011088956159512157,0.18095721333200365,0.0011088239184613253,0.001108815776816046,0.2702599751907007,0.0011089039454917136,0.0011090401444109569,0.0011089606283769605,0.001108951410525149,0.0011088856817459895,0.3028331947291076,0.2370783396264086
doc136,0.12242848675761382,0.0024276577219794868,0.002427931323690065,0.002427912688707926,0.0024279877487138144,0.002427806998187816,0.3353203359342882,0.002427670958518611,0.002427398440830008,0.002427847435852947,0.3118917779524423,0.21093718603917502
doc137,0.0017797366621877888,0.0017796591061539817,0.6341951983300452,0.0017799727986413055,0.18061992285625553,0.0017799464442736046,0.0017797567803892508,0.16916625895418452,0.0017796460512799414,0.0017800057789757935,0.0017799012038053395,0.0017799950338077699
doc138,0.35267762254710777,0.0002880883569994507,0.0002881070203941007,0.08222265931289746,0.0002880807552380547,0.03545673698900288,0.0002881140119610217,0.0002880898020605814,0.0002880680682329275,0.5273382286651712,0.00028809732657695175,0.00028810714435752475
doc139,0.0007683084012788995,0.09798239282344653,0.0007682767072598148,0.0007683079884371712,0.0007683119802752981,0.0007681905667556273,0.000768297579981802,0.0007682336937494041,0.0007681842685380621,0.0007682551894414186,0.6991842668168571,0.19591897398397892
doc140,0.00035442274011679594,0.00035445676439189696,0.00035444964439997534,0.0813902855580321,0.0003544381318329157,0.4863106205765627,0.00035447334451354064,0.0003544322102049915,0.029307775154297472,0.25377379172902403,0.14673639177393163,0.000354462372691831
doc141,0.046625249268833456,0.0014454292406740176,0.09927139282449128,0.0014454117708095303,0.0014453605276321538,0.0014454503260035256,0.0014453544888860933,0.001445347617696316,0.0014453537180932792,0.5415925734279776,0.3009475621473273,0.0014455146415753048
doc142,0.43613359682786756,0.0019165354923088751,0.41727850370289604,0.0019163014819331967,0.0019160308809791065,0.0019164229357432516,0.001916223988696412,0.0019163077459682463,0.0019159736291638838,0.0019164479561486834,0.0019160879904119167,0.12934156736788277
doc143,0.3910896528826036,0.0004562957973249939,0.6043472838929547,0.0004562761211600206,0.0004562743773913566,0.0004563385734497749,0.00045641593166568985,0.00045630796089776997,0.00045623498194160216,0.00045629280444142603,0.00045630081250418636,0.0004563258636648369
doc144,0.0020327619067183936,0.002032900344953536,0.002032971369091416,0.0020330770055418394,0.002032820358059574,0.0020328805374541614,0.0020330852905249895,0.029333334954065194,0.0020330843474959037,0.950337234072373,0.0020328686073265738,0.002032981206395277
doc145,0.11121496202864985,0.24929598826248014,0.2450548089674588,0.2898054486583563,0.0009507770019185156,0.0009508471085248135,0.0009509355220481127,0.0009507746903414648,0.0009506593732430208,0.0457539867597783,0.000950845203507396,0.05316996642369353
doc146,0.0026892004526575543,0.0026890379856735437,0.0026890328427862085,0.002689079505567958,0.18134440554524378,0.13676725605141268,0.0026889351455384874,0.07860157599742704,0.0026886448532961967,0.5817747445403482,0.0026890616599459607,0.002689025420102454
doc147,0.09768643340471318,0.0012472336458795494,0.07795413874995218,0.0012472768833038882,0.0012471836168811712,0.18148803679605266,0.0012473112650292796,0.13731465769666013,0.0012471206196513554,0.35134686237073603,0.14672643042687863,0.0012473145242618098
doc148,0.0027629505422467533,0.002762907303448534,0.002763473378730469,0.608898616243939,0.002762860672268828,0.0027630088710445502,0.0027630950117285094,0.002764830819127999,0.18526053902670206,0.0027634120832488334,0.1809708433678677,0.002763462679646826
doc149,0.31964948815544464,0.0016615835304505707,0.0016615864819538976,0.0016616479588665574,0.0016614659228596216,0.2109836543813895,0.001661694097394653,0.0016619826027704165,0.0016613486867047887,0.45441250477015754,0.0016614218071487577,0.0016616216048590251
doc150,0.0010616885630227674,0.0010617077768352897,0.001061863463827868,0.7434008862326447,0.0010617629568216453,0.0010616904606109041,0.0010617273560630555,0.0010616507521584635,0.001061800750072628,0.245981628943245,0.0010618333695686032,0.0010617593751290162
doc151,0.002263159440712129,0.4958710322146516,0.0022627570802020605,0.002263102873786929,0.18312134479061812,0.002262943424182107,0.002262802449191722,0.19835847962166378,0.10454520086743428,0.0022626311165597486,0.0022635683336467666,0.002262977787350859
doc152,0.0013126729817338667,0.0013127697637190668,0.0013127483616242582,0.0013127530836447932,0.0013126246794357493,0.0013126098026088938,0.001312905047547896,0.0013125275953095236,0.0013131228449604123,0.05039418437210686,0.9364785107527743,0.0013125707145343606
