,topics0,topics1,topics2,topics3,topics4,topics5,topics6,topics7,topics8,topics9
doc0,0.7538217015293032,0.0017865530393799632,0.0017863790572322843,0.18592464724677038,0.0017861422826425523,0.0017864792216028109,0.001785989472466374,0.0017860446901633348,0.04775002694903458,0.0017860365114045927
doc1,0.0005130054909259584,0.0005129461113182685,0.000512895192622444,0.0005129751250784081,0.1247927237736117,0.0005129399476813009,0.0005129191974459588,0.0005129248685515507,0.8711037423183356,0.0005129279744287464
doc2,0.0008267162145624102,0.0008266198035377296,0.0008266820226034583,0.09726433211584674,0.020710580249682742,0.0008266014981658358,0.2352331871025978,0.0008265335224690559,0.0008266615140857731,0.6418320859564485
doc3,0.0005556872898467004,0.0005556997440212353,0.0005557105930414471,0.0005556526742738313,0.020997217204281392,0.5893586925677285,0.3260772895586072,0.0005556899199378805,0.00055565014500808,0.060232710303253736
doc4,0.0012199105839599289,0.11980006130985157,0.45667679428558894,0.0012198058066505149,0.28131633069255146,0.0012198525568806963,0.13488787953901193,0.0012196730181332758,0.0012197913592071404,0.001219900848164526
doc5,0.3594962898263567,0.11886600770090212,0.0007195620124430837,0.027252856566226637,0.0007196876436444562,0.4744738613579787,0.0007195983742546908,0.016313016650734775,0.000719591360845718,0.0007195285066132403
doc6,0.0014930803655858202,0.0014928653401447389,0.001493097595759304,0.18437647609952298,0.4736408775390859,0.10100582055007173,0.232019272499252,0.001492834686640389,0.0014927378482321656,0.0014929374757050049
doc7,0.12033364096414209,0.0014496734271275049,0.0014497917947827509,0.0014496895034250294,0.09644614858352064,0.3882066412847139,0.0014494789883338056,0.1794272659989607,0.10949475716230696,0.10029291229268655
doc8,0.0006623883684682264,0.2869379904457486,0.11830848525156913,0.000662437445900762,0.13556420911051778,0.1412523123778106,0.000662354715428924,0.0006623456801116278,0.31462500927903425,0.0006624673254100249
doc9,0.001333598454052322,0.0013336220233637125,0.8812080864562616,0.10812278403660291,0.0013338510010712952,0.0013336451766085022,0.0013335552422477446,0.00133389679180098,0.0013335233320350677,0.0013334374859557518
doc10,0.0008000886733376521,0.693592582799038,0.3000064830282795,0.0008001118571657182,0.00080015274198733,0.0008002140190441743,0.0008001434445759087,0.0008000636866800622,0.0008000845669546686,0.0008000751829368994
doc11,0.24772564160579136,0.0006062510154812801,0.3771433309887131,0.0006062109662727358,0.03221464158961333,0.0006062263272825021,0.01498587238587557,0.0006062047943231348,0.3248993713337206,0.0006062489929263389
doc12,0.6604580672321516,0.0007355480395195015,0.0007355947276266998,0.28337110635747215,0.0007355289335425269,0.0007355350887639262,0.0510221544452697,0.0007354324502063262,0.0007355076483533314,0.0007355250770941826
doc13,0.000990215033105875,0.0009902680045640274,0.0009903679578851332,0.000990314089002671,0.000990341056966026,0.08966782171116064,0.0009902674545984444,0.9024098027937962,0.0009902404288443802,0.0009903614700766054
doc14,0.000990215033105875,0.0009902680045640274,0.0009903679578851332,0.000990314089002671,0.000990341056966026,0.08966782171116064,0.0009902674545984444,0.9024098027937962,0.0009902404288443802,0.0009903614700766054
doc15,0.2993430027541126,0.0011497567579515258,0.001149685352138618,0.001149654338925797,0.001149682410060226,0.20683029991900126,0.0011496402443829416,0.0011496300555705722,0.15069350633614984,0.3362351418317067
doc16,0.001010272290281898,0.0010103277702839385,0.32329774034787034,0.001010301013440184,0.04192506785206498,0.001010368803887468,0.3453982420171669,0.0010103156700270572,0.20652908116301139,0.07779828307196582
doc17,0.0006805046347510932,0.0006804691888408293,0.04877196601543559,0.0006804226892465499,0.1030720340101108,0.20300108430649805,0.33003304867074634,0.012428526011594294,0.000680407949862721,0.29997153652291375
doc18,0.12767611891380848,0.23633065551980603,0.0005001375618110022,0.000500132305435289,0.0005001325110915091,0.10937221706290363,0.0005001257007589204,0.008144969576102392,0.08236133269286183,0.43411417815542097
doc19,0.04353447453368068,0.1025986286800809,0.05054499739021751,0.0008852706080623822,0.34179126943920213,0.0008851471038309567,0.4009685764476626,0.0008851739707883367,0.0008851331295033289,0.05702132869697118
doc20,0.004547047782556601,0.004545646866468159,0.9207730108752641,0.004545593928282692,0.004545727546012057,0.004545638258902797,0.004545948567632016,0.04285878920762389,0.004546219454733051,0.004546377512524639
doc21,0.00048321324051262915,0.00048331724292709005,0.00048327151252493955,0.12083222060019586,0.07422184605256957,0.00048329646511508363,0.8015632385381082,0.00048321380904382404,0.0004831663644442989,0.0004832161745584207
doc22,0.07449119502416254,0.28363393043592267,0.17270245812261348,0.0007578185313696262,0.4312759228447665,0.0007577931740168192,0.0007578048969751237,0.034107584833326814,0.000757755343753968,0.0007577367930923737
doc23,0.19486065662635402,0.13238137265446429,0.000523720588352358,0.14135618391560367,0.0005236696161943973,0.0005236786431757826,0.0005237371550104537,0.00925906166110444,0.2067210421377641,0.31332687700197653
doc24,0.0005715959205084096,0.4452477448629316,0.0848286531549011,0.0005715691098293578,0.0005715065101655511,0.32935406504140313,0.04476896563677635,0.0005714983266433058,0.0005716447062449118,0.0929427567305961
doc25,0.3657962320700966,0.0017247037234510562,0.17367765747098388,0.10421069321635555,0.3459677775634949,0.001724617459631622,0.00172450773100069,0.001724545520536365,0.001724540284572026,0.001724724959877208
doc26,0.2376113153357446,0.349722115954287,0.3243264945310376,0.043851892295120466,0.0002959361651784785,0.0002959500593789029,0.0002959039499539127,0.04300849367732127,0.0002959397737764084,0.0002959582582013988
doc27,0.0012823327717263206,0.0012823923957898072,0.0012823089976661877,0.001282325982879686,0.0012822593383450217,0.7178669335534167,0.001282168530363866,0.0012821503509459775,0.27187482570437776,0.0012823023744886247
doc28,0.0012823666444477181,0.0012823502945533516,0.0012824193531097677,0.0012824568097366462,0.0012822541581792746,0.7183147071346605,0.0012824097991955292,0.0012822503368186517,0.27142647612253124,0.0012823093467673097
doc29,0.10246081020535257,0.3098089059121162,0.4892786314339728,0.0009260758569337162,0.058845832137679265,0.0009261634490287494,0.0009260865114929742,0.0009260521092936464,0.0009262556631561787,0.03497518672097392
doc30,0.3908670182792512,0.20777232763648792,0.0007814595145343929,0.18924519635009865,0.000781448532006041,0.0007814287187264073,0.1616696161102506,0.0007813643151724995,0.0007814714348982881,0.046538669108573946
doc31,0.0023818924998606637,0.23028953872117683,0.3833467431511618,0.002381460171393033,0.26647055485925275,0.105603787279678,0.0023813984236731507,0.0023815159799984733,0.0023814577400375217,0.002381651173767703
doc32,0.08583720140575218,0.0023817971878807,0.895110652634018,0.002381470150498561,0.002381129981000228,0.0023813005275567967,0.0023815239426276157,0.0023815440884075037,0.0023817836312156446,0.0023815964510426643
doc33,0.001389194788393511,0.05860106839342835,0.9302840930931351,0.0013893551552128503,0.0013893653940976333,0.0013893611340311755,0.0013896864451807107,0.0013893763522283213,0.0013891179949126974,0.0013893812493794375
doc34,0.6725184146662947,0.25473889765816743,0.009092640818003163,0.009092608062752652,0.009092310135732034,0.009092688113831944,0.009094054348970164,0.009091781258240493,0.009093697688676763,0.00909290724933054
doc35,0.284047776253946,0.0022229633143748505,0.6067923499109157,0.002222843422196401,0.0022230294045675536,0.00222303771671384,0.09359982819778966,0.0022225487732275987,0.0022228019933190637,0.0022228210129494053
doc36,0.17644979589229967,0.0033342549876150657,0.796873924343333,0.0033345095416371395,0.003334060896123474,0.003335283993585806,0.003333949046203459,0.003334833860582663,0.0033343674698720653,0.003335019968747433
doc37,0.3987697386326446,0.0020412185969271713,0.4103704640155389,0.0020411098845960754,0.0020411172990830884,0.0020413728346641243,0.0020410638140436715,0.002041042766180185,0.0020412209261174794,0.17657165123020466
doc38,0.0008132039443638281,0.14888149563320363,0.4481436618553066,0.0008131793207317201,0.08011133071749796,0.0008131327211599453,0.0008132173414741588,0.3179844523783496,0.000813201849929295,0.0008131242379833521
doc39,0.19052180167566238,0.0010639866674466802,0.43285266210387013,0.0010640894400184885,0.20382275409193135,0.0010640435586207165,0.16641837513730454,0.0010640121849713675,0.0010640695930898409,0.0010642055470846637
doc40,0.29409152676285266,0.0006898537279453939,0.0006898331995957613,0.3918366214953035,0.15425359169833547,0.03766357649520257,0.023300477054250906,0.0006897747704837999,0.09609492733567669,0.000689817460353273
doc41,0.0016953008951005972,0.0016955377576048896,0.0016953160826943421,0.8340020122325157,0.0016953304293281764,0.15243545315769838,0.0016951035655235485,0.0016950851322610125,0.0016954033315564037,0.0016954574157169453
doc42,0.0007300142656355368,0.0007301086407835101,0.9934291629777174,0.000730028142490712,0.0007304115420660198,0.0007300919543426828,0.0007300812080081363,0.0007300547938157071,0.0007299721131565885,0.0007300743619837957
doc43,0.004349191248168362,0.004348940115732951,0.004348750936135835,0.10296351987350662,0.0043488643771914075,0.004348613709776106,0.004349999428643139,0.00434837056456896,0.71474223766442,0.1518515120818567
doc44,0.2934647430080582,0.00043488911569076463,0.5764532417407648,0.12703775818607987,0.0004349203270338532,0.00043494101914777066,0.0004348850238963393,0.0004348753532508217,0.0004348818054840279,0.00043486442059359823
doc45,0.0016396526245288773,0.001639617909794627,0.0016399183010837911,0.0016396613832087071,0.0016396118446143522,0.14623143964311044,0.8406511260368085,0.0016397556871344608,0.001639638812588334,0.001639577757127962
doc46,0.000413294308017409,0.0004133182780908123,0.0004133141709314047,0.0750256204870398,0.00041331628678388055,0.0004133620173097413,0.9216678602121999,0.00041328511377681436,0.00041330347720372284,0.00041332564864655235
doc47,0.0007814585850839766,0.28327833090285126,0.0007814204489170013,0.0007814883785860558,0.0007814266376816878,0.0007814991729937315,0.6417264193146869,0.0007813309550112233,0.0007814879334216871,0.06952513767076653
doc48,0.002127997047887663,0.0021284317271887906,0.002128223420834317,0.002128370846113599,0.06553088200855059,0.19412170369586437,0.4955636426103054,0.0021287946885442046,0.0021280199158456867,0.23201393403886544
doc49,0.005001318634759679,0.005001209623472711,0.005000836943324426,0.5774601901630794,0.26808806585738637,0.00500155356238283,0.005001864610413224,0.005001479740747321,0.005001171581402226,0.11944230928303179
doc50,0.18734234175365355,0.0018188045625086833,0.0018189056615272724,0.38458887191272967,0.20709915989527877,0.13389860492256656,0.0018186302223574655,0.0018188652964029565,0.0779766536713578,0.0018191621016172962
doc51,0.07192171813032593,0.04248303869614585,0.17050025529464718,0.021387923121283355,0.0004718035372249985,0.000471803655000266,0.00047184504557970557,0.00047180813494519986,0.3090161312446357,0.38280367314021185
doc52,0.0011367043859984852,0.0011367825795782843,0.0011367129134863835,0.0011367438894980724,0.00113659216521077,0.1372786684167939,0.8536280371779216,0.001136564110181133,0.0011366117937309278,0.0011365825676004932
doc53,0.33655157077387665,0.15122257859534916,0.15153120811323012,0.0012502551793426404,0.0012501818579490084,0.3531927922175648,0.0012502304582289062,0.0012504470925187624,0.0012505213019321708,0.001250214410007986
doc54,0.002439713775582079,0.0024398058854042046,0.0024396171922296777,0.0024399548795919195,0.49812762719997655,0.2165679738066784,0.2682255584742945,0.0024403496018761362,0.002439669796108086,0.0024397293882583927
doc55,0.21164176146366429,0.0016396847383082429,0.2806952191942179,0.00163980246678855,0.023877758506458898,0.0016396187085668242,0.27113091430212677,0.0016397825752894302,0.0016400193370031185,0.20445543870757596
doc56,0.0030309495080683008,0.10292549282367522,0.0030312408962561996,0.0030309684249538948,0.0030311480842793886,0.003031129273414136,0.8728265081614508,0.0030308840959228198,0.0030308921377750235,0.0030307865942041903
doc57,0.25801654420197123,0.09853904750547102,0.001515664813268616,0.001515421598936042,0.0015153575964430943,0.0015154585564135829,0.21103542195319888,0.0015153342852142152,0.00151554246491393,0.42331620702416956
doc58,0.0012989938320095023,0.0012990125236104376,0.0012989947499324791,0.0012989533733727817,0.23745149407978483,0.0012989349706810731,0.752156405092394,0.0012990283869286918,0.0012988768240040866,0.0012993061672820327
doc59,0.21345146298892523,0.07317359862890628,0.12302879264951831,0.000675861937944416,0.000675829635934159,0.39156775940947525,0.0006759281302498375,0.0006758175625962586,0.19539911628399406,0.0006758327724562453
doc60,0.0012823345956951,0.44667120749569944,0.5430706832234344,0.0012822757370769247,0.0012821818277174094,0.0012823410403910505,0.0012823186976899873,0.001282199213392375,0.0012822399614673722,0.0012822182074357558
doc61,0.0006495100285126174,0.695911568471693,0.29889239578726023,0.0006495259347044982,0.0006495100969575315,0.0006495438608222563,0.0006495477763519972,0.0006494936535764604,0.0006494764313655433,0.0006494279587559637
doc62,0.1198373931694852,0.5089672288315624,0.0011630826758197684,0.0011631165130099766,0.0011630553089177359,0.0011630959696429647,0.0011630878770146535,0.0011629446491643247,0.17281279223690907,0.19140420276847375
doc63,0.0013516634371843485,0.32281910370292805,0.0013516854936956723,0.001351825477768382,0.27286664221682005,0.12276389420317188,0.0013517077570467943,0.035794268943826105,0.001351604737862736,0.23899760402969605
doc64,0.0009438448661256551,0.0009435585190784113,0.0009435637533028304,0.0009434744569860001,0.0009435677395707255,0.0009435072155696618,0.056586748744963916,0.8778492209421049,0.0009436160381521305,0.05895889772414591
doc65,0.0009438448661256551,0.0009435585190784113,0.0009435637533028304,0.0009434744569860001,0.0009435677395707255,0.0009435072155696618,0.056586748744963916,0.8778492209421049,0.0009436160381521305,0.05895889772414591
doc66,0.0010418195387596853,0.0010418627843540537,0.0010418666615258875,0.0010417993332128607,0.0010418085535824875,0.0010417724811758236,0.0010417908320755375,0.0010418052576317554,0.001041861939642837,0.990623612618039
doc67,0.026472664372494393,0.22061435512615263,0.32527757626501325,0.0006136197258211957,0.0006136021310286825,0.0006135792150047967,0.0006136129178462528,0.0006135544285577736,0.4239538110551622,0.0006136247629187047
doc68,0.002222754980903791,0.19406456245201056,0.00222249515230892,0.0022224911796225643,0.0022225170778082,0.0022228390040439556,0.00222263503421472,0.002222710095255265,0.0022227824559430858,0.788154212567889
doc69,0.12840377811369363,0.3256422884294288,0.32877265337158446,0.001282353613168565,0.0886201620337387,0.0012822892815189195,0.1221495849287073,0.0012822226329095342,0.0012823842739643043,0.001282283321285792
doc70,0.0021283058831416267,0.002128264991470939,0.2868610034209147,0.5686483374006903,0.12959311419499936,0.0021283086269986906,0.0021279282622077692,0.0021280836489695307,0.0021283133529681687,0.0021283402176387775
doc71,0.0009711685610562995,0.29080466008791006,0.0009712385940576591,0.6066846758498097,0.09571276769013193,0.0009711435837982285,0.0009710868849691698,0.0009710048413579608,0.0009711108254724056,0.0009711430814365813
doc72,0.0009525502527651754,0.14795073276391837,0.0009526732356762465,0.7202047882301059,0.0009526611788601104,0.0009526590854771011,0.1251757368431543,0.0009530049964201637,0.0009525818446693673,0.0009526115689532596
doc73,0.0019236653262786638,0.001923504004593849,0.1793264734161456,0.0019236895595939475,0.0019235730978408778,0.0019234656339181787,0.06892667283318413,0.0019234598437259788,0.5766115191189674,0.16359397716575147
doc74,0.003125497899358627,0.23501529939467997,0.7399806117271064,0.003125286437359972,0.003125219414182132,0.0031255091427973202,0.00312522383738154,0.0031251329733479657,0.00312597155569809,0.003126247618087884
doc75,0.4006853475721803,0.17332046143965296,0.3837256973508424,0.0012502837159480643,0.0012503560769879785,0.0012503143183512872,0.0012503017876287755,0.034766665958829275,0.0012502769611356184,0.0012502948184434717
doc76,0.0012196391860042257,0.0012199230158221335,0.0012198039868385596,0.1264571643667232,0.0012197680088016011,0.001219825765377495,0.0012197787901433452,0.0012196473686491714,0.8637846900086011,0.001219759503039226
doc77,0.0014710032472256905,0.0014709851294892643,0.4684537509303594,0.001470839214117369,0.001470861220249637,0.0014708982736346852,0.0014712462652786559,0.0014708250439538308,0.2927251603171375,0.22852443035855383
doc78,0.0010418759773350734,0.001041985269753432,0.001041962557276883,0.0010420233920351326,0.13723111263116364,0.0010419787270161314,0.05857469649477944,0.0010417798959136636,0.7969006664931624,0.0010419185615642406
doc79,0.23131641592680538,0.3789010476854988,0.16379018627285066,0.0012662457933876588,0.06779339194139018,0.00126615611315609,0.0012663056181206821,0.1518679953885927,0.0012661494229947794,0.0012661058372030463
doc80,0.36032032198265845,0.0024398515791400513,0.303463584748331,0.002439606706669592,0.00243963006074007,0.0024396567392284806,0.0024397146513864534,0.0024399148705863466,0.002439646843239984,0.31913807181801956
doc81,0.18210502255542269,0.2215532943816597,0.09415832046308875,0.0010528522244642035,0.001053014530531298,0.3716993183982741,0.0902086762804761,0.001053080701550418,0.0010529470303416708,0.03606347343419121
doc82,0.09866543967438296,0.0020413722187061427,0.29622571913648765,0.0020413526111090793,0.07839475890712276,0.23972468471295585,0.1922209920430371,0.0020411226326766748,0.0020413622783810297,0.0866031957851406
doc83,0.001234870866362699,0.27755066059679245,0.44237425227147326,0.001234900182117654,0.0012347692615960442,0.13519109768675508,0.050663457380312485,0.0012347067643373453,0.0012349202335464834,0.0880463647567066
doc84,0.3904868890494086,0.0029418193689973293,0.0029413689770112516,0.002941934097844893,0.002941532961259054,0.0029415261105821943,0.0029418814021205607,0.002941531294155703,0.5859790135523401,0.0029425031862802477
doc85,0.0013337033062303702,0.0013336866798586183,0.4512621846300947,0.24079929445123652,0.06428114533890304,0.17462534292397214,0.0013336979049127441,0.0013334847767203669,0.062363827332847066,0.0013336326552243589
doc86,0.11044164224209062,0.0014290755531947345,0.7575317689283401,0.0014289276927392206,0.12202377391403293,0.0014290018681897,0.001429058577988761,0.0014287930011715228,0.0014290968577261298,0.0014288613645262853
doc87,0.0023813176202936996,0.0023816540774177475,0.2027862925734911,0.24620697129566868,0.22106813163398953,0.002381668999348362,0.21518510814319558,0.002381329121196328,0.10284599565736625,0.0023815308780327266
doc88,0.004167510278763121,0.004167817156453951,0.24599421556177725,0.004168277614092665,0.5850369770828667,0.13979557906232504,0.004167592295152489,0.0041668723372155604,0.004167585994630119,0.004167572616723009
doc89,0.0017546585083113636,0.20136223183834884,0.7846006128355083,0.001754623814328749,0.0017545841192635313,0.0017546206250728268,0.0017545536419867206,0.0017545327260339368,0.0017547229948675304,0.0017548588962783187
doc90,0.0027783297284377103,0.002778513904703783,0.9214589450105112,0.0027781944708504852,0.0027786101315519112,0.0027784599953354196,0.05631425114990989,0.002777867661888206,0.0027783841938835356,0.0027784437529278215
doc91,0.2262454742193832,0.21366943449649206,0.0010755825094020436,0.27912277718285006,0.08161596510115096,0.19396875045871315,0.0010755317257234555,0.0010754202234324484,0.0010755171886189599,0.0010755468942336604
doc92,0.3877869990484249,0.0022230218635898528,0.2370816360872494,0.002223371268123547,0.002222739846734805,0.002222655998178318,0.0022227043752048275,0.0022223724040000364,0.002222807283994439,0.35957169182449983
doc93,0.0008132039443638281,0.14888149563320363,0.4481436618553066,0.0008131793207317201,0.08011133071749796,0.0008131327211599453,0.0008132173414741588,0.3179844523783496,0.000813201849929295,0.0008131242379833521
doc94,0.0006330957595393496,0.0006330987097694911,0.3177174210096714,0.0006330615157571629,0.0006330271252068324,0.0006330215836761994,0.0006330280038549882,0.0006330101839231242,0.2575839309531113,0.4202673051554902
doc95,0.6760288287338303,0.001470956138794431,0.0014709506168927315,0.0014708729112485166,0.0014709105268229088,0.0014709057304504204,0.0014710408282404054,0.0014708148337357287,0.0014710441976166807,0.3122036754823679
doc96,0.001234899969558869,0.0012349215848281672,0.0012347783129575374,0.0012348413087085465,0.4928083507633654,0.49731284822814853,0.0012349271946007995,0.001234642156524489,0.0012348747637792102,0.0012349157175284024
doc97,0.0008335584273183657,0.0008335742324676219,0.0008335926442133876,0.18993406981355518,0.000833498818023923,0.0008335578592047669,0.11656458723702637,0.0008334995208756159,0.3227020988351032,0.3657979626122116
doc98,0.0008477432134347103,0.21337852786873318,0.000847620589857738,0.0008476469223824488,0.0008476819135785107,0.20220444143433672,0.0008475922578354252,0.0008475494825968408,0.26467779774247935,0.31465339857476504
doc99,0.0014708991003049444,0.0014708926426074658,0.0014708999711095896,0.001471059321332379,0.0014707676347479484,0.0014710030901854442,0.9867618751931032,0.0014709416163292508,0.0014708528590302898,0.0014708085712493613
doc100,0.26498468843420686,0.0008406156984813507,0.0008406114468838302,0.3807522470660103,0.0008404875282974158,0.0008406941475812265,0.0008405414008785058,0.0008404474479385796,0.3483791817086494,0.0008404851210724487
doc101,0.001639801730996397,0.0016397097183361406,0.0016395589135356095,0.0016398429012702725,0.20534980338978184,0.0016397416274540589,0.4428120652785602,0.0016394756840809588,0.0016397658597576466,0.3403602348962268
doc102,0.0007464105916312422,0.0007464496589368847,0.28297641667488055,0.0007464083714344504,0.05089032221868335,0.0007464429284480108,0.5202359001913361,0.0007463833573365106,0.0007464695100743237,0.14141879649723849
doc103,0.002174496569025391,0.13178266869373206,0.0021745037539366322,0.524537012907388,0.0021747172402509837,0.0021746092615050456,0.3284582410065698,0.002174712536038564,0.0021745303357167366,0.002174507695836798
doc104,0.0016396991864648712,0.0016395437260340036,0.0016397964519760284,0.0016396313465373456,0.0016397076719027537,0.4511878708214306,0.5105152016031776,0.02681923443499848,0.0016397155667361462,0.0016395991907421075
doc105,0.0010641335928685601,0.21118465167525705,0.10290946228180722,0.0010640304946039618,0.3785276060069632,0.0010641735741514194,0.30099355861491534,0.001064057564090326,0.0010642030024747772,0.0010641231928680604
doc106,0.0017246333259509704,0.09818054583888541,0.001724622118077905,0.001724546854298007,0.17059699596918573,0.0017248237878486467,0.5600579246968266,0.0017244598197056784,0.001724530711525971,0.16081691687769506
doc107,0.0021283058831416267,0.002128264991470939,0.2868610034209147,0.5686483374006903,0.12959311419499936,0.0021283086269986906,0.0021279282622077692,0.0021280836489695307,0.0021283133529681687,0.0021283402176387775
doc108,0.0006804903736471001,0.0006804649497021023,0.000680508674056985,0.29237001467873613,0.0006805237188861537,0.09853836424255298,0.0006804347352095887,0.0006803383179656637,0.6043284059702865,0.0006804543389568353
doc109,0.0017246138306183645,0.15078544141059225,0.0017246391261174319,0.001724477295882291,0.32571782807295524,0.0017245857916935558,0.4269765807984908,0.0017247050769365604,0.08617263593009963,0.001724492666613846
doc110,0.1010910212075682,0.0015627961608444907,0.2722548442880827,0.0015630235010840275,0.0015628083202463524,0.0015628366826076162,0.16816247306801543,0.0015626183505531323,0.05230268580640878,0.39837489261458914
doc111,0.3495312262677094,0.0027032384335109695,0.0027036387728430725,0.0027032995418828573,0.0027035245342198143,0.0027037305466305317,0.46477525077923226,0.002703148341468228,0.1667696888453579,0.002703253937144822
doc112,0.4834812254844285,0.0013161076807568673,0.04084422899997906,0.07732350545792205,0.0013163739827668673,0.0013160817768125869,0.2381201846771907,0.0013159928724763837,0.0013161417078099873,0.15365015735985676
doc113,0.002127960024690156,0.002128046963938357,0.0021279081475852526,0.1162149534750786,0.0021282895257327757,0.0021280730127676995,0.8256576004755771,0.0021283433023792805,0.04323082380121291,0.002128001271037767
doc114,0.0016398292550053588,0.001639762223398704,0.0016399701936076463,0.09071970854480095,0.037087605671091796,0.6132378806920731,0.20128479508625313,0.0016395578332443765,0.04947135816341181,0.001639532337113203
doc115,0.0015388592184700277,0.0015388447859550178,0.0015388634500179115,0.001539121071427639,0.0015390269201689833,0.24309285611218717,0.33061121484227346,0.001538661587516826,0.0015386821754702195,0.41552386983651274
doc116,0.1345987159936255,0.09156247414919687,0.12353123495260263,0.0518800360506314,0.0006370540891014481,0.5952420397757121,0.0006371410706909759,0.0006370075520252699,0.0006371760548138992,0.0006371203116001111
doc117,0.0014931016768957004,0.0014929756995017511,0.1040562392400884,0.08531415824233629,0.0014928852188727203,0.0014928999526534193,0.30963989266175995,0.0014926260091169604,0.49203236154306484,0.0014928597557098146
doc118,0.3889455940010033,0.0012503788585461449,0.13820269597682916,0.3777414754574383,0.08760830912830597,0.0012504100149564397,0.0012502058814801735,0.0012503148872201055,0.0012503868311983973,0.0012502289630218855
doc119,0.3172501420560868,0.45322254497526815,0.0007196085167926162,0.11937546114944712,0.0007196379010447307,0.0007195845630622847,0.00071964353904755,0.000719502569473613,0.00071964358984164,0.10583423113993543
doc120,0.0010529698634679614,0.9905237222759001,0.0010529284145505825,0.0010528117582509708,0.0010528714773997997,0.0010527594057948531,0.0010528552332349584,0.001052724523683868,0.0010528141107183377,0.0010535429369984976
doc121,0.00555704247927285,0.2833282533903717,0.0055572583801004,0.005556740250234637,0.005556418865917929,0.43978531811185634,0.005556184869164741,0.00555608039836943,0.005557544348588735,0.23798915890612315
doc122,0.0005001441163224711,0.23944204633312435,0.5129521507566441,0.0005001173140263977,0.0005001189969408832,0.19245162465551374,0.0005001441333308855,0.0005000961206223113,0.0005001553095081182,0.05215340226396685
doc123,0.17270190032999774,0.3188732236784352,0.002857976423004243,0.0028576902390193737,0.002857876585942911,0.4063780157224532,0.0028577444882570925,0.08490001704784443,0.002857735625050286,0.0028578198599954396
doc124,0.0025645142708171052,0.0025647960709270813,0.8571769085518556,0.0025645891321622164,0.0025646703179194453,0.0025648716390149606,0.07376703369479727,0.0025647479007528105,0.0025645042793471366,0.051103364142406425
doc125,0.0009805210308352344,0.0009805594987008295,0.0009806545224181095,0.0009806200294708708,0.0009805399476053968,0.0009805892176014748,0.0009804571084391512,0.991175116139017,0.000980491483593391,0.0009804510223186417
doc126,0.0009805210308352344,0.0009805594987008295,0.0009806545224181095,0.0009806200294708708,0.0009805399476053968,0.0009805892176014748,0.0009804571084391512,0.991175116139017,0.000980491483593391,0.0009804510223186417
doc127,0.002000637324656881,0.0020006290182157473,0.002000599956720496,0.002000521271116984,0.4542092838618278,0.11979763866930496,0.3118452991064232,0.002000199349887156,0.03955231677448452,0.0645928746673622
doc128,0.0018185729306020306,0.0018187685485045668,0.001818793918277924,0.0018187781715080383,0.0018188689146679765,0.5140755728971892,0.0018188455771992516,0.001818297678911472,0.4713750157627073,0.001818485600432233
doc129,0.0007520869103686271,0.0007520727758114066,0.000752009680683707,0.5023311276326335,0.29131894285469995,0.0007520501006614437,0.13806160227682485,0.0007519719481001155,0.06377608529441373,0.0007520505258026148
doc130,0.22064346825052567,0.008334612697334789,0.008334929846414513,0.008333855326450779,0.008334538537341127,0.008335679149288866,0.7126767267052085,0.008334874955963687,0.00833662280362576,0.008334691727846351
doc131,0.23947043289029107,0.1595548897273597,0.0007815164959207212,0.2551986889698832,0.0007814299820387124,0.0007814480797106838,0.24390768078823974,0.0007814936622792351,0.09796100231319332,0.0007814170910836808
doc132,0.0006136389808357211,0.0006136527685783415,0.0006136490146781131,0.0006136382512146291,0.0006135944980123939,0.000613595524878403,0.0006135856595497007,0.000613576826034936,0.0006137547229565922,0.9944773137532612
doc133,0.0014088491319329964,0.39150844936377804,0.0014088217302489097,0.0014087037965751364,0.3186337359737648,0.001408881524874842,0.001408887885648785,0.2426587405624603,0.038746153181647494,0.0014087768490686613
doc134,0.0906749050233138,0.0014089249511273516,0.5860580991314472,0.0014089231917099384,0.05089565991728534,0.001408737224693679,0.0014087160882654307,0.0014086440880756142,0.0014088914707472166,0.26391849891333446
doc135,0.16900134146091234,0.0004485605142256526,0.6581838723902292,0.0004485492398141222,0.00044853671207588386,0.06205495660724643,0.019835459040207788,0.0004485143723191132,0.0004485244891602707,0.08868168517380928
doc136,0.0013703142968049913,0.08715221406124771,0.0013701253358630369,0.5204244223956931,0.0013703226095612923,0.17784529943175284,0.0013702422295672955,0.0013699915202234098,0.20635674945074065,0.0013703186685455
doc137,0.00045057274085489674,0.21724193779102374,0.1399768372363837,0.0004505888367545236,0.05202574126128609,0.18600805454281077,0.0004506019996465914,0.000450528240150328,0.3173353925036757,0.08560974484741365
doc138,0.0485553802096891,0.0005849812850200955,0.8456517660789388,0.0005849391416796214,0.000585024622496515,0.049357596020319375,0.0005849711605932575,0.0005849006505104066,0.0005849847663761654,0.052925456064376715
doc139,0.42630835779334314,0.0023261919801650256,0.002326224227080291,0.0023262891838560455,0.5550820172518302,0.0023259967598926543,0.0023261944116386812,0.002326004836852707,0.0023263594359295464,0.0023263641194117774
doc140,0.10919697884916342,0.001428988000910009,0.16159622898491735,0.001429040672991341,0.4040849715287624,0.0014288988834347315,0.316548324828188,0.0014287179948357144,0.0014289850124862204,0.0014288652443106217
doc141,0.056597246562915204,0.0005748688459765572,0.633677573608849,0.0005748358170455728,0.031243286108377327,0.0005748484854616167,0.0005748936960983181,0.0005748116915592964,0.27503270641709077,0.0005749287666263732
doc142,0.05197705863701521,0.0008335044007795694,0.0008335140054362355,0.0008335148623973504,0.0008335116596632622,0.5386390417941483,0.16795250702214978,0.0008334694163167289,0.0008335833250512171,0.23643029487704237
doc143,0.0010002702330801031,0.3260183158188316,0.0010003045171674712,0.0010002784561773232,0.527787507750908,0.0010003484150958243,0.0010003612965841058,0.1391922506391649,0.0010002646091670214,0.0010000982638234946
doc144,0.19203481311875312,0.5466569018070576,0.0014929644858598756,0.0014930798477851657,0.0014929789478629412,0.2508579240321557,0.0014929292085432545,0.0014928794714893145,0.001492753778485722,0.001492775302007105
doc145,0.0015156210934897019,0.0015156295734490353,0.6958195280578733,0.0015154028271057683,0.0015153079429011502,0.17928463137621614,0.0015155252892999538,0.001515505399213196,0.0015158417831177139,0.11428700665733393
doc146,0.08646204166927056,0.15644127554305529,0.25611209703890847,0.3431939037410606,0.0013701897798988557,0.15094000233597082,0.001370128040978659,0.001370014204506394,0.0013701917834143089,0.0013701558629359441
doc147,0.0017246769665824327,0.0017246387040270534,0.2898405633984687,0.0017247187742604213,0.0017247698169989877,0.10948145359015057,0.271544484283768,0.06963422639533148,0.0017245536862098628,0.2508759143842027
doc148,0.0012348265182833566,0.137578208223975,0.8525427391503985,0.0012348215778939344,0.0012350173846683691,0.0012350100105565965,0.0012350666160601876,0.0012349046577115393,0.0012347617159651437,0.001234644144487218
doc149,0.1441747492921004,0.0015389192502297594,0.3726478721868634,0.0015387565276155871,0.0015387190247679152,0.0015387948514604295,0.0015387975141308381,0.0015385971308805354,0.3155935130327818,0.15835128118916914
doc150,0.0010991123322621281,0.08628230295504614,0.7680412324363404,0.0010990608702771611,0.0010991293184808356,0.0010993366421095023,0.0010991609414034863,0.06807636209644048,0.0010991936541387317,0.0710051087535012
doc151,0.001299007099942197,0.0012990641544136105,0.9177871500049251,0.0012989391573561841,0.0012989215368427371,0.001298958971466591,0.071821370370149,0.001298831842548672,0.001298884104170259,0.0012988727581856397
doc152,0.0007094268415572572,0.09206041746335912,0.0007095042398298509,0.5340501418808844,0.11636836158757952,0.000709410202706893,0.08634714902993085,0.0007094854128871817,0.1676267026539927,0.0007094006872721805
doc153,0.003125497899358627,0.23501529939467997,0.7399806117271064,0.003125286437359972,0.003125219414182132,0.0031255091427973202,0.00312522383738154,0.0031251329733479657,0.00312597155569809,0.003126247618087884
doc154,0.2262454742193832,0.21366943449649206,0.0010755825094020436,0.27912277718285006,0.08161596510115096,0.19396875045871315,0.0010755317257234555,0.0010754202234324484,0.0010755171886189599,0.0010755468942336604
doc155,0.10584709518684912,0.09980773036775543,0.4244937104724614,0.0005588543173084933,0.2277725606136753,0.0005588353011932912,0.0005587922485828824,0.0005587262384762139,0.13928491977348006,0.0005587754802178937
doc156,0.0008132039443638281,0.14888149563320363,0.4481436618553066,0.0008131793207317201,0.08011133071749796,0.0008131327211599453,0.0008132173414741588,0.3179844523783496,0.000813201849929295,0.0008131242379833521
doc157,0.47624704508468324,0.001020735849187661,0.0010207621260406425,0.0010205939045495305,0.0528418409446691,0.0010207920492503583,0.0010206687156760186,0.001020696819691121,0.1586070893960682,0.30617977511018396
doc158,0.1265244640468812,0.0769470717525719,0.0011907791378429427,0.0011906936830992658,0.0011907107139627756,0.0011906715393294389,0.0011908260702004573,0.0011905830067961334,0.3085411631941279,0.4808430368551879
doc159,0.0999817046243129,0.1907703368222607,0.0010421856108813394,0.001041959389435885,0.001042112788014137,0.5488144011134664,0.0010419404236609929,0.0010422182000272581,0.15418119310772477,0.0010419479202156817
doc160,0.0017246333259509704,0.09818054583888541,0.001724622118077905,0.001724546854298007,0.17059699596918573,0.0017248237878486467,0.5600579246968266,0.0017244598197056784,0.001724530711525971,0.16081691687769506
doc161,0.0012196391860042257,0.0012199230158221335,0.0012198039868385596,0.1264571643667232,0.0012197680088016011,0.001219825765377495,0.0012197787901433452,0.0012196473686491714,0.8637846900086011,0.001219759503039226
doc162,0.0011239746902978053,0.0011238468497451108,0.0011238108305851523,0.0011240552908970524,0.05608357673688792,0.3433334027826743,0.0011239856553096495,0.0011237034264226227,0.5405278279169728,0.05331181582020728
doc163,0.001389192852750308,0.0013892109326025539,0.0013892026498129905,0.8131740538169031,0.0013891645255024291,0.0013891374992964973,0.0013891525369891763,0.0013889764586654558,0.0013891416658420297,0.17571276706163547
doc164,0.0008002098548896861,0.07674398854165645,0.0008004083306572012,0.0008002363162743918,0.000800162948596584,0.0008002125802538593,0.916854403107679,0.0008000838552633868,0.0008001476409632118,0.00080014682376623
doc165,0.48249275739640685,0.226806882314091,0.0008852066180651668,0.0008851718787491036,0.0008852829547364147,0.11961708306647006,0.0008852261446648907,0.0008850715949253408,0.16577222784058915,0.0008850901913021222
doc166,0.001538825843154728,0.1351691794332353,0.00153882347594165,0.0015388290809599272,0.20869829936695475,0.0015387914533907974,0.619652922436708,0.0015386762478470817,0.0015387058229745425,0.027246946838833292
doc167,0.002326273193691127,0.0023260496599294815,0.0023260371362790536,0.0023260092004851714,0.12191089461499009,0.0023260324042488154,0.8594804572120638,0.002325833669002168,0.0023262166398121116,0.002326196269498285
doc168,0.24643488161344365,0.0009711716075801372,0.0009710427416567005,0.5965166616432911,0.0009711698253266554,0.000971000533004428,0.0009712179941116914,0.0009710080367028176,0.15025080173208902,0.0009710442727939943
doc169,0.2319873330666192,0.002174291179910195,0.5374148945739889,0.0021743902967873885,0.1315463930282354,0.0021741554659755313,0.002174778959431072,0.08600477259790533,0.0021743223997305002,0.002174668431416482
doc170,0.0004445264583057583,0.00044458840103248976,0.0004445837732233815,0.9004636878369833,0.00044456198970952446,0.0959798725985307,0.00044455195135935746,0.00044446596914250703,0.00044458159473994023,0.0004445794269732844
doc171,0.004349180118519506,0.13286114471333835,0.0043495281858503525,0.0043493605367721615,0.07647420972776038,0.0043489564809761445,0.4890368247701735,0.004349513805634516,0.004348833489190874,0.27553244817178413
doc172,0.0018875417803135464,0.0018870356316466278,0.09376216506020578,0.001887350367064116,0.0018870672123446578,0.0018869113766884465,0.10522188505925546,0.0018871970618947256,0.0018874464379192428,0.7878054000126674
doc173,0.30499625684372383,0.001852394161850558,0.0018522992790880595,0.001852423368588392,0.49031588994775405,0.0018522055878147125,0.12278101813153094,0.0018522385739175608,0.07079308233953968,0.001852191766192063
doc174,0.001075603456744214,0.0010756007940730906,0.0633705433653432,0.0010756084996451005,0.39525220606641814,0.0010754976017950913,0.3857767472842821,0.0010757029310921888,0.0010755588457107112,0.14914693115489613
doc175,0.3234997991212913,0.0012504091935560744,0.0012503549401314572,0.001250482819504277,0.21675691436851519,0.4509907306013895,0.001250265900317989,0.0012502546889274204,0.0012503410559232904,0.0012504473104433841
doc176,0.24498750185153806,0.00031161951037431395,0.3599183156209336,0.00031161704651601053,0.25684333736614035,0.08989472991008488,0.00031162129158600197,0.00031162136930247943,0.04679801000236114,0.00031162603116310694
doc177,0.0011766282611693699,0.0011767379410240787,0.9626930662721092,0.0278934294244407,0.00117687274231002,0.001176661454962053,0.00117669056170904,0.0011767707647442002,0.0011765968107594756,0.0011765457667717765
doc178,0.2508317926396173,0.6625886644097642,0.0014290876668494232,0.0014288105505339314,0.0014288308837229655,0.0014288473487027154,0.0014288196697517324,0.07657743747794428,0.001428923492922013,0.0014287858601914943
doc179,0.0014087174120178507,0.24404453512217356,0.547622655565525,0.0014086961916438695,0.1984718939823136,0.0014087217874274765,0.0014086508671583512,0.0014089275377359742,0.0014086618694753568,0.0014085396645288754
doc180,0.000617391777044466,0.0006174328169287959,0.0006174158021894138,0.0006173847027619859,0.0006173749411873959,0.0006174515657084207,0.0006174620928749885,0.0006173436621963376,0.04902529482280333,0.9460354478163048
doc181,0.35502546321875367,0.0015628337543877203,0.0015630205483224355,0.632471054447424,0.0015629203906941413,0.0015626617080644362,0.0015628311513734517,0.001563136113497058,0.0015629246184616153,0.0015631540490213729
doc182,0.0029421135459944906,0.0029419702593114186,0.5147870211911577,0.002941767178933349,0.0029420891632439823,0.2364266610316484,0.22819222531667813,0.00294168093991749,0.002942341972875474,0.0029421294002395107
doc183,0.0009805807116753254,0.0009805689972956198,0.0009806193841346148,0.000980586959414017,0.000980466944307248,0.000980542258448574,0.0009804956809296688,0.9911751393157895,0.0009805000458198202,0.0009804997021858118
