,topics0,topics1,topics2,topics3,topics4,topics5,topics6,topics7
doc0,0.00046347450465464063,0.6726404234027611,0.0004635208825945245,0.25851229654866364,0.022005785458210927,0.0004634959518593077,0.04498752737137519,0.00046347587988069015
doc1,0.0018943156256450808,0.0018944665896535086,0.0018943965483059538,0.001894492418968603,0.0018942337007496416,0.2716261313748884,0.15294607525602846,0.5659558884857604
doc2,0.13912033500410653,0.16239917359733483,0.003247584621466764,0.0032484986955672894,0.2459853370851375,0.4395033691150668,0.003247993216642637,0.00324770866467767
doc3,0.0015677982812514646,0.5968331700938039,0.0015676667016328615,0.1896320216961688,0.0015676878102970273,0.2056962615561721,0.0015677618024393593,0.0015676320582345496
doc4,0.00032389618653783764,0.8517180561840808,0.000323921695939094,0.000323915220333697,0.0003239224543243151,0.00032393443281611374,0.14633842903305186,0.0003239247929163541
doc5,0.0004885090553173784,0.0004884466015893907,0.017316656564242115,0.13370914851037852,0.4632433690673588,0.0004883938801889908,0.3837770476399047,0.0004884286810200729
doc6,0.004387163435512493,0.0043869109571252375,0.004387255659043367,0.004387135047429616,0.004386801824643085,0.00438674845674547,0.9692917802640412,0.0043862043554594825
doc7,0.0009279689238917215,0.0009278509428278471,0.2596298392459899,0.7348029497297769,0.0009277834401922053,0.0009278435408002631,0.0009278595762725697,0.0009279046002485204
doc8,0.0008867499637835143,0.2172020063945649,0.241760957879607,0.5366034285126384,0.0008867019469904705,0.0008866712315132259,0.0008867942284177209,0.0008866898424845978
doc9,0.1794263258090365,0.0016728301038010755,0.5333766895128532,0.2788335635585255,0.0016725412986526597,0.0016725772978234646,0.0016727729688388088,0.0016726994504687826
doc10,0.0011794441387337944,0.0011796739380472614,0.8516156689293192,0.11412792088008564,0.02835879937566013,0.0011794521445382632,0.0011795530681462897,0.001179487525469626
doc11,0.0005889977397584546,0.0005890936675266742,0.9958764761538913,0.0005889993118682573,0.0005892428197683975,0.0005890470419567595,0.0005891164172467734,0.0005890268479831883
doc12,0.0008420243858238108,0.0008418968851607064,0.21654696467076875,0.06865995302367094,0.0008418768747239473,0.17393527248859508,0.2740118158878012,0.26432019578345556
doc13,0.9935649449654892,0.0009193182982778475,0.0009192959603641783,0.0009194134823529129,0.0009192762131012918,0.0009192189275232875,0.0009192551446551109,0.0009192770082362925
doc14,0.9935649449654892,0.0009193182982778475,0.0009192959603641783,0.0009194134823529129,0.0009192762131012918,0.0009192189275232875,0.0009192551446551109,0.0009192770082362925
doc15,0.0023367617661915175,0.002337075411187136,0.5957668935660423,0.3902108785030258,0.0023370057326801198,0.0023370342742848756,0.002337094374497185,0.002337256372091116
doc16,0.00078259635158557,0.15075410725059935,0.18170254702665128,0.5947821515615672,0.0007826583308157054,0.0696306167290301,0.000782645498729487,0.0007826772510212474
doc17,0.0008348810171155141,0.6508884926900877,0.07359752445730251,0.27133934858341513,0.0008349450306906612,0.0008349634784569258,0.0008349307440576732,0.0008349139988739364
doc18,0.0009278751737695807,0.0009278412194027404,0.7643972015276682,0.14797548672381672,0.0009279218822700625,0.000927826125206117,0.0009278661510758976,0.08298798119679078
doc19,0.0005531796688083019,0.0005532122288091368,0.5485549671212155,0.0005532550249087022,0.3148366605080405,0.06586510197356958,0.0005531984213637474,0.06853042505328444
doc20,0.003597298962996061,0.003597625279317249,0.9748141431060865,0.0035985095495255676,0.003598330247242668,0.0035983490134900956,0.0035978716307506968,0.0035978722105910734
doc21,0.0013932869837039088,0.14463672921018214,0.41090364848833405,0.3252610168968185,0.0013930477068843895,0.001393181132614279,0.001393197623099869,0.11362589195836298
doc22,0.0030490250054277662,0.003049138460928495,0.8078021359658633,0.003049145459319371,0.003048999952896872,0.0030497095950077833,0.0030491024040191416,0.17390274315653734
doc23,0.0008713103685324673,0.000871295619051086,0.0008713257207422393,0.0008713366225019145,0.0008713216231994659,0.2529794442516012,0.26836521933761853,0.4742987464567531
doc24,0.09218108548326337,0.0017925686425314283,0.6393375612618472,0.001792666369929287,0.0017927324048750966,0.1754885216020966,0.08582218952215827,0.0017926747132988195
doc25,0.0037319046812387814,0.003732471094044029,0.6652938370736301,0.003732340342829394,0.0037319593216785206,0.20488105358926786,0.11116430098369902,0.003732132913612196
doc26,0.0012081234312452175,0.001208172157235946,0.001208134478346947,0.0012080131360503682,0.1440000829176798,0.14580110128477242,0.7041582249897544,0.0012081476049147907
doc27,0.0010227130012067653,0.0010226818441857897,0.0010228455595951429,0.24185863306128402,0.0010227744662000822,0.26929721281659535,0.483730287188245,0.001022852062687792
doc28,0.0027181622370286485,0.13830911851156422,0.002718154175619187,0.0027181480775956036,0.0027183283951801086,0.45174025138659557,0.2902563040868207,0.10882153312959593
doc29,0.0025129954855527903,0.6715769043412702,0.0025129911054536276,0.0025131652689504755,0.0025135419163622367,0.002513011950421852,0.24910250510305806,0.06675488482893084
doc30,0.027144916963467807,0.09789027968269327,0.08728248916420359,0.0004956867789390439,0.0004956698449729511,0.44652005507521114,0.33967520424748887,0.0004956982430232647
doc31,0.000503127313285358,0.0005031626167458497,0.15277700802479868,0.0005031999449126345,0.07105267278324295,0.5377818607798212,0.0005031938676653833,0.23637577466952805
doc32,0.07647709967951348,0.03370667375491294,0.09536455628958769,0.7335776353891353,0.0010332750328082623,0.0577735624701033,0.001033473842941504,0.0010337235409975684
doc33,0.0011262668019032935,0.0011263434643468764,0.331520206067025,0.0011264816690979675,0.6087839068041103,0.0011264145956014816,0.0011263525747540874,0.05406402802316111
doc34,0.0004958007817286341,0.0004956671959445432,0.0004956575285439972,0.08044135359175908,0.0004956761337123783,0.18671352231749966,0.22558931879067243,0.5052730036601392
doc35,0.0012080063655964437,0.2823505348536856,0.3479222611240872,0.2316853168743586,0.0012080725304916364,0.0012080635457037837,0.13320966049759586,0.0012080842084809577
doc36,0.0013553163057665395,0.47385602754937295,0.1947980998574182,0.0013554586145555615,0.21202609494377866,0.11389795412818104,0.0013556697398033803,0.0013553788611236958
doc37,0.0008418901707043511,0.0008420298860666849,0.13136161901834478,0.0008420617136503126,0.13243271861310638,0.5675204537421824,0.08934770935187474,0.07681151750407034
doc38,0.027198597409891796,0.0008565112775020453,0.8580965029304958,0.0008564067914778008,0.061308518477908795,0.0008564122220638865,0.0008564269857328638,0.04997062390492716
doc39,0.11127015572211724,0.2799474233206386,0.5970959970057289,0.0023373400838156413,0.002337170924636139,0.0023373969760403616,0.0023371894151152277,0.002337326551907976
doc40,0.0015435276183533766,0.0015435156920323029,0.31178242737537315,0.2512365972973704,0.0015435860169075066,0.3041792888053435,0.0015435256408724096,0.12662753155374734
doc41,0.0006143058037389292,0.2095555774629521,0.46710285890683456,0.0006144485464351165,0.07195635465470862,0.20054652901000553,0.04899551265977177,0.0006144129555533178
doc42,0.0011390606403483723,0.0011392349586436382,0.11636486162866908,0.6478249819068013,0.0011392331420270552,0.23011405421858666,0.0011392264251864936,0.0011393470797373708
doc43,0.06828679295658473,0.14879815767561114,0.08114846047256849,0.4662911145200581,0.1300183182378247,0.0005242628604161327,0.10440865130208389,0.0005242419748526962
doc44,0.0010896133078471383,0.0010895505500381215,0.0010895954608084555,0.0010896984960088452,0.0010894505689865483,0.01765786162529039,0.9758047240732367,0.0010895059177837617
doc45,0.002049978525005994,0.0020495004566145753,0.1317837805430058,0.0020494488747460817,0.0020497086014375993,0.6153856288007562,0.24258248101943744,0.002049473178996276
doc46,0.0018589403013475597,0.060721588719299634,0.0018592005807609357,0.10227153224055154,0.0018594223027074436,0.2203731035050308,0.6091968923284031,0.0018593200218988894
doc47,0.0005889977397584546,0.0005890936675266742,0.9958764761538913,0.0005889993118682573,0.0005892428197683975,0.0005890470419567595,0.0005891164172467734,0.0005890268479831883
doc48,0.0016182761774521579,0.630486839916933,0.001618630857348773,0.0016186873264362985,0.0016185905790632293,0.0016185425122308256,0.3598020969825313,0.001618335648004479
doc49,0.0010894962376637957,0.0010895632554584324,0.7628163244725132,0.09980926859101963,0.0010896509569045896,0.1319264450339703,0.001089665021800342,0.0010895864306695738
doc50,0.0009025902274513772,0.2662790147022387,0.0009027022707915824,0.5591163705312407,0.0009026614754057405,0.1700912115226925,0.0009027217030638975,0.0009027275671154951
doc51,0.0008565153861625455,0.0008563780896109371,0.4469204600552393,0.5479412268092576,0.0008564594097175238,0.0008563148682145527,0.0008563336663242294,0.0008563117154734108
doc52,0.0004932064296826485,0.0004932905775793449,0.4422204025900345,0.0004932734058931142,0.10906724989811878,0.024837270740513468,0.42190209507922727,0.0004932112789507179
doc53,0.0013198357453122938,0.14737534723473206,0.001319548052383908,0.7972603519966636,0.0013194646942710404,0.0013195724329430126,0.04876634457262072,0.001319535271073467
doc54,0.023919104768943836,0.009138547633766553,0.28626969661159896,0.0900285158793994,0.1030937225357076,0.43858796106450354,0.04869413357555815,0.00026831793052191333
doc55,0.03820817741311584,0.001269333252743986,0.7569116975932082,0.06297806650652112,0.0012697333062083212,0.0012695143879035008,0.13682412542439193,0.0012693521159070913
doc56,0.000589021755636111,0.0005891651978152248,0.0005890795091960439,0.07913887183653175,0.26092440887235085,0.12713934195061746,0.27135452896852913,0.2596755819093235
doc57,0.001054958873711711,0.17520080138851638,0.06044217010951362,0.28034331631265524,0.37724069718329584,0.10360790941942136,0.0010550765662345543,0.0010550701466513746
doc58,0.0007889034862588175,0.9107573618247367,0.0007888466447246494,0.000788911906065927,0.0007888703846147123,0.0007889249025875986,0.084509378841787,0.0007888020092247021
doc59,0.0032479154426469196,0.6380015330102329,0.003247614444098054,0.003247689135941607,0.0032474873170933944,0.0032473036778294406,0.34251327285164485,0.0032471841205128356
doc60,0.0017307021458791087,0.0017304918616662614,0.8577672821594127,0.13184924334431253,0.0017306147897973815,0.001730584559058517,0.0017306732229899796,0.001730407916883551
doc61,0.0009636317599129638,0.6240065347110653,0.0009636290579753231,0.14739090177887215,0.0009635847907559978,0.0009635521508533819,0.22378455572141126,0.000963610029153772
doc62,0.0016725711744318573,0.4662859131213152,0.46011276360281333,0.06523789222870491,0.0016726858491637655,0.0016728813105766661,0.0016726173900171988,0.0016726753229770713
doc63,0.0013026161612041444,0.09850632761224945,0.0013023705098648575,0.7450739043629285,0.0013024287800915142,0.14990770968839337,0.0013023656240022544,0.001302277261265759
doc64,0.0011658518732920388,0.001165653865552418,0.0011658371858878796,0.991839474894576,0.001165872501458208,0.0011660304558889657,0.001165596400833115,0.0011656828225112778
doc65,0.0009279689238917215,0.0009278509428278471,0.2596298392459899,0.7348029497297769,0.0009277834401922053,0.0009278435408002631,0.0009278595762725697,0.0009279046002485204
doc66,0.0003147367506970201,0.00031477753710656373,0.4904286719181484,0.08080360730978224,0.00031473990799935075,0.00031475370545260863,0.19829965048902937,0.22920906238178443
doc67,0.9935649449654892,0.0009193182982778475,0.0009192959603641783,0.0009194134823529129,0.0009192762131012918,0.0009192189275232875,0.0009192551446551109,0.0009192770082362925
doc68,0.9935649449654892,0.0009193182982778475,0.0009192959603641783,0.0009194134823529129,0.0009192762131012918,0.0009192189275232875,0.0009192551446551109,0.0009192770082362925
doc69,0.020220972118507385,0.0023928735784376934,0.0023926587696208768,0.0023927731779123424,0.0023930488148051878,0.35938326915747826,0.14334880316455853,0.4674756012186797
doc70,0.00245162758912595,0.002452046917201779,0.9828365430105452,0.002452362054700726,0.0024519256207321395,0.0024519591375588346,0.002452106532622258,0.0024514291375132015
doc71,0.0022833143160593955,0.3488658453578959,0.637432682720007,0.00228369725483533,0.0022837730979792807,0.002283522397062679,0.002283706351139422,0.0022834585050209677
doc72,0.0008948032705996349,0.0008948146026537926,0.000894690068896199,0.0008947488339774709,0.22873975295486024,0.6416003083987349,0.1251861879895783,0.000894693880699484
doc73,0.000842120972942356,0.0008419414440450086,0.210875061739482,0.1352181550465001,0.46882852866346414,0.18171037798787135,0.0008418655289572904,0.0008419486167378593
doc74,0.0022835167855429737,0.17529781555929,0.10132313152115593,0.2868193459600764,0.0022837904178297543,0.002283648010271856,0.4274249126748194,0.002283839071013626
doc75,0.0011390628352823005,0.18284336157821057,0.8103208804562718,0.0011393080293516978,0.0011394195071919148,0.0011393473405807138,0.0011392682958316625,0.0011393519572794007
doc76,0.0011521847163310254,0.22559381230654507,0.001152489320542694,0.14295567103738532,0.001152481450337355,0.0011522375807890722,0.5530262982143204,0.07381482537374912
doc77,0.0018941313800193281,0.0018943515943464465,0.0018943960919348673,0.12646618410066351,0.0018941795378464481,0.19403831582074504,0.21368788106037345,0.45823056041407084
doc78,0.000782649642860351,0.13414966634538203,0.5307528732360083,0.000782707897816683,0.0007827275480769595,0.0007826945520660455,0.33118394556636427,0.0007827352114255131
doc79,0.0005242483274081205,0.31305852967328174,0.0005242781955589154,0.000524242822870998,0.00052427182721997,0.6387253814645286,0.045594771347509416,0.0005242763416222592
doc80,0.0018944369266739019,0.0018945114878386195,0.066668422837899,0.0018946572845581053,0.14231990606961056,0.0018944745166148008,0.7815393329431356,0.0018942579336694077
doc81,0.0030493314992181483,0.11226113141710216,0.15273393217647782,0.43044338360305473,0.0030496281907528224,0.2923637094968155,0.0030495469879476384,0.003049336628631179
doc82,0.0008946404140264413,0.46665079638772494,0.5279811301081428,0.00089477856386339,0.0008946622942487903,0.0008946378411050154,0.0008946847356899829,0.0008946696551986059
doc83,0.0017924386632571098,0.42317551199656633,0.0017928690635939468,0.566068140065521,0.0017930873117034496,0.001792739616062074,0.0017925774491905093,0.0017926358341056473
doc84,0.12539246984852748,0.6562056770152616,0.1275209607165355,0.0013739814432450056,0.0013741212985704861,0.001374010738682002,0.08538492886314945,0.001373850076028473
doc85,0.0007364826266889603,0.0007365457409966681,0.21556343443324005,0.15148751924040474,0.2601822282869446,0.0007365727733043031,0.3698206102776258,0.0007366066207949176
doc86,0.0018942106811275863,0.22751917827460752,0.2799631149074419,0.0018945313120206457,0.0018944175331486643,0.42020296413300556,0.06473700279769934,0.0018945803609486363
doc87,0.0012855387777387826,0.08425613024532595,0.30538453127372717,0.0012857488003105533,0.42831290728202304,0.17690373582062113,0.0012857656052408034,0.0012856421950126105
doc88,0.0020922348631016194,0.002092696201132015,0.43779990629103416,0.002092645592517049,0.22565419238836415,0.002092799502170687,0.00209255432611411,0.32608297083556625
doc89,0.001089546375943816,0.311593329222954,0.48016985282786573,0.0010897882535713251,0.0010895799555542913,0.10776742063584559,0.09611082506775158,0.0010896576605136565
doc90,0.2488947640458409,0.0017304027746543238,0.35129051978691217,0.28241012346205674,0.11048196910684448,0.0017312963473367956,0.0017304620419569643,0.0017304624343976963
doc91,0.0005821101098289089,0.0005821903462253831,0.0005821605016724605,0.0005821549799683581,0.0005821396154863319,0.0005821337475120873,0.0005821340308098432,0.9959249766684967
doc92,0.0007061115080295218,0.0007055619982871345,0.9950614542470199,0.0007053469606244083,0.0007054240923089595,0.0007053817174807661,0.0007053562935318494,0.0007053631827174442
doc93,0.028772015759386697,0.409966744042137,0.247795549196035,0.25343075046376096,0.0006813094085432836,0.0006813577546162285,0.057990865895571155,0.0006814074799496871
doc94,0.0008014074115283136,0.0008015239906859053,0.9943893892659128,0.0008015479803131449,0.0008015597450509431,0.0008015808609299267,0.0008014820000290602,0.0008015087455499274
doc95,0.06828679295658473,0.14879815767561114,0.08114846047256849,0.4662911145200581,0.1300183182378247,0.0005242628604161327,0.10440865130208389,0.0005242419748526962
doc96,0.006329771796471376,0.006330847102400454,0.006331015270822878,0.0063313628233513325,0.006330003503764605,0.006334865495763182,0.9556829087833043,0.006329225224121916
doc97,0.0004958007817286341,0.0004956671959445432,0.0004956575285439972,0.08044135359175908,0.0004956761337123783,0.18671352231749966,0.22558931879067243,0.5052730036601392
doc98,0.0008347990517910208,0.0008348792530583386,0.25609888001345626,0.7388918363506364,0.0008348604126683988,0.0008349939786658066,0.0008348541619272586,0.0008348967777966413
doc99,0.0015434225884281023,0.6335040892143687,0.19615685077517453,0.0015435725572794177,0.0015433933524545422,0.0015438503817822994,0.1626212318596869,0.0015435892708253616
doc100,0.0005297379509010486,0.2277715423771141,0.19876150006892768,0.5708180269796007,0.0005297796069733596,0.0005297994641967257,0.0005297956526977809,0.0005298178995885795
doc101,0.0009453181024617113,0.39993923577246676,0.32314062289503914,0.16209097674742629,0.0009454256002154144,0.11104762204655212,0.0009453851970363588,0.0009454136388021428
doc102,0.02173900831553553,0.0015676697617993572,0.20799810797884738,0.0015677412435070761,0.18605766488742,0.5779343171263043,0.0015677654566424442,0.0015677252299440623
doc103,0.00046347450465464063,0.6726404234027611,0.0004635208825945245,0.25851229654866364,0.022005785458210927,0.0004634959518593077,0.04498752737137519,0.00046347587988069015
doc104,0.0008348810171155141,0.6508884926900877,0.07359752445730251,0.27133934858341513,0.0008349450306906612,0.0008349634784569258,0.0008349307440576732,0.0008349139988739364
doc105,0.001222653540368967,0.1771424784576363,0.2800281307491476,0.0012227977166561154,0.001222708848000429,0.3844408993048184,0.15349764292100274,0.0012226884623693676
doc106,0.0034727651386904737,0.00347315910813898,0.003473533725476473,0.0034730753403898495,0.06502696693234475,0.914134029245428,0.0034733336477821676,0.003473136861749396
doc107,0.00038356521776471966,0.015025602869584077,0.00038352330312955085,0.6036849584732249,0.02293035260873454,0.3471426244213079,0.010065850370919761,0.00038352273533454994
doc108,0.0010226007136380946,0.0010226998126870747,0.05327960240233582,0.6356992381510845,0.3059076938606984,0.001022804670447476,0.0010227391646392605,0.0010226212244694901
doc109,0.000963620329117011,0.17149427061924913,0.25602260337148,0.0009635784594436741,0.0009635429728769484,0.5676650804643081,0.0009636581214676727,0.0009636456620575566
doc110,0.0006813149755485387,0.0006813609499398297,0.0006813521127194993,0.49130352567089386,0.0006814053456891384,0.2755639137898934,0.11139001888521316,0.11901710827010262
doc111,0.016342865236977137,0.003980234527358187,0.4719228062120255,0.1048404515437014,0.0595718083126596,0.05484269603512576,0.07600704371044924,0.2124920944217032
doc112,0.0024511729228996427,0.8718924047847891,0.0024517897903464964,0.002451871460955984,0.0024513532671921567,0.11339857937473977,0.0024514489564886207,0.002451379442588227
doc113,0.0014751843898877974,0.19004459904176002,0.1394769859984327,0.6631016616760165,0.00147548696174609,0.001475384802457531,0.0014754289873816482,0.0014752681423178481
doc114,0.0007258297815877549,0.6383256482651644,0.0007258960333470303,0.3023045189460674,0.0007259223411365994,0.0007259390674542663,0.0557404110839054,0.0007258344813373158
doc115,0.0020084679325942938,0.4354244839708584,0.0020087778400496195,0.46616174052660364,0.002008439935989631,0.002008557642493524,0.08837103351427797,0.002008498637132854
doc116,0.1198019853189467,0.5318342522162521,0.003049449383233515,0.0030500025756829328,0.003049410594690813,0.0030499100950083717,0.33311565287982453,0.0030493369363609646
doc117,0.0029600733084841502,0.002959672876033641,0.0029590861143117294,0.9792839579096446,0.002959091597551931,0.002959026664861304,0.002959445206562992,0.002959646322549867
doc118,0.00223285909089968,0.32997953476321884,0.6566237078333339,0.0022326504664797312,0.002232430855103702,0.002233075353013178,0.002232677571488537,0.0022330640664623546
doc119,0.0007589186565215266,0.26469165061957295,0.2447955018307756,0.4531748747964996,0.034302247680718954,0.0007589420616779291,0.0007589208477454506,0.0007589435064879464
doc120,0.0037319046656307787,0.0037316441256784014,0.523785156259106,0.2898118056111174,0.0037318251192998094,0.16774351514761274,0.003731669210113382,0.0037324798614413054
doc121,0.00028191771452425776,0.0002819450960325793,0.9658256765236443,0.02118629551172862,0.00028191290166130594,0.0002819130079516586,0.0002819261193597466,0.011578413125097447
doc122,0.0013738828436122832,0.0013739433547249457,0.5220666883007824,0.10344066910946734,0.001374095598793611,0.3676226761835148,0.0013740509112751189,0.0013739936978294943
doc123,0.9933823462327432,0.0009452328370060723,0.0009454561239105419,0.0009453355663874087,0.0009455385357281131,0.000945375337262257,0.0009453462673356331,0.0009453690996266472
doc124,0.9933823462327432,0.0009452328370060723,0.0009454561239105419,0.0009453355663874087,0.0009455385357281131,0.000945375337262257,0.0009453462673356331,0.0009453690996266472
doc125,0.0015930669195561816,0.001592892388891707,0.001592734614804059,0.37285505700349963,0.0015927129325143344,0.6175881884593993,0.0015926428430443934,0.0015927048382903236
doc126,0.0013024626157399737,0.43644478405600157,0.0013024446824661425,0.5557403875878122,0.0013023890643836114,0.0013024435859150935,0.0013027497874695158,0.0013023386202119232
doc127,0.0018941311890180112,0.6457046944191179,0.0018944037925555464,0.0018943549845070523,0.001894677726073504,0.001894286134042139,0.3429290810579438,0.0018943706967420038
doc128,0.002049575501186783,0.39073765348038,0.0020495119827719514,0.5446351075032657,0.054379253799692474,0.0020497796891884453,0.0020496805859170023,0.002049437457597701
doc129,0.001302376065342658,0.0013023858243599643,0.0013024439624588235,0.0013023571833718686,0.0013023500018306074,0.5523653835207288,0.001302499616078107,0.4398202038258292
doc130,0.03337946967327802,0.0018941969650678341,0.9103737119756989,0.0018942441812899325,0.04677511527075238,0.0018942937508551686,0.001894639417156109,0.0018943287659015178
doc131,0.0010122832371708434,0.6050597639800422,0.00101232964308286,0.3888663415084266,0.0010123097273107987,0.0010122680162644678,0.0010123545809677071,0.0010123493067343732
doc132,0.0013371342705345748,0.0013373894917432007,0.13785043977410527,0.07511871884481855,0.0013373935627474412,0.001337213399483805,0.7439933673501634,0.03768834330640367
doc133,0.0013024510471370784,0.0013026072831154242,0.0013024018872130263,0.26708296330980175,0.001302458276513333,0.7251022251616258,0.0013025171602022588,0.0013023758743911915
doc134,0.0010226148840265807,0.13783329885818288,0.22080830478279193,0.626037035534311,0.0010228202113887065,0.011230306346834137,0.0010228397461165659,0.0010227796363480991
doc135,0.09260958748211491,0.6678274692788185,0.0008280871204600866,0.0008280017590783187,0.19183686305322523,0.0008280074060020023,0.044413973832033805,0.000828010068267018
doc136,0.0015200832440579084,0.0015200823502221803,0.3769798611570181,0.0015205996413919995,0.2595565271922661,0.35586258334130455,0.001520125558498588,0.0015201375152405603
doc137,0.0011794704265314553,0.0011795311973249616,0.0011796143269252497,0.0011795502303543655,0.12767248814181853,0.7607432306216685,0.001179495432405225,0.10568661962297182
doc138,0.0015925420821427348,0.052160588299101654,0.25386053004254255,0.0015927216078717896,0.0015927712733510345,0.15504004574661537,0.1911070806719678,0.3430537202764071
doc139,0.0011137252933365832,0.27651900792417183,0.0011139643789228972,0.0011138985519320416,0.4806970513758178,0.1729093598033994,0.0011138015760127113,0.06541919109640679
doc140,0.002336789433559982,0.002337036416711145,0.8623366709542793,0.0023369379180348884,0.0023376089851045016,0.12364067043764312,0.002337387011036962,0.002336898843630169
doc141,0.0822506550436207,0.198996210424018,0.0013024638332741383,0.0013022494182999642,0.11294442749978632,0.00130257201308518,0.6005990517984184,0.0013023699694972948
doc142,0.0022833143160593955,0.3488658453578959,0.637432682720007,0.00228369725483533,0.0022837730979792807,0.002283522397062679,0.002283706351139422,0.0022834585050209677
doc143,0.0011521847163310254,0.22559381230654507,0.001152489320542694,0.14295567103738532,0.001152481450337355,0.0011522375807890722,0.5530262982143204,0.07381482537374912
doc144,0.0013371519071712474,0.07016918870479477,0.0013371877143873532,0.0013371963765050725,0.15483110233808536,0.0013372364813926496,0.7683138577513753,0.0013370787262881538
doc145,0.14195686694384768,0.0011936460486053338,0.24580621745967465,0.6062687434210355,0.0011936283953956916,0.0011935747442503228,0.0011937239883158307,0.0011935989988748864
doc146,0.0228781326803454,0.001520061597288566,0.9680006860356176,0.0015202441805019797,0.001520547144166641,0.0015199899363314865,0.001520365002651159,0.0015199734230970847
doc147,0.0005856671304061578,0.0005855873065945562,0.2581977142513025,0.5529280149184443,0.1859462612945479,0.0005856155095194131,0.0005855865090908422,0.0005855530800942384
doc148,0.0018941313800193281,0.0018943515943464465,0.0018943960919348673,0.12646618410066351,0.0018941795378464481,0.19403831582074504,0.21368788106037345,0.45823056041407084
doc149,0.041497557902637434,0.12264875796258674,0.001238046389280323,0.0012381224365591319,0.1400143723281557,0.3427690436252552,0.34935592005532706,0.0012381793001985922
doc150,0.0009365203168086695,0.1893866840370261,0.3024175914941836,0.503512815323079,0.0009365405616394242,0.0009366170296884841,0.0009366031530938479,0.0009366280844808763
doc151,0.0020925475641143023,0.06048489314467612,0.9269601200867676,0.0020924269616833394,0.0020923261528483137,0.0020925611261720773,0.0020926064534286153,0.002092518510309533
doc152,0.0023929722334691847,0.002393184081139357,0.16092391412865417,0.0023930770081514864,0.0023932400761305698,0.0023933475121228785,0.8247170930675977,0.0023931718927348027
doc153,0.002959149566961655,0.19032169911883387,0.0029588301294210285,0.002959158004969435,0.0029593894532657186,0.791923704708302,0.002959174638448457,0.002958894379797841
doc154,0.0014751926107531893,0.07722354995512677,0.09494819723389158,0.001475351419490168,0.30086428156829,0.19823950844534224,0.32429863630161404,0.0014752824654919346
doc155,0.002008188167348011,0.002008710611119149,0.002008337967004636,0.0020083503154290634,0.2047283337008723,0.0020086599026596496,0.7518108965423193,0.03341852279324803
doc156,0.020220972118507385,0.0023928735784376934,0.0023926587696208768,0.0023927731779123424,0.0023930488148051878,0.35938326915747826,0.14334880316455853,0.4674756012186797
doc157,0.0012855849468449948,0.0012856215381226376,0.26693720317966746,0.0012856748197580831,0.0012857026620269653,0.426177896817849,0.10482189801355617,0.19692041802217475
doc158,0.0021836120783183476,0.13892371815898547,0.0021841296195776244,0.0021837193174312087,0.3319400872108487,0.002183771235722354,0.5182174825152437,0.002183479863872606
doc159,0.0247560789134506,0.0014974380372785895,0.7521377613525769,0.0014974023719750537,0.0014975544010982324,0.0014973947420460975,0.18057841273159894,0.03653795744997549
doc160,0.00039097690604827327,0.11919458360184462,0.00039104132856559575,0.20007450002690633,0.0003910223371596271,0.6158327485457563,0.0003910293218066172,0.06333409793191264
doc161,0.0011392596709593058,0.0011391187714169593,0.0011391622927913769,0.2706304666723737,0.0011391127572002746,0.3646330646363767,0.21317327862896412,0.14700653656991758
doc162,0.00046784388878017924,0.24179643588499136,0.37797145188890474,0.19335841915144394,0.0004679557593478014,0.00046784251434842686,0.0004678822192386143,0.18500216869294478
doc163,0.000871172559428838,0.0008712345599665867,0.0008713433128039644,0.13813039314937225,0.0008712355038360453,0.7027538638723501,0.1547594675655533,0.0008712894766888988
doc164,0.000954430275314729,0.48498492689694955,0.0009545268077579892,0.2787367351185797,0.0009544469048524844,0.2315058659985639,0.0009545599624568921,0.0009545080355246633
doc165,0.0004982930034684738,0.0004980812373189473,0.3909188992375444,0.0004981381834820224,0.05287761932947311,0.19453534097512784,0.0004981055882484117,0.3596755224453368
doc166,0.00044492246263398526,0.0004450086694058224,0.0004449572942866981,0.09545207128920265,0.8306325223278488,0.028922192746080568,0.0004449188240690497,0.04321340638647237
doc167,0.008836903168255562,0.034491465876618534,0.1191859668733105,0.0005822356215371581,0.000582188574854777,0.396636963554399,0.4201554790709063,0.019528797260118184
doc168,0.032787805236146585,0.0017304177196731784,0.0017304157717831481,0.001730513837334946,0.2799200215219357,0.2148643207368338,0.4655060495506461,0.001730455625646505
doc169,0.0008945349386151353,0.4939089568635165,0.0008946572693342648,0.0008946991104545347,0.0008948244296139208,0.10455185301494928,0.39706579669628395,0.0008946776772324375
doc170,0.0009922426068951558,0.1540564209302014,0.37147352002134204,0.0009925179900602096,0.00099237606437847,0.24047743619874964,0.23002309622827075,0.000992389960102369
doc171,0.00531954371154032,0.0053209996015431025,0.9627583197992213,0.005320266481603765,0.005320513480308915,0.0053204323240242735,0.0053205295752871105,0.005319395026471072
doc172,0.04790114913501208,0.0012080490466365083,0.20795843208699813,0.7049439272352068,0.0012080516695154152,0.0012082414829532042,0.034364020421103106,0.0012081289225745714
doc173,0.0013371047403769366,0.0013373561880196776,0.0013373343772597518,0.0013373154847740258,0.3351967137488775,0.0013372130213691025,0.6567798307467392,0.001337131692583887
doc174,0.001126408523398399,0.0011264930631899866,0.44669586491040253,0.5465455469162767,0.0011263924960999787,0.0011264510056714554,0.001126415606976317,0.0011264274779847138
doc175,0.0007003302366356346,0.0007004687429895672,0.5647519520122759,0.08508838580955666,0.0007004297399112982,0.18440813505237713,0.0007004883137843881,0.1629498100924695
doc176,0.000547139493165109,0.0005472102978978564,0.17554141048568508,0.05337426957515901,0.4307045149666316,0.0005471585138132698,0.338191106723249,0.0005471899443991208
doc177,0.9935052026865683,0.0009282888684854998,0.0009277389029540286,0.0009277590058728802,0.0009277272224921229,0.0009277308623326078,0.0009277776795575883,0.000927774771737012
doc178,0.9935052026865683,0.0009282888684854998,0.0009277389029540286,0.0009277590058728802,0.0009277272224921229,0.0009277308623326078,0.0009277776795575883,0.000927774771737012
doc179,0.0014972880041867153,0.5924272739477268,0.23623403337960405,0.1638518299236641,0.0014973708430525666,0.001497479413240184,0.0014973841874052973,0.0014973403011203862
doc180,0.0014327634324607145,0.08343007886270931,0.0014330537244049285,0.0014330417462249385,0.07379749206576199,0.835607662360248,0.0014330183452457145,0.0014328894629444967
doc181,0.0006632717775800336,0.0006633254060462698,0.7274169360946275,0.0006633135413495906,0.0006632840302308423,0.19551773256470084,0.07374886396931896,0.0006632726161458484
doc182,0.0076410573412252734,0.8982179498653544,0.00036135370598326146,0.05733403915088656,0.0353615085392847,0.000361363270362242,0.00036137776839532135,0.00036135035850845033
doc183,0.0004982930034684738,0.0004980812373189473,0.3909188992375444,0.0004981381834820224,0.05287761932947311,0.19453534097512784,0.0004981055882484117,0.3596755224453368
doc184,0.0011794428838345398,0.0011794448996334027,0.001179619050668967,0.11617030476994156,0.0011795822875139842,0.13577128633111618,0.23807340146077244,0.505266918316519
doc185,0.02519692736781028,0.001033208194259239,0.2485626591444812,0.001033207505312636,0.04798292390956759,0.0010332097394419983,0.674124628226573,0.0010332359125540098
doc186,0.002283589286898092,0.002283346907888283,0.26234136297319244,0.002283800290175067,0.002284391985675323,0.21870636734667542,0.5075337872447544,0.0022833539647409114
doc187,0.13460850801812269,0.002959241247848648,0.7255073807342931,0.0029592500050455747,0.12508743846468867,0.002959194073726981,0.002959692448932553,0.002959295007341765
doc188,0.13460850801812269,0.002959241247848648,0.7255073807342931,0.0029592500050455747,0.12508743846468867,0.002959194073726981,0.002959692448932553,0.002959295007341765
doc189,0.0022836716784315047,0.0022835676238781243,0.6140963872379702,0.0621793183133196,0.12483062986826703,0.0022838005308679385,0.18975907761067154,0.0022835471365941487
doc190,0.0007706663690145841,0.14978756852108321,0.0007706385466587826,0.23907740956078832,0.0007706214431184923,0.5889414739988563,0.0007706084539052955,0.019111013106574943
doc191,0.0011393061019608806,0.0011393223617294193,0.0011392535162743768,0.9920252354296213,0.00113918048375308,0.0011392426791169055,0.0011391650023201353,0.001139294425223946
doc192,0.0017921944893658495,0.0017925844121502031,0.001792316286271969,0.9874528158707042,0.0017923568739612395,0.0017924586187261257,0.0017926076367620598,0.0017926658120583623
doc193,0.11207507703700273,0.44663846454130524,0.0817270318307742,0.3551039732439751,0.0011137899956117278,0.001113829263726467,0.0011138691772414123,0.001113964910363118
doc194,0.002137229656413525,0.0021371456156338993,0.9124960036635137,0.0021370182368144206,0.07468081424586615,0.002137216294477248,0.002137317578702079,0.0021372547085789424
doc195,0.003145570626546274,0.0031455391152574435,0.0031456420577223956,0.003145170689908438,0.003145938302473621,0.39661440067236914,0.429961750636883,0.15769598789883968
doc196,0.0014535605068192326,0.10838952120799536,0.39115844032111086,0.3043489174852253,0.00145386938357282,0.19028797814954623,0.00145383625530456,0.0014538766904255535
doc197,0.0012227630711118685,0.0012227227065094123,0.0012228804348465294,0.5924316864470033,0.0012229676575611212,0.40023133488773244,0.0012227798809169516,0.0012228649143184761
doc198,0.0027182824457197678,0.0027178806976909,0.7568433357646267,0.002717944118112151,0.09768976603019662,0.13187665231119186,0.0027183068892053163,0.0027178317432567517
doc199,0.0005821101098289089,0.0005821903462253831,0.0005821605016724605,0.0005821549799683581,0.0005821396154863319,0.0005821337475120873,0.0005821340308098432,0.9959249766684967
doc200,0.0022836865367618663,0.002283965537538478,0.002283918300848508,0.5275478144776872,0.002283769429209879,0.0022843262483685594,0.45874885521756925,0.002283664252016192
doc201,0.0010021321439403269,0.001002264574913413,0.9340557619093075,0.05993080050078793,0.0010022780022225263,0.0010022209524530015,0.0010022666855436198,0.0010022752308316825
doc202,0.0228781326803454,0.001520061597288566,0.9680006860356176,0.0015202441805019797,0.001520547144166641,0.0015199899363314865,0.001520365002651159,0.0015199734230970847
doc203,0.002336742453097316,0.7077194525712334,0.0023373534007271666,0.0023370505534793806,0.002336823148292969,0.0023372659991987297,0.2782581138552356,0.0023371980187354767
doc204,0.0012378915581681977,0.17791328908641374,0.4192942909508413,0.3966029690806683,0.001237884867739057,0.0012378774389002443,0.001237944302557047,0.0012378527147121703
doc205,0.16972503281112028,0.001101583246941112,0.6599180289895732,0.0011015795295917497,0.0011017324111559667,0.026155558972671234,0.13979490720000803,0.0011015768389384681
doc206,0.0009192775543108722,0.04726474507513468,0.0009193880692823436,0.854419742465702,0.07029386974443083,0.024344295931950775,0.0009192931383025598,0.0009193880208858463
doc207,0.0005856671304061578,0.0005855873065945562,0.2581977142513025,0.5529280149184443,0.1859462612945479,0.0005856155095194131,0.0005855865090908422,0.0005855530800942384
doc208,0.006580504660374556,0.0003197831642194395,0.5314960411704387,0.00031979914563696625,0.21077037418494818,0.00031980844874928305,0.24987391915770796,0.00031977006792479874
doc209,0.002137114635407997,0.00213727723988934,0.0021371912359749185,0.002137298617775601,0.7384276458512458,0.0021373877213575762,0.2487486785028404,0.0021374061955083314
doc210,0.012820766539148721,0.012824263992819369,0.9102377452597038,0.012822625147939547,0.012822837837117664,0.012824768388492091,0.012825636808358892,0.012821356026419851
doc211,0.0007364785540409691,0.0007365695866929936,0.11756046871467596,0.04437202839162555,0.1472989542499188,0.0007365494567472686,0.6878223952905538,0.0007365557557446233
doc212,0.008836903168255562,0.034491465876618534,0.1191859668733105,0.0005822356215371581,0.000582188574854777,0.396636963554399,0.4201554790709063,0.019528797260118184
doc213,0.0013370409865661203,0.8671091675732628,0.0013372105541184555,0.1248680173152318,0.001337048550372581,0.001337044213812432,0.0013372970595070352,0.0013371737471286923
doc214,0.001012274219269872,0.001012461346657509,0.001012331319421217,0.38772818974814816,0.0010124789727630494,0.27186808309049987,0.33534170318290646,0.0010124781203337786
doc215,0.0696295360263303,0.5138600331713726,0.002092573572190873,0.19430803353539447,0.0020926282772621417,0.0020925143525245124,0.21383229650483632,0.002092384560088852
doc216,0.002959287376432917,0.04912818351598107,0.0029590812056083165,0.0029595824852257924,0.002959193899762458,0.8306876741245892,0.002959083358801188,0.10538791403359912
doc217,0.0002917609400193428,0.9061408632688125,0.00029182239299092985,0.00029180925961550127,0.025652942564732953,0.00029180627398983145,0.007248352948725328,0.05979064235111378
doc218,0.0015201691141586823,0.8062169075843956,0.0015201886378082695,0.0015203434425796248,0.0015199805227065549,0.18466204587846213,0.001520222728128588,0.001520142091760616
doc219,0.003356833296860333,0.0033582049006279243,0.6166728783162151,0.00335665328858322,0.00335625094930759,0.3631862335867984,0.003356419530975455,0.003356526130631995
doc220,0.0006860792218807977,0.5199302700434508,0.0006860459330458853,0.0006860357709426318,0.4402966864514039,0.03634277424117345,0.0006860784690259266,0.0006860298690766189
doc221,0.0009636206400911279,0.0009636972948802696,0.3606782160473796,0.3753600639859509,0.15141440045876223,0.10869268033305703,0.0009636738921427029,0.0009636473477361023
doc222,0.004587875627567193,0.07134184646516002,0.6779366458451058,0.004587833922029079,0.004588016845280155,0.22778128088118682,0.004588479611116681,0.004588020802554086
doc223,0.10077275942445708,0.0017928318597424278,0.0017926692920274571,0.7816940938929755,0.0017928127252501286,0.1085694849464149,0.0017927329656840887,0.001792614893448353
doc224,0.10233917672154452,0.0014332694630470454,0.8131640450411172,0.04615824136806221,0.03260631589562206,0.0014329781201262786,0.0014330116052369733,0.0014329617852436123
doc225,0.03460756688959296,0.16072377887379555,0.7992794035418335,0.001078004587977123,0.0010778854304006212,0.0010777284176735089,0.0010778543351746008,0.0010777779235521515
doc226,0.21162010162187697,0.037531219095071636,0.5183741007398992,0.22980359439426637,0.0006677493485703498,0.0006676963502885911,0.0006677691494156168,0.0006677693006112498
doc227,0.00200842158707898,0.0020088414187294317,0.9859394427746476,0.0020089477920916007,0.002008525005383126,0.0020083857303865135,0.0020087423336104505,0.002008693358072313
doc228,0.9937376096008935,0.0008946129809582403,0.0008945383768554945,0.0008947571330666947,0.0008946286149095452,0.0008945844443991891,0.0008945375533565388,0.0008947312955609001
