,topics0,topics1,topics2,topics3,topics4,topics5,topics6,topics7,topics8,topics9
doc0,0.0009261552070780145,0.0009260925043885969,0.0009260965935758715,0.0009261881364211066,0.0009260557925006175,0.0009261369754448752,0.0009260429447144948,0.991664932615285,0.0009262193939696106,0.0009260798366218591
doc1,0.00038620203504446574,0.00038622144848212065,0.00038621672747225365,0.0003862237795792744,0.00038619140107726697,0.2729069695055581,0.11300920894938157,0.00038615560303182386,0.10138628765378907,0.5103803228965842
doc2,0.048575735740633626,0.0005683828121157033,0.251412022259602,0.0005682945638238031,0.0005683019600399338,0.0005683734842503351,0.07418995465696428,0.0005683184651694871,0.6224122704699135,0.0005683455874872873
doc3,0.001754769525134402,0.0017547297488328863,0.1777704760398247,0.0017548584375815517,0.001754657085432935,0.001754713107469311,0.44084044078629003,0.0017547270815295429,0.3691058924544547,0.0017547357334500159
doc4,0.003125773921620452,0.6650667467575985,0.0031254633333917124,0.15160779213980677,0.0031253676206979266,0.0031258642300253,0.003125417085295125,0.003125456629028378,0.16144640468403457,0.0031257135985012625
doc5,0.0010527976980625924,0.2940952257041738,0.0010528011026116504,0.14930818825058453,0.0010528898321673908,0.1243355996506612,0.11529842452640648,0.0010527926862607614,0.001052861070090374,0.31169841947898114
doc6,0.0015157948331990126,0.0015156096423258,0.8433913949277752,0.0015155710738957236,0.14448370377365943,0.0015155580498619693,0.001515531715652974,0.00151573788383211,0.0015156410240863927,0.0015154570757115909
doc7,0.0004952494933703828,0.000495141068483813,0.0004952097656978186,0.0004952333359992508,0.0004951194683528302,0.0004952126604727684,0.9382423687736958,0.007556495317985091,0.0004952195811685496,0.05073475053477369
doc8,0.21796418141384552,0.2772723383736606,0.0005526302720441784,0.0005526131690741327,0.000552655520436232,0.0005526432747835931,0.069235504093649,0.010974436230797052,0.0005526238415904494,0.42179037381011925
doc9,0.0009011197492335592,0.42858248393171416,0.000901140760952203,0.0009011797345288021,0.39755514967818195,0.0009012149546458124,0.0009011599714992913,0.01561144681389004,0.0009012015799469826,0.15284390282540725
doc10,0.2404810568548095,0.6030586843199119,0.0013336681005548304,0.0013335966299357384,0.001333801756786261,0.10926618763388787,0.0013335695027037625,0.03919214902378179,0.0013336531191246632,0.0013336330585033696
doc11,0.0005320824297179905,0.5517060456503575,0.0005320924014541884,0.0005320841857697955,0.12096445184568307,0.3236050023452999,0.0005321154871659803,0.0005320236380276696,0.0005320700750803673,0.0005320319414435948
doc12,0.2340862421002484,0.00058494905681004,0.22711236902471282,0.000584980898722499,0.0005849521118107707,0.0005849147731856789,0.0005849721025171292,0.010796137176104724,0.49419474091798793,0.03088574183789996
doc13,0.0007094535359705414,0.3423375294687941,0.19646015383810914,0.0007093875871356549,0.0007094418026365682,0.4562364248868137,0.0007093950220238554,0.0007093090049674256,0.0007094413083622695,0.0007094635451866972
doc14,0.0005650979492285009,0.0005651353363727399,0.09728179990476775,0.0408554894676438,0.44577486674652683,0.10040361538619157,0.07023950091092628,0.24318422625893688,0.0005651094387048722,0.0005651586007007549
doc15,0.0009261552070780145,0.0009260925043885969,0.0009260965935758715,0.0009261881364211066,0.0009260557925006175,0.0009261369754448752,0.0009260429447144948,0.991664932615285,0.0009262193939696106,0.0009260798366218591
doc16,0.0009261552070780145,0.0009260925043885969,0.0009260965935758715,0.0009261881364211066,0.0009260557925006175,0.0009261369754448752,0.0009260429447144948,0.991664932615285,0.0009262193939696106,0.0009260798366218591
doc17,0.6440167452017228,0.06325244548735436,0.0009436122199661704,0.0009436683078439241,0.0009436962329284091,0.14918126061340614,0.05430611792397066,0.011020732789798064,0.07444805936300784,0.0009436618600016589
doc18,0.26071175395985613,0.23064273406644373,0.0010873312799468458,0.30268621141352775,0.0010870904240016894,0.001087213382247621,0.0010871412244261214,0.0010870677885899504,0.19943621388871632,0.0010872425722438881
doc19,0.0003559749728836881,0.0608479675976442,0.00035599507329427376,0.00035596584552253976,0.0477998654123558,0.3103397490528506,0.06181147192637711,0.0003559373241980321,0.2646058928885254,0.25317117990634824
doc20,0.6712196347344433,0.0013702991990985054,0.0013703079012935067,0.1220893690348962,0.11799678762236858,0.08047318025878958,0.0013701237094059853,0.0013700384461014653,0.0013702434079999035,0.001370015685602942
doc21,0.4045255448924776,0.0005182533277823565,0.0005182505666799568,0.0005182248538503312,0.07215243757937284,0.24513552656935297,0.27507707507707296,0.0005181867713532429,0.0005182613147617995,0.0005182390472959229
doc22,0.0021743550761442305,0.0021745122424222875,0.4738841954167939,0.5087196519821189,0.0021746231600071847,0.0021748983746852995,0.0021744635080504773,0.0021746729814197236,0.0021744307888724927,0.002174196469485299
doc23,0.0006026570734718287,0.0006026036854282186,0.08367911779514975,0.0006026017367757947,0.0006025878176812388,0.11105400391400544,0.0006025709026640715,0.0006024939108448445,0.000602638821934999,0.8010487243420439
doc24,0.17591667996593469,0.3584790236082084,0.04213342389939101,0.0008476473010437527,0.0008476569392503782,0.0008476706494616703,0.41838471148819417,0.0008476798965046119,0.0008477503396011608,0.0008477559124102264
doc25,0.0004588634979919915,0.07128634790235848,0.000458854954293154,0.6043699487498816,0.0004588159298211293,0.0004588542963956497,0.00045883040767124065,0.00045898839165974686,0.11353608862263571,0.20805440724729135
doc26,0.0009805644617812206,0.0692550288401595,0.0009806310134860825,0.0009805564184904114,0.0009806720738827197,0.0009806766113049962,0.9229000519306038,0.000980498839127815,0.0009806875497276478,0.00098063226143583
doc27,0.0010529738081820608,0.001052927843798126,0.5514627588946147,0.19507278567604694,0.22789267775732136,0.0010528598690010338,0.001052948683505149,0.01925414793286341,0.0010529023973396493,0.0010530171373273548
doc28,0.10789620923137722,0.0003732346693871954,0.03155303739348489,0.00037323006302686276,0.0003733031827313871,0.8579380825569788,0.00037319816641472064,0.0003732651037739738,0.00037322751333743214,0.00037321211948760003
doc29,0.2947058003678433,0.0008267261715640355,0.0008266563210868048,0.0008266041910887444,0.0008266972392886728,0.6657260879553415,0.000826658657015369,0.03378122998029039,0.0008266421420926901,0.0008268969743885769
doc30,0.05956909744611811,0.0011631734109630964,0.16909768833556874,0.22948914800970124,0.001162978062687675,0.001163140678169788,0.4127225042324858,0.0011630914915500886,0.001163126826734753,0.1233060515060206
doc31,0.0011238801327399673,0.15798047696825734,0.02216592854050394,0.06370221514700111,0.0011238821431383895,0.3772658329706958,0.13369994994079637,0.0011236922153266156,0.0011239768088024894,0.24069016513273786
doc32,0.4488240432687281,0.0009618229724572568,0.0009616978503034214,0.0009618337817060453,0.1933533896333565,0.1615379447134665,0.13339486969345077,0.0009616461828465845,0.000961793185487591,0.05808095871819728
doc33,0.0016670510303619407,0.8661083780246583,0.0762740562811018,0.0016671669826074985,0.0016672528385588482,0.0016670914979731591,0.00166694874280983,0.04594774508410042,0.0016670316676708874,0.001667277850157289
doc34,0.000413351685655629,0.00041332560580438916,0.00041331763214355626,0.20036553018205022,0.0004133231089794457,0.7460709505499883,0.0004133309499939267,0.0004132994775501104,0.05067022642908416,0.00041334437875028743
doc35,0.0014494951508413894,0.8345485753665298,0.0014495646803760638,0.001449679613914847,0.15385473124031926,0.0014496775428783728,0.0014494382867629796,0.0014495628233757523,0.0014498152609245028,0.0014494600340769063
doc36,0.00333439582375205,0.39410163326730663,0.1011902252753284,0.003334164640191006,0.0033342040750247697,0.481369994584658,0.0033336069284199054,0.0033335155829383478,0.003334321941502962,0.003333937880878045
doc37,0.27084690811140333,0.001351732394528074,0.18661015744948636,0.21077033821237945,0.24069289929253138,0.001351771288156175,0.08432115596074524,0.0013515946069069529,0.0013516891768871986,0.0013517535069760293
doc38,0.5037762455914686,0.33972260786215325,0.0008549013031102083,0.0008549289358210352,0.0008548790798892675,0.0008549623112380693,0.000854972151214004,0.000854792038291332,0.0008549996138390655,0.15051671111297513
doc39,0.24136366935586828,0.18132397247803117,0.00024048239210279208,0.00024045120236328973,0.04551499611789448,0.24209801605591236,0.037956249691768564,0.00024041652826556982,0.015103815789267956,0.23591793038852563
doc40,0.002941921053895178,0.002941884420217714,0.0029418322974528515,0.00294225887768406,0.21493814661536886,0.002941935808905724,0.7615259095809561,0.002941611985642553,0.0029423760608503677,0.0029421232990267695
doc41,0.000934789402648502,0.5786874453401726,0.0009348702475619754,0.022009865502360056,0.0009348791961112707,0.0009347756501489829,0.0776560649182894,0.31603769453474345,0.000934744347102531,0.0009348708608613278
doc42,0.0009526304126718763,0.2143718280920125,0.0009526608827020646,0.000952491128803762,0.4231722294231611,0.0009525848647590664,0.0009525512164182573,0.35578789717101567,0.0009525890372371866,0.000952537771218544
doc43,0.0017862464868884324,0.5359807158800974,0.0017860240303082138,0.1257457223828313,0.32577090036927836,0.001786076414229697,0.001786125959110165,0.0017859988562796865,0.0017861276960666607,0.0017860619249099427
doc44,0.0011633599717665523,0.0011630789386033,0.0011631218430833618,0.9895323554882978,0.0011629310523051128,0.0011631024005949934,0.001163019302650108,0.0011628752175201964,0.0011631692655046672,0.0011629865196738675
doc45,0.3142304263222003,0.38558906519391184,0.11604926203862667,0.0007694186814456099,0.17951475066233544,0.0007694605560450714,0.0007694316350407644,0.0007693207593504036,0.0007694622448257787,0.0007694019062183767
doc46,0.14411570442735955,0.00114970817224033,0.001149713776670755,0.0011498437954815712,0.001149935139580285,0.7580845468123224,0.08975140230899904,0.001149590962663729,0.0011498258188275669,0.0011497287858548357
doc47,0.001111553007511018,0.0011114312938348993,0.0011113768771569383,0.2253012529483791,0.03655463333439287,0.001111315242909792,0.25353483490768786,0.0011114310393723424,0.0011115907441823873,0.4779405806045727
doc48,0.3759545144266798,0.0005001269713558983,0.0005001599504181353,0.6138454214355611,0.0005001453216404733,0.006699109715081128,0.0005001086261514006,0.0005001274795298065,0.0005001479879633611,0.0005001380856190743
doc49,0.00031751253189187765,0.32122955572095263,0.00031753986848634505,0.0003175570367812882,0.0003175305079149224,0.00031756225815816186,0.0003175543870594769,0.0003175356190894958,0.09491910967518533,0.5816285423944806
doc50,0.3022751372120539,0.002083931695894327,0.0020840805131569513,0.548285815617772,0.13485215245449036,0.0020841232116803558,0.0020836882237015757,0.0020837929468446514,0.002083694065184651,0.0020835840592211474
doc51,0.0010205427268669407,0.0010205332211595298,0.0010204596585223638,0.001020554763763565,0.0010205116609307327,0.0010206367236273788,0.0010206497311344323,0.9908149743240239,0.0010205731176895325,0.001020564072281615
doc52,0.7532110939026445,0.0009903494598276863,0.0009904147988222488,0.0009903962003290393,0.0009903677021912873,0.21421549038667206,0.0009903445156981968,0.025640828818000554,0.00099041664016716,0.0009902975756473553
doc53,0.0978835291017234,0.0027784278073069222,0.17583436567535357,0.0027786922410114544,0.07693605910409082,0.0027787655428478486,0.0027783532308799357,0.002779212374787546,0.0027786657728834543,0.6326739291491151
doc54,0.0020838103993930483,0.0020837533486183207,0.0020838264785484574,0.1488813067354343,0.0020840357357676796,0.0020838260490870114,0.0020837885096373137,0.002083767283184514,0.1588583742790153,0.6776735111813141
doc55,0.0006713575764690671,0.0006713231059415559,0.0006713111264650931,0.0006712925339600089,0.0006713787440310248,0.0006713630844280187,0.17659770741541192,0.000671267536041819,0.4842017327722299,0.3345012661050217
doc56,0.0005496012424300487,0.0005496497036518473,0.0005495959492925246,0.0005496093801526297,0.0005495635048940969,0.5190127827743507,0.0005496004566208912,0.0005495406731034125,0.13550076690445734,0.34163928941104665
doc57,0.0010418947323936553,0.0010419374557952958,0.442959111224819,0.06484047795114294,0.20614519710315418,0.0010418186230071935,0.27980395892110366,0.001041832254405987,0.001041867696296549,0.0010419040378816906
doc58,0.5947400254561301,0.0016952153215841995,0.24430918668603444,0.14908393477355858,0.0016952695621237279,0.0016952694986466454,0.0016951706592558955,0.001695250705231522,0.0016954673121092963,0.0016952100253254756
doc59,0.0012824642515039731,0.33670678763354567,0.0012824170562387865,0.10274317491349085,0.001282364567922016,0.279739514660012,0.07303690870686207,0.001282454093173745,0.0012826513862460914,0.20136126273100488
doc60,0.5142363998692981,0.2696508943620167,0.0005436587665525214,0.0005436486023263005,0.0005436678250170709,0.084365915562061,0.0005436257622506437,0.016633951100004308,0.1123946014741286,0.0005436366763446446
doc61,0.6367586062753597,0.0010527026983835805,0.0010528095526499007,0.0010527760926966594,0.3548194061470364,0.001052776213270854,0.0010527550050572962,0.001052725010373586,0.0010527135104610383,0.0010527294947110142
doc62,0.0010205427268669407,0.0010205332211595298,0.0010204596585223638,0.001020554763763565,0.0010205116609307327,0.0010206367236273788,0.0010206497311344323,0.9908149743240239,0.0010205731176895325,0.001020564072281615
doc63,0.22117031024006473,0.0011497711701437517,0.09653670839074241,0.001149854243321575,0.0011496640821349782,0.32610103927449824,0.3492931920684589,0.0011496595359225057,0.0011496998125913364,0.0011501011821214012
doc64,0.0010205427268669407,0.0010205332211595298,0.0010204596585223638,0.001020554763763565,0.0010205116609307327,0.0010206367236273788,0.0010206497311344323,0.9908149743240239,0.0010205731176895325,0.001020564072281615
doc65,0.12585198907163042,0.0007694112188680258,0.5109755362704059,0.0007694145530503255,0.0007693929693429151,0.0007694572445276688,0.01972530061922017,0.07200958469338023,0.2675904666086949,0.0007694467508794354
doc66,0.0007635370211731148,0.0007635496071234058,0.0007635800846695735,0.0007635168919342836,0.0007636703366990957,0.0007635422951587088,0.3406570753561267,0.0007634455102788419,0.0007634884772892459,0.653234594419547
doc67,0.001111440931376666,0.0011114872580979237,0.0011113743326936205,0.12494270131798818,0.09102500540396377,0.001111465612143569,0.14348318198129723,0.0011113519077236163,0.08551393404126707,0.5494780572134484
doc68,0.28697371569877134,0.0006713479479648805,0.23213413138539035,0.0006713785410364247,0.13591038636601221,0.0006713625417777547,0.007639922909067196,0.0006712703677932276,0.0006713240259924627,0.33398516021619407
doc69,0.002083688848100017,0.0020841713410330496,0.00208376513179964,0.0020836575729840244,0.9812460013689382,0.002083769435401091,0.0020837146803581895,0.002083614542577979,0.002083861710487122,0.002083755368320544
doc70,0.4822773167260021,0.0011238991452590184,0.001124054914404843,0.0011239335594266633,0.0011239792567535325,0.001123938709366931,0.381485670800962,0.021497916359374904,0.0011239164390885112,0.10799537408936156
doc71,0.0014927123968710902,0.0014929038557260626,0.0014927814612138263,0.1567477641506143,0.0014927908305999262,0.21606313328584714,0.06950384442555571,0.001492706072812403,0.3708706267642896,0.17935073675646995
doc72,0.36367513178430727,0.0015879087118539034,0.2007237315440955,0.0015877523097176743,0.0015879524086795922,0.0015879291688635853,0.001587592295684133,0.0015874318846613872,0.4244869057180933,0.0015876641740436004
doc73,0.7322044039446578,0.042762919151401506,0.0012050691500060358,0.0012050891517219357,0.0012051322708282138,0.0012051549927853725,0.0012050289643409033,0.0012049723846018947,0.0012050905770507752,0.21659713941260558
doc74,0.14633609726855962,0.0005988905129409651,0.13258217975834324,0.0005989167553640525,0.0005988960073896462,0.0005988776941556921,0.0005988859133656469,0.0005989424490044102,0.7168894310207101,0.0005988826201667561
doc75,0.374689389534402,0.1721116901632083,0.000649570247034932,0.10271977915543104,0.32435416363459907,0.0006495248595300166,0.0006495183061345758,0.022877322533026004,0.0006495597543476269,0.0006494818122863896
doc76,0.005001670413478832,0.005001780382704133,0.005001354737794053,0.005001436091893547,0.40121789831147797,0.005001695286676689,0.005001037830413877,0.3469866541120655,0.2167859008066041,0.005000572026891274
doc77,0.0015876838537639277,0.4538774828380286,0.001587589121426201,0.001587922015460116,0.17402589875228566,0.3170876627387986,0.0015876172388855187,0.001587801637197026,0.04548257951782221,0.001587762286332136
doc78,0.0011630863292258985,0.542085489936941,0.0011629656945734293,0.0011629571293351238,0.44861045148171824,0.0011632065731341599,0.0011628912997350162,0.001163029519053004,0.0011629801976959248,0.0011629418385882006
doc79,0.18713872230059425,0.09316003234515784,0.0016953942355032762,0.0016955252357503847,0.4937581839708437,0.0016954106166123055,0.0016952976773749436,0.0016950722772815967,0.0016954004939260332,0.21577096084695588
doc80,0.034014862260390785,0.0013161463297693572,0.07009423285811937,0.4104644804112584,0.0013160727904165553,0.4775298671863238,0.0013160169584234085,0.0013160157538382974,0.0013162607689472308,0.0013160446825131638
doc81,0.001887380476083399,0.5796231495873001,0.0018872552156674965,0.001887107434364737,0.23106254370941173,0.176104227515106,0.0018872061065038498,0.0018871076942363638,0.001887062327876225,0.0018869599334501335
doc82,0.011115042035086528,0.8999712754035286,0.011113224742701381,0.011113002398978914,0.011122750250427157,0.011113950366824686,0.011113221714184994,0.011111902175207121,0.011112514595890745,0.011113116317169712
doc83,0.0015877798721266902,0.5223686111821277,0.0015877519541004136,0.001587683041201437,0.29531539069758184,0.0015878169810216343,0.07019629514716591,0.10259360659424434,0.0015875458834905434,0.0015875186469394042
doc84,0.17074396253399376,0.21666630666609535,0.03966782453657747,0.0012349646593719694,0.20702882858925756,0.0012349449139700507,0.001235024883226723,0.0012347825625554736,0.3597185623856335,0.0012347982693182052
doc85,0.07298693577067124,0.0008132674466695505,0.0008131765473887477,0.0008132281459617942,0.0008132993636630156,0.0008133016691310284,0.14716882944003642,0.0008131708296296063,0.0008132681473155136,0.7741515226395331
doc86,0.35866793946631587,0.0014929279707110471,0.0014929313634810329,0.0014927966979573566,0.6006775026724105,0.0014928868311928415,0.0014930112448205953,0.0014927612120914891,0.03020453905412611,0.0014927034868931512
doc87,0.0014288851727289854,0.0014288852222000064,0.0014288092657380694,0.0014289909017839919,0.001428921992503102,0.4498639213648826,0.2976940865662382,0.0014288929716939108,0.24243982054998123,0.0014287859922499412
doc88,0.2193589020382948,0.001124081325967593,0.0011238992582976364,0.0011238475372845023,0.001124004548662184,0.001123828286286381,0.0011243262590486724,0.0011238235730542563,0.7716493066034199,0.0011239805696840334
doc89,0.005265285115914193,0.26250446422581397,0.1736711443068468,0.005264278116783651,0.13683455723035068,0.39540128827423004,0.005265244042131583,0.005264623099794426,0.005264577760855318,0.0052645378272793055
doc90,0.35797691464624487,0.0008266868610747601,0.0008267185014337545,0.000826681320177599,0.0008266199195626506,0.0008267463523926098,0.24610050465799974,0.0008264985710815579,0.0008266941874385644,0.39013593498259386
doc91,0.0025003597636402883,0.40791292377305377,0.0025006553699837546,0.5201397693052786,0.002500888285465303,0.002500650890168789,0.002500780752310907,0.002500280183584882,0.0025003692890559455,0.054443322387457645
doc92,0.09981432255345792,0.001136568031233619,0.14387706198147115,0.00113668972072809,0.11087193925698285,0.4883151279204656,0.0011367561697368386,0.001136570524441078,0.15143820877446101,0.0011367550670217175
doc93,0.0014929909008302245,0.0014930274065362132,0.0014929520114811043,0.15882127198996907,0.169686167891946,0.17138734053339974,0.25414959667855375,0.05007471934784629,0.1899088427025585,0.0014930905368792595
doc94,0.038160333141676016,0.0007876233777380397,0.0007875598716170737,0.0007876669930436149,0.0007875499938864968,0.45456137212366265,0.12866372160602174,0.0007875062631173048,0.2638515678015246,0.11082509882771256
doc95,0.12073562378721563,0.000568353288130792,0.0005683467167435127,0.7410743895932188,0.06342981717012378,0.07135022092053658,0.000568348841488213,0.0005682469613955575,0.0005683559633260673,0.000568296757821177
doc96,0.0006212888512995953,0.0006212753869997438,0.047793871303971495,0.00062132234978762,0.38188660641448285,0.3298183749019227,0.0006212410791362455,0.0006212889697109349,0.11595031499611216,0.12144441574657681
doc97,0.5383942603760201,0.06055579564963901,0.047120837732445756,0.0009902659471410277,0.0009904077827198607,0.0009902937126094402,0.0009906745515040512,0.0009901891981377625,0.3479868067858715,0.0009904682639112756
doc98,0.0006371459584901492,0.0006370366474258074,0.36344109834530064,0.13760713072060476,0.35307129611185306,0.0006370951644876284,0.1420579643096557,0.000637022543701316,0.0006370934470250398,0.0006371167514560428
doc99,0.2720647849833119,0.04272548883237824,0.05879339504880189,0.01863864731744216,0.00048795256427286784,0.07756738485470674,0.23466104847418084,0.0004878696270683269,0.1312121137208844,0.16336131457695252
doc100,0.0010418774694440371,0.0010419745402520013,0.001042016404368479,0.0010419265578990515,0.0010419248822731509,0.0010419424323852484,0.28159753375859337,0.0010418934993350758,0.3323282124977204,0.37878069795772923
doc101,0.6471551423201599,0.0009711139611124821,0.16970788050881516,0.0009711552444174652,0.1483311004533809,0.0009710764373605355,0.0009711046476205989,0.028979451203165835,0.0009710077408714785,0.0009709674830956295
doc102,0.5368513064274201,0.0026324611947748425,0.002632025481242139,0.002632272660749203,0.18835696630727672,0.25636626501370496,0.002631852431285992,0.002632178175655917,0.0026325994756920914,0.0026320728321978077
doc103,0.23762458192359304,0.0005051617079103746,0.0005051872285465771,0.7078275077967783,0.0005052577092617151,0.000505218624892044,0.000505141116896913,0.0005051283756269853,0.05101164870419361,0.0005051668123003052
doc104,0.39695811753472027,0.0010992307087585402,0.0010991958932220587,0.0010992314176375096,0.001099202901917842,0.0010991296472141821,0.0010990894634998049,0.0010992434288706722,0.2120126691839451,0.3833348898202141
doc105,0.19377440160282977,0.0010992433924903028,0.0010991779331241407,0.34809239315903284,0.0010992789678014034,0.4504390472030783,0.0010990871581813167,0.0010990486081452783,0.0010991405330969977,0.0010991814422196295
doc106,0.1898459654424561,0.0012197489272777456,0.290423979999043,0.1998676394201939,0.03987563202192149,0.0012197273356398695,0.001219733128434886,0.0012197638799642412,0.2738880964081027,0.0012197134369660832
doc107,0.002858273583520797,0.0028577934849322775,0.27061262563211536,0.2978106688854017,0.15889873918066658,0.002858026922869803,0.0028581926552036165,0.002857570792390207,0.25553031561627204,0.0028577932466277703
doc108,0.0007145343772651519,0.4526570341057146,0.0007144621245734904,0.000714505354112727,0.10934455502896344,0.0007144836313257601,0.43299705498966395,0.000714402154570459,0.000714529590293328,0.000714438643516974
doc109,0.17767448731762803,0.7005107293800282,0.005264232400773408,0.005264099008398162,0.0052655915683390625,0.005265073376064508,0.005264429415467151,0.08496289791714884,0.005264373010355393,0.0052640866057972096
doc110,0.001961478869002836,0.001961335396067418,0.0019614580166660233,0.001961399376751139,0.41889398141412154,0.23661783790655275,0.27862870070469,0.0019612875201072215,0.0019612811340887467,0.05409123966195243
doc111,0.2407021204494771,0.0018186842408748362,0.4051286097854278,0.0018185808083150293,0.08845022834111865,0.1416715889156906,0.0018183105845199843,0.0018183934144633646,0.11495499148284298,0.0018184919772696098
doc112,0.0009527644801013299,0.0009526882256836588,0.0009525650399596352,0.0009528213216407819,0.0009528803347183437,0.0009527158315650676,0.0009525894270418654,0.9914256410765729,0.0009526800754585632,0.0009526541872578285
doc113,0.0009527644801013299,0.0009526882256836588,0.0009525650399596352,0.0009528213216407819,0.0009528803347183437,0.0009527158315650676,0.0009525894270418654,0.9914256410765729,0.0009526800754585632,0.0009526541872578285
doc114,0.212723643695635,0.0012823044347522754,0.21377351466457023,0.0012821968781466955,0.00128221641406668,0.0012822269192064586,0.001282438506254186,0.017394642985628577,0.0012822997343049163,0.5484145157674348
doc115,0.0006537562115085856,0.0006537649860011292,0.0006537660343101814,0.0006538037650512821,0.0006537441569785817,0.26350416486779044,0.0006537680023702024,0.0006537943544560968,0.15526347842341873,0.5766559591981149
doc116,0.0014927334031548342,0.0014930053387135725,0.0014928495575078212,0.08967504620618068,0.0014929025437752162,0.0014928951770576452,0.0014927898732094416,0.0014928166633107526,0.19868875187019577,0.7011862093668944
doc117,0.000793878610565715,0.0007938558188904682,0.0007938788367524458,0.0007939021440866072,0.000793887728368981,0.6160883442035543,0.0007939334792713029,0.0007938582890054639,0.198165044904379,0.1801894159851257
doc118,0.0018874205208947235,0.0018873421313479741,0.15248601398920628,0.24246695487119055,0.0018872300647286716,0.25146487914590093,0.21385360698253983,0.0018870777585098838,0.13029235386574617,0.0018871206699351555
doc119,0.0008199392526239332,0.0008199425794881244,0.15071939555391264,0.0008198555445432577,0.14998186945581618,0.0008199196903204629,0.0008198822668064887,0.0008198567477629346,0.0008199537840015525,0.6935593851247244
doc120,0.09985384901720482,0.18331867270734697,0.001887522230981136,0.001887479659733913,0.2866599165114403,0.0018873537655812855,0.25817469203579696,0.1625555579027173,0.0018875931546607867,0.0018873630145367023
doc121,0.0023260189587183612,0.002326079415788515,0.00232636910103063,0.002326295495688837,0.0023261343430762255,0.13147539372901518,0.1928348767298608,0.00232594961167335,0.002326074308036915,0.6594068083071113
doc122,0.08441680409130092,0.001389114008294064,0.1393562251428568,0.0013890831086772074,0.0013892026159184206,0.0013890747078381695,0.5763832924327049,0.0013891312203475961,0.19150878047479078,0.0013892921972709945
doc123,0.001754645660743034,0.3544827674600614,0.0017548895236691488,0.0017545026571146134,0.6314802802023435,0.0017545286201171026,0.0017545432235413368,0.0017545955206749284,0.0017547076011657564,0.00175453953056923
doc124,0.2256873167014068,0.0811656796882995,0.0002891125214920002,0.1821314419447618,0.09472973392556663,0.0002891070412649022,0.054457692647753665,0.0002890592501031807,0.20582234896801402,0.15513850731133763
doc125,0.00238184053466622,0.0023814512790808987,0.8702759601498314,0.002381638715902134,0.0023824193966774762,0.0023820758786809713,0.0023814642863464568,0.0023817871911017397,0.002381642433749148,0.11066972013396353
doc126,0.22049678430301853,0.0011497633289510995,0.11253670082215549,0.0011498535358020045,0.0011496628971421278,0.31329728425632003,0.34677049471588994,0.0011496622115045245,0.0011496955338312388,0.0011500983953849253
doc127,0.6025346969713705,0.0007094005936360072,0.0007094175825007176,0.0007094284798499932,0.0007093322982145187,0.0007094220780302722,0.041143527845932525,0.0007094559362688131,0.0007094190958346037,0.351355899118362
doc128,0.09222205882862065,0.0005781920066633734,0.025926175052023884,0.000578197641472427,0.1685770658113218,0.08447350904847646,0.4982005807726519,0.03153059749722202,0.07116438627667296,0.02674923706487464
doc129,0.003226891097220565,0.12574288950977702,0.0032263871579309975,0.003226464469629776,0.5023435404587806,0.003226706853280989,0.34932793551017766,0.0032262561084022007,0.0032267433509515662,0.003226185483848838
doc130,0.001724320251576468,0.23912887064752675,0.001724475039905925,0.0017244941933695081,0.0017246122602611938,0.7470750845091374,0.0017247030459200353,0.0017243636886163725,0.0017244858215339155,0.001724590542152512
doc131,0.0014497552639593395,0.6196152136750295,0.0014494732874361879,0.0014496959957101755,0.3687875378027334,0.0014497254451111832,0.0014497131015671586,0.0014495917044049379,0.0014495567514560823,0.001449736972591846
doc132,0.29933959649073205,0.0010756124957530238,0.001075500939396788,0.0010755217075824374,0.07209723328431841,0.348537733714449,0.001075583914727053,0.0010754407543081444,0.08324818215562457,0.1913995945431085
doc133,0.0012196053441809892,0.001219836402658944,0.001219791742185662,0.0012198363070288845,0.001219788768706028,0.03466769963297462,0.3171918473454781,0.0012195988417645852,0.4240673196896002,0.2167546759254219
doc134,0.0010641294525515462,0.18090856921002763,0.11146997371467873,0.0010641160605284075,0.09494805204246361,0.6062885968464352,0.0010641674581730045,0.001064110177403166,0.0010641449308512003,0.0010641401068874152
doc135,0.0007145343772651519,0.4526570341057146,0.0007144621245734904,0.000714505354112727,0.10934455502896344,0.0007144836313257601,0.43299705498966395,0.000714402154570459,0.000714529590293328,0.000714438643516974
doc136,0.2930459209455636,0.5012610544262465,0.0012662374775473054,0.001266192527425533,0.1968299100234391,0.0012661214230861738,0.0012661305797979701,0.0012660392202885958,0.0012661775491485132,0.001266215827456854
doc137,0.0005000846330659689,0.3319613032774764,0.000500115233236826,0.0005001827958952722,0.5608507798777659,0.000500130586956072,0.0005000994261142052,0.0005001123136684951,0.0005001932029733473,0.10368699865284754
doc138,0.0966846474950424,0.7183310584801118,0.0021279541264743107,0.06435018689327164,0.10786524468783744,0.002128341450820789,0.0021281112295678736,0.0021281317706043795,0.0021281004132430933,0.0021282234530263446
doc139,0.004000913677386077,0.7432843798061587,0.0040013439925932846,0.004001201491552692,0.22470630066395872,0.00400125223542826,0.004001211660102463,0.004000959761134649,0.0040011266291224675,0.004001310082562677
doc140,0.13545582571524922,0.24579071831135768,0.0025008265388540454,0.0025005025827783637,0.34274941274575227,0.002500522534309332,0.26099992458176957,0.0025005972162680905,0.0025009791964654498,0.002500690577196026
doc141,0.002083924950592735,0.002083733470467865,0.002083823823041835,0.002084157796766998,0.0020838352923214037,0.9812453443741509,0.0020839188555054483,0.002083686791858289,0.0020838883130782308,0.0020836863322161985
doc142,0.44700380984898036,0.0015878047799864742,0.2920113835775406,0.13115424713260293,0.0015878678346421516,0.12030430250378452,0.0015876121348173578,0.001587525898174838,0.0015876520235954194,0.001587794265875179
doc143,0.002083924950592735,0.002083733470467865,0.002083823823041835,0.002084157796766998,0.0020838352923214037,0.9812453443741509,0.0020839188555054483,0.002083686791858289,0.0020838883130782308,0.0020836863322161985
doc144,0.0010756362323212053,0.001075511599783322,0.0010756122304322155,0.0010755894729487599,0.0010756143034353928,0.6416780015592074,0.05510473249587789,0.0010763496299120347,0.0010755854027864789,0.29568736707329546
doc145,0.0015629361475880646,0.2512849282373305,0.3760289405792285,0.36174654839699605,0.0015629311963056072,0.001562829533922126,0.0015627284758192475,0.0015626543201583108,0.0015628351261049876,0.0015626679865465157
doc146,0.0022226949682599313,0.08395100793443232,0.0022229055830884446,0.0022225541178623734,0.22766700751684146,0.002222950589499815,0.14847819044967814,0.023584541551269076,0.2642288954446425,0.24319925184442584
doc147,0.16571968362697653,0.44615300832679267,0.0013702305883002113,0.001370234491081064,0.0013703219618923842,0.0013703377620499755,0.22631140388715154,0.0013701851499495425,0.0013702877968142847,0.15359430640899166
doc148,0.00333444552289872,0.003334377385256583,0.3612109836565655,0.003334520381807603,0.003334507447043877,0.0033344762860958214,0.11973879980727228,0.003334032017290005,0.4957095304618959,0.0033343270338736398
doc149,0.0013161258366656734,0.0013161444168758153,0.09285812135485527,0.2575955438647426,0.09635200581952279,0.0013160973099109801,0.0013161398473692137,0.0013159984425663753,0.0013161995095586436,0.5452976235979327
doc150,0.001695351384636369,0.514645126442132,0.0016954666402623896,0.0016951057951275353,0.0016954894765821731,0.0016954142934060919,0.22655068692452104,0.0016954090275519843,0.0016953626796440422,0.24693658733613624
doc151,0.11982405228262968,0.18147170215029218,0.001754820170109348,0.0017549266561282576,0.0017547332886495247,0.09404294162840672,0.0017549213678442884,0.0017545646977709642,0.5941325633818345,0.0017547743763345126
doc152,0.0459308859271989,0.000819863164797031,0.0008198167861653609,0.40061936579925345,0.0008198341870744579,0.19492446278950915,0.000819860648519644,0.011844371131826632,0.0008198440249274929,0.34258169554072787
doc153,0.0013159641745365493,0.0013159845683582436,0.001316039190910683,0.001316011287170187,0.0013160309960466466,0.0013160118279124365,0.21208696809349223,0.0013161347800041846,0.6342471048148666,0.14445375026670226
doc154,0.24103013765353834,0.002631959684350638,0.444942741074562,0.20714336327353194,0.09109038058048312,0.0026322635601422856,0.0026320548271931677,0.0026321840163845735,0.002632260187328591,0.002632655142485321
doc155,0.0004695536511651552,0.0004695798710377349,0.22883710412830427,0.00046954707003389514,0.00046954658850559944,0.00046955125191322283,0.00046953824973965585,0.05894299780853654,0.00046957606889500036,0.7089330053118689
doc156,0.0003175408550744941,0.00031753156280506646,0.000317521784860447,0.2215245552493654,0.00031750473556932363,0.23097481833523678,0.056679462628566726,0.00031749926991820525,0.00031755739833191465,0.4889160081802716
doc157,0.23869261886486093,0.0016397562791283047,0.0016399623339593268,0.7481889894184147,0.001639937915285925,0.0016395641533031064,0.0016398977423023192,0.0016398731754982956,0.0016398518566097847,0.0016395482606372687
doc158,0.7340372640811954,0.0014087781980462355,0.0014088256641292722,0.0014088436202422288,0.0014087359981590514,0.16847255190012128,0.08762854842950904,0.0014088260441571757,0.0014087975230812676,0.0014088285413589065
doc159,0.29685591919333704,0.0022230731139729395,0.0022231132466319016,0.0022230281127083797,0.0022231902606055028,0.1585006511139821,0.002222665202142977,0.11971591064008552,0.0022231024139793233,0.41158934670255426
doc160,0.003448968703616138,0.003449804131009894,0.0034489615534153174,0.0034490101650401137,0.003449305464640961,0.11927630350067825,0.2598199711784285,0.0034486735269195273,0.3629146239252073,0.23729437785104407
doc161,0.258266306427198,0.0009617905871575268,0.16328411090597608,0.13042097986514212,0.3575464090726845,0.08567354546330194,0.000961738771406006,0.00096168580848365,0.000961749622237956,0.0009616834764122357
doc162,0.0008930562852797034,0.0008930673637909717,0.08377329058702511,0.0008930996112013889,0.0008932439201284883,0.0008930789382894124,0.9090820293887388,0.0008930379987615967,0.00089302300811015,0.0008930728986742933
doc163,0.1947528189448742,0.0007464577898610175,0.0007464550799696387,0.0007464835802455011,0.0007464351600699635,0.12547817018938565,0.0007464421186104938,0.0007463415513075796,0.6745439310634326,0.000746464522243364
doc164,0.0012052489046150178,0.9891532206786073,0.0012051621524261208,0.0012052579735823481,0.001205303586851695,0.001205121427194903,0.0012051190255677451,0.0012052871634160704,0.0012051327417612237,0.0012051463459775416
doc165,0.4070220028025896,0.04530075756167807,0.001020764999369679,0.001020648429115163,0.0010207015930701598,0.32251421548424847,0.21903896140999995,0.0010205572019682725,0.001020633338876054,0.001020757179084394
doc166,0.000649482091883521,0.0006495417498315493,0.0006495209119004799,0.3609190510608548,0.14691585210540237,0.39264933569187727,0.0006494671560116439,0.0006494831898204195,0.09561875375460485,0.0006495122878130724
doc167,0.12473822562987295,0.0008623008865206902,0.000862320002149967,0.0008623592695749854,0.0008622337194876854,0.3189193187432459,0.0008623434933921137,0.0008622205761280419,0.550306440998572,0.0008622366810557554
doc168,0.0008266884411952594,0.03125394438549369,0.0008267019117697563,0.00082664726183808,0.7654416843343913,0.19751760405640226,0.0008266536825883081,0.0008267425838270695,0.0008266681200387423,0.0008266652224554694
doc169,0.0010000909970483698,0.001000191199241138,0.0010000923606824001,0.0010001629637040623,0.0010001281785803765,0.0010001275088856567,0.0010000790343241506,0.9909988188934127,0.0010001606585125769,0.0010001482056085727
doc170,0.0010000909970483698,0.001000191199241138,0.0010000923606824001,0.0010001629637040623,0.0010001281785803765,0.0010001275088856567,0.0010000790343241506,0.9909988188934127,0.0010001606585125769,0.0010001482056085727
doc171,0.0015877591631384706,0.0015877800846937874,0.08723221828557062,0.7058678495207166,0.0015877715992638317,0.0015878451810454738,0.0015877208543696188,0.0015874442099802842,0.1957857956549158,0.0015878154463056556
doc172,0.005000878707226412,0.6653395813224988,0.005000599988724172,0.005000853105177263,0.00500081955001179,0.2946541327231488,0.005001163518639306,0.005001019981342474,0.005000561733700046,0.005000389369531089
doc173,0.40991387868276435,0.11475818597925055,0.33391786043616434,0.12964236740258564,0.0019613848475802487,0.0019611830551977696,0.0019612636580588474,0.001961095774625169,0.00196138489585228,0.001961395267920616
doc174,0.258584109994618,0.001333563632082142,0.31108384284521245,0.00133366561207929,0.0013335087230682034,0.0013335530550717546,0.0013335274004038463,0.0013336674276430555,0.4209968541520502,0.0013337071577711605
doc175,0.5199726833189706,0.0019614379003196764,0.0019613973293517795,0.0019614373263888165,0.001961116465235338,0.12827995775911302,0.001961134893475142,0.06670870415396477,0.08058110515825326,0.19465102569492762
doc176,0.7829820255585583,0.0013701123888269005,0.0678346782309621,0.0013701407887892084,0.1395923089856089,0.0013702135482385367,0.0013701186049572202,0.001370108285026482,0.0013702777490525713,0.001370015859979769
doc177,0.0008199392526239332,0.0008199425794881244,0.15071939555391264,0.0008198555445432577,0.14998186945581618,0.0008199196903204629,0.0008198822668064887,0.0008198567477629346,0.0008199537840015525,0.6935593851247244
doc178,0.7979685563468875,0.001667155665057507,0.0016671548338610407,0.001667043590500387,0.001667039020843127,0.14643441566379883,0.043927161065248875,0.0016670586826369681,0.0016672108227338636,0.0016672043084318855
doc179,0.0020411753747921393,0.3742684442823267,0.002041179625836144,0.002041459577280079,0.002041178037279259,0.14789597424221004,0.3374889930705187,0.12809928739134838,0.0020411441058964534,0.0020411642925121905
doc180,0.00038032586293913984,0.0003803402811966038,0.13936411400359353,0.1534228393048613,0.6101331148002341,0.06503001748941419,0.00038035968833852684,0.00038034789588989494,0.000380326359512613,0.03014821431401995
doc181,0.44139189889969127,0.000781477992885961,0.0007813949157654744,0.0007814340031008217,0.43612814018324964,0.04810453350244336,0.06968681091339075,0.0007813507366242603,0.0007815206116422877,0.0007814382412062352
doc182,0.3613571301337428,0.0011495697374147792,0.0011496685819541413,0.0011496972387978707,0.0011495622327324486,0.13770241087334006,0.49289293637555,0.0011498365979753515,0.0011496009916829061,0.0011495872368097355
doc183,0.16938142959886618,0.347943058778078,0.0007693954878482108,0.0007693667721846366,0.30383703185557925,0.0007694138397695465,0.0007694362370840129,0.0007693549301491773,0.0007694779814750641,0.1742220345189657
