,topics0,topics1,topics2,topics3,topics4,topics5,topics6,topics7,topics8,topics9,topics10,topics11
doc0,0.10585999065834016,0.0004669643242799603,0.0004669208654863913,0.00046698054828063664,0.8462175896016984,0.04371979530312707,0.000467010864534436,0.0004669745710084989,0.00046692292532870427,0.00046690916647859816,0.00046691972494361213,0.0004670214464933526
doc1,0.0018800727975793823,0.4094108811721085,0.0018799563100281315,0.001880167118768813,0.0018802780547904653,0.0018799892503891772,0.001880143173466508,0.0018801763012029416,0.001880125844396448,0.4498678999778849,0.1238002649091135,0.0018800450902712099
doc2,0.0028417571358769376,0.30853322848546433,0.0028423348327880093,0.0028414880778181136,0.23628418109608793,0.0028415737581406098,0.002841312397418279,0.0028413990036699373,0.42960804598599583,0.0028414002695223276,0.0028417280709307513,0.002841550886287073
doc3,0.001582708611401462,0.0015825048599878025,0.001582610590855938,0.0015825525134317492,0.8803036994053292,0.0015826928611116873,0.0015826228996307452,0.0015825938059425358,0.10387035404831348,0.0015825935386180033,0.0015824963744181543,0.0015825704909593
doc4,0.43324572455025456,0.00032247478678550703,0.0003224315700496324,0.00032246226497514646,0.33293142580361906,0.0003224600440447983,0.0003224440395552141,0.00032246413831799856,0.0003224776039399347,0.00032245827776802133,0.10262064883592878,0.12862252808476132
doc5,0.00048509568047159146,0.00048509417088890577,0.015525535904342231,0.00048510925699982193,0.05817403489128444,0.00048513265263344673,0.0004851317357878189,0.12432187116996411,0.0004850852389538598,0.0004850580594372425,0.00048515896701984264,0.7980976922722166
doc6,0.004951224955167236,0.004951221426000532,0.004950568738431046,0.004952131652583078,0.004951730690766207,0.004951425093479108,0.004951931169843539,0.004951534574580691,0.004951193156311866,0.004951194772977536,0.004950923811239533,0.9455349199586196
doc7,0.0009330358372453964,0.0009331627783706214,0.0009331149018984447,0.16684125093593846,0.19691464595828378,0.0009330334500190746,0.42142338674364616,0.20735609563682558,0.000933056407592612,0.0009330820071016569,0.0009330825115340206,0.0009330528315443004
doc8,0.0009244559624842177,0.0009244729373983334,0.0009243439741691162,0.0009245216038818792,0.5494823629727918,0.0009243408534639523,0.34082518725655636,0.10137271869849517,0.0009243914953591822,0.000924329053114892,0.0009244185509499084,0.0009244566413349397
doc9,0.08830615040217722,0.0017187969770241633,0.0017188397172451506,0.5237146450592639,0.0017186221441534688,0.0017186628435673734,0.3725110929985207,0.0017188082397782167,0.0017185270116429018,0.001718466504530932,0.0017186739284052429,0.0017187141736907316
doc10,0.07385783117321175,0.0012169119885230392,0.0012166713668235046,0.58762356679397,0.10683833878101458,0.0012170090883380814,0.22194563213802757,0.0012168029118647442,0.0012167762822891262,0.0012166978247647945,0.0012167831827029534,0.0012169784684698875
doc11,0.000594663718829264,0.0005946281264577356,0.0005946027332276952,0.9633603652633467,0.0005946931563680537,0.0005946444147157719,0.0005946352782531243,0.0005945895030645833,0.0005946865064314355,0.0005946206370952473,0.0005946702882390102,0.03069320037397132
doc12,0.0008461701734830459,0.34449601867347285,0.0008462389662483724,0.21188688190458058,0.0008467309176826388,0.0008461391349100597,0.07519598154252125,0.0008462121811351569,0.09898275884818082,0.20847197313034596,0.0558886711916812,0.0008462233357579346
doc13,0.0009159645669779247,0.0009159523723205407,0.9899238761822843,0.0009159928960933993,0.000915978111729559,0.0009159018394180686,0.000916023868304079,0.0009167286728710966,0.0009158558336960303,0.0009158160660388758,0.0009159814350027751,0.0009159281552632615
doc14,0.0009159645669779247,0.0009159523723205407,0.9899238761822843,0.0009159928960933993,0.000915978111729559,0.0009159018394180686,0.000916023868304079,0.0009167286728710966,0.0009158558336960303,0.0009158160660388758,0.0009159814350027751,0.0009159281552632615
doc15,0.0021193066942885117,0.002119384563662252,0.002119266795822303,0.6883940579052537,0.002119162085917551,0.00211970811855118,0.002119837174658596,0.2904127771232244,0.0021190376108314573,0.0021191960572594193,0.0021191469006059315,0.002119118969924675
doc16,0.02586341476657184,0.0008462785583820142,0.0008461582887438661,0.12444729429000824,0.2696264756508472,0.27290380185371976,0.14227820784313217,0.13475044368057595,0.025899265123733653,0.0008461731310041063,0.0008462826349752426,0.0008462041783059061
doc17,0.3421308965734973,0.0008184722722170227,0.0008184630415377171,0.0008185979743387046,0.31086782421798004,0.2736912652594433,0.0008185871417876717,0.06676182437029021,0.000818552381612144,0.0008185082647742026,0.0008185076401391863,0.0008185008623824386
doc18,0.0009243608801788975,0.0009244081106752369,0.0009243704333454448,0.6675260331605144,0.0944323831681782,0.0009245144642461658,0.12792689600905152,0.0009244174037669795,0.0009243631388803281,0.0009244397608713552,0.10271939204868369,0.0009244214216077355
doc19,0.0005644093166375459,0.0005646020772143739,0.0005644188977008229,0.4647997162450217,0.0005644414611739711,0.46386527015171597,0.0005644962177213056,0.00056442239455153,0.014629729645394073,0.0005644241911747042,0.0005644892682730324,0.052189580133421065
doc20,0.0034251022290221617,0.0034260254859599095,0.0034247954553310134,0.9623195610875885,0.0034252496556034717,0.0034256347293960604,0.003425276236840217,0.0034260895738938354,0.0034260131302725682,0.0034254590331023373,0.003425210872115135,0.0034255825108748636
doc21,0.001425053966507514,0.0014247077943815893,0.0014248455211496158,0.15207656395007185,0.20110234517487993,0.0669854107424671,0.26224818221228696,0.09439300562528032,0.020263371742625158,0.0014246808467939054,0.19580683100335872,0.0014250014201973996
doc22,0.0029245391162393028,0.002924839342108043,0.0029242030689584876,0.7955219999188576,0.002924235986679512,0.002924262746687756,0.002924327595467266,0.002924620921723466,0.1752325601915126,0.0029253231490804633,0.002924851369476887,0.002924236593208217
doc23,0.0008758674290287234,0.6416034258709253,0.0008758748418813085,0.08376890564988443,0.0008758657011586459,0.0008758657616077599,0.0008758940842011413,0.0008760403683219782,0.000875850362044295,0.16985962185295445,0.09776085681896857,0.0008759312590232985
doc24,0.0017186285486024788,0.21501267819023112,0.09003935599134122,0.6794791702083949,0.001718603661272663,0.0017187591191193292,0.0017185824571305265,0.0017188637699603606,0.0017187267964252318,0.001719009201071946,0.0017187551206911253,0.0017188669357590914
doc25,0.0041336803114971465,0.0041333029475411264,0.0041332304806572275,0.26032781538688426,0.14627709295788785,0.0041331285720972435,0.004132613643272299,0.0041335348867647176,0.5561952983977968,0.004133232005418066,0.004133375225542135,0.004133695184641082
doc26,0.0013127678617881942,0.1553366485990091,0.0013125897310441084,0.0013127799497222622,0.07579261352676682,0.0013125400290823512,0.0013126214802282952,0.001312589417471432,0.13474033100148405,0.0013126289923968907,0.0013125959332849475,0.6236292934777214
doc27,0.0010185414208668834,0.5079428076826957,0.001018473359873483,0.170294007947234,0.0010186138556674594,0.0010186736916391625,0.0010185878299190216,0.21297421705777014,0.0010185861316145417,0.001018551479091772,0.0010185942014931436,0.10064034534213476
doc28,0.17188803145894882,0.28441078582322943,0.0027636653053122007,0.16692108648702347,0.09522929398354331,0.002763414858060344,0.002763013057024663,0.00276309894248144,0.0027634163484396876,0.2622075040622703,0.0027632587630169315,0.0027634309106494615
doc29,0.41985324116670364,0.047516167648537506,0.0025514038937989396,0.002551299990387555,0.20868772192402874,0.002551442349425518,0.002551486329642476,0.002551529795612011,0.0025513466569793545,0.039146834666947336,0.00255135330312973,0.2669361722748072
doc30,0.0004874858589859076,0.0004874943295883091,0.000487628571728776,0.0004874863920279508,0.0004874482778322661,0.08521288057298401,0.06673256641640579,0.0004874753662926471,0.0331474591444595,0.81100710750308,0.00048751968009144665,0.0004874478865234379
doc31,0.000473574997134947,0.105331347129291,0.0004736019945255271,0.08794410841229286,0.0004736395959030327,0.23582540173484975,0.0004736120655395974,0.00047361412422361086,0.2324987862529754,0.19788842581371943,0.13767025238743338,0.0004736354921114441
doc32,0.0010290741100695434,0.0010290637948349131,0.09205235340360883,0.09804926889486734,0.07310050869714417,0.581951308112077,0.11374178055541853,0.0010291026149315506,0.0010291521461167554,0.0010289964050593885,0.034930323348366335,0.0010290679175055278
doc33,0.0011088611346228613,0.1456065843936289,0.001108784626637531,0.11512289638473873,0.0011088788047444063,0.33271188688734094,0.0011088555137012117,0.0011088080698511773,0.027971778819828538,0.001108771560411477,0.09428066712860485,0.27765322667588943
doc34,0.0004922507097205479,0.6779000485627391,0.0004922759235798258,0.0004922805431962038,0.0004922548532315244,0.0004922208821853505,0.0004922521533531277,0.05148966480987066,0.0004922626810391963,0.26617993834161807,0.0004922945237312046,0.0004922560157351324
doc35,0.2529139063530435,0.0012022680624936498,0.0012022769450764075,0.33240945815532513,0.0012023633947448225,0.0012022844885689196,0.0012023203093521249,0.2732749394174644,0.0012021992935167384,0.0012023055542090613,0.00120215643538525,0.13178352159081996
doc36,0.12562926608041708,0.027329872548891167,0.0012317726862017678,0.20697128068543924,0.3460085016400299,0.28543810215782717,0.0012317183984250789,0.0012318767550153799,0.0012318476187933283,0.0012317831204904,0.0012318934514545287,0.0012320848570150978
doc37,0.0008608181793947333,0.0008608055812960356,0.0008607104946748746,0.0008609035209947188,0.000860849598695978,0.2754467432291579,0.0008607993188693214,0.0008608818928371059,0.4265140305385897,0.030025028358024713,0.07775486019799988,0.184233569089465
doc38,0.0009161165888298192,0.0009160481481090001,0.03643026441282254,0.8352394285411557,0.0009159822287817256,0.04407076720171166,0.0009160249388005027,0.0009159620779343234,0.0009159178783286486,0.0009158848207584991,0.07693165013008103,0.0009159530326864398
doc39,0.00221323249335612,0.0022129086756758035,0.08924644375087126,0.5747937574937838,0.31604262361494223,0.0022132845493250757,0.0022128699528880117,0.0022130043811548965,0.002212902972894308,0.0022129778471997406,0.002213144064144217,0.002212850203764529
doc40,0.0014883952164965132,0.0014885692081630913,0.001488567944907186,0.32187829192303863,0.0014886101194336704,0.22576015314587278,0.0014887062643643304,0.18287105671499188,0.1449572544105018,0.001488339474622763,0.11411371038996714,0.0014883451876402947
doc41,0.10356621769867919,0.0006243002952488872,0.0006242644455727413,0.41271214857378197,0.0006243520499206378,0.3862705321145529,0.0006243647358143621,0.0006244022875753033,0.0006244277524032149,0.06364673031873476,0.0006243857348550727,0.02943387399286089
doc42,0.0011213273544510942,0.001121419772037847,0.001121197114965086,0.17958401883112293,0.2530991341502846,0.5572245397708706,0.0011213163990463784,0.0011214171647378865,0.001121446567228581,0.0011213904048036486,0.0011214419307814614,0.0011213505396697558
doc43,0.08190113344915426,0.0005489622016947348,0.06879191391940737,0.0005490411020013647,0.03697599022048986,0.43431037979393566,0.11296308575548734,0.16477699007141822,0.0005489650742151062,0.0005489811428032468,0.0005490269768951858,0.09753553029249762
doc44,0.0011739717947581863,0.001173928501947838,0.0011739053293638828,0.0011739476663808987,0.0011739553861831876,0.0011739202595614999,0.0011739426471739508,0.0011738735412447157,0.0011739935122071824,0.2004689765499209,0.0011738865464768205,0.787791698264781
doc45,0.0019923485046828677,0.001992388260876291,0.001992925349221967,0.2598977183207066,0.0019923507020349206,0.001992408791347192,0.001992636464653818,0.0019922997139842843,0.7201774762847972,0.0019923395992992995,0.001992355492950602,0.001992752515444946
doc46,0.0018802549330971068,0.07582414232766038,0.0018799166928720734,0.001880173674311315,0.2502124652296245,0.0018803423407249835,0.0018801502648188517,0.08024738172919907,0.12873174804641557,0.0018802645443077445,0.0018800993281240107,0.4518230608888445
doc47,0.000594663718829264,0.0005946281264577356,0.0005946027332276952,0.9633603652633467,0.0005946931563680537,0.0005946444147157719,0.0005946352782531243,0.0005945895030645833,0.0005946865064314355,0.0005946206370952473,0.0005946702882390102,0.03069320037397132
doc48,0.6068684285949545,0.0017185271336320493,0.0017183541483695786,0.001718663397709036,0.0017184674651439507,0.32116812467516903,0.0017188333856592644,0.0017185126557650288,0.0017185280047716574,0.0017186630990296452,0.0017184233172073994,0.05649647412258897
doc49,0.001084857350541138,0.001084977127930276,0.0010847673149155536,0.7282010762702603,0.0010848331543138344,0.06461469307361771,0.001084844905977037,0.10567362608421421,0.09283166425946474,0.00108481874411469,0.0010848415690919888,0.0010850001455589002
doc50,0.04747688986453642,0.0008914629709196898,0.0008913273875543574,0.000891429952272794,0.3097936256161988,0.0008915277809589576,0.0008913814541349808,0.5276410019971518,0.10795692938916637,0.0008914823935943185,0.0008914926235042378,0.0008914485700071632
doc51,0.0008391810850442267,0.0008392535983182765,0.0008392224650877754,0.29409163429921853,0.0008392004035661334,0.14181062926043925,0.4018301962248691,0.1555541349908008,0.0008391461384601993,0.0008391034739818076,0.000839108443913873,0.0008391896163000949
doc52,0.000512410847812971,0.07640664133842456,0.0005124055730071696,0.375297759007055,0.09755766221263437,0.0005123930476127579,0.03819326925671692,0.0005124232572378055,0.0005124162644372283,0.0005124023763248962,0.0005124208494912748,0.4089577959692451
doc53,0.0014248367754136353,0.0014248119348921093,0.0014250046082128875,0.0014247607963429043,0.4759275305773885,0.001424807069491481,0.05699733935319072,0.45425175968652914,0.001424732744392026,0.0014248130463878753,0.0014247148447253386,0.0014248885630334229
doc54,0.005897076455321601,0.13140531441543743,0.017041474557936358,0.22632959108053918,0.033229393916832446,0.00026732239843734807,0.064065402536376,0.06335985657445442,0.3399774443894507,0.025961232570475827,0.00026731611238321637,0.09219857499235544
doc55,0.0013126059117424484,0.11681991232517486,0.05719305494156864,0.814172500741468,0.0013129090282451776,0.0013126723483280886,0.0013126915225605852,0.0013129375800042986,0.001312677601069087,0.0013125632131438993,0.0013126853683547903,0.0013127894183400965
doc56,0.0006167273036528556,0.07505065648494262,0.0006166152367856701,0.0006166804638292606,0.14976047454759697,0.0006166735998214802,0.0006166665049825813,0.049894781886886244,0.0006167112321413461,0.21466460267997273,0.21291816963159868,0.2940112404277896
doc57,0.05804132866883567,0.0009885921704429676,0.000988247977003495,0.14154590493696012,0.19258569332331796,0.5823030095763201,0.0009883874016924402,0.018604907982141667,0.00098864152321346,0.0009885005787309492,0.000988385927391708,0.0009883999339492405
doc58,0.8971109619745761,0.07722284884236891,0.0007742405144030256,0.0007741798385667292,0.0007742584188138328,0.0007742107811300309,0.0007741800472194667,0.000774251218841283,0.0007742463610761197,0.01869822289591032,0.0007741755445217223,0.0007742235625724012
doc59,0.6766354664593012,0.0034254826951865165,0.0034259469070036493,0.003425537226083896,0.1963948361624542,0.0034254720156727675,0.003425726469778133,0.0034253687078151566,0.0034253446523391947,0.003424980471579217,0.0034252328817324226,0.09614060535105366
doc60,0.001779836914085999,0.1309198958288814,0.001779970089226258,0.8512816699375119,0.0017798052170852736,0.0017797271834986532,0.0017800545679577198,0.0017800055698077397,0.0017797864710050837,0.0017796657802605503,0.0017796544702734002,0.0017799279704060176
doc61,0.41509298596763106,0.0009243565676732791,0.0009243741006745476,0.0009244423862508953,0.3397288674412698,0.0009244913179688372,0.15191492864840436,0.0009244322228211405,0.0009243411026114774,0.08586771599156731,0.0009245497359902928,0.0009245145171371685
doc62,0.0016897542221126715,0.0016895347424293265,0.0016894223199457922,0.2668573488590914,0.6019571714052003,0.0016901233167290345,0.0823191005076412,0.00168950840630731,0.03534865780410013,0.001689511199886079,0.0016898977285360803,0.0016899694880208517
doc63,0.16564638719077127,0.0012957330108692494,0.0012956804700985376,0.001295585293192195,0.0012960326244252649,0.39269089980191324,0.37523118708746755,0.0560655203885239,0.0012957155529777352,0.0012958350040727826,0.0012957325853448084,0.0012956909903431603
doc64,0.0012020903584563755,0.0012022094389937518,0.0012023140174675193,0.001202332678847119,0.23491399261989007,0.2511107679359454,0.001202335515030505,0.5031554555751548,0.0012022010317197227,0.001202120235398755,0.001202105629652397,0.001202074963443452
doc65,0.0009330358372453964,0.0009331627783706214,0.0009331149018984447,0.16684125093593846,0.19691464595828378,0.0009330334500190746,0.42142338674364616,0.20735609563682558,0.000933056407592612,0.0009330820071016569,0.0009330825115340206,0.0009330528315443004
doc66,0.0003193618475889532,0.0003193553864153973,0.0003193707260799081,0.4331918565122013,0.14585999896633464,0.00031936807412815494,0.0003193762198769162,0.07162991081007658,0.00031944830944010793,0.000319370762081481,0.2120181216889061,0.13506446069687056
doc67,0.0009159645669779247,0.0009159523723205407,0.9899238761822843,0.0009159928960933993,0.000915978111729559,0.0009159018394180686,0.000916023868304079,0.0009167286728710966,0.0009158558336960303,0.0009158160660388758,0.0009159814350027751,0.0009159281552632615
doc68,0.0009159645669779247,0.0009159523723205407,0.9899238761822843,0.0009159928960933993,0.000915978111729559,0.0009159018394180686,0.000916023868304079,0.0009167286728710966,0.0009158558336960303,0.0009158160660388758,0.0009159814350027751,0.0009159281552632615
doc69,0.00242800288548299,0.6642893263651757,0.0024286848558276986,0.0024277439112372345,0.0024276297529290396,0.0024275774914301234,0.0024274125629544737,0.002427485011490334,0.002427642955707284,0.22969601526889702,0.08416432143857028,0.002428157500297907
doc70,0.002488396344464505,0.0024887820209722137,0.0024881645073669438,0.972628130703523,0.002488600023743021,0.002488179147002018,0.002487975042616659,0.0024886124019158876,0.0024883775995884973,0.0024885920446378208,0.002487843340805918,0.0024883468233633417
doc71,0.3208592113464067,0.0023151472852147776,0.0023150202362231323,0.6559879150223871,0.0023153475955556848,0.002315795620996722,0.002315352803442267,0.002315222226820957,0.00231516405210645,0.0023151366214914193,0.002315145053616795,0.002315542135738161
doc72,0.000883965534255501,0.6315122122016094,0.0008836346097479065,0.0008836014515080387,0.000883698494839894,0.1143048565174119,0.0008836630413169136,0.0008836103021663541,0.2462298299290653,0.0008836190626252186,0.0008836247628575101,0.0008836840925961875
doc73,0.0007509143456758714,0.16382367268368664,0.0007510031188410039,0.11126969453737597,0.0007509833353149697,0.4138641155436337,0.0007508757244729908,0.0007508905487372748,0.1663794835132627,0.0007508966766739468,0.0007509634488683414,0.13940650652345665
doc74,0.0023158393311787473,0.002315552269440985,0.0023152939025405804,0.14436247248712425,0.4156755078263367,0.0023155613189347005,0.0023154628910691836,0.002315265624820719,0.0023153356403074993,0.0023151174365481078,0.0023156144763083826,0.41912297679538996
doc75,0.001231932318997365,0.0309631754398647,0.0012316658353107646,0.7035716164205282,0.11515820926034749,0.0012318843458015102,0.0012318551280941523,0.001231827745561614,0.0012317707969012137,0.0012318270193278622,0.14045236949711434,0.0012318661921507758
doc76,0.30424571255269456,0.0011471467490881185,0.001146937199314514,0.0011472829814054176,0.0011470514421297068,0.0011469728857900442,0.0011470943852248062,0.16832896545785575,0.0011471381648556322,0.22134986273027285,0.0011470852244072367,0.29689875022696144
doc77,0.0019160573338353895,0.45124939251348567,0.0019159945643693963,0.0019162137138776032,0.0019162723209866469,0.0019162502622962335,0.0019164794234993912,0.18253269414692505,0.0664683917170031,0.10116775658093595,0.1851681836841192,0.0019163137386663358
doc78,0.13927826708476027,0.0007989138408878667,0.0007989677740919526,0.6154683442765437,0.0007990063945231653,0.0007990021681255579,0.0007989206294212443,0.0007989775141504058,0.0007990518376722997,0.00079899806970591,0.0971660690025848,0.14169548140753283
doc79,0.19801904597598413,0.12970744704429935,0.0005177423984083708,0.0005177647085380124,0.1455550603244922,0.11685598787477905,0.0005177033705416903,0.0005177091444077148,0.40623823609828597,0.000517737368324018,0.0005177664906800424,0.0005177992012594759
doc80,0.0019160668963270986,0.0019160407193253596,0.0019159733458547767,0.0019163910014865515,0.001916344807936898,0.26681970795070326,0.052649489437216514,0.0019161893884709971,0.0019160733629318162,0.0019160540031520597,0.0019160371144707727,0.6632856319721239
doc81,0.21118325991817624,0.0027633162942111078,0.0027632316516824264,0.48637243899956445,0.0027633635429246558,0.16053475647671378,0.0027635104813278576,0.0027632821087300425,0.11980352485399869,0.002763264318104322,0.0027629199990789346,0.0027631313554875437
doc82,0.45115639650763056,0.0009076334449247876,0.0009075938594933735,0.45608214389179724,0.0009075810888778102,0.056425486468556184,0.029074936116458977,0.0009077533328479815,0.0009076347099554905,0.0009075376477733143,0.0009076789100525309,0.0009076240216318174
doc83,0.001880102680497966,0.0018800892359298002,0.0018798835793888435,0.0018802721151686518,0.8687567150028921,0.11244186373766385,0.0018799482875204647,0.0018802508232052852,0.0018803107397703958,0.0018800463057713787,0.0018803743457679412,0.0018801431464232907
doc84,0.5229763083364521,0.0013854833712956798,0.0013854466640079392,0.10899520947324287,0.00138549847892638,0.00138548904976299,0.21042952559246905,0.0013852762012085823,0.0013853607815294262,0.0013853747975617497,0.0013852843502198506,0.1465157429033235
doc85,0.0006984800682153643,0.0006985256336160827,0.0006984247023588811,0.2824955781922833,0.0006985578077435583,0.15331081799558732,0.0006984740151742551,0.10613699577537464,0.0006984801545935444,0.0006984461112529291,0.0006985479307094546,0.4524686716130908
doc86,0.19435296324680096,0.10103253606396609,0.0018800380476159389,0.2145382860524919,0.0018800816873588858,0.0018801393572162985,0.0018801310297325315,0.11000174563940927,0.3208135806962834,0.0018800574734886804,0.0018802834868586616,0.047980157218777436
doc87,0.0012629163795262184,0.5512717993954603,0.0012628889476213004,0.3284455332612182,0.10891596437060314,0.0012630503745109521,0.0012629075986002052,0.0012629477402539026,0.0012630713438864707,0.0012629329634691708,0.0012629555201464499,0.0012630321047036974
doc88,0.0019925558698103375,0.11950798153911675,0.001992225030228744,0.43666202259381776,0.001992367695646426,0.0019926142215164525,0.001992520202896656,0.0019926151987749094,0.03775010857980115,0.0019925821190891315,0.390139649814332,0.0019927571349696764
doc89,0.05042712718661808,0.001096812708895131,0.0010967793059826147,0.45820622453605375,0.38196007558397577,0.0010967153685871984,0.0010969632476296367,0.0010967484897184514,0.0682202167954355,0.0010967247222710317,0.001096874642276189,0.033508737412556715
doc90,0.0016894919881428646,0.07813132324550436,0.11280311788542201,0.3205403391572745,0.0016895415655156418,0.0016896384158912787,0.4503115469161466,0.001689996064928447,0.02638561966920494,0.0016897566588729694,0.0016897829502190466,0.001689845482877377
doc91,0.0005910987669133338,0.0005910681737926692,0.000591050156112068,0.0005910961417853711,0.0005910909551124741,0.0005910871194717559,0.0005910573830560299,0.0005911023011340765,0.0005910698288761741,0.0005910659782376975,0.9934981433314176,0.0005910698640907403
doc92,0.0007185541370439857,0.0007185032270036,0.007580218245920519,0.9616775701451701,0.0007185449809084857,0.024275524570557056,0.0007185137111322203,0.0007185108210877222,0.0007185133048432395,0.0007184968383708401,0.0007185335145503839,0.0007185165034117254
doc93,0.3291559796270666,0.0006704119817729264,0.028171545797511598,0.24974618319576602,0.11816142123272319,0.000670443145662344,0.06783096676286025,0.14501232080676812,0.0006703621827093491,0.05856949949012656,0.000670404573902612,0.0006704612031304983
doc94,0.0008053469780445656,0.046434577299219376,0.0008052663099477001,0.8834123240284407,0.0008054150657851634,0.000805405783680773,0.02052353098801466,0.00080534436065793,0.043186845248971824,0.0008052980356517436,0.0008053514817260865,0.0008052944198592895
doc95,0.08190113344915426,0.0005489622016947348,0.06879191391940737,0.0005490411020013647,0.03697599022048986,0.43431037979393566,0.11296308575548734,0.16477699007141822,0.0005489650742151062,0.0005489811428032468,0.0005490269768951858,0.09753553029249762
doc96,0.3142749880509043,0.006580318773752104,0.0065800881583345915,0.006581112611217452,0.006580218499968038,0.0065834234488653725,0.006580170895467035,0.006583182265360891,0.006582406653412125,0.006583797498618774,0.006578947371372748,0.6199113457727267
doc97,0.0004922507097205479,0.6779000485627391,0.0004922759235798258,0.0004922805431962038,0.0004922548532315244,0.0004922208821853505,0.0004922521533531277,0.05148966480987066,0.0004922626810391963,0.26617993834161807,0.0004922945237312046,0.0004922560157351324
doc98,0.0008461863395514261,0.0008462424136650244,0.0008461272184140169,0.2528542574925656,0.0008462883005758129,0.0008462974949269589,0.08872578043819286,0.6508039847514333,0.0008462848634600608,0.0008461838391079056,0.0008461757002988931,0.0008461911478081215
doc99,0.40497880332679204,0.0015340170899512935,0.0015339817251907788,0.21994811914738865,0.11404361715793344,0.0015339361929081218,0.0015340050207426975,0.0015341374200435387,0.03430148724868424,0.2159896608214201,0.0015342461060030826,0.0015339887429421687
doc100,0.024072896529124917,0.0005519690160781916,0.0005519395884296287,0.19223967067420206,0.30228616073372994,0.39737248129897906,0.0005520087574428437,0.0005520455611076336,0.0005519816134684691,0.0005519423039907586,0.08016491424379957,0.0005519896796470923
doc101,0.2734625530109403,0.0009243753873155904,0.0009243200411620595,0.29668440134613755,0.0009244603659922449,0.3238206148041468,0.0009243580432184762,0.09863715870195425,0.0009244714601445589,0.000924460925821632,0.0009244342044256779,0.0009243917087409191
doc102,0.0015578708389499094,0.3162566890415904,0.001559094109568518,0.2394331692719478,0.001557901140927051,0.0015579612016273243,0.0015581439131050596,0.0015579468315685386,0.43028723218007625,0.001558007429912957,0.0015579103412907195,0.0015580736994357369
doc103,0.10585999065834016,0.0004669643242799603,0.0004669208654863913,0.00046698054828063664,0.8462175896016984,0.04371979530312707,0.000467010864534436,0.0004669745710084989,0.00046692292532870427,0.00046690916647859816,0.00046691972494361213,0.0004670214464933526
doc104,0.3421308965734973,0.0008184722722170227,0.0008184630415377171,0.0008185979743387046,0.31086782421798004,0.2736912652594433,0.0008185871417876717,0.06676182437029021,0.000818552381612144,0.0008185082647742026,0.0008185076401391863,0.0008185008623824386
doc105,0.2293252130763794,0.001202192938808158,0.0012021279752305629,0.24908542780698373,0.0012022214493495817,0.11970309591582949,0.0012022473173912312,0.0012023128634469707,0.2532637720919409,0.14020708466945633,0.001202094848070172,0.0012022090471134966
doc106,0.003311858132937948,0.4616303830824745,0.003311629458770549,0.003312366068723724,0.003312557448511048,0.003312992973014154,0.0033118754629774677,0.003312404608078108,0.003312088246978262,0.5052475131961583,0.003312012371510296,0.003312318949865606
doc107,0.00037162320043336935,0.051761328347875356,0.00037154172166460077,0.0003715433431313592,0.015228990055169318,0.23914034312134402,0.00037154434001558087,0.4058721748228385,0.2754551630353104,0.0003715431828163762,0.00037153029049744176,0.0103126745389035
doc108,0.0010082280780675285,0.15009202163048213,0.0010081790656339905,0.1706608989253863,0.0010083844302342898,0.362325189626203,0.0010082399546761662,0.3088557744377463,0.001008262209306905,0.0010082294412107826,0.0010082308694484097,0.0010083613316041388
doc109,0.09294151606522826,0.0009507912589804609,0.0009508262324921954,0.18574232650535125,0.13441891801100542,0.000950882740650186,0.0009508281926456359,0.0009507675841020413,0.579290667957835,0.0009507697747950532,0.0009508957759186182,0.0009508099009957919
doc110,0.0006659175337234278,0.0006659617773102546,0.0006658740811725418,0.0006659301796584308,0.0006659072848878853,0.08777571762043815,0.0006658678847178526,0.5457977969919994,0.11722715386008536,0.0006660097387518367,0.11944021526740246,0.1250976477798524
doc111,0.0003557136058451263,0.00035570810685122653,0.013719719999347622,0.4328312604040108,0.20797685981448658,0.03517075598897962,0.00035572896837093973,0.00035574630445335195,0.0003557296299646381,0.0003557165127014698,0.22032751202605555,0.0878395486389331
doc112,0.8704702604442004,0.0022626893928191245,0.0022625893283950487,0.0022629956607341335,0.0022627193328172875,0.002262978497701394,0.002262791080826292,0.0022631682123551563,0.1069015258576893,0.0022628440790588584,0.0022627737388426724,0.0022626643745604293
doc113,0.0014049563412031896,0.00140496398783034,0.00140475520621248,0.0014049140726262802,0.1951512172947475,0.587011054819154,0.06564967773144373,0.14094899111339926,0.0014048819769290366,0.0014047938592137153,0.001404900805888644,0.0014048927913515275
doc114,0.7366723912239483,0.021528925757456355,0.0007033352675417389,0.0007034048418117662,0.0007034194545039948,0.09944498935232368,0.0007034446782510521,0.1367265965795288,0.0007033779487913064,0.0007033447060155035,0.0007033785357501012,0.0007033916540772518
doc115,0.001916280066450482,0.0019161389129250354,0.0019160690907111927,0.0019161700326882863,0.8816568037104281,0.0019161667121098303,0.09918167290085375,0.0019161573235444687,0.001916071405269207,0.0019159304890053173,0.0019162322048029863,0.001916307151211273
doc116,0.0031067398458638476,0.0031061987361584447,0.003107018557961801,0.0031062748975937172,0.7867719262485864,0.0031061406439005,0.0031061894613021216,0.0031061617081392574,0.0031062950117835496,0.003106239155371162,0.0031063274293829054,0.1821644883039562
doc117,0.003547329478379066,0.2605732055810983,0.003546746073344186,0.0035466762401644516,0.4127102351017652,0.0035466554359584834,0.2947951315389137,0.003546974980203256,0.003546604670120157,0.0035467580378920538,0.00354674453162139,0.003546938330539842
doc118,0.002213183364302002,0.002213018949723912,0.0022130096447704225,0.5624637095433874,0.22509123845961765,0.002212640606109792,0.0022126602974316093,0.0022130815052062687,0.19252873750046726,0.0022129821389402023,0.002212997003059814,0.0022127409869833908
doc119,0.15057505498570964,0.0007566138525854304,0.0007565658519033293,0.06550316597404181,0.3376997097405269,0.11150280292928819,0.2153580391830867,0.0007566715639158344,0.0007565943515651405,0.0007565476140428899,0.08650659898062314,0.02907163497271092
doc120,0.0035463552236076274,0.06033472090601704,0.0035464830586395407,0.544463189335171,0.0035464677631831068,0.0035472968780945737,0.0035467938027737,0.36327975194303325,0.003548326735772412,0.0035473922887319658,0.003546942611262018,0.0035462794537137504
doc121,0.00030109428254541503,0.0003011017863349032,0.0003010994240727124,0.9403392539854606,0.0003011420272456112,0.00030107947231442075,0.0003010791024716278,0.03192196365300563,0.0003011140290884907,0.000301138673339288,0.02502881303775412,0.00030112052636720014
doc122,0.001385255022846449,0.34422924567724766,0.0013853201306021096,0.4536940650614892,0.001385472170749718,0.0013853309028679286,0.0013854916211405003,0.18960837114488388,0.0013853181254055707,0.0013854480134137216,0.0013853541527101751,0.0013853279766432142
doc123,0.0009328878524557839,0.0009330586948876462,0.9897367560277666,0.00093315902580694,0.0009329385196558245,0.0009331357088081565,0.0009330424113494653,0.0009330228907306402,0.000932988433943326,0.0009330452430749336,0.0009330099854094226,0.0009329552061113652
doc124,0.0009328878524557839,0.0009330586948876462,0.9897367560277666,0.00093315902580694,0.0009329385196558245,0.0009331357088081565,0.0009330424113494653,0.0009330228907306402,0.000932988433943326,0.0009330452430749336,0.0009330099854094226,0.0009329552061113652
doc125,0.001510955536311217,0.29644221363114626,0.025253442220569255,0.001511003611580991,0.0015110691807459795,0.22750830060919575,0.0015107836156642313,0.4387084935452971,0.0015110267501571165,0.0015109642536907783,0.0015109356596117603,0.0015108113860295845
doc126,0.0012791437111056153,0.001279156095700972,0.0012790907918834805,0.00127908394942755,0.9395108682199897,0.0012790091577068595,0.04769855602002317,0.0012790589263467478,0.0012790179230738779,0.0012789553897863846,0.0012789523145804373,0.0012791075003751218
doc127,0.459801822812485,0.001916034934647538,0.0019159187681568027,0.0019162019120167178,0.17960525207253317,0.0019160973466137896,0.0019160129050392936,0.0019161024728338119,0.0019160232349596925,0.001916148604418467,0.0019162476016833974,0.3433481373346123
doc128,0.0019535397113076033,0.001954274479566059,0.0019540875183939833,0.001953373455590396,0.8803304249859294,0.10013251631510434,0.0019545679219789987,0.001953548073508667,0.0019534581934178086,0.001953427902661573,0.0019533156370908217,0.001953465805450164
doc129,0.001278990831555621,0.0012791925350841506,0.0012791328940641444,0.0012790644168881986,0.04146578327044961,0.0012792007197062866,0.001278980591226752,0.0012790430997153147,0.20184297408554078,0.5353589719039025,0.21109949197221212,0.0012791736796545971
doc130,0.001879930117044227,0.0018800467840569032,0.032450545462788305,0.815460089502698,0.0018799826749809224,0.0018800792111866656,0.0018800939600697045,0.001879988468574282,0.0018801164223322326,0.0018799345885843791,0.001880156462950746,0.13516903634473362
doc131,0.5335539154959074,0.0010396428600991507,0.0010396003674269475,0.0010397073424656819,0.21694557286845711,0.001039689669257003,0.2401430668167756,0.001039832714108481,0.0010396225651538714,0.001039782470766604,0.0010398506111449538,0.0010397162184373554
doc132,0.001330188699707678,0.0013300535168209125,0.0013299209116912464,0.0013302367428881627,0.09276308758884586,0.1748716043366815,0.04030036427529541,0.0013301597192792866,0.0013300581255199242,0.02132592904766643,0.001330314062494062,0.6614280829731096
doc133,0.001160667225833011,0.907155910176067,0.001160333280613725,0.0011604978857940442,0.0011611078380743065,0.0011603172256671862,0.08123886321604067,0.0011604733792505062,0.0011603631114682055,0.001160418372175849,0.0011606106063799955,0.0011604376826354556
doc134,0.0009982474157631009,0.0009982131684498309,0.0009982091118822126,0.148884428689201,0.25226631358089213,0.0009983224609338758,0.000998461258550106,0.4958907421965383,0.0009983208959403848,0.0009983060512948447,0.0009982859465329963,0.09497214922402128
doc135,0.42847803552417296,0.0008391619393942845,0.08933831718048285,0.08798163233378532,0.2778336438135531,0.0008391372330536117,0.0008391743995012097,0.0008390921249020777,0.0008390675609330665,0.0008391323405108008,0.0008391218836345546,0.11049448366607637
doc136,0.00148839899587752,0.30015048076155676,0.0014883096440366627,0.4711109432755866,0.001488530191572532,0.001488608586492066,0.001488563789100724,0.04066523343804662,0.17616538465550374,0.0014884479468622058,0.00148841108229197,0.001488687633072553
doc137,0.0011088422298067082,0.555709584241758,0.0011088206374166582,0.001108922715892155,0.0011089737129768584,0.0011089476118654672,0.0011088281031911612,0.0011088631211829216,0.31960946430406706,0.0011087951080465403,0.11470113476546553,0.0011088234483308227
doc138,0.041009803072368796,0.1606254922306466,0.0015824444844377637,0.24893947673944955,0.0015827064476205072,0.0015824590501626048,0.0015826686281545106,0.0015826858062507464,0.1263317013429817,0.203399660312853,0.14421012071458916,0.06757078117048515
doc139,0.14259004480257823,0.0011213315555738393,0.0011211835785739771,0.25238567986469435,0.1265239522541154,0.29152577579614963,0.0011213200790783425,0.001121405248049252,0.10731959873332554,0.0011212784988024946,0.07292709175371179,0.001121337835347019
doc140,0.0023152685507645044,0.048242670478577165,0.0023151481044843825,0.8518683249824853,0.002315470376261221,0.0023158114658732424,0.0023153133146285084,0.002315246928116448,0.002315460621121149,0.00231546768849351,0.0023152553425313917,0.07905056214666316
doc141,0.30190986703048006,0.0012790136870975155,0.08275118153429396,0.00127934921465789,0.001278952926104156,0.0012790458034510415,0.0012790222353876494,0.0012789804914499988,0.0012793590776986913,0.0012789484879714083,0.0012790724828595512,0.6038272070285481
doc142,0.3208592113464067,0.0023151472852147776,0.0023150202362231323,0.6559879150223871,0.0023153475955556848,0.002315795620996722,0.002315352803442267,0.002315222226820957,0.00231516405210645,0.0023151366214914193,0.002315145053616795,0.002315542135738161
doc143,0.30424571255269456,0.0011471467490881185,0.001146937199314514,0.0011472829814054176,0.0011470514421297068,0.0011469728857900442,0.0011470943852248062,0.16832896545785575,0.0011471381648556322,0.22134986273027285,0.0011470852244072367,0.29689875022696144
doc144,0.0014455266627494813,0.0014456079987655364,0.0014453673459594056,0.0014454405866503833,0.10543280726614791,0.0014454857233079559,0.0014453803601434004,0.0014456660956667945,0.0014453782604543911,0.0014452535446430044,0.001445282064087255,0.8801128040914243
doc145,0.0012169496083221706,0.0012169640637055312,0.148604321005746,0.27227632128373197,0.001216985614725074,0.2658010725354952,0.17811562129785113,0.12668435673145273,0.0012167747972319336,0.001216804615409855,0.0012168789624077399,0.001216949483920836
doc146,0.0015824946873759487,0.0015825672709308986,0.024175246254211805,0.9026979882207256,0.0015826636779277625,0.0015825255527546162,0.0015826715650235606,0.0015827531362641312,0.0015825164373096108,0.0015825030323459277,0.0015825361519476795,0.058883534013182505
doc147,0.0006363456331971687,0.000636234136789465,0.0006362156392718175,0.0006363627311241643,0.0006362860128519191,0.0006363430085481972,0.9930008417078959,0.0006362516933131896,0.0006363378549483013,0.0006362090963596883,0.0006362775858893056,0.000636294899810714
doc148,0.0019160573338353895,0.45124939251348567,0.0019159945643693963,0.0019162137138776032,0.0019162723209866469,0.0019162502622962335,0.0019164794234993912,0.18253269414692505,0.0664683917170031,0.10116775658093595,0.1851681836841192,0.0019163137386663358
doc149,0.16923686795204593,0.052351208415843876,0.042797088884265436,0.001295791209615688,0.0012956514227658936,0.07373019004196259,0.0012958341775272653,0.04562407831038781,0.19530353621604934,0.12336256104101723,0.05574865364530481,0.23795853868321395
doc150,0.0009330602361573999,0.0009330403803798366,0.0009330524630362968,0.0922519910583163,0.36893297602955233,0.0009330340443548593,0.05072171260822994,0.3565322897280405,0.0009330672394016238,0.000933002270886158,0.1250297015493795,0.000933072392265118
doc151,0.05776881302838533,0.0022627214706820303,0.0022631440185149447,0.91960075547331,0.0022630245430530836,0.0022633946816211455,0.0022632345065488908,0.0022628882860953915,0.0022631192716214693,0.0022627339792316388,0.0022630980639470446,0.0022630726769889294
doc152,0.002370110783196114,0.0023703929575976585,0.002370291501003826,0.07910927689606906,0.1440619104806756,0.0023703381107435958,0.002370047160615184,0.0023702997083297197,0.0023703185643428296,0.0023700636883268425,0.0023704332905951234,0.7554965168585045
