,topics0,topics1,topics2,topics3,topics4,topics5,topics6,topics7
doc0,0.0008789249225964248,0.0008790028805250478,0.00087892175229919,0.0008788957602698118,0.22313594531743686,0.000878962618097683,0.7715904753946276,0.0008788713541474163
doc1,0.3769359340619531,0.0014128042701276472,0.001412744469213056,0.0014128868788161764,0.09736675466229952,0.28224584843102773,0.2378004586483732,0.0014125685781896217
doc2,0.1450140459937332,0.0009365876086079787,0.0009365484745210947,0.0009365613312332829,0.3021663653231214,0.5481368191888977,0.0009366164822608397,0.0009364555976244956
doc3,0.08176912363708569,0.0007206987608954881,0.0007206892159015902,0.0007206821265131556,0.2604844844273045,0.16458225894462067,0.49028151833816813,0.0007205445495108159
doc4,0.13027730336217044,0.0018591356256231386,0.0018593955559720768,0.0018591307035366487,0.6008534339556647,0.259573162693989,0.0018591723354967815,0.0018592657675471746
doc5,0.07194728560859413,0.21158555907035415,0.00033813821946762445,0.11325522084620379,0.14568084571555812,0.00033814135334196265,0.45651668808500323,0.0003381211014769379
doc6,0.0005354848290569694,0.35452511622612726,0.0005354346904107677,0.21340504893415138,0.1547962801186081,0.18088564943729196,0.09478157588293987,0.0005354098814136451
doc7,0.5112370763994255,0.17455656837829325,0.0012692618044019585,0.0012695033795983091,0.0012693467905836619,0.0012693898752853172,0.30785958071992975,0.0012692726524823612
doc8,0.0010440212716975054,0.49977037731034096,0.001044111863906172,0.0010440320276130068,0.0010441770590434857,0.0010440760908683342,0.34588691695020174,0.14912228742632877
doc9,0.0013373669698028986,0.4978464013816598,0.0013371280064900476,0.297532577563398,0.0013371764542389386,0.11181512066820966,0.08745675872736783,0.0013374702288327623
doc10,0.007816426095614523,0.7226794431636807,0.007814477985558493,0.23043198064107112,0.007813992086319383,0.007814765119619012,0.007815008380990536,0.007813906527146261
doc11,0.05004844288138577,0.0009729372842198768,0.0009730308764893049,0.0009729021276808137,0.0009730244578116842,0.0009729801003629449,0.03513797881744591,0.9099487034546037
doc12,0.7258546303028608,0.000919348082454398,0.0009194158301828689,0.10991398318163634,0.0450287245459832,0.11552512542910147,0.000919411824864156,0.0009193608029167022
doc13,0.05004844288138577,0.0009729372842198768,0.0009730308764893049,0.0009729021276808137,0.0009730244578116842,0.0009729801003629449,0.03513797881744591,0.9099487034546037
doc14,0.46652139875119114,0.0013371553640641202,0.001337153661919777,0.0013372559387725596,0.0013373398166719546,0.22291385057326205,0.3038787675640158,0.0013370783301026726
doc15,0.1440040545608041,0.09102614030106172,0.0012534153464998084,0.0012535635443975638,0.40886944908928013,0.3510864946429247,0.0012534536197514041,0.0012534288952804101
doc16,0.26094215545347127,0.0008015536669039329,0.0008013630202905464,0.0008015432227254001,0.0008014364739788963,0.0008015029467243321,0.7342489846216604,0.0008014605942452633
doc17,0.0009366323169948845,0.26619025721793066,0.0009365728320371879,0.0009366559287942026,0.45376990474348594,0.0009366181822108543,0.2753568362462827,0.000936522532263651
doc18,0.6834437300390848,0.00480882431339672,0.0048083460870378,0.2877031815819459,0.004808434785608126,0.0048090160744318775,0.004809018188323908,0.0048094489301708405
doc19,0.024231242668587578,0.26758478807904107,0.000849057020752297,0.0008491483775660463,0.0008490946984876847,0.0008490835001537351,0.7039385498907597,0.0008490357646517603
doc20,0.02736127694730665,0.2583603881539406,0.0010778866310867698,0.0010778723414752891,0.1522285829195854,0.27707316007176575,0.28174289647954165,0.0010779364552979814
doc21,0.0006033136286630101,0.1511109010807383,0.4000323689791322,0.055240562913040255,0.1245902147601219,0.11207490512776867,0.1403357269568415,0.016012006553694166
doc22,0.16155972812512195,0.06619731464587833,0.0013739966207286839,0.0013739810055585224,0.5652588618423625,0.20148822243878295,0.0013740070980822327,0.0013738882234849215
doc23,0.5953731504844597,0.0005925655002686287,0.0005925719012635004,0.07443756379399537,0.06702489948217272,0.260794123870327,0.0005926542456088248,0.0005924707219043206
doc24,0.0756631936359664,0.0013197600641820992,0.0013195212495198533,0.0013196492897465072,0.5798726826610628,0.337866042538441,0.0013194777329358488,0.0013196728281454043
doc25,0.07729955610829298,0.2157149012091609,0.0007103787270386685,0.0007104274545798352,0.0007104134492276004,0.0007103758948151849,0.7034336026772235,0.0007103444796614345
doc26,0.0008947192394134839,0.8361624141854986,0.0008946432569707271,0.0008947519694617352,0.06961789206776506,0.0008946588434399689,0.0897462245401105,0.0008946958973400235
doc27,0.6787899585463241,0.14495385037082012,0.000807991993470266,0.0008079504133476357,0.0008079680628290466,0.0008079818054414223,0.1308723352398045,0.04215196356796294
doc28,0.0018251024093424557,0.719908191387854,0.00182516655392235,0.2691405971707886,0.0018253494051895186,0.0018254302201527412,0.001825155758441708,0.0018250070943085614
doc29,0.14136237527123185,0.25326528402706533,0.0010440810879935752,0.0010441987628273999,0.2827880222575536,0.001044046957819806,0.29861679843163985,0.020835193203868556
doc30,0.09950369163047751,0.08779378862132461,0.0011934625862689487,0.0011936906325779705,0.24965655187676625,0.0011935822346385298,0.5582717898449514,0.0011934425729948164
doc31,0.19965493754557237,0.3933081355628701,0.04900704483980753,0.13608252191393422,0.03594571629339366,0.0008348818989501867,0.18433183292150304,0.0008349290239688787
doc32,0.3894356326787456,0.6026472378846005,0.0013193955200260015,0.0013195371879367462,0.0013195890814197745,0.0013194881594635762,0.001319662107740823,0.0013194573800670488
doc33,0.3487253679086856,0.17593567103268454,0.20341880046919777,0.0025134530481407116,0.002513292717473599,0.002513368638965269,0.21538491593120546,0.04899513025364696
doc34,0.9016107271846677,0.0004860273581441723,0.0004860108279887493,0.00048600260738493534,0.03217602300037401,0.06378321178508481,0.00048604377617691936,0.00048595346017864564
doc35,0.2759913388887375,0.19866982422523158,0.001825445506364851,0.0018251772541868561,0.0018253871912656163,0.001825399876158438,0.5162121771701244,0.0018252498879308186
doc36,0.0010021733548139667,0.9318429557388145,0.0010021859924719103,0.0010022515253659996,0.0010021823858975046,0.0010022232151422684,0.062143831368512696,0.0010021964189811659
doc37,0.0007888108425408648,0.9944783503194478,0.0007888088647031657,0.0007888687201720187,0.0007888243935076888,0.0007888120602473434,0.0007888149092872905,0.0007887098900938339
doc38,0.1999259116695859,0.7367318851685392,0.0005056804951346846,0.06081370565575127,0.0005057228863358107,0.0005057271227204707,0.0005057144545643508,0.0005056525473682793
doc39,0.17018607098476599,0.5827974199780622,0.0011265054081025798,0.0011264095937627851,0.04640127438294521,0.0011264148638668548,0.19610945664988316,0.0011264481386112043
doc40,0.00047904066719067767,0.556128187388624,0.0004790329785504107,0.10260052212655624,0.02761559647304155,0.31173954494292483,0.0004790844800943609,0.00047899094301788995
doc41,0.31464430244646135,0.001894232967365441,0.001894193906160414,0.0018947953104501336,0.001894185430344548,0.6739898847235614,0.0018942364085566621,0.0018941688071001178
doc42,0.08139724791243408,0.0006260021275160009,0.0006259060308799165,0.18863402278456318,0.0006259183714650376,0.0006259266810961266,0.5944851236796798,0.13297985241236596
doc43,0.3572288347715064,0.0722417131268746,0.296040784855882,0.08122348520191938,0.19130138893766307,0.0006546069694427591,0.0006546510724675124,0.0006545350642442102
doc44,0.002137381330345048,0.002137023957934723,0.0021374131509642098,0.0021373968256241434,0.002137207108372246,0.37916746335357016,0.6080083997389533,0.0021377145342361707
doc45,0.5571281591427923,0.09096169093624405,0.001002197948891493,0.0010023006607739228,0.0688316428053403,0.2790694783424579,0.001002281024789819,0.001002249138710301
doc46,0.30307606033651907,0.0017927029441666962,0.0017924392054805127,0.0017925148369909057,0.264184649535528,0.0017924494404411599,0.42377697364583805,0.0017922100550356404
doc47,0.27325529382512964,0.056184061631541854,0.039393144511052774,0.2007593418046942,0.360824064704626,0.0004883929617146295,0.06860737550349526,0.0004883250577456931
doc48,0.001319743632687852,0.3833164572902368,0.0013196677782669212,0.20405689205934113,0.047773234821002916,0.26256160734138617,0.09833293460714607,0.0013194624699321613
doc49,0.0010123316046308742,0.001012435862116823,0.0010124247099659008,0.0010122980386186508,0.0010123783165310101,0.33159448231614386,0.6623313799413234,0.0010122692106694859
doc50,0.0016451640356336702,0.0016451010266638753,0.8602879420286043,0.12984072926272158,0.0016452133056448948,0.001645412079200146,0.0016452768115463997,0.0016451614499851815
doc51,0.4512800227937448,0.0017613321904617859,0.0017609842275742717,0.0017610508617529415,0.10569947469397921,0.4342151160483648,0.0017609055974790594,0.0017611135866431138
doc52,0.001497355050092281,0.16576896875210856,0.001497228467294277,0.0014974600186445236,0.46818133417319024,0.22558465058220553,0.13447583160504412,0.0014971713514204035
doc53,0.23609683916373045,0.04331426534750431,0.0010439993064508353,0.11895174877381025,0.001044112145367,0.0010441591341151628,0.5974609889977059,0.0010438871313161197
doc54,0.8444885963895422,0.0012693130913299714,0.0012692758919833865,0.0012693176385144727,0.14789545139945076,0.001269269084303521,0.0012695742794182352,0.001269202225457483
doc55,0.2427598886697473,0.0009924549443892055,0.0009923025049092054,0.13002756906777185,0.08725472507651748,0.0009922504137125125,0.5359885906553112,0.0009922186676411331
doc56,0.0032476604266086905,0.0032480036241760613,0.003247642730272438,0.4371949282637518,0.003248282935424489,0.5433189419070849,0.0032475638226547717,0.00324697629002692
doc57,0.0006221106107878308,0.6134055698325431,0.0006221191838294836,0.0006220603826969956,0.06307655135309631,0.1072924754813383,0.2137371412027502,0.0006219719529577301
doc58,0.0026465009500896996,0.0026460390941793438,0.0026461941573208045,0.002646168557533017,0.9814758951134855,0.0026463034452462466,0.002646286588278637,0.0026466120938668236
doc59,0.3399238270646073,0.0006420455657999125,0.0006419708367309758,0.0006419568892455616,0.23059105076067896,0.0006419764713715692,0.42627516883509836,0.0006420035764672786
doc60,0.10608528288945071,0.8030749064747399,0.0025127982192076044,0.0025133864267270654,0.002513156653796349,0.07827341338020702,0.002513412118999846,0.002513643836871654
doc61,0.03489426364985763,0.4525139195980416,0.0006419405232929334,0.0006419945985658656,0.0006419927506954432,0.0006419696756768204,0.4031427003333286,0.10688121887054097
doc62,0.0013372320263170213,0.8812174895938203,0.0013371966170194387,0.11075910994171681,0.0013371755870113557,0.0013372567070178067,0.001337222743074171,0.0013373167840230679
doc63,0.0034730966314928087,0.3644066309828367,0.48539943520949674,0.0034728720980057703,0.003473301289928385,0.003473525252111234,0.0034730664317276076,0.13282807210440073
doc64,0.000945481197634964,0.041648385486504375,0.0009453586070329005,0.0009456251729456479,0.0009454247194784196,0.03944539063681053,0.0009453758969668884,0.9141789582826263
doc65,0.4781435242097717,0.001432843614690321,0.001432852404692211,0.0014328369754759308,0.001432913963575718,0.0014329131832597557,0.513259083707425,0.001433031941109378
doc66,0.000945481197634964,0.041648385486504375,0.0009453586070329005,0.0009456251729456479,0.0009454247194784196,0.03944539063681053,0.0009453758969668884,0.9141789582826263
doc67,0.3534508838670297,0.0027942154268397975,0.0027937602345592524,0.12384997937202566,0.16470720389498167,0.002793963607768823,0.3468156123399678,0.00279438125682719
doc68,0.08632594388797078,0.06713760636084348,0.0007588893912260369,0.0007589556137368526,0.0007588806485592989,0.23968012849535408,0.6038207442671917,0.0007588513351177088
doc69,0.0011265445368475369,0.001126547952205374,0.00112638172410452,0.0011264109474810784,0.690668276486255,0.0011264667553899943,0.302572943112291,0.0011264284854254107
doc70,0.0007206013268097164,0.18184626077474067,0.0007206458033187415,0.0007206534345117996,0.04740606307343899,0.0823504076090791,0.6855147684727022,0.0007205995053986981
doc71,0.20626938446809603,0.7310320228267004,0.0006378085471202641,0.0006378988760969757,0.0006378583017535474,0.059509269389230235,0.0006378898979859974,0.000637867693016639
doc72,0.001645351386678214,0.0016450929109343997,0.8119795836717789,0.0016453566965753117,0.00164524055801996,0.001645206788110246,0.17814878519483934,0.0016453827930637825
doc73,0.024231242668587578,0.26758478807904107,0.000849057020752297,0.0008491483775660463,0.0008490946984876847,0.0008490835001537351,0.7039385498907597,0.0008490357646517603
doc74,0.005319847650160135,0.31358236748212165,0.005320386124492465,0.005321565206719371,0.005320455672273961,0.6544946976181055,0.005320253585133835,0.005320426660993164
doc75,0.3349775011392315,0.607138068920552,0.002233157105374814,0.00223245742215288,0.0022328559195234736,0.002232599247264914,0.00223277529707391,0.04672058494882661
doc76,0.31373379442698135,0.00061447468688748,0.6187009122784797,0.0006144256947708551,0.0006144584432920839,0.0006143413535163489,0.06449329229469213,0.0006143008213800496
doc77,0.5492864042332062,0.002049503200090966,0.00204981064114391,0.0020495898965976426,0.0020495901872830545,0.43841568098279454,0.0020500227267468644,0.002049398132136796
doc78,0.000758961276587371,0.398217832616989,0.000758868845750239,0.10774019791948973,0.0007588704162241384,0.0007589592861974282,0.49024744623416155,0.000758863404600566
doc79,0.00156760949823818,0.0015676015451131032,0.38991845939353104,0.0015676082356855545,0.13533735786368506,0.28423697142258225,0.18423682069476321,0.0015675713464015863
doc80,0.6092813397017356,0.0018256840391154868,0.3261583777857363,0.001825262450370307,0.0018253692200932415,0.0018251885491516804,0.05543365284086151,0.0018251254129358187
doc81,0.0017924642810430004,0.1778142629373852,0.4471816859320505,0.001792308649365776,0.0017923937452474078,0.21546030106550607,0.001792422166513124,0.15237416122288888
doc82,0.7757990912371042,0.21547720034599321,0.0014540677648702369,0.001453876218518543,0.0014538481216150817,0.0014538419845670245,0.0014542713805119256,0.0014538029468198217
doc83,0.2270223564614272,0.0017306165997927243,0.0017304205973353993,0.001730734683450725,0.04396705538024671,0.27170205887411736,0.45038649547925597,0.0017302619243739076
doc84,0.5660741948340776,0.0004956539481268597,0.0004956628469590485,0.07849438590760634,0.0479506286632317,0.305498174209001,0.0004957186083396606,0.0004955809826578245
doc85,0.1381891303104483,0.47220243706299775,0.0008712721397447988,0.16996574642036863,0.10034731189404593,0.0008713245464487922,0.11668155587085441,0.0008712217550914335
doc86,0.772681970224191,0.0611985099378284,0.057827938142032756,0.0008491378690862185,0.0008491998892762999,0.0008490617349428894,0.10489521830014154,0.0008489639025008813
doc87,0.7414179304437369,0.0011936001655096285,0.001193539340861032,0.047987243141083755,0.0011934811502521344,0.2046272304980686,0.0011935529779417196,0.0011934222825460245
doc88,0.3518445171602412,0.21428059605472025,0.18438095240692542,0.13927971994655206,0.10784774613469901,0.0007887487998480006,0.0007888916622013463,0.0007888278348127142
doc89,0.03969698440552865,0.7606538940357229,0.0010777881655149042,0.0010777863460593694,0.05648888963640308,0.0010779117903964455,0.13884897745728852,0.0010777681630861806
doc90,0.39403501587470974,0.0016451016578760348,0.29119974744853633,0.0016452905923512767,0.0016452838708625195,0.3065393978781193,0.001645178747974658,0.0016449839295701347
doc91,0.0012694217052424352,0.3102869566267473,0.0012694112964067843,0.0012694533012019603,0.001269478314356935,0.4697077906724236,0.2136582843318209,0.0012692037518000614
doc92,0.33849857166191044,0.6511183960187922,0.0017305749667340597,0.0017303375336721175,0.0017303845419816626,0.0017304975256414088,0.0017308732536253266,0.0017303644976427582
doc93,0.3115374943190717,0.32104866598561327,0.0024515163522439995,0.002451728736661351,0.002451469704339591,0.1447124203518274,0.21289556890246872,0.0024511356477740377
doc94,0.0010334292733139964,0.8397853735239621,0.0010331946916778583,0.0630513844720729,0.0010332830528604325,0.001033288507720895,0.09199678252107527,0.0010332639573165743
doc95,0.45760807098908324,0.0016450174715115966,0.0016449228439692134,0.0016453910154060212,0.0016449492975591617,0.5325216230020867,0.0016449681502609694,0.0016450572301230661
doc96,0.0014331073233277542,0.0014330552538184735,0.0014331108860431493,0.10090779723236938,0.14851633652170715,0.7434107140052251,0.0014330338508706539,0.0014328449266383426
doc97,0.002183810066408875,0.002183803688356127,0.0021836843792933866,0.0021837486483774903,0.0021837228780675795,0.9847137234122013,0.0021837452009407965,0.0021837617263542673
doc98,0.5117610371046719,0.29393120922937976,0.0004956332512182642,0.0004956523815820864,0.0004956549696868383,0.1918294305510854,0.0004956532889435663,0.0004957292234323151
doc99,0.0005926607663353159,0.33721966534528863,0.24646618301038853,0.0005925530647140267,0.17167166356868607,0.16987824788469455,0.07298646993337086,0.0005925564265219079
doc100,0.0022328084898780376,0.0022326311652172103,0.0022327118711411727,0.002232881152547345,0.0022329073244939544,0.7776892509272674,0.20891433369647056,0.0022324753729845138
doc101,0.1354126983589741,0.21435898526265054,0.002646184875601426,0.0026462262010775533,0.002645916786798646,0.002646229833845037,0.6369976316489352,0.002646127032117588
doc102,0.2520137168275297,0.2087836817801172,0.002874234069292415,0.002874457354706268,0.26760063581081817,0.002874280016613068,0.26010533427858523,0.0028736598623380918
doc103,0.0010123316046308742,0.001012435862116823,0.0010124247099659008,0.0010122980386186508,0.0010123783165310101,0.33159448231614386,0.6623313799413234,0.0010122692106694859
doc104,0.0007951709014251087,0.27877344877660554,0.0007951383770057417,0.0007951786869538587,0.000795123094963677,0.0715616060785664,0.6456892167253386,0.0007951173591411035
doc105,0.002874319762569548,0.6203216705978395,0.002874385133119814,0.002874456027905928,0.0028744290303849593,0.3624321962406955,0.0028739231069199287,0.002874620100564891
doc106,0.0013930099954757363,0.0013930096085447206,0.001393206801306906,0.0013932136628852607,0.34834036492789305,0.5433872221315535,0.10130711756276495,0.0013928553095758057
doc107,0.0022329024991171384,0.002232708427520607,0.0022328000232041956,0.4496554312890132,0.0022327161328236414,0.5369476661600204,0.0022330412184581824,0.002232734249842721
doc108,0.07946511768604599,0.0010777939089434713,0.0010777767139619006,0.0010777632137713863,0.11191918671978734,0.45557869589938527,0.3487259241222007,0.0010777417359038274
doc109,0.6899844854413258,0.0004814057466381165,0.00048138396687681597,0.07440719190261864,0.00048139640924008207,0.140710939788601,0.05948162839467749,0.03397156835002196
doc110,0.736908553346144,0.25609692776584597,0.001165821685817332,0.0011657426258660298,0.0011658380969044506,0.0011657293499503082,0.0011657445243992103,0.0011656426050725428
doc111,0.0006721722805116737,0.06732127632060611,0.0006722270630262382,0.000672252772980053,0.7394405760663133,0.1098772206604653,0.08067209629197405,0.0006721785441232456
doc112,0.0029588773162568106,0.485024730526141,0.0029593976719623754,0.002959928278230518,0.24665729017280208,0.25352145093541323,0.0029590046368514356,0.0029593204623427406
doc113,0.0013197034841631035,0.1854371177409941,0.0013197726371741768,0.2533231137355372,0.14685341889707298,0.001319806288524385,0.4091075297822162,0.0013195374343179778
doc114,0.0009366318375026415,0.0009366140788454939,0.0009365281019996724,0.0009365569962752722,0.737992000402481,0.22873505781107767,0.0009366982787381986,0.02858991249307997
doc115,0.33386397976067056,0.0018943812463548208,0.0018943576782103442,0.15158423565872312,0.001894289539370747,0.0018942650797284216,0.5050804003176473,0.0018940907192947917
doc116,0.002283641926183075,0.0022842586287859464,0.0022838885841024842,0.002283883194478982,0.0022835944534287337,0.49362541238378965,0.49267122859508,0.002284092234151107
doc117,0.7694417962089836,0.0005996890077051921,0.0005997213323390635,0.0005997029677445718,0.0005997029475511407,0.06243472395175645,0.16512504559697236,0.0005996179869475764
doc118,0.000360087648258799,0.10374152504407631,0.00036005561253156157,0.0003600734496467771,0.1387693381807867,0.0003600645296783771,0.7556888183441416,0.00036003719087998045
doc119,0.002184416726708667,0.7434057885169042,0.002183708024394369,0.0021838470176404044,0.06390860748268852,0.0021836961792536984,0.18176594120887635,0.002183994843533819
doc120,0.3884394437541785,0.5358380729383174,0.0008348739673663969,0.0008348839846238413,0.0008348370605685482,0.07154818983372466,0.0008348726375575226,0.0008348258236631987
doc121,0.0029591553455002727,0.28218943234173893,0.002959128845861552,0.0029595278848599704,0.0029595718322541777,0.002959279227590124,0.5957598372617983,0.10725406726039671
doc122,0.0025133788711482422,0.5344654230643099,0.002513393908454177,0.0025132787929706972,0.1142910836696989,0.0025134400282251727,0.17365578490100608,0.16753421676418687
doc123,0.0013372320263170213,0.8812174895938203,0.0013371966170194387,0.11075910994171681,0.0013371755870113557,0.0013372567070178067,0.001337222743074171,0.0013373167840230679
doc124,0.00036535277434598983,0.5257019729436722,0.0003653396372821339,0.3218563044741216,0.00036536657964799795,0.00036533856187040046,0.1506150284415106,0.0003652965875490651
doc125,0.0737924553458652,0.0009825614510459285,0.0009826455123754798,0.03762104290325906,0.0009826598200438107,0.0009826515228616487,0.0009825417253074647,0.8836734417192414
doc126,0.0737924553458652,0.0009825614510459285,0.0009826455123754798,0.03762104290325906,0.0009826598200438107,0.0009826515228616487,0.0009825417253074647,0.8836734417192414
doc127,0.0006721722805116737,0.06732127632060611,0.0006722270630262382,0.000672252772980053,0.7394405760663133,0.1098772206604653,0.08067209629197405,0.0006721785441232456
doc128,0.0012380166371432505,0.22820985008469974,0.42970297245869604,0.232833118992765,0.0012379056712386858,0.0012379935697961694,0.10430231966966291,0.0012378229159983256
doc129,0.07213782830061584,0.16547240305317965,0.0012694061741392176,0.15224773026192948,0.0012694459155276102,0.3931403089873499,0.21319358538465538,0.001269291922602783
doc130,0.1317569354356218,0.0013195560146263396,0.001319650701414822,0.0013194842720880495,0.49642647719092753,0.336193410992694,0.001319509952722669,0.030344975439904914
doc131,0.0014331343521989284,0.3830192638344953,0.0014329429035926753,0.0014329505898237839,0.001433071123294524,0.30991530202303436,0.2734247445842956,0.02790859058926492
doc132,0.9853526033372634,0.0020922124714802975,0.0020924497506868154,0.0020926781654412746,0.0020925487872670142,0.0020925457179246107,0.0020924911511239932,0.0020924706188126586
doc133,0.503930074767514,0.1818259936223527,0.001269317437751291,0.05270164903900025,0.001269368082695199,0.2564647387076149,0.0012694118503580475,0.001269446492713752
doc134,0.024231242668587578,0.26758478807904107,0.000849057020752297,0.0008491483775660463,0.0008490946984876847,0.0008490835001537351,0.7039385498907597,0.0008490357646517603
doc135,0.001089673488941729,0.0010896671545593275,0.22969429974308284,0.10198747550930842,0.07852483026630983,0.0010896453859635963,0.585434701098504,0.0010897073533302451
doc136,0.23625407114199218,0.00223292319244251,0.00223278651080477,0.1224359372370968,0.0022328136285244453,0.2342684237458395,0.3981104685160122,0.0022325760272877675
doc137,0.0017307135043867238,0.001730532115166693,0.001730492503486232,0.06901280829317397,0.08302961109036917,0.8393049458554986,0.001730542429770833,0.0017303542081477266
doc138,0.39232784922352665,0.5554463963523953,0.0002934825103723818,0.0507582935033089,0.00029351310655388433,0.0002934923519828954,0.0002934976797039566,0.00029347527215601573
doc139,0.0008015435052828626,0.2820406039375296,0.0008015106556577402,0.0008015521153746009,0.0008014942054290891,0.07531443028378913,0.6386373757365035,0.000801489560433549
doc140,0.010994902134321952,0.5554476457962216,0.07078722053154587,0.0003835588825558421,0.0003835274277617129,0.0003835171646843144,0.3286216790001063,0.03299794906280222
doc141,0.1370831122094902,0.6525565465339889,0.0014972509717380914,0.0014974577007198708,0.0014973027945772736,0.0014974199335118534,0.2028735912143348,0.0014973186416390057
doc142,0.6292050088785545,0.0020085948542853042,0.00200823419647367,0.002008537469666833,0.0020085896955566633,0.3587443494335108,0.0020085037293708116,0.002008181742581508
doc143,0.5660741948340776,0.0004956539481268597,0.0004956628469590485,0.07849438590760634,0.0479506286632317,0.305498174209001,0.0004957186083396606,0.0004955809826578245
doc144,0.002008364937925335,0.9497802494598727,0.002008310857451013,0.0020085781854340293,0.038168346073922096,0.002008590708908473,0.0020084446986863443,0.0020091150778001462
doc145,0.31375327223586696,0.0009826517258741901,0.0009824311278274242,0.0009825606509901855,0.09357722930662132,0.2728229533380193,0.3159164883715502,0.000982413243250395
doc146,0.06528977822177003,0.48665807256293897,0.0025778673857123776,0.1276366037379984,0.3101040452310212,0.002578155902802505,0.0025778694106017674,0.0025776075471547356
doc147,0.0013373096378156242,0.44465194562083576,0.03283605835293717,0.001337450342582748,0.04631318124811729,0.23786774171621533,0.23431915092278793,0.0013371621587080595
doc148,0.003049836344767709,0.749731474952951,0.0030491093878843136,0.003049011852459462,0.03448175270963872,0.003049270499050656,0.0030493781287439527,0.20054016612450426
doc149,0.4746026769817049,0.5150137953892492,0.0017303626016237266,0.0017306597790550762,0.001731132190956033,0.00173055232651725,0.0017305711583977747,0.0017302495724960698
doc150,0.0010778378480012446,0.7454434932287756,0.0010776947057083005,0.0010777448586703241,0.0010777354818593068,0.10484616683729953,0.14432122917629164,0.001078097863393977
doc151,0.0025133785955888934,0.0025128280430580163,0.002513287201095719,0.0025129735417256877,0.3464067092482701,0.0025130692104641545,0.5732984655811341,0.06772928857866337
doc152,0.0013023921427014007,0.21162534639107847,0.0013022737487345193,0.12441563779762099,0.0013023464085596594,0.001302434866942769,0.6128583852533025,0.04589118339105972
doc153,0.32328114983046513,0.6102696306989229,0.0011522301620559634,0.0011524139657524356,0.001152261824296161,0.0011523532547746643,0.06068767150177628,0.0011522887619564417
doc154,0.0024516838004987732,0.46596452792518067,0.0024516376541478574,0.3498193287850938,0.17195840792960362,0.002451523979631328,0.0024514252205076787,0.0024514647053363666
doc155,0.08975558739359185,0.0007766060639309188,0.0007766051140498256,0.0007765565653470475,0.6679967620619431,0.2383647671634215,0.0007765710289162023,0.000776544608799396
doc156,0.0013930099954757363,0.0013930096085447206,0.001393206801306906,0.0013932136628852607,0.34834036492789305,0.5433872221315535,0.10130711756276495,0.0013928553095758057
doc157,0.0022329024991171384,0.002232708427520607,0.0022328000232041956,0.4496554312890132,0.0022327161328236414,0.5369476661600204,0.0022330412184581824,0.002232734249842721
doc158,0.0015926845964175903,0.1519933353884928,0.41223333416241953,0.0015926358659436118,0.38310001081783346,0.04630262100071335,0.0015925741882079935,0.001592803979971713
doc159,0.002577693450725101,0.0025783670699611352,0.00257771557835055,0.20165401621681647,0.26922594487944007,0.002577912648031293,0.5162307359998303,0.002577614156845267
doc160,0.0010123316046308742,0.001012435862116823,0.0010124247099659008,0.0010122980386186508,0.0010123783165310101,0.33159448231614386,0.6623313799413234,0.0010122692106694859
doc161,0.9843704970460496,0.0022325539181170246,0.0022327596526947233,0.0022326277512462575,0.0022326155328887907,0.0022327933905810396,0.0022332185946313944,0.002232934113791111
doc162,0.4935605950956673,0.0023931125517596802,0.002392858980862578,0.252260335763869,0.002392692018294949,0.07202009373552742,0.13738998986084533,0.0375903219931738
doc163,0.001968941718255819,0.0019689354229991485,0.001969036801322264,0.0019689329304649625,0.0019692420766732554,0.7548813760725646,0.23330424956546358,0.0019692854122564697
doc164,0.000710358897607436,0.08206421748825439,0.9136733726639421,0.0007104366915503514,0.0007103946300918511,0.0007104713564989809,0.0007103698549018681,0.0007103784171529488
doc165,0.07946511768604599,0.0010777939089434713,0.0010777767139619006,0.0010777632137713863,0.11191918671978734,0.45557869589938527,0.3487259241222007,0.0010777417359038274
doc166,0.4542182759030006,0.33811789735103404,0.00167262001019101,0.0016727505831498374,0.19930079783540738,0.0016725399603540073,0.0016726050767325892,0.0016725132801305154
doc167,0.001730764639375479,0.10887399248921147,0.0017304708231552141,0.0017307270120523886,0.5998598148568836,0.001730471547947019,0.28261343762915425,0.0017303210022205635
doc168,0.38187685613543776,0.0011659208202261517,0.611128283399575,0.0011657911166125065,0.0011658647451780455,0.0011657801070838875,0.001165795347225885,0.001165708328660777
doc169,0.0014973684430588114,0.0014971931544017346,0.0014973018744222147,0.1579879395294502,0.0014972003800486223,0.0014974433727783817,0.8330284564557202,0.0014970967901198615
doc170,0.002874403339686961,0.00287414555586539,0.057606186195282606,0.0028743317144445954,0.0028747475109819377,0.9251482149817735,0.0028739460507877347,0.0028740246511774763
doc171,0.0011016057893830913,0.5070020967927271,0.0011016133752516494,0.0011016600252646913,0.23569288142005956,0.14642507339271538,0.08741108579446065,0.020163983410137948
doc172,0.0019689769661334856,0.001969158875504704,0.0019691798373251985,0.001968815053415128,0.0019693491423489152,0.9862165716201239,0.001969255335541366,0.001968693169607366
doc173,0.012825218688355828,0.9102254718069764,0.012823745877035905,0.012831511401014515,0.012823957611232326,0.012822999690468146,0.01282490051467395,0.012822194410242866
doc174,0.0021839537423128837,0.7966708960638569,0.002183723891425602,0.002183857584809914,0.0021836682168998325,0.0021839647412830684,0.19022620046773683,0.0021837352916749806
doc175,0.0915784722272829,0.45541485315953245,0.002137359155222644,0.13989543225813852,0.0021373697054693883,0.3045613736338607,0.0021375965576095396,0.0021375433028838946
doc176,0.0010021321713657063,0.0010021766178533293,0.0010021152605833507,0.0010021316016548543,0.001002201871100458,0.001002178396103961,0.0010021503766085625,0.9929849137047297
doc177,0.7365954597512991,0.000894636418815186,0.0008946056903701772,0.0008945730602843528,0.0008945533876431271,0.25803688450505974,0.0008946662452641887,0.0008946209412639852
doc178,0.0010021321713657063,0.0010021766178533293,0.0010021152605833507,0.0010021316016548543,0.001002201871100458,0.001002178396103961,0.0010021503766085625,0.9929849137047297
doc179,0.06629283530992466,0.26108119887158054,0.0020088865310973598,0.0020087436255485083,0.6625828770982645,0.0020084133032951517,0.002008828881339169,0.002008216378950167
doc180,0.34032161610790723,0.0007532300060297327,0.0007531594051116029,0.2781206589627294,0.11876631475892843,0.03954393672813143,0.22098802967653225,0.0007530543546298404
doc181,0.026446441401689974,0.18093094280889652,0.0008712414942154558,0.0008713341007228571,0.1529420988506585,0.0008712421531427924,0.6361955265583213,0.0008711726323523729
doc182,0.0010333914973732845,0.0010333474474202306,0.001033264651427279,0.0010334205026420126,0.001033322772678479,0.24219315945098677,0.7516068132681275,0.0010332804093443834
doc183,0.9786524139854158,0.003049907079733848,0.003049584091079188,0.003049865576320459,0.0030495814739750176,0.0030499453083419857,0.003049691725399515,0.0030490107597342633
doc184,0.7988213895979129,0.0010663417556532517,0.0010663019929799183,0.001066474800418984,0.001066246959176525,0.19478069856757188,0.0010663099131777798,0.001066236413108669
doc185,0.0013023921427014007,0.21162534639107847,0.0013022737487345193,0.12441563779762099,0.0013023464085596594,0.001302434866942769,0.6128583852533025,0.04589118339105972
doc186,0.005953558279346732,0.7757700269983693,0.005953733108677067,0.18850944749239273,0.005953607815863494,0.005953821101049263,0.005953302240055773,0.005952502964245719
doc187,0.0017305531597302621,0.00173056373213775,0.0017305061088246157,0.12554308452441154,0.2231565024969712,0.33369489284712817,0.31068331204029326,0.0017305850905032464
doc188,0.2574893895307198,0.002452501234045695,0.17559899944443458,0.0024516726378817264,0.0024515872835828424,0.08606670723666036,0.47103774899492173,0.0024513936377531654
doc189,0.3558935308223495,0.0007367270305008144,0.607756671343234,0.0007366562513380348,0.032666551864130755,0.0007365466731738663,0.0007365541660960046,0.0007367618491769864
doc190,0.004202987502043566,0.004202367724868568,0.004203014483200652,0.004202073878849651,0.00420296637537236,0.5001768542960323,0.4746075196574686,0.004202216082164185
doc191,0.0005298225121819968,0.20865799850977865,0.0005297861457569047,0.06900654562309368,0.06295686877693767,0.1433746285411406,0.5144146326982586,0.0005297171928518433
doc192,0.8576356818947232,0.0013555263930100135,0.13423183293693686,0.0013553403106777967,0.001355358523128204,0.001355440714601952,0.0013554011476419844,0.0013554180792800512
doc193,0.7251599633430714,0.12494017020689956,0.0004036567242802547,0.0004036772359460221,0.03722907385859991,0.0004036919432114591,0.04754870091047819,0.06391106577751311
doc194,0.001302323304827029,0.22080550829380627,0.0013023782010636335,0.0013024230958481446,0.0013024582010035103,0.7713800465930108,0.0013023720835969724,0.0013024902268435736
doc195,0.5660741948340776,0.0004956539481268597,0.0004956628469590485,0.07849438590760634,0.0479506286632317,0.305498174209001,0.0004957186083396606,0.0004955809826578245
doc196,0.0015436508286903556,0.48726343346016404,0.30396702144442805,0.20105144489117396,0.0015437392657692021,0.0015436571184367612,0.0015435703409804238,0.001543482650357118
doc197,0.3120637231325185,0.6779001398409022,0.0016725397889766542,0.00167258500378522,0.0016726429524949497,0.0016731206796074998,0.0016725058599792167,0.0016727427417356589
doc198,0.0011523991203712188,0.4137559333518382,0.001152274430562259,0.001152388558178641,0.07260480409394898,0.0011524807449207707,0.507877433204009,0.001152286496170937
doc199,0.27873498303093647,0.1118145557020122,0.0016449995871490844,0.0016450713554385832,0.0016449656482095136,0.6012252388098067,0.0016453465876149474,0.0016448392788324937
doc200,0.002008434043041936,0.002008735526007364,0.06681078731391751,0.002008581589614107,0.29306143229309933,0.16785507833335228,0.4642387764533113,0.002008174447656214
doc201,0.0010552593490797295,0.84028840069505,0.0010551498890379158,0.0010550058334971902,0.0010550398864026273,0.1533809386464464,0.001055021880537184,0.0010551838199490682
doc202,0.4243980838248658,0.5692040583843748,0.0010663271629497198,0.0010664126012449322,0.0010662602477458673,0.0010663946316420516,0.001066328103293263,0.0010661350438834734
doc203,0.3341654736353761,0.6540205566961941,0.001968898735176294,0.001969011036779538,0.0019690321498431786,0.0019690115287821883,0.001969089265452279,0.001968926952396243
doc204,0.4231155132011397,0.0015435649061583004,0.0015434609631901294,0.001543762635604134,0.0015435085549725177,0.0015436291782814572,0.5676231890465234,0.00154337151413034
doc205,0.0011659468024988323,0.0011657081449070283,0.0011657133107518308,0.0011656514305057918,0.17733778414364626,0.8156675437887398,0.0011658505486766943,0.0011658018302737549
doc206,0.4334929678542205,0.3023983837587238,0.0020924990480265526,0.14890235976097502,0.0020926573326317628,0.10683570191795314,0.00209269342534825,0.0020927369021210814
doc207,0.7251599633430714,0.12494017020689956,0.0004036567242802547,0.0004036772359460221,0.03722907385859991,0.0004036919432114591,0.04754870091047819,0.06391106577751311
doc208,0.41122500891941377,0.0023928358699582255,0.0023931657713004745,0.002393213372274021,0.002393159031972579,0.0023933055729122416,0.5744164527665981,0.002392858695570529
doc209,0.001567900433010562,0.11683614803771467,0.0015676921536741575,0.0015678464072771648,0.4118219008801194,0.26536130368412103,0.19970961022673764,0.0015675981773453232
doc210,0.0955203265034932,0.10484530134222694,0.0023927962201328343,0.30808335035040657,0.0023932487466802595,0.4819796959761114,0.0023927576527218966,0.0023925232082269423
doc211,0.0029588773162568106,0.485024730526141,0.0029593976719623754,0.002959928278230518,0.24665729017280208,0.25352145093541323,0.0029590046368514356,0.0029593204623427406
doc212,0.7694417962089836,0.0005996890077051921,0.0005997213323390635,0.0005997029677445718,0.0005997029475511407,0.06243472395175645,0.16512504559697236,0.0005996179869475764
doc213,0.0007205951228083876,0.08500395558528798,0.9106722121732029,0.0007206734608151131,0.0007206304105663001,0.0007207108867815275,0.0007206058821502964,0.0007206164783875085
doc214,0.24475136283444238,0.0022838951697519267,0.002283750330865265,0.12639730974413757,0.0022837891476320967,0.20724175229943684,0.4124745794194336,0.0022835610543003293
doc215,0.0007531851132448184,0.07506963582848096,0.0007532273725330298,0.42383003357388993,0.026699579059000795,0.2697261747213297,0.20241496098943063,0.0007532033420902129
doc216,0.98471203790332,0.002183807796310877,0.002183998165013332,0.0021838747776285485,0.0021838604026097044,0.0021840410668717684,0.002184216943768024,0.0021841629444777104
doc217,0.0006677034898823182,0.2619175670780491,0.11142087850156139,0.21147897057072423,0.16799285154856103,0.2451865948033655,0.0006676955836584135,0.0006677384241980638
doc218,0.5110465570455498,0.002283562250372301,0.0022837043528492118,0.0022837408921590058,0.33177042026588616,0.1457645215225965,0.0022837998898374537,0.0022836937807496293
doc219,0.0012535687723530403,0.5066636786459097,0.0012533686020500844,0.01679392908818721,0.001253350710226331,0.17368633688430785,0.29784249537206847,0.0012532719248973029
doc220,0.17734772586541983,0.004588931316471402,0.004587948620326084,0.004588016383811242,0.004587884721853085,0.7951217377255317,0.004589196123551175,0.004588559243035453
doc221,0.4115046323799953,0.0015202104770906044,0.001520162904294904,0.0015201755626363354,0.29506951879915844,0.1667266189765053,0.12061857205411018,0.0015201088462088955
doc222,0.8403769542511677,0.0029592910682503014,0.0029592851835104164,0.0029594111139483437,0.0029598397830497844,0.1418673961212213,0.0029589952461044925,0.002958827232747814
doc223,0.5103759110800432,0.1290008222536388,0.07982882198855301,0.0014753061191279952,0.078669255110926,0.19769918045857812,0.0014753766535974477,0.001475326335535439
doc224,0.02574147481198355,0.0005187873847787771,0.0005187456904066815,0.0784079057192383,0.05472285238259418,0.0005187828613546994,0.8390527305884214,0.0005187205612223602
doc225,0.0011392942539296407,0.0011392141187451775,0.0011392295476866335,0.0011393265186941622,0.201865726582154,0.0011392436186222336,0.7912988781719321,0.0011390871882358598
doc226,0.26447568369034125,0.0009110592985364792,0.0009109345362364715,0.15729013844469028,0.0009110573819498994,0.4845001822930191,0.09009004848844089,0.0009108958667857035
doc227,0.13980827351751632,0.000335887438028807,0.00033585276351730785,0.18268454222576225,0.0003358541927034962,0.010011308724682965,0.6661524489721724,0.00033583216561654835
doc228,0.9786524139854158,0.003049907079733848,0.003049584091079188,0.003049865576320459,0.0030495814739750176,0.0030499453083419857,0.003049691725399515,0.0030490107597342633
doc229,0.001302456517078898,0.9908825765686523,0.0013023385892910453,0.0013024859706100322,0.0013023702124891506,0.0013024880079247256,0.0013023735086603423,0.0013029106252935103
