,topics0,topics1,topics2,topics3,topics4,topics5,topics6,topics7
doc0,0.000927897168593154,0.0009278415109691318,0.0009278570896956378,0.0009278615858055738,0.0009277713927138815,0.000927889431041429,0.0009277456174370467,0.9935051362037441
doc1,0.00038653162623521474,0.0003865234087660433,0.00038650441747318463,0.3023502840424792,0.00038650802720556986,0.5059225516963352,0.18979463234202626,0.000386464439479477
doc2,0.12244835489047985,0.0005689936059276462,0.26988661414406645,0.41546279236461653,0.0005689525315464145,0.13573464185232634,0.05476071194259971,0.0005689386684371103
doc3,0.18509638293353,0.0017609523864029184,0.15622928855177617,0.3193843418291473,0.0017608707749510667,0.0017611029305891603,0.33224612675710397,0.0017609338364993894
doc4,0.0031459375659572968,0.34773784770881594,0.0031451887929181133,0.30157099814824045,0.2861845262057844,0.0519252437629079,0.0031451098322899224,0.0031451479830859096
doc5,0.0010550099694797224,0.001055074883315129,0.0010550701456198176,0.26811793688983776,0.47431736124174106,0.08783996690855168,0.16550459496788428,0.0010549849935704697
doc6,0.5188352807029047,0.17610576051625298,0.297458468710805,0.0015201568766115999,0.001520221361495893,0.0015201860613408206,0.0015199632019530901,0.0015199625686358907
doc7,0.0004957102687437966,0.000495636172603847,0.0004956992539062592,0.0004956847185372461,0.0004956444152314261,0.0004956990906006797,0.9895944840697755,0.007431442010601331
doc8,0.15046115066930515,0.5211958444357021,0.0005532846158322986,0.13138680469321537,0.0005532694394768272,0.0005532778865693853,0.15365236662142737,0.04164400163847138
doc9,0.0009027729085349882,0.4580799857924359,0.0009027354441191408,0.06680614934744378,0.4582841684424027,0.0009027724361436832,0.0009028544368871268,0.013218561192032735
doc10,0.23992421979268527,0.7205029985328008,0.001337191792742801,0.0013371796064602798,0.0013373431562044601,0.001337258689850487,0.001337068616054285,0.032886739813201726
doc11,0.0005326339629516019,0.5643222819669202,0.0005326283167902116,0.0005326142734689148,0.20473935281261138,0.22827530042028105,0.000532597667646212,0.0005325905793303539
doc12,0.48449910303347316,0.0005856516223473486,0.19847246187262638,0.31410012315469477,0.000585599744490529,0.000585622371260963,0.0005856072618795159,0.0005858309392272392
doc13,0.0007104472292896746,0.4207048136321203,0.07098886804368264,0.0007104134181423494,0.0007104519644826746,0.5047543159080907,0.0007103804772560508,0.000710309326935675
doc14,0.0005657513448516871,0.11838033688192469,0.06936255609520002,0.0005657597887280232,0.455041376446362,0.05802819044086747,0.08104373351724885,0.2170122954848173
doc15,0.000927897168593154,0.0009278415109691318,0.0009278570896956378,0.0009278615858055738,0.0009277713927138815,0.000927889431041429,0.0009277456174370467,0.9935051362037441
doc16,0.000927897168593154,0.0009278415109691318,0.0009278570896956378,0.0009278615858055738,0.0009277713927138815,0.000927889431041429,0.0009277456174370467,0.9935051362037441
doc17,0.6376619092831427,0.0009454675441431056,0.0009453988544439887,0.000945415689557255,0.049635521849573684,0.3079752375230385,0.0009454537928875014,0.0009455954632131857
doc18,0.26682925058778084,0.13298202662768874,0.3486082831064007,0.24722228271502256,0.001089504157630625,0.0010896737719850369,0.0010895236356125652,0.0010894553978789627
doc19,0.00035622689709115284,0.2065668605196642,0.026508859929522264,0.336353429455167,0.04386211954148964,0.30630628525308173,0.0796900330898142,0.0003561853141698214
doc20,0.8973734186244535,0.09438297520847919,0.0013740148142456243,0.001373915335829511,0.001374088902394316,0.0013740345395445222,0.0013738113542573534,0.0013737412207960958
doc21,0.4094208973958951,0.0005187850313967969,0.0005187824486130084,0.0005187548428419226,0.000518828925339186,0.5874664267220782,0.0005188046114828714,0.0005187200223529404
doc22,0.28878585121687017,0.17494887945804183,0.271526312695196,0.002183946671471084,0.0021839200966809118,0.25600295860840694,0.002183885726740259,0.002184245526592684
doc23,0.0006032671433235887,0.0006033321979797016,0.137008611844884,0.6604441770550747,0.0006032686651777097,0.07081842564425155,0.1293156598619533,0.0006032575873554955
doc24,0.16152528255339477,0.2822337039037964,0.034171634111635645,0.000849139483509344,0.0008490851509420357,0.15708114143847773,0.3624408946101757,0.00084911874806826
doc25,0.0004592701905055827,0.10881787012193633,0.35637898790025957,0.5325068549446696,0.000459256336812461,0.0004592791577758987,0.0004592671481848932,0.0004592141998556283
doc26,0.0009825685720489853,0.000982606816629841,0.0009825843736718603,0.0009825219740400958,0.0009826590956423617,0.39817206526114884,0.5622784733693366,0.03463652053748148
doc27,0.13677012775384445,0.0010551634583251782,0.5191877645154197,0.07830886762532603,0.24329431014061922,0.001055101333997613,0.0010551303485810079,0.0192735348238868
doc28,0.0003735304462318867,0.14478074737655425,0.07078552262698518,0.00037349133142021944,0.012564571643365257,0.7406639492652801,0.0003734795230887884,0.030084707787074394
doc29,0.2705852081417304,0.14232434421789716,0.0008280050893209832,0.0008280399262260484,0.0008280750121607086,0.5282210837284065,0.0008279772766582187,0.05555726660760011
doc30,0.09455961836553424,0.0011658462093069623,0.2938523787884098,0.0011658732396863274,0.0011657744558810663,0.0011658142301847977,0.605758913439913,0.0011657812710837454
doc31,0.001126359678892941,0.001126491964709545,0.08815780696245841,0.05566043245285666,0.0011264636953478935,0.750647334338083,0.058251628772201525,0.04390348213545001
doc32,0.422894513543706,0.0009636769981385,0.0009635996885281243,0.0009636431162337495,0.19013543536517358,0.2954287895590391,0.08768682908073205,0.0009635126484489531
doc33,0.0016725345910194214,0.9070828795157865,0.04318679895706041,0.0016725345473924671,0.0016726570148898798,0.0016725950342322245,0.0016726859962277968,0.04136731434339143
doc34,0.00041371201305500684,0.00041369474524662666,0.01497629089840618,0.24935494334573768,0.00041369194383376884,0.7336003493470784,0.0004136617060895187,0.00041365600055291105
doc35,0.0014538478360407792,0.7700850932419776,0.001453815620949964,0.001453955733741997,0.22119182115630365,0.0014539136032405595,0.001453613758960904,0.0014539390487845086
doc36,0.003356840027880075,0.5990594732725865,0.0033567055412568976,0.12258953665702789,0.003356858730464757,0.2615686633162754,0.0033560746813077755,0.0033558477732006566
doc37,0.35451629565435716,0.1473235169172044,0.2606443567318999,0.0013554142725837079,0.12882106240025357,0.10462806335160968,0.0013556713738982075,0.001355619298193473
doc38,0.466802289113986,0.24279774622406528,0.000856417061603264,0.13519884471614438,0.0008563909504586451,0.1517756674765144,0.0008563946915535371,0.000856249765674522
doc39,0.18482930143637133,0.43695600892412656,0.00024058754095655665,0.28553883853679557,0.00024056305158759908,0.00024056923787268527,0.09171359861057257,0.00024053266171701268
doc40,0.0029592787169363042,0.0029597467812463563,0.0029592949140757794,0.12940906475500047,0.15100275409243816,0.0029593373027729203,0.7047914585893464,0.0029590648481836175
doc41,0.0009366058123864886,0.5486750334614847,0.0009367016134352112,0.0009365434463681027,0.0009366093679894285,0.0009366826527066372,0.14243049609333508,0.30421132755229435
doc42,0.0009544665956950854,0.0009544309333430699,0.0009545121215542059,0.0009543900427243193,0.6379799246210858,0.0009544124027912045,0.0009543752400660049,0.35629348804274036
doc43,0.0017926180462614477,0.49241698625197305,0.0017924456537493911,0.0017927852217579727,0.4968272305955491,0.0017926245015554927,0.001792821549568349,0.001792488179585186
doc44,0.07608732345072818,0.0011657665594710669,0.5028370626346685,0.41524685790754184,0.0011656835446456327,0.0011658453401065605,0.0011658586065362803,0.0011656019563020166
doc45,0.3260062369444819,0.36413292756789867,0.1092491750854912,0.0007706265728175056,0.19752921782195088,0.0007706259235371232,0.0007706926642016049,0.0007704974196210604
doc46,0.0011524800528359207,0.18595793431215135,0.0011524589332536747,0.0011523659035005708,0.0011524417786030723,0.8071276493556383,0.0011524499362308522,0.0011522197277861993
doc47,0.0011141638561531643,0.059566091998570936,0.0011139526569386867,0.43397411599870345,0.0011139682332017042,0.0011138130576199773,0.5008898912557604,0.0011140029430516346
doc48,0.36216065066675945,0.0005006154615888566,0.29395464172840513,0.2892270058284779,0.0005006088770966219,0.05265524993689436,0.0005006346191220233,0.0005005928816557403
doc49,0.0003177088999501738,0.4721486887432844,0.0003177440232236802,0.44087328005381277,0.0003177351579370488,0.0003177570932349954,0.08538932806389343,0.0003177579646634232
doc50,0.37978393420077766,0.002092821119932485,0.002092772768845323,0.06571083128898855,0.544041709640476,0.002092728239539223,0.0020924862232545565,0.0020927165181862527
doc51,0.0010226318557249963,0.0010226087393643238,0.0010225557761463873,0.0010226484770451479,0.0010225937941521748,0.0010227828426359747,0.0010225736167914453,0.9928416048981394
doc52,0.7317493394897261,0.000992353764911317,0.000992451347504766,0.0009923432504134453,0.0009923609755722988,0.2622963069115979,0.0009923075708459116,0.0009925366894284805
doc53,0.0027942335154402093,0.0027939131814421238,0.23937328305743744,0.5681864061153817,0.12142337729441512,0.002794251180415547,0.002794004192731144,0.05984053146273681
doc54,0.0020925120870002437,0.00209247680538569,0.241356460748306,0.7460871901773913,0.0020928571608148407,0.0020926903202731903,0.002092766721560142,0.002093045979268627
doc55,0.0006722594380468986,0.000672288517366021,0.0006722148552615543,0.7399598157970397,0.0006722721999214805,0.0006722721923466954,0.25600670808842063,0.000672168911596982
doc56,0.0005501809996129933,0.13588640374295136,0.0005501896604959365,0.43334646843629626,0.0005501950090959015,0.42801620116826755,0.0005502251888417032,0.0005501357944383841
doc57,0.0010441503736881548,0.0010441282675259572,0.5137477009666254,0.0010440476232720965,0.2034881477193498,0.0010440278208671571,0.277543796595541,0.0010440006331304357
doc58,0.7067111618249216,0.001701097170104753,0.28308217875117486,0.001701429786533645,0.001700995186552299,0.001701177717450777,0.0017009112933567387,0.0017010482699053935
doc59,0.0012856675117494934,0.0012856760195302408,0.0012856915018796694,0.23812540446926686,0.5290346183459645,0.07747866280990848,0.09170202255949873,0.05980225678220184
doc60,0.5060395614766923,0.15936418515712034,0.06317025655792755,0.0005442394835403866,0.054661411242700846,0.20151874334854344,0.0005441947680184676,0.014157407965456625
doc61,0.7406296383274957,0.0010549686400148938,0.0010550319681749403,0.0010549430961739,0.2530404840671039,0.0010550088534503187,0.0010549668954986013,0.0010549581520876684
doc62,0.0010226318557249963,0.0010226087393643238,0.0010225557761463873,0.0010226484770451479,0.0010225937941521748,0.0010227828426359747,0.0010225736167914453,0.9928416048981394
doc63,0.2541113641283818,0.0011524486814730585,0.2060681336474511,0.0011522856247334018,0.0011523043666152569,0.5340588295685716,0.001152319019576775,0.0011523149631968933
doc64,0.0010226318557249963,0.0010226087393643238,0.0010225557761463873,0.0010226484770451479,0.0010225937941521748,0.0010227828426359747,0.0010225736167914453,0.9928416048981394
doc65,0.17683856031399114,0.0007706046173062228,0.5708607777887662,0.2155966521884992,0.0007705738056875694,0.0336215461476996,0.0007705988325500859,0.0007706863055000197
doc66,0.0007647029636443916,0.0007647246727852356,0.13282121654710494,0.1787125913077355,0.07189308520130752,0.1696730334133253,0.38286904045362036,0.06250160544047682
doc67,0.0011138694039205122,0.0011139156305987215,0.0011138289586099153,0.6371472245961368,0.10614577327062798,0.0011139225297747478,0.18586991349795262,0.06638155211237848
doc68,0.2407209067123636,0.0006722652544206497,0.24535728976843207,0.18395105936143982,0.16425342571824497,0.00067223979297907,0.16370064175946666,0.0006721716326532776
doc69,0.002092405365555839,0.002092565993682289,0.0020926031118679946,0.0020924718780292555,0.9853527555261786,0.0020924941812226136,0.002092291249005047,0.0020924126944583754
doc70,0.46109774796561714,0.0011265231000092701,0.0011263654367073884,0.07822601177475695,0.0011266501523541088,0.001126682261307832,0.4348938788979479,0.021276140411299414
doc71,0.0014972146565306985,0.001497451127987909,0.0014973231975960693,0.6397317228592261,0.0014973075425939245,0.2987191954603785,0.05406259333751508,0.0014971918181718193
doc72,0.511537002452754,0.0015928479807882031,0.07726752572086273,0.12583932035580167,0.0015928403401610366,0.2789853565855899,0.00159261669289731,0.0015924898711450056
doc73,0.7102834700155515,0.03953457639406633,0.0701275205596025,0.17522227496439777,0.0012081261151026263,0.0012080928741595486,0.0012080309394202735,0.0012079081376996533
doc74,0.649493016251255,0.0005996382354477991,0.12829803510798482,0.21921082807123524,0.0005996128755887275,0.0005996238220929972,0.000599608842826225,0.000599636793569187
doc75,0.43639721489558536,0.1348082246355999,0.0006503920367992593,0.02643882297036075,0.3289893361211571,0.0006503663357733868,0.03372863622719737,0.03833700677752685
doc76,0.24017081272965768,0.7295166962995684,0.005051410240050345,0.005054883222000265,0.005051570046149259,0.005052166719197147,0.005050847021706317,0.005051613721670601
doc77,0.05466385748225225,0.8838698787733489,0.001592650136811571,0.05350245692264186,0.0015928550831554725,0.0015928124655328123,0.0015926480748358351,0.0015928410614213752
doc78,0.0011657707895670745,0.6576327280740748,0.0011656613721010387,0.0011656689053818165,0.335373029851775,0.0011658731297845056,0.0011655763217814394,0.0011656915555343487
doc79,0.11955767639537841,0.20701187788525416,0.0017013249959940704,0.1861595782638775,0.4804661454396473,0.0017012519921081179,0.0017013052443628387,0.0017008397833777407
doc80,0.06809307206949514,0.0013196627734218768,0.42961201973780017,0.0013196547927529013,0.0013196199842877448,0.49569696469271657,0.0013194913691591563,0.0013195145803666028
doc81,0.0018946182808682326,0.5263256215686292,0.001894375436005526,0.0018942662291402867,0.39177721966344037,0.07242551331225754,0.001894187198529929,0.0018941983111289832
doc82,0.01137087676409875,0.011366524227219456,0.01136614267322667,0.011365281349349275,0.9204354708819709,0.0113665015593313,0.01136430824816237,0.01136489429664123
doc83,0.0015929487401866182,0.5622716289562932,0.0015928305662846714,0.0015926073037954838,0.4281712512523615,0.0015929435718154616,0.0015927702530919613,0.0015930193561710085
doc84,0.3256880791145108,0.4902223154243547,0.0012381827553227184,0.0012380369224680478,0.0012381481283105444,0.1778995399171072,0.001237920855004135,0.0012377768829216957
doc85,0.03932273627482653,0.0008145476328426998,0.000814496930037387,0.49545840443445616,0.0008145786815597955,0.1025714275681344,0.26298144846144766,0.09722236001669536
doc86,0.3874106860457455,0.0014975548819003903,0.0014972850425056447,0.001497283725256495,0.6036053592820826,0.0014973682386996074,0.001497228891270242,0.001497233892539453
doc87,0.13298638733270035,0.0014330807679121683,0.0014329163996975875,0.0014330266493385612,0.001433024304640231,0.8584153801882616,0.0014329180850927452,0.0014332662723569004
doc88,0.6343199021588852,0.0011265647997140496,0.0011263784023676953,0.35892164673305793,0.001126471948123892,0.0011263511726893331,0.0011263698725240833,0.0011263149126378078
doc89,0.005320975546763932,0.005320391054664231,0.005320585228931668,0.0053201064663169146,0.6460591907849569,0.32201783829200387,0.005320562552723331,0.0053203500736390755
doc90,0.2549781000085107,0.0008281264242597519,0.0008280634715121724,0.3977027980463764,0.000828035322888054,0.0008280249250715668,0.3431789785468509,0.0008278732545305182
doc91,0.3452182206968392,0.5511605263039157,0.002513310201209057,0.09105473811908849,0.002513390521350809,0.0025130792846315875,0.0025139439033664414,0.0025127909695988057
doc92,0.11941610303653763,0.0011391646601473402,0.0011393773626084543,0.20910693389378412,0.412051625584102,0.25486836976741056,0.0011392391127843806,0.0011391865826253919
doc93,0.20585657511903568,0.001497424023988358,0.0014975546976628115,0.13261016809569845,0.3010160144532816,0.30033027654378686,0.0014976011980890476,0.055694385868457146
doc94,0.07465561935644363,0.0007888795184812507,0.0007888317716238346,0.36045185204036406,0.0007888767008717576,0.5609482633178237,0.0007889192756118068,0.0007887580187799919
doc95,0.13987117847115113,0.0005690187631313691,0.24038788560839686,0.37462597684841636,0.0005690419493840735,0.24283903346058747,0.0005689576736674992,0.0005689072252651559
doc96,0.0006220742004139744,0.0006220804909234406,0.08985236108451469,0.28940491155678794,0.6176324597054464,0.0006220664101211207,0.0006220212872268237,0.0006220252645654544
doc97,0.7707846327951908,0.059767781713385176,0.02579079547278329,0.13968749045550255,0.0009923060409835897,0.0009923214898487312,0.0009925235436692996,0.0009921484886364189
doc98,0.234863588253004,0.0006378525441426978,0.30895180288017,0.0006379411945656516,0.2748930911679538,0.17873997068441616,0.0006379122381668732,0.0006378410375809021
doc99,0.22353225349215247,0.13191105264144062,0.056589422513788366,0.28426728897766135,0.0004883983376162229,0.0004884104778136083,0.30223483865457995,0.0004883349049474399
doc100,0.0010441096500452027,0.0010442896611261244,0.17099298642504382,0.5600546132398169,0.0010440727461092283,0.0010441351981805445,0.26373169767896226,0.001044095400715969
doc101,0.660505214560288,0.0009730235126773959,0.1540806482068615,0.0009728760669866272,0.15240507372584372,0.0009729928898404262,0.0009729608975710424,0.02911721013993133
doc102,0.5676396306412862,0.4164830679683037,0.0026458360626900016,0.002646571389791973,0.00264665575152938,0.0026463719253913645,0.0026457652485135483,0.002646101012493761
doc103,0.2955538643110293,0.046743112125988605,0.24621085008428176,0.39481168490994417,0.015163477728819584,0.000505706882512667,0.0005056479813816685,0.000505655976042283
doc104,0.36882381457569274,0.0011016910650426621,0.0011016582954358218,0.6245663514383845,0.0011015798673389382,0.0011015511141563563,0.0011015644825998598,0.0011017891613491401
doc105,0.3793458989138948,0.38634949217342396,0.0011016367061323082,0.06778100170860518,0.0011016362427575172,0.1621173248911203,0.0011015369602915242,0.001101472403774264
doc106,0.4580402919525149,0.0012227171681657224,0.34385029367079967,0.1626197968858617,0.03059878534533494,0.0012227426785503136,0.0012226806713600048,0.0012226916274127588
doc107,0.13045054560447916,0.0028745562907665427,0.31012632828922954,0.41939732732646096,0.12852808215611655,0.00287455547823564,0.002874403523922649,0.0028742013307889386
doc108,0.054807492545601626,0.0007155655873348732,0.0007155076952709917,0.0007154931774202875,0.5380040756884549,0.4036108626320611,0.0007155427385928975,0.0007154599352633195
doc109,0.2167574563463686,0.6774062374235351,0.005320256479574561,0.005320120231497034,0.005320998452620895,0.005320936764446271,0.0053200292632321275,0.07923396503872536
doc110,0.0019693053832898133,0.0019691433663293527,0.0019691930604418964,0.0019689692481225244,0.41299693777188723,0.3669023217679138,0.15646599396797436,0.05575813543404099
doc111,0.30442481827886225,0.17179252392162941,0.338740090362296,0.09576392170778615,0.001825456636774965,0.08380318377796515,0.001825016073833637,0.0018249892408524228
doc112,0.000954606499267909,0.0009544496773433814,0.0009544391728275774,0.0009544949459941447,0.000954629804534634,0.0009545607085110274,0.0009543677988516743,0.9933184513926697
doc113,0.000954606499267909,0.0009544496773433814,0.0009544391728275774,0.0009544949459941447,0.000954629804534634,0.0009545607085110274,0.0009543677988516743,0.9933184513926697
doc114,0.18134860169689618,0.0012856184508144661,0.13511671882604845,0.173696437843942,0.001285613228553645,0.0012856171759883684,0.4886546846075575,0.017326708170199375
doc115,0.0006546217821876047,0.09108932894079076,0.000654646878523865,0.7118661120924756,0.0006545949644900439,0.1307680667028066,0.03603858117596486,0.02827404746276067
doc116,0.0014971977667620855,0.0014974102417907472,0.0014973142189298853,0.9712905454009654,0.0014973929518775919,0.0014974093825294206,0.0014973445868379043,0.019725385450306894
doc117,0.0007951320908628134,0.0007951499612712893,0.0007951032063362792,0.2818974549546752,0.000795160222147469,0.7133315302346466,0.0007952251204791856,0.0007952442095811975
doc118,0.258650886346568,0.24866182503447665,0.0018946649667050835,0.21749033778758314,0.001894397581925869,0.09873189446982689,0.17078173053824436,0.0018942632746700172
doc119,0.0008212105533879123,0.0008212497352285046,0.32301493724288327,0.5174745485672491,0.15540420626898563,0.0008212721561640965,0.0008212403136984366,0.0008213351624031547
doc120,0.30429219682644265,0.4661241199714674,0.08909612873728763,0.001894456493846893,0.0018946119179806828,0.038070535273317385,0.0018947958695019545,0.09673315491015542
doc121,0.002336948386640541,0.002337128156466946,0.09975957600119881,0.0023371283791569085,0.0023370537524087186,0.45416121571161583,0.2968184168647121,0.13991253274780013
doc122,0.09100583299078491,0.001392964151871631,0.1269243608748644,0.18690396399250098,0.00139308958192175,0.001393062490798637,0.5895937302633362,0.0013929956539214746
doc123,0.0017608683483163285,0.3834579853476028,0.001760995748056959,0.001760786141335938,0.605977080642185,0.001760691539964959,0.0017608243403263394,0.001760767892211663
doc124,0.20447306512536173,0.252885769815936,0.035142976562256414,0.43542368490831146,0.00028927448579724977,0.00028927147102501225,0.07120673163032233,0.00028922600098981463
doc125,0.19171433715523978,0.0023932983739355556,0.7939264222475376,0.0023933880506934063,0.0023931972016057856,0.0023933460607422977,0.0023929565402373973,0.0023930543700082015
doc126,0.23670013727632638,0.001152417497472151,0.2153665651124165,0.001152273935654692,0.0011522993934256934,0.5421716710486799,0.0011523150686160715,0.0011523206674085495
doc127,0.532076358649285,0.0007104757186102813,0.0007104291023553567,0.37212667259348703,0.0007103431479285454,0.0007103951136156634,0.09224483323871555,0.000710492436002663
doc128,0.07019807734594784,0.0005788488244923563,0.041621697482283525,0.0005788664823323499,0.13356577311126244,0.41421267019602354,0.30472013476597526,0.03452393179168261
doc129,0.003248019564053064,0.003248171099616176,0.0032472529475657745,0.0032475695124223707,0.5052000942221173,0.4753138341030085,0.003247881265587935,0.003247177285628976
doc130,0.0017302797488080756,0.5179563619104408,0.001730507750825722,0.0017304445742034656,0.001730569292156516,0.47166098225145126,0.0017305436941455784,0.0017303107779685235
doc131,0.0014538943435521729,0.7388319599008611,0.0014537356560122595,0.0014538622587615244,0.2524448243737481,0.0014538792529279981,0.001454040640596653,0.001453803573540015
doc132,0.1568014078426303,0.30465900689742637,0.0010778170616652987,0.16270647950777625,0.04351547875354201,0.32908407366219555,0.0010779761176186633,0.0010777601571456935
doc133,0.0012226290619125227,0.0012229947279519756,0.0012227871128026476,0.6392049777292237,0.001222960365993217,0.001222840778603887,0.35345822984981606,0.0012225803736961368
doc134,0.0010663703489816627,0.35985020929639305,0.09568039687262457,0.0010663135126317137,0.0010664825360343023,0.5391375162685579,0.0010663445066199976,0.001066366658156803
doc135,0.054807492545601626,0.0007155655873348732,0.0007155076952709917,0.0007154931774202875,0.5380040756884549,0.4036108626320611,0.0007155427385928975,0.0007154599352633195
doc136,0.31475713028883334,0.4223168606196423,0.0012694622449758127,0.0012694324694960772,0.25657918743558905,0.0012693738390680237,0.0012693159908292,0.0012692371115663088
doc137,0.000500584243461431,0.2955219354873783,0.0005006489884923611,0.07157472838688182,0.6304002337569244,0.0005005930020057507,0.0005006768148188829,0.0005005993200370933
doc138,0.13182684935558148,0.8553493837650951,0.0021371700729128982,0.0021371763177030394,0.002137427303231033,0.0021376588178856214,0.0021371862871488435,0.0021371480804421084
doc139,0.004033248932346064,0.6247445120719343,0.004033607383798056,0.004033435914305506,0.17364896839688615,0.18143940968204697,0.004033412043477321,0.004033405575205659
doc140,0.25588405398921066,0.5358174098797797,0.002513197064096344,0.002513112302302764,0.002513489799716167,0.0025137965448476505,0.10908166973754252,0.08916327068250433
doc141,0.002092652395871829,0.002092526910505791,0.0020925110065724835,0.0020924553548011017,0.0020925539705285573,0.9853524375519918,0.0020924193182584924,0.0020924434914699674
doc142,0.4596138395727936,0.0015928842480786834,0.3573145180222855,0.0015931329637914517,0.17510724839935127,0.0015928583804193095,0.001592911986105878,0.0015926064271743143
doc143,0.002092652395871829,0.002092526910505791,0.0020925110065724835,0.0020924553548011017,0.0020925539705285573,0.9853524375519918,0.0020924193182584924,0.0020924434914699674
doc144,0.0010779606662881427,0.0010778797128596146,0.0010779840110580114,0.4088790632902609,0.3217194081371231,0.19988672481833566,0.06520262828108452,0.0010783510829899218
doc145,0.4564232932230362,0.20612605034180106,0.13143939164800866,0.09485506473123577,0.10645322920779347,0.0015676912225024509,0.001567662142106031,0.0015676174835163252
doc146,0.0022327815513490785,0.1030552525841811,0.002232858464768513,0.002232865005777494,0.29536781962529407,0.37366056254644453,0.10349649452118463,0.11772136570100065
doc147,0.11949296561894392,0.5409827293469761,0.0013739602827137808,0.0013740771183131412,0.0013739348493343136,0.09743107095845183,0.23659734510688793,0.0013739167183790142
doc148,0.3638920420086283,0.12120231866987775,0.0033568314263793322,0.3681272363781847,0.003356838610069784,0.1333513003347507,0.003357142950986873,0.0033562896211225945
doc149,0.0013195484610896459,0.0013196816508588938,0.16725638028474263,0.7345106377440622,0.09163513158563383,0.0013195608063434959,0.0013196028693031596,0.0013194565979660828
doc150,0.0017011057944802286,0.5925132218688155,0.001701125285891203,0.001701447551542603,0.0017012097470507411,0.05919865060869471,0.2217447982223089,0.11973844092121622
doc151,0.255867915468885,0.19571096218900377,0.0017610230248133502,0.4567839900697999,0.0017610588889467485,0.08459323925659801,0.001761088630164137,0.0017607224717890706
doc152,0.04057118217986464,0.0008211831160749798,0.0008211947384585654,0.4791040397589762,0.0008212129486292975,0.4388378055150537,0.0008211811573220716,0.03820220058562057
doc153,0.0013194807748678707,0.0013195432078091358,0.0013195778860368536,0.7446764150154234,0.001319509193840514,0.0013196025408527946,0.24740596581523844,0.0013199055659308973
doc154,0.2562283893373399,0.0026461458117922115,0.6509576865303577,0.002646485770277718,0.07958305026977898,0.0026460900215629734,0.002646045609802595,0.002646106649087972
doc155,0.0004699869140903297,0.00047003971636561104,0.864652609539773,0.132527236906538,0.000469982649142564,0.0004700152325716597,0.00047006940767794705,0.00047005963384102263
doc156,0.0003177282406485844,0.00031772842057098914,0.0003177391605564268,0.41907135630326176,0.00031772730120386503,0.37711791346054657,0.1968429997721769,0.005696807341034894
doc157,0.6505790187381175,0.0016451641461510576,0.14357189727075106,0.19762343372162475,0.0016452190425228382,0.0016450562071669294,0.001645129532932822,0.0016450813407331173
doc158,0.6335462283326948,0.0014127324958330147,0.0014128384353540783,0.0014127462475464487,0.0014128018685510637,0.28522855110865725,0.07416133445007879,0.0014127670612845372
doc159,0.22231263043240435,0.271971418817326,0.002233368414626224,0.40238367773254535,0.0022331769249809125,0.0022327185831747727,0.002232788235214021,0.09440022085972836
doc160,0.00347329522600482,0.003473323698057696,0.003473357316511598,0.17360392681573245,0.0034729548396002187,0.7079709162524959,0.1010596869327105,0.0034725389188868393
doc161,0.36893813185755425,0.0009637174331222578,0.0009637096130891568,0.0009635994061842479,0.45868391115468965,0.16755979121594106,0.0009635554552222088,0.0009635838641972317
doc162,0.0008946648843070402,0.0008947960345407677,0.0008948176238487172,0.0008946374846241634,0.0008947320815436171,0.0008946369456830731,0.9937370147133292,0.0008947002321234163
doc163,0.27869814887075467,0.0007475713595967106,0.0007475987583943024,0.4259474000933837,0.000747561275532425,0.29161676725979613,0.0007474993402943329,0.0007474530422477947
doc164,0.0012081891664519864,0.9915433244745622,0.0012081561409795808,0.0012080377504174746,0.0012081161053374809,0.0012079904182028273,0.0012080755772037146,0.0012081103668446637
doc165,0.18088888005932377,0.4078549746296181,0.07830025411215918,0.0010226675942433309,0.0010227088016480546,0.12201936024137627,0.20786780953885567,0.0010233450227756732
doc166,0.0006503619165320376,0.0006503987517171284,0.0006503920908921098,0.4533923365634203,0.35486594449136083,0.18848990948136465,0.0006503516249277159,0.0006503050797852475
doc167,0.10961443067674559,0.0008638241315693941,0.0008638361116868818,0.20121486038373165,0.0008637442833712315,0.6848518579857757,0.0008637221656397968,0.0008637242614796028
doc168,0.0008280909209016234,0.053534215727882646,0.0008280975024891544,0.0008280219310579877,0.8591705969319929,0.08315479334422048,0.0008280073880266955,0.0008281762534284607
doc169,0.0010021071949875078,0.0010021681615819565,0.0010021206002811989,0.0010021699174658418,0.0010021485997833803,0.0010021286739532837,0.0010020615291007349,0.9929850953228462
doc170,0.0010021071949875078,0.0010021681615819565,0.0010021206002811989,0.0010021699174658418,0.0010021485997833803,0.0010021286739532837,0.0010020615291007349,0.9929850953228462
doc171,0.0015928706856656646,0.0015926583844219652,0.605674697382128,0.38476891216911757,0.0015927828757552878,0.0015928536397373232,0.0015926835977096573,0.0015925412654646377
doc172,0.0050521324724103435,0.9646379170220617,0.005050962103288946,0.005051171632306295,0.005051268676456326,0.005053511207120606,0.005051738723667361,0.005051298162688667
doc173,0.7105033968276635,0.2776824654510736,0.001969122401365296,0.001969248362377451,0.00196907472193692,0.0019688463390973706,0.001969064596872583,0.0019687812996133356
doc174,0.3611890244279549,0.001337135496103453,0.33708944028382204,0.2950359505857398,0.0013370530232102828,0.0013371402312986522,0.0013370904201260908,0.0013371655317448207
doc175,0.49715005003626206,0.15189313016205783,0.0019691512083527306,0.2837343017324025,0.0019690183605942466,0.0019690894105477462,0.001968862879495054,0.059346396210287936
doc176,0.837874204939819,0.0013740317472829967,0.001374409861382827,0.0013739427645495367,0.15388171033776687,0.0013739839934122223,0.0013738473966996882,0.0013738689590868857
doc177,0.0008212105533879123,0.0008212497352285046,0.32301493724288327,0.5174745485672491,0.15540420626898563,0.0008212721561640965,0.0008212403136984366,0.0008213351624031547
doc178,0.7138857984626147,0.17401360665182614,0.0016726630282599625,0.0016727543101543207,0.0016726313541651975,0.10373658620229718,0.001673410355190141,0.0016725496354923221
doc179,0.002049658850895235,0.002049462855211507,0.0020496054165255804,0.00204954433556839,0.5149014650684783,0.3859384591629284,0.0020496898468951685,0.08891211446349734
doc180,0.0003806360323610282,0.10889024616636593,0.22684424641413084,0.00038062602473360195,0.5870942515297806,0.052837942342496357,0.00038063228639948344,0.023191419203732102
doc181,0.4147372033663655,0.16689316031443863,0.0007826111935873107,0.0007826405186244234,0.2920796580022894,0.12315947607933234,0.0007826974736869225,0.0007825530516753309
doc182,0.29305048137389256,0.0011522282268582747,0.0011523838393897546,0.0011522147114812124,0.001152211996845313,0.6375296172211593,0.06365794065344041,0.0011529219769330697
doc183,0.17484995361846659,0.4735532460352566,0.000770584865848334,0.06649791204011692,0.21013519278352272,0.0007706239426164254,0.07265192603679886,0.0007705606773736196
doc184,0.12156245809511346,0.1479075790517896,0.02960819520853943,0.43067515239016146,0.12002083446765784,0.0008637698136168087,0.14849835151897153,0.0008636594541498804
doc185,0.47657386245861916,0.0027180442396204894,0.23779481316020143,0.0027181290614405828,0.15983467728467254,0.002717631230592823,0.11492522486674366,0.002717617698109455
doc186,0.304503986058531,0.00031573334074876314,0.0003157350535206083,0.00031573541344063745,0.0003157354898487598,0.6936015559494773,0.0003157288533023305,0.0003157898411306206
doc187,0.8513423955541062,0.0013023868743924747,0.001302422725346652,0.001302609783751783,0.0013022602361364682,0.1408432924587582,0.0013023561717632399,0.0013022761957448105
doc188,0.0015435505633245256,0.8065860317746245,0.18415211031992193,0.0015436637437498113,0.0015437637205038823,0.001543689731311823,0.001543618653828144,0.001543571492735412
doc189,0.0006503619165320376,0.0006503987517171284,0.0006503920908921098,0.4533923365634203,0.35486594449136083,0.18848990948136465,0.0006503516249277159,0.0006503050797852475
doc190,0.001433089540195569,0.5111842989477833,0.11720970003514285,0.001432986608711441,0.0904213008840781,0.27545267608659707,0.0014330550013596879,0.0014328928961318608
doc191,0.0013371060564676374,0.25726208631658753,0.0013371410921254078,0.11192084832922627,0.0013372569745043795,0.6241313106830686,0.0013371824242482558,0.0013370681237718492
doc192,0.10539364777078737,0.19797767110288697,0.0009279130584213564,0.0009279622013901894,0.07218103263905588,0.6207360687751231,0.0009279553731830471,0.0009277490791520924
doc193,0.0006677965929533741,0.012766843528333044,0.09835179465694131,0.0006677474767816359,0.7366378268395379,0.14957256484933978,0.0006677272964677839,0.0006676987596450179
doc194,0.004202790891873596,0.004203327567923873,0.004202496567045509,0.45588930034539266,0.09225218905928463,0.004203022418921849,0.43084414578812785,0.004202727361429985
doc195,0.0029594896731913968,0.29191050863176116,0.002959684745742601,0.0029590574015756063,0.620977491704343,0.002959005988403116,0.07231431085668334,0.0029604509982996802
doc196,0.002645865101166325,0.3476414658412267,0.0026459958626029547,0.0026459359924389386,0.5855799295342518,0.0026460132328485196,0.05354886091114831,0.0026459335243165186
doc197,0.0014753325406501908,0.5478441735103178,0.0014752771273551346,0.0014752916016301436,0.38296262675296416,0.0014752986229801363,0.0014755393514674572,0.06181646049263507
doc198,0.5297261938865688,0.24916490469432903,0.2114535514512653,0.0019313348042920484,0.0019311669132724275,0.0019310597640166288,0.0019308879379024235,0.0019309005483531573
doc199,0.0024517531527962497,0.002451725665243541,0.28317885111414576,0.002451601245083294,0.002451627257329164,0.24184887492749538,0.46271413756677876,0.002451429071127798
doc200,0.18202629605117981,0.0008866564232882646,0.0008867987166812359,0.8126532360814338,0.0008868270643558156,0.0008867278104113392,0.0008867498504214584,0.0008867080022281864
doc201,0.9843703655288665,0.002232607497901764,0.0022329413744939636,0.0022328856657955806,0.002232644893861864,0.0022333997966849134,0.0022325128046291423,0.0022326424377663383
doc202,0.4685665189950473,0.120210772972155,0.0018944982374458747,0.2410914461701161,0.0018943638409323392,0.0018944208341489584,0.16255392354115492,0.0018940554089994911
doc203,0.3931167598054057,0.379488345162253,0.001089632146995467,0.06673183612398902,0.0010896350793616605,0.15630478234503326,0.001089535187510758,0.0010894741494510438
doc204,0.000758894881140633,0.000758960808338096,0.20739323409752805,0.7880533589754752,0.0007588695696164725,0.0007588779431304217,0.0007589593892839138,0.0007588443354873025
doc205,0.0737746119914982,0.0017304204169138286,0.0017304649940970201,0.0017306998134746668,0.0017305334698311196,0.7750280634347894,0.142544689202048,0.0017305166773479606
doc206,0.04057118217986464,0.0008211831160749798,0.0008211947384585654,0.4791040397589762,0.0008212129486292975,0.4388378055150537,0.0008211811573220716,0.03820220058562057
doc207,0.10781997107165311,0.0014754035973768929,0.0014752096694926884,0.3666550765692825,0.001475269595472036,0.5181486949644247,0.0014751815101524282,0.0014751930221456858
doc208,0.6839801960390889,0.0020498062688390963,0.0020498545685345656,0.303721708796566,0.002049635867273288,0.002049668238287955,0.002049432016016365,0.002049698205393889
doc209,0.6162987128399104,0.0005891035533785607,0.04595668803027946,0.000589061074089871,0.0005890662817713047,0.33479921986247885,0.0005890643622958525,0.0005890839957956232
doc210,0.11618833232609091,0.2060483201501488,0.5171029361730086,0.05720657418985431,0.0008146044241415601,0.10101005050941031,0.0008145067786972432,0.0008146754486482394
doc211,0.8066000567786953,0.0004352526369644595,0.09403326219011551,0.09719045479364566,0.0004352280398135932,0.00043523469806170826,0.00043524127380348856,0.0004352695889004697
doc212,0.0008563833770798227,0.0008564665464077105,0.09252606138464345,0.8871053961436743,0.0008564472632179114,0.0008564466593469837,0.016086483923082096,0.0008563147025477881
doc213,0.3249802845040008,0.30848147598492276,0.2542810948940938,0.09011410616668931,0.021177553831933576,0.00032183660093658146,0.00032183397620028954,0.0003218140412228112
doc214,0.002451629126311905,0.0024512576671530486,0.24799088844471423,0.7373000112257261,0.0024513450670357304,0.0024515358512280307,0.00245136828666087,0.0024519643311699964
doc215,0.2716119773175756,0.001022812375364496,0.0010226703375833123,0.16109711601939727,0.19740110088892626,0.10914372925346684,0.18433857380293123,0.07436202000475504
doc216,0.3327158561600584,0.001355297307228983,0.3457947340257964,0.0013554509008814836,0.31471270920217176,0.0013554165566981287,0.0013552993045994482,0.001355236542565538
doc217,0.42991170861920347,0.0005690057355347889,0.0005690144271229537,0.11024684210244617,0.0005689412584988967,0.4569965010558717,0.0005688992662516597,0.0005690875350703136
doc218,0.041612570229739486,0.0006722122308263432,0.21827316958921614,0.32810980710938314,0.000672195074441002,0.0006722117389260918,0.4093154817147347,0.000672352312733052
doc219,0.6131202202068694,0.0015676826123361461,0.0015678527559401525,0.001567592652636605,0.001567565477337778,0.37747388970438345,0.0015676036571982935,0.0015675929332983184
doc220,0.0010895769777172167,0.001089589888769034,0.0010895563680022647,0.1671772280563105,0.0010897542873321083,0.42557567757648196,0.3853649964233356,0.017523620422051446
doc221,0.0002892615034454983,0.33526751586903036,0.05213002423742582,0.04851155048423061,0.0002892531334264645,0.5629338999963943,0.00028926738479729137,0.0002892273912495358
doc222,0.0011263625218963795,0.8102590928485243,0.0011264541280168738,0.001126426783926215,0.18298250343553502,0.0011263843898194166,0.001126478635170198,0.00112629725711149
doc223,0.809213037030892,0.0006339265114979716,0.0006338614835758833,0.0006339309015013808,0.0006339011232212756,0.18698367049464343,0.0006338578266436078,0.0006338146280243923
doc224,0.0012081891664519864,0.9915433244745622,0.0012081561409795808,0.0012080377504174746,0.0012081161053374809,0.0012079904182028273,0.0012080755772037146,0.0012081103668446637
doc225,0.2167574563463686,0.6774062374235351,0.005320256479574561,0.005320120231497034,0.005320998452620895,0.005320936764446271,0.0053200292632321275,0.07923396503872536
doc226,0.0010021071949875078,0.0010021681615819565,0.0010021206002811989,0.0010021699174658418,0.0010021485997833803,0.0010021286739532837,0.0010020615291007349,0.9929850953228462
doc227,0.0010021071949875078,0.0010021681615819565,0.0010021206002811989,0.0010021699174658418,0.0010021485997833803,0.0010021286739532837,0.0010020615291007349,0.9929850953228462
doc228,0.17368887879741618,0.16489278591103193,0.0009109558894663694,0.29305816447552013,0.0009110656202913406,0.36471621622857214,0.0009109200018064972,0.0009110130758955707
