,topics0,topics1,topics2,topics3,topics4,topics5
doc0,0.000912687234163196,0.0009125600825404726,0.0009126749845512878,0.0009125455665820616,0.0009126196466670788,0.9954369124854958
doc1,0.45209529438945245,0.00039135349865694445,0.00039132080405449016,0.46519648969811433,0.08153424782405726,0.00039129378566451193
doc2,0.263743546309369,0.000579524712010284,0.11430529224031287,0.25796254950975284,0.3628295325660238,0.0005795546625312216
doc3,0.0017991288168526486,0.0017988808243209944,0.3659528209653902,0.047340238482849746,0.581309992849573,0.0017989380610135058
doc4,0.12882617219371953,0.5027943260732306,0.0034974147163399716,0.0034974415179560192,0.35788754571119114,0.003497099787562632
doc5,0.0010920315950736872,0.30155506619632017,0.001091937508065689,0.0010920718490485886,0.694077066731032,0.0010918261204598727
doc6,0.001502012853526306,0.24709621332802048,0.7468960875007762,0.0015019859738184666,0.0015018911228213176,0.0015018092210373627
doc7,0.0005220372316757548,0.0005220342956643132,0.08361865652547493,0.23060832611608267,0.6757488626652596,0.008980083165842733
doc8,0.34015918286578484,0.12854699696229938,0.0005632199540760543,0.4326286249476045,0.09753873955928674,0.0005632357109483507
doc9,0.0009472525537649495,0.8760621700393311,0.0009472902955885107,0.10630088084994162,0.0009473247491359326,0.014795081512237903
doc10,0.0013409585696503928,0.6733586847776862,0.2758985459219452,0.0013408438196705866,0.0013408150632911132,0.04672015184775663
doc11,0.23494064638781972,0.7630033313069562,0.0005139934044159196,0.0005140255667497449,0.0005139955821640419,0.0005140077518943873
doc12,0.0006346869995324085,0.0006347032724040047,0.601565351016177,0.0006348196073240013,0.36390418381332545,0.03262625529123701
doc13,0.6508648295029987,0.3463095957352806,0.0007064136527030637,0.0007064491800829454,0.0007064028015828789,0.0007063091273519514
doc14,0.0005762006907627541,0.6501398119270863,0.0005762070867685897,0.164283063790877,0.0005762216251176685,0.1838484948793878
doc15,0.000912687234163196,0.0009125600825404726,0.0009126749845512878,0.0009125455665820616,0.0009126196466670788,0.9954369124854958
doc16,0.000912687234163196,0.0009125600825404726,0.0009126749845512878,0.0009125455665820616,0.0009126196466670788,0.9954369124854958
doc17,0.9165371351414549,0.0009944800452359721,0.06736046369734432,0.000994216718148473,0.0009942107529705654,0.013119493644845865
doc18,0.13466996634683542,0.0010802063617591263,0.5319437176883232,0.3301457956332143,0.0010802606486307912,0.0010800533212370958
doc19,0.32622028052323326,0.28274608953223884,0.00035522026635217296,0.25519301705533315,0.13513021732695302,0.00035517529588958475
doc20,0.07286622028029537,0.04794145154307561,0.875001783183411,0.0013968050497686713,0.0013969523175932012,0.0013967876258561389
doc21,0.8341235944535286,0.000566419954817934,0.16361094145078062,0.0005663957463576233,0.0005663467383892403,0.0005663016561260166
doc22,0.17954023135043606,0.0021466719926018217,0.8118735905951942,0.0021462345306943217,0.002146586158423364,0.0021466853726502286
doc23,0.0006076955704004486,0.000607709410227326,0.0006076979661709163,0.3770392393263907,0.620530018945683,0.0006076387811274952
doc24,0.48267833771249913,0.0008728593348193335,0.052669410552377297,0.46203368267046907,0.0008728230907919399,0.0008728866390433035
doc25,0.00044737430054871325,0.0004473795293741126,0.4668833664574516,0.18056328002264369,0.35121116729760976,0.00044743239237209504
doc26,0.46980588202861967,0.001024912844378662,0.0010248853470743095,0.5260947460611958,0.0010248152653209825,0.0010247584534105007
doc27,0.0010462552188398413,0.16185801503655747,0.727215379698907,0.001046386266327463,0.0895061535693631,0.019327810210005163
doc28,0.7786599057153663,0.19245891750160005,0.0003682958024609512,0.00036827537328983545,0.00036826072671119575,0.027776344880571575
doc29,0.7618287522861582,0.17677685600537973,0.0008434223290370679,0.0008433696207537787,0.0008433566164027517,0.05886424314226846
doc30,0.001182376585572052,0.0011823840558662388,0.2834839901455901,0.17724662406827052,0.5357223108868857,0.0011823142578153733
doc31,0.5439748305091815,0.11101251835294246,0.05800891184871526,0.2847711621112067,0.0011164086880404139,0.0011161684899137084
doc32,0.5299736498038335,0.13695342962655765,0.22326281310855461,0.08939738294800352,0.019465667309944625,0.0009470572031060215
doc33,0.0016782285799527238,0.9087841845237674,0.001678714148513422,0.031017131558988588,0.0016781161401733494,0.055163625048604496
doc34,0.560013669099296,0.19971948850310584,0.0004140291151350397,0.0004140252928492422,0.239024800126019,0.0004139878635947972
doc35,0.0014168649286100006,0.9929158562845687,0.0014167829864008186,0.0014167187546370074,0.0014167919425792552,0.0014169851032043575
doc36,0.29990765730480506,0.6861032918874844,0.0034974751009783263,0.0034973103064575603,0.003497537254989594,0.0034967281452850563
doc37,0.19655956754700046,0.17643073087044567,0.5697862153790655,0.05454188822206428,0.001340913050524852,0.001340684930899386
doc38,0.49552975195044446,0.07477931992882363,0.290960857673217,0.1369845254112662,0.0008728409151834781,0.0008727041210651309
doc39,0.08298146560617005,0.33596773958155657,0.06755059330339566,0.00024126827110879128,0.5130177064104054,0.00024122682736357686
doc40,0.003268893985583688,0.16502106294815497,0.0032688799029662098,0.0032691046354570348,0.8219022463749642,0.0032698121528737544
doc41,0.0009295811146084415,0.3602223580140776,0.000929672877561207,0.31362003255251025,0.0009296267417783228,0.32336872869946415
doc42,0.0009562865854776231,0.674947449973759,0.0009563661074537531,0.0009563776046395649,0.0009562100557968495,0.3212273096728733
doc43,0.0017990435441885325,0.7900695342366745,0.2027339357765593,0.0017991085592098707,0.0017993099090156815,0.0017990679743522591
doc44,0.0011685102290158258,0.001168480464834626,0.6392390382809799,0.001168530336522268,0.35608713244995804,0.001168308238689251
doc45,0.0007376891552838288,0.49857746887764015,0.4984719744879884,0.0007376187722492833,0.000737703745247785,0.0007375449615907415
doc46,0.7747620183431586,0.22056394813691962,0.001168475941492492,0.0011685593733381718,0.0011685707110256722,0.001168427494065244
doc47,0.0011289925338127341,0.0011291105150843979,0.06956948123830316,0.5843338042875679,0.3427096655613453,0.0011289458638866407
doc48,0.24207991278931346,0.0005036289249596988,0.5869303632063448,0.0005036494525287783,0.16947878944159597,0.0005036561852574161
doc49,0.0003418662838098877,0.25536706637535384,0.0003418373478861061,0.36946592240942644,0.37414146208097965,0.0003418455025442501
doc50,0.002016760680018486,0.2857247132447875,0.5610975345175323,0.0020166051749013407,0.14712784363829468,0.0020165427444657105
doc51,0.000994344452801741,0.0009941649202781788,0.0009941355620000977,0.000994144227535454,0.000994182560570908,0.9950290282768136
doc52,0.6269899071099254,0.0010144087243913896,0.3523908868372431,0.0010144333745253859,0.0010144610661622152,0.017575902887752657
doc53,0.002809894242038094,0.08552193414832406,0.002810092522778758,0.30618971384121385,0.5998580067886973,0.0028103584569481193
doc54,0.002101388858429781,0.0021013178615721826,0.0021013293695031606,0.5370108599002387,0.4545839177446926,0.0021011862655636584
doc55,0.0006917718298799837,0.0006917808143859295,0.0006917421663128673,0.2957734638573928,0.7014595512488706,0.0006916900831576536
doc56,0.21490133803503605,0.17764498622414518,0.0005507633349348619,0.07430928062470187,0.5320428709330799,0.0005507608481022147
doc57,0.0010462587860251343,0.15935580878775657,0.5577769799995442,0.27972842411659565,0.0010463522468904807,0.0010461760631881466
doc58,0.001736573222928301,0.0017364006022076513,0.9913176132526929,0.0017363728444824919,0.0017366088370164108,0.0017364312406723517
doc59,0.0013060447095350745,0.5067649973374724,0.0013059063414910521,0.04606681113694578,0.4432502349913266,0.0013060054832291675
doc60,0.38354676696778406,0.13142401948001978,0.3408853190598878,0.12660945690527728,0.0005507943836040145,0.016983643203427237
doc61,0.0010573844103580377,0.0010573020380359366,0.9947136202122395,0.0010572713171679723,0.0010571914093285657,0.0010572306128699429
doc62,0.000994344452801741,0.0009941649202781788,0.0009941355620000977,0.000994144227535454,0.000994182560570908,0.9950290282768136
doc63,0.6861040739251851,0.0011684974110369182,0.3092219321645206,0.001168503388106102,0.0011685476804385129,0.0011684454307128362
doc64,0.000994344452801741,0.0009941649202781788,0.0009941355620000977,0.000994144227535454,0.000994182560570908,0.9950290282768136
doc65,0.03982000897143494,0.0007840120353302767,0.30405203228004646,0.4479975909988928,0.12719085558353527,0.08015550013076028
doc66,0.20101795171466655,0.026366176503333037,0.0007543580909948843,0.7703529841412853,0.0007543105403529452,0.0007542190093672046
doc67,0.001080200695563484,0.11315806834855778,0.0010802962159678028,0.20783758604290928,0.6757636493295486,0.0010801993674529325
doc68,0.0006428446063731364,0.08320113331237089,0.34518446896688454,0.27007989905909974,0.3002488794996875,0.0006427745555840978
doc69,0.0019384205677531734,0.9903081190554907,0.0019385229295125995,0.0019384375264022923,0.001938287327375749,0.0019382125934654343
doc70,0.0011163803729957683,0.0011164825315139806,0.5631974837947672,0.4323364917785031,0.0011164159460816717,0.0011167455761381053
doc71,0.10016289815552178,0.0015020107171205789,0.0015017695258095418,0.001501873553206158,0.8938297724187058,0.0015016756296362375
doc72,0.45120371153921707,0.0015484173623680295,0.47062632124715226,0.0735248209615446,0.0015485365308352702,0.0015481923588826375
doc73,0.17339502517782865,0.001182370555317593,0.598160494801509,0.2248975860673503,0.0011823440020241288,0.0011821793959702741
doc74,0.0006776838554943225,0.0006776159009118465,0.8248606441712493,0.05068771759722078,0.11112170211384508,0.011974636361278877
doc75,0.08797373979409857,0.3812291828032041,0.4908231340233336,0.0006470980737636916,0.0006470002975477323,0.03867984500805203
doc76,0.19888187299123644,0.5923204173863446,0.004855682630159873,0.004855751085532019,0.04904385259629585,0.1500424233104313
doc77,0.0015729229009256147,0.8785894272293194,0.001572856815615086,0.0015725684564056749,0.11511946709203674,0.0015727575056975912
doc78,0.0011553089896675687,0.9942249134028122,0.001155067220291398,0.0011548771030255361,0.0011548791377876712,0.0011549541464154422
doc79,0.09301325823637843,0.6288315380508308,0.07699711507867929,0.001650778805096573,0.19785685720585658,0.0016504526231582762
doc80,0.3145402190198367,0.2158409076939076,0.33190212588159934,0.0013230923141637778,0.13507052708327108,0.0013231280072214554
doc81,0.1659942552604351,0.8264000488171085,0.001901544249580253,0.0019013734639307112,0.0019014074708288587,0.0019013707381166107
doc82,0.013170395171428618,0.9341844819218822,0.013165485869808646,0.013160375864259798,0.013160160954881556,0.013159100217739155
doc83,0.09080462239290894,0.9030962246130008,0.0015248869978303735,0.001524730952654571,0.0015245990604006525,0.0015249359832046182
doc84,0.24117349822910797,0.34031191180419057,0.41469697343114936,0.0012725682721662736,0.0012725873199503934,0.001272460943435412
doc85,0.11565433516021699,0.000815872432379952,0.0008158760688176607,0.4155906823500804,0.46630741662171604,0.0008158173667890512
doc86,0.0014797323469107392,0.6040954429463552,0.3899863457962197,0.0014795677217291003,0.0014794486658444488,0.001479462522940947
doc87,0.9921362451850801,0.0015728136839066869,0.001572670087926892,0.0015725200070709705,0.001572833357614947,0.0015729176784004108
doc88,0.0012889488290381635,0.0012890550867003451,0.6069167767704091,0.0012889966413247584,0.3879273294221139,0.0012888932504138218
doc89,0.3162450328081257,0.38344152312842755,0.005103636787150425,0.28500262659062603,0.0051031963701718445,0.005103984315498643
doc90,0.0008962699443636163,0.0008962258979401432,0.09533921923649066,0.0008963238299495854,0.9010758408667185,0.0008961202245374698
doc91,0.0024634487586913953,0.4488662352948537,0.15408644671215152,0.0024633516745637875,0.3896571440736583,0.0024633734860813506
doc92,0.08192661566895346,0.34041975552738624,0.17596588902274662,0.0011163749585694973,0.3994550274594067,0.0011163373629373482
doc93,0.2961051085353451,0.2436672370301105,0.21228696539593966,0.0015484543612189507,0.2004679280756717,0.04592430660171402
doc94,0.5661236788278277,0.0007839375712789775,0.0007838669176466147,0.0007839802919491363,0.430740737671924,0.0007837987193736362
doc95,0.22521276414844862,0.0005762500574868927,0.5354939253006045,0.0005761701707994444,0.23756478333053427,0.0005761069921262725
doc96,0.0006267271883518502,0.6602093896970808,0.0006268040550915786,0.0006267701636521905,0.337283580795488,0.0006267281003356939
doc97,0.0012110255701752652,0.04548760543012607,0.77493261337346,0.028039571062926295,0.14911836841377132,0.0012108161495408087
doc98,0.1352379808630147,0.15576177770827648,0.7070717665449996,0.0006428570621197196,0.0006428441414930434,0.0006427736800964436
doc99,0.0004888783091482764,0.0004889078303460535,0.20175043841743928,0.03644260861778284,0.7603403456455101,0.0004888211797733983
doc100,0.0010919863121199903,0.0010920395745647388,0.0010920548423585506,0.1384664754720663,0.8571655258250173,0.0010919179738731063
doc101,0.0009943558420078805,0.0009944277605036256,0.9730990149366343,0.0009942221844560632,0.0009942360968697131,0.022923743179528427
doc102,0.24417250635397933,0.31645446135323846,0.4313921467533212,0.0026599140984867706,0.0026607703439962124,0.002660201096977998
doc103,0.0652545443469736,0.000506218811543035,0.6377165927444409,0.000506196622065849,0.2955102788215191,0.0005061686534574422
doc104,0.0011040593395379452,0.0011040076276511465,0.3035168087908277,0.12411937643253868,0.5690516902983649,0.001104057511079658
doc105,0.0010802973176853089,0.33880802146622274,0.0010802358379953271,0.0010802632798317501,0.65687112347286,0.0010800586254049718
doc106,0.0012109408404948022,0.0012114136218479275,0.860063602060361,0.0012109636547644404,0.13509218233438508,0.00121089748814671
doc107,0.002891080878128748,0.1468101832736339,0.4803133732678772,0.00289101152361904,0.36420373597227595,0.00289061508446497
doc108,0.5770635221213956,0.4199190336320863,0.0007543961399088835,0.0007544144756302176,0.0007543511137580431,0.0007542825172207208
doc109,0.41865794554460295,0.47996477124062437,0.005103578349054554,0.005102722431941547,0.005102832772183241,0.08606814966159346
doc110,0.18213121422071418,0.5067355279122837,0.0020167623349031855,0.12546351977917167,0.181636285359506,0.002016690393421205
doc111,0.001767139277479417,0.14885730743850617,0.50914160939385,0.0017671073744088199,0.33669972412525295,0.00176711239050248
doc112,0.11031267116287752,0.0009297928248981883,0.0009297597767335609,0.0009296134958593576,0.000929607727461227,0.8859685550121702
doc113,0.11031267116287752,0.0009297928248981883,0.0009297597767335609,0.0009296134958593576,0.000929607727461227,0.8859685550121702
doc114,0.001288970549764611,0.0012887932083798248,0.09292615625655706,0.8875851936432886,0.0012888679345943433,0.015622018407415436
doc115,0.0006512497298043582,0.02900372285554531,0.0006511807978924498,0.2138860005340733,0.7551566016353086,0.0006512444473759358
doc116,0.0014796283422584633,0.0014797740326692624,0.001479527959335773,0.001479823373826392,0.992601071233279,0.0014801750586310783
doc117,0.5457716261485638,0.06891017205265303,0.000783860063301853,0.10838847739889282,0.27536198156875075,0.0007838827678377776
doc118,0.3556849008387296,0.0019017791820355374,0.3821724500255296,0.0019016628861535404,0.2564377193457245,0.0019014877218270576
doc119,0.0008505667752845885,0.0008506436607687416,0.0008505226011854576,0.9957472479088749,0.0008505246667201012,0.0008504943871661719
doc120,0.41065326436238714,0.4943793447086707,0.0019017684189981709,0.08926219465997239,0.0019015960584871498,0.001901831791484624
doc121,0.42388880681640023,0.002404411211142171,0.002404391688263967,0.5664937678387135,0.0024044083134256845,0.002404214132054452
doc122,0.0014167474547148542,0.0014166997454017325,0.20023823258994122,0.2940066921676266,0.5015048608904081,0.0014167671519073712
doc123,0.0017363003957510696,0.9913177455253412,0.0017367545523904516,0.0017364602676609568,0.0017363253596196367,0.0017364138992365399
doc124,0.00029369032689365905,0.1695165216107632,0.14729496456606408,0.21028751130943196,0.4723136632895052,0.00029364889734196276
doc125,0.0022426307695896956,0.2329764307581973,0.7580523931557788,0.002243031617838943,0.002242924395175249,0.0022425893034201077
doc126,0.7080722366821436,0.0011684832476886308,0.2872537997887405,0.0011684964857784398,0.0011685338625995138,0.0011684499330493461
doc127,0.0007431619564205687,0.0007431036177766816,0.4416047057306488,0.16940215428539565,0.38676375140923075,0.0007431230005276194
doc128,0.41824770650376625,0.09617823728509887,0.04775067609439523,0.4177093977924505,0.0005795102820466456,0.019534472042242356
doc129,0.5426426187288156,0.44428262274045655,0.003269111445939109,0.0032686959583395556,0.0032685913304039875,0.0032683597960452455
doc130,0.3478427806705926,0.6453299187448571,0.0017067022514105652,0.0017069292026065325,0.001706961370385289,0.0017067077601480107
doc131,0.0014582581559183484,0.9927097176133214,0.0014580955281853234,0.0014579414138852023,0.0014579367330085527,0.0014580505556812597
doc132,0.3422099506025267,0.23324788253469148,0.23155842866269763,0.19089114051320663,0.0010463880735143822,0.001046209613363268
doc133,0.0011963717475037194,0.0011964666527830392,0.0011963519476355633,0.0011965274412199995,0.9940180254774119,0.0011962567334457212
doc134,0.5674526233992263,0.3688309112194588,0.060577598163698954,0.0010463038535349454,0.0010462593456569806,0.0010463040184238688
doc135,0.5770635221213956,0.4199190336320863,0.0007543961399088835,0.0007544144756302176,0.0007543511137580431,0.0007542825172207208
doc136,0.001272708593400298,0.4404302860402095,0.2648653947047988,0.29088656057308365,0.0012725259497285142,0.0012725241387792875
doc137,0.0004912624466626837,0.8710542063757474,0.0004913523520168094,0.12698063371146445,0.0004912904842368881,0.0004912546298718382
doc138,0.19415777326136743,0.7351005444356303,0.06430237207072746,0.0021464735331306575,0.0021463338052275403,0.002146502893916672
doc139,0.0037606004014506607,0.4103720184046833,0.0037602151453490188,0.5745867102571642,0.0037601920928665017,0.003760263698486332
doc140,0.0026603016640745847,0.420842447051645,0.1012477011056095,0.46992949902357484,0.0026601099205607907,0.0026599412345352414
doc141,0.9892680118615086,0.0021464746367096973,0.002146420573523151,0.002146314550659901,0.0021464460330024634,0.0021463323445961623
doc142,0.0014796787474366476,0.29545201730383436,0.6650748436316601,0.0014796500356650036,0.03503425061051597,0.0014795596708879143
doc143,0.9892680118615086,0.0021464746367096973,0.002146420573523151,0.002146314550659901,0.0021464460330024634,0.0021463323445961623
doc144,0.001046365479847123,0.2694147996909374,0.0010463390597727352,0.2682212951286289,0.45922487095338343,0.0010463296874304688
doc145,0.0015483028419064169,0.236708229525737,0.7570986219025748,0.0015482063353247618,0.0015484844509274782,0.0015481549435292842
doc146,0.002348144967769515,0.5009204264674421,0.002348409246946169,0.4379870484550334,0.0023480572806305186,0.05404791358217833
doc147,0.23805909304387934,0.23510165030988947,0.0013777469743569833,0.5227061302193793,0.0013777098329690876,0.0013776696195258818
doc148,0.31460268250940077,0.00326917415207058,0.3275793168290566,0.003268853444632755,0.34801149919890156,0.003268473865937744
doc149,0.0013776945960456484,0.06935717555292603,0.001377678850570261,0.604421982066402,0.32208789437381175,0.0013775745602443398
doc150,0.0017070249050866366,0.5171579948804075,0.0017069672637398732,0.47601437673516134,0.0017069306183427199,0.0017067055972620519
doc151,0.07984598446138962,0.0017992238452429609,0.19628067578386893,0.0017989858805914877,0.7184763736084672,0.0017987564204397437
doc152,0.368273320155746,0.0008027927273355742,0.0008027749833557188,0.027159468896302216,0.5910115614316122,0.011950081805648272
doc153,0.0013589852683827289,0.0013589876303627465,0.001358932111978348,0.1682570947893588,0.8263065887764395,0.0013594114234778331
doc154,0.00266002220940161,0.0026604755272433994,0.9866980726895045,0.002660661865427943,0.0026606214076357014,0.0026601463007869634
doc155,0.0004985926492590554,0.0004986050095010232,0.0004985863673233568,0.9692080288468072,0.0004986136795270213,0.028797573447582357
doc156,0.1943081158515126,0.0003220264165737288,0.0003220211659421209,0.32301127013863506,0.48171457333717665,0.0003219930901599451
doc157,0.0015246549267655515,0.0015247146014359773,0.6085580776057978,0.001524566748353883,0.3853432845991668,0.0015247015184799357
doc158,0.7069021741944008,0.0013970172615100649,0.17427064946560883,0.0013970110505974068,0.11463600219296066,0.0013971458349222314
doc159,0.002404516129800184,0.13110789332058367,0.16387811603674343,0.3550486027987386,0.227294905164679,0.12026596654945529
doc160,0.6881140837273513,0.003907413898924781,0.003906834184882523,0.2962576936462455,0.003907342049650959,0.00390663249294509
doc161,0.12216417441686826,0.3896790323952829,0.4852605110456573,0.0009654462671888343,0.0009654470278459633,0.0009653888471566488
doc162,0.0009295318704027528,0.0009296144746538641,0.1713092868615274,0.20515939916613965,0.6207425551065324,0.0009296125207439411
doc163,0.5370390606732605,0.0007600586645506534,0.1353946069049681,0.0007601094534878651,0.32528620677471354,0.0007599575290193578
doc164,0.0011965368937365405,0.8816934748367479,0.11352042689053662,0.0011965527625361482,0.0011964675114899178,0.0011965411049529218
doc165,0.7409157640602162,0.0010144863587499,0.001014530719343818,0.2550264791418415,0.0010144094525491188,0.0010143302672993492
doc166,0.0006470360985414244,0.4682275662824642,0.000647012905458966,0.0006470105214492094,0.5291844277283683,0.0006469464637178916
doc167,0.8459899557354268,0.0009296347334521007,0.0009296764196333919,0.0009296089167186515,0.15029156927593373,0.0009295549188353305
doc168,0.0007718622029442393,0.8989735980875159,0.09793910547520134,0.0007717353088708548,0.0007717684216185576,0.0007719305038490999
doc169,0.0009843853724450272,0.0009844338364619137,0.0009843627429371778,0.0009844166014763747,0.0009844004490201198,0.9950780009976593
doc170,0.0009843853724450272,0.0009844338364619137,0.0009843627429371778,0.0009844166014763747,0.0009844004490201198,0.9950780009976593
doc171,0.0015727550730526253,0.00157271893976229,0.5221833591207229,0.0015725894302867918,0.47152608464512014,0.0015724927910553688
doc172,0.17829994184863038,0.8012890622118624,0.0051026399011813795,0.005102707481255052,0.005102801009814386,0.0051028475472565974
doc173,0.001976782024802923,0.11737408334283868,0.8355243208716248,0.04117140789845079,0.001976879587516854,0.0019765262747659202
doc174,0.0013590652494788003,0.0013589046031533718,0.492485625447984,0.3887804997588519,0.11465691141603684,0.0013589935244948603
doc175,0.3533664889059925,0.0019386069547840657,0.2639062509296469,0.18699959028933522,0.13937676256711243,0.05441230035312904
doc176,0.09920277468606173,0.0013970329976306635,0.8952093982245056,0.0013968871902501918,0.0013969919156362112,0.001396914985915403
doc177,0.0008505667752845885,0.0008506436607687416,0.0008505226011854576,0.9957472479088749,0.0008505246667201012,0.0008504943871661719
doc178,0.3594410707687926,0.0017069884346898527,0.41951513215130176,0.215923067324254,0.0017068892465473733,0.001706852074414285
doc179,0.5610156389365297,0.3446269324480695,0.002146294984097438,0.002146421169298758,0.0021463628838175215,0.08791834957818702
doc180,0.00037804274061135266,0.6401760045409506,0.2782766100305176,0.05516400266407101,0.0003780472683263887,0.025627292755523227
doc181,0.2932671240116705,0.3926855617153499,0.31169576024200485,0.0007838750596708557,0.0007838993363813395,0.0007837796349225581
doc182,0.9939450661998124,0.0012108017049696012,0.0012109200680676742,0.0012112750989015908,0.001210940228070302,0.0012109967001785297
doc183,0.012319241694060165,0.6699613948039853,0.12390123077477931,0.0007718386728252742,0.19227452734411157,0.0007717667102383442
doc184,0.0008728031310584925,0.14173755105396932,0.11943665300507869,0.07955276638502423,0.6575275091578862,0.0008727172669831094
doc185,0.002732550663888238,0.0027331243486158284,0.8381133086407658,0.0027330713079912737,0.1509555186341598,0.002732426404579079
doc186,0.9574326705502831,0.0003273173540717175,0.04125807042830202,0.000327297237261756,0.0003273049878053854,0.00032733944227592753
doc187,0.3593993672064368,0.0013589057768028977,0.6351646625864563,0.0013591796655233709,0.0013589753175217137,0.0013589094472590028
doc188,0.0014798759170108352,0.8566149505616037,0.0014798322802790343,0.1374658473934219,0.0014797746316228448,0.0014797192160617627
doc189,0.0006470360985414244,0.4682275662824642,0.000647012905458966,0.0006470105214492094,0.5291844277283683,0.0006469464637178916
doc190,0.3644024117142642,0.5085434452846317,0.0012725536422106653,0.1232365280355806,0.00127253625519594,0.0012725250681168657
doc191,0.7151953536357535,0.27951222177739876,0.0013229492917631838,0.0013232555085453538,0.0013232484849783647,0.0013229713015607911
doc192,0.4787395702169663,0.29389240835654606,0.0009383534683416536,0.0009383200290357298,0.2245531477622823,0.0009382001668278436
doc193,0.059544564946636964,0.7493506654063573,0.18909885445302593,0.0006686492319821428,0.0006686728350953078,0.0006685931269023125
doc194,0.004425979825533583,0.17003632172595226,0.00442557721762558,0.30591199864295077,0.5107744810747216,0.004425641513216249
doc195,0.002976954829166771,0.9245785977912067,0.002977391317084459,0.002977955277882494,0.002977314887558691,0.06351178589710092
doc196,0.0026601783329488447,0.9866984820862887,0.0026599818230934927,0.0026609761398499318,0.0026603589619047584,0.0026600226559143226
doc197,0.001479688650603876,0.919469964885702,0.0014798059639917701,0.0014798369100921035,0.0014797315325554498,0.0746109720570549
doc198,0.12755436725964034,0.0019385170720207503,0.8646910596496264,0.001938862118019482,0.0019388014931959689,0.0019383924074970846
doc199,0.4405403654068756,0.0025914385817216484,0.0025914757777289535,0.5490941283132317,0.002591314590581036,0.002591277329861052
doc200,0.09557570547499333,0.09468589947314657,0.09544098239814583,0.03268274777559634,0.6807342272819006,0.0008804375962174091
doc201,0.39472207608781223,0.0022425330447825107,0.5963073919485665,0.0022427407918976304,0.002242681656207609,0.002242576470733476
doc202,0.0019016271069326098,0.001901582530125424,0.42658285188215833,0.565811069578148,0.0019016080699096618,0.001901260832725965
doc203,0.0010687510474959533,0.3318572537436873,0.0010686923720552631,0.0010687208571895084,0.6638680625922087,0.00106851938736327
doc204,0.000790082412086993,0.0007900842424464191,0.0007900939550759784,0.3393003258619728,0.6575394029233457,0.0007900106050721432
doc205,0.8373658019681973,0.001767143637294907,0.0017671978665317809,0.1555655077240551,0.0017672842718345514,0.0017670645320861861
doc206,0.368273320155746,0.0008027927273355742,0.0008027749833557188,0.027159468896302216,0.5910115614316122,0.011950081805648272
doc207,0.28112780108860974,0.0015020099857580302,0.0015019185740549983,0.001501748222270836,0.7128647937898923,0.0015017283394141742
doc208,0.0021013813398544556,0.0021012063371397436,0.9894934789030154,0.002101282520657218,0.0021012089737083403,0.002101441925624959
doc209,0.5628659922980063,0.0006076830730000039,0.4347033024359594,0.000607677009471709,0.0006076739759440299,0.0006076712076187336
doc210,0.2239069153672954,0.2150091397727697,0.5586752852829806,0.0008028732783789257,0.0008028207315912523,0.0008029655669841059
doc211,0.0004749391673820194,0.0004749057857389742,0.9039635141856975,0.0639543163925363,0.0004749788334236462,0.030657345635221475
doc212,0.000857947178353121,0.0008579181706911923,0.0008579238862500408,0.0008578906337804668,0.9957104694612012,0.0008578506697240098
doc213,0.0003199981744582656,0.18918162643706188,0.5853376067431287,0.2176804911332084,0.0071603197966528314,0.0003199577154897855
doc214,0.0024636099689112284,0.002463427147751313,0.0024636137345720593,0.40309128313067666,0.5870542765618761,0.0024637894562124334
doc215,0.4157688219073808,0.0010802624407803818,0.11222102910771675,0.46876950146101326,0.001080219175267367,0.0010801659078413974
doc216,0.0012566878047211476,0.09585662738063344,0.8991168404763583,0.0012566291197347714,0.0012566508937685253,0.0012565643247836875
doc217,0.7920310980927895,0.0005696148464992896,0.04605066414351042,0.0005696160216906625,0.15434286839513928,0.00643613850037093
doc218,0.0006966035529454499,0.0006965325284747506,0.04800764635379856,0.7099426371105313,0.23996009956824313,0.0006964808860068079
doc219,0.6929902568183289,0.001736311099382939,0.30006436923226254,0.001736433649961215,0.0017363237937867472,0.00173630540627754
doc220,0.3782204150427288,0.0011419673581728616,0.001141877926774744,0.4643295140921452,0.15402451513980175,0.001141710440376685
doc221,0.5447464907846177,0.2857747276878788,0.0002928173062436044,0.16860034931733306,0.00029282782651647045,0.0002927870774101938
doc222,0.0010919781708618786,0.9241202887471164,0.0010919844071739593,0.07151186100108274,0.0010919963430358962,0.001091891330729014
doc223,0.4663638300309136,0.0006597805155443222,0.5309970482821357,0.0006598136874703285,0.000659825349397102,0.0006597021345388932
doc224,0.0011965368937365405,0.8816934748367479,0.11352042689053662,0.0011965527625361482,0.0011964675114899178,0.0011965411049529218
doc225,0.41865794554460295,0.47996477124062437,0.005103578349054554,0.005102722431941547,0.005102832772183241,0.08606814966159346
doc226,0.0009843853724450272,0.0009844338364619137,0.0009843627429371778,0.0009844166014763747,0.0009844004490201198,0.9950780009976593
doc227,0.0009843853724450272,0.0009844338364619137,0.0009843627429371778,0.0009844166014763747,0.0009844004490201198,0.9950780009976593
doc228,0.5404179024121025,0.14792215420750063,0.0008963066760311542,0.00089625142134699,0.3089710607023553,0.0008963245806634892
doc229,0.0013590644893965095,0.0013590286124429475,0.10743365232184494,0.001359385452926659,0.887129863216978,0.001359005906410889
doc230,0.000802769538108442,0.1939419994295362,0.0008027746635152527,0.0008028161972626554,0.8028469963382342,0.0008026438333433036
doc231,0.05671389742024115,0.25520304438924596,0.0004841780588815768,0.0004841838708912954,0.6866306015743825,0.0004840946863575026
doc232,0.7842815690687359,0.0012888895205667675,0.21056296903724903,0.0012889609896353637,0.0012888783287807982,0.0012887330550319382
doc233,0.7069021741944008,0.0013970172615100649,0.17427064946560883,0.0013970110505974068,0.11463600219296066,0.0013971458349222314
doc234,0.22790675010960834,0.6640038919300121,0.08135403030863697,0.00047048055814553224,0.000470487181466198,0.025794359912130756
doc235,0.0008505667752845885,0.0008506436607687416,0.0008505226011854576,0.9957472479088749,0.0008505246667201012,0.0008504943871661719
doc236,0.2215259627810588,0.000596770340505264,0.21465817148935132,0.5620255325176375,0.0005968409588326084,0.0005967219126144621
doc237,0.004238786864409119,0.505871619073659,0.4771760203429534,0.004237841647188895,0.004237782029200455,0.0042379500425891725
doc238,0.0007544829950004691,0.996228243610224,0.0007544624102668748,0.0007542558116385619,0.0007542966002207144,0.0007542585726492387
doc239,0.002193556476479535,0.22079573554153414,0.6869885846885713,0.0021933895091794412,0.08563558131853051,0.0021931524657050816
doc240,0.0015484299428082727,0.14533736143530013,0.3818872377976748,0.1586342322166297,0.3110444838078671,0.001548254799720002
doc241,0.8021214501605914,0.10794620063338362,0.0005114095852882036,0.0005113796470657394,0.000511384229528864,0.08839817574414209
doc242,0.7520427107300809,0.04210639837823588,0.0004575765242564314,0.15596500739700897,0.04897075646161339,0.000457550508804588
doc243,0.21406355680053976,0.0007963478117517862,0.0007963588506531544,0.09929752966025682,0.6842498853438386,0.0007963215329597745
doc244,0.0012409075125706338,0.9937954605727516,0.0012409222677321758,0.0012409659182311857,0.0012409127527032208,0.0012408309760111682
doc245,0.0003959816658538155,0.00039599029368481907,0.5772571585446765,0.421158915090016,0.00039598161609712693,0.000395972789671806
doc246,0.16651966698580578,0.5382828115616833,0.19938656117555878,0.001211222177726856,0.09338879546286384,0.0012109426363615169
doc247,0.671144652124814,0.20947565063700896,0.001004285093780338,0.031984377085911044,0.0853868117889171,0.0010042232695685832
doc248,0.33149161867068255,0.39386867616260207,0.2690415147973405,0.00186615706455749,0.001866053669943585,0.0018659796348737515
doc249,0.4124611965126117,0.1395641736029373,0.002058193701411336,0.4418003131158753,0.002058027351070997,0.0020580957160935523
doc250,0.0025911308249980895,0.45964066820193833,0.5299942817990317,0.002591406185093531,0.0025917478737664456,0.0025907651151718843
doc251,0.8053533679825383,0.0025914529414772566,0.18428085222232563,0.002591597058118187,0.0025912003411085135,0.0025915294544321503
doc252,0.0004985926492590554,0.0004986050095010232,0.0004985863673233568,0.9692080288468072,0.0004986136795270213,0.028797573447582357
doc253,0.39472207608781223,0.0022425330447825107,0.5963073919485665,0.0022427407918976304,0.002242681656207609,0.002242576470733476
doc254,0.0011419024310293066,0.0011417613263508537,0.9942905556579797,0.001142177844382189,0.0011419780899524393,0.001141624650305399
doc255,0.2836364425702178,0.27573080657002746,0.004855335970140876,0.26836356406765655,0.004855221189268959,0.16255862963268847
doc256,0.237989949108162,0.0006387538944374166,0.0006387151275897016,0.3532078760504391,0.40688604143730045,0.0006386643820712154
doc257,0.5969272310241364,0.0009126516745382192,0.3097340022738399,0.000912676448627705,0.09060082569905721,0.0009126128798005004
doc258,0.0016784741559003845,0.0016784559231620712,0.9916076698604503,0.0016784569762491647,0.0016784025356423383,0.0016785405485957624
doc259,0.25246666262324163,0.04065922210485981,0.19447820960654233,0.0005011497013833967,0.5113936616391229,0.0005010943248499646
doc260,0.7939672063854661,0.1944679950857522,0.002891078364192436,0.0028912050499084,0.002890891931879018,0.00289162318280178
doc261,0.7951198212250881,0.0007963553643189071,0.06650052574616125,0.13599062565990971,0.000796363986093952,0.0007963080184281745
doc262,0.0008882937018273531,0.0008882835423448091,0.18935618344425414,0.23384085724823564,0.5741381323998723,0.0008882496634657685
doc263,0.08298146560617005,0.33596773958155657,0.06755059330339566,0.00024126827110879128,0.5130177064104054,0.00024122682736357686
doc264,0.0014797203322445493,0.26566802391356004,0.7284130199817488,0.0014800408179906125,0.001479704958583631,0.0014794899958724286
doc265,0.0015246548056737472,0.0015248300261911615,0.26258377077102857,0.7313173259214981,0.0015248525600852713,0.0015245659155231578
doc266,0.17679248872927436,0.25259788313696274,0.13966362233770088,0.001359109300633635,0.30208619609968956,0.12750070039573888
doc267,0.001397057315374745,0.0013970940277831018,0.9930144134815794,0.0013970458593194864,0.0013973302613979337,0.0013970590545454322
doc268,0.001182377894498464,0.0011824847021009786,0.0011824430478421333,0.20019738141016,0.795073153966188,0.001182158979210325
doc269,0.32898105553208873,0.0003466044724206719,0.4478571937192609,0.10105510152315808,0.12141346275554522,0.00034658199752635947
doc270,0.17647432729288226,0.0018319581014719871,0.6476306086707987,0.0018321846102290207,0.17039913645539853,0.0018317848692193462
doc271,0.0008729105642606876,0.0008727924346449233,0.995635741053358,0.0008728874959672912,0.000872910447794704,0.0008727580039744541
doc272,0.002146504245808588,0.0021465380324483477,0.7284035801074443,0.0021462601668970393,0.26301061261058467,0.0021465048368169005
doc273,0.9920115205222761,0.001597690723277908,0.0015978405251330708,0.0015976812701144353,0.0015977568673561,0.0015975100918423344
doc274,0.0007839045997849765,0.9597110609708622,0.0007839560764031541,0.0007839648627297552,0.0007839437393069455,0.037153169750912964
doc275,0.27290506165497946,0.7247768904989363,0.0005795407939402159,0.0005795649332169514,0.0005795051234784626,0.0005794369954485542
doc276,0.6270183547515507,0.3697181472199937,0.000815858963376543,0.0008159289553120889,0.0008159654932242968,0.0008157446165428624
doc277,0.47290224578476786,0.17819506557688988,0.00033274225774688836,0.2651092322061005,0.08312798397352403,0.00033273020097072606
doc278,0.6218513279585071,0.3438511128933209,0.002058275697722909,0.002058238336079609,0.002058067662886676,0.028122977451482928
doc279,0.2836364425702178,0.27573080657002746,0.004855335970140876,0.26836356406765655,0.004855221189268959,0.16255862963268847
doc280,0.0009843853724450272,0.0009844338364619137,0.0009843627429371778,0.0009844166014763747,0.0009844004490201198,0.9950780009976593
doc281,0.0009843853724450272,0.0009844338364619137,0.0009843627429371778,0.0009844166014763747,0.0009844004490201198,0.9950780009976593
doc282,0.003907698522311423,0.0039078236695648735,0.3970204592710245,0.5873490772833116,0.003907474850772395,0.003907466403015223
doc283,0.000857947178353121,0.0008579181706911923,0.0008579238862500408,0.0008578906337804668,0.9957104694612012,0.0008578506697240098
doc284,0.0008363863398342312,0.17094893114282653,0.6891033202191919,0.13743872447205985,0.000836345479181474,0.0008362923469061151
doc285,0.0008882937018273531,0.0008882835423448091,0.18935618344425414,0.23384085724823564,0.5741381323998723,0.0008882496634657685
doc286,0.3318127241203816,0.0008363713837091316,0.6648419699715805,0.0008363971766659747,0.0008363362096754958,0.000836201137987113
doc287,0.0027331668197644525,0.9863355555948171,0.0027326323640139887,0.0027328433151719614,0.0027329424907333276,0.0027328594154993027
doc288,0.2889434200798312,0.0002963051992758251,0.0002962808692347467,0.12761287551775669,0.5825548526147095,0.0002962657191920169
doc289,0.06881770841341989,0.5472479560487956,0.0009844446597971459,0.38098071971293557,0.0009844966861943586,0.000984674478857305
doc290,0.0005360466892752485,0.8737742117217611,0.0005360658860232907,0.12408161935336164,0.0005360576151954126,0.000535998734383482
doc291,0.35059151317556514,0.0007063513813995918,0.32910187924358064,0.27115653744288454,0.047737396656755686,0.0007063220998147254
doc292,0.7661187047632945,0.1133681634102177,0.08628970156562006,0.00044144071055790627,0.03334054384678415,0.0004414457035256152
doc293,0.31118012242340876,0.37911858025670525,0.0007718674893378462,0.0007718688479974663,0.27820756817335923,0.02994999280919149
doc294,0.18633619433623155,0.14875699706940643,0.0002743257118535888,0.17359992218149273,0.49075822839639033,0.0002743323046254187
doc295,0.47939338861847447,0.4927828732545223,0.000341846799335836,0.008971712695465003,0.0003418557060825236,0.018168322926119616
doc296,0.36687328526685015,0.0007839063374847264,0.0007839240062538196,0.0007839866400035985,0.629989820974821,0.0007850767745867055
doc297,0.8237288516536723,0.0008363474066366987,0.0008363518662796627,0.17292587497771497,0.0008362823411095961,0.0008362917545867147
doc298,0.8125105517441199,0.1838717449307684,0.0009044822473346785,0.0009043677498985672,0.0009045475065346554,0.00090430582134373
doc299,0.0030683286888077434,0.2770948897446539,0.710632402624304,0.0030680735825066767,0.003068311175675583,0.003067994184052075
doc300,0.37482943457003015,0.2628616409219644,0.09658871655481306,0.0010145185521882704,0.26369138752621535,0.0010143018747888616
doc301,0.0005569422379462608,0.8317245577676102,0.16604772940702706,0.0005569003777100984,0.0005569947575643965,0.0005568754521418441
doc302,0.000701484408445349,0.9964927140459936,0.0007015588321935664,0.0007014445081163092,0.0007014243131087334,0.000701373892142274
doc303,0.001182315655834031,0.8657451802636691,0.1295251554877673,0.0011825331780419724,0.0011822595351471679,0.001182555879540468
