,topics0,topics1,topics2,topics3
doc0,0.18657142999168866,0.001684229493357358,0.8100603779012965,0.0016839626136575382
doc1,0.6412451119808614,0.0005118395118254529,0.3577311851777724,0.0005118633295406332
doc2,0.7542897438329123,0.0008039167433138763,0.0008040670203591564,0.24410227240341462
doc3,0.0005453596955849717,0.0005453481070342978,0.17236392215159782,0.826545370045783
doc4,0.001213979984134179,0.0012137658018030078,0.32277808190674556,0.6747941723073172
doc5,0.0007671249265150997,0.0007671421628345308,0.9034586312267487,0.09500710168390165
doc6,0.0015294309197357331,0.0015293771712982915,0.7602190001662851,0.23672219174268103
doc7,0.19551320251487844,0.175889446920935,0.4735429151114149,0.1550544354527716
doc8,0.29888135967709734,0.0006606043307436112,0.4329951862348656,0.2674628497572934
doc9,0.0013090497504533664,0.001309405747683947,0.053604520514061144,0.9437770239878016
doc10,0.000778950659029601,0.0007789398909552709,0.23367501030376103,0.7647670991462541
doc11,0.5681476910263044,0.0006121838404665738,0.05868668479319686,0.37255344034003207
doc12,0.19415830409925403,0.0007498401490287017,0.6486310523725823,0.15646080337913496
doc13,0.0010268986546527635,0.9969191406717843,0.001026997334736271,0.0010269633388266038
doc14,0.0010268986546527635,0.9969191406717843,0.001026997334736271,0.0010269633388266038
doc15,0.9966047137840067,0.0011320320267905585,0.0011316540314799334,0.0011316001577227292
doc16,0.33609311502583267,0.0010063439230382164,0.001006316950860722,0.6618942241002684
doc17,0.10738077360040839,0.017923623059174734,0.18476180152768237,0.6899338018127346
doc18,0.761119729250509,0.0005202645308836036,0.0842875220586758,0.15407248415993155
doc19,0.03285881433973295,0.0008978233953922129,0.27907285447779584,0.687170507787079
doc20,0.0046743401213444405,0.0046757579662527774,0.004673321433058148,0.9859765804793447
doc21,0.0004643613911704118,0.00046432979517768626,0.2763147318618025,0.7227565769518495
doc22,0.0007612343103014645,0.04960592948739965,0.7117150809878179,0.23791775521448105
doc23,0.8486695496734521,0.0005228131255827876,0.15028499451769362,0.000522642683271402
doc24,0.37268114961008764,0.0005366427977828255,0.0005366553016767252,0.6262455522904528
doc25,0.08106025982811733,0.0017426199829218027,0.7421832851394672,0.1750138350494936
doc26,0.326886911379516,0.05396194027732481,0.1354916896663657,0.48365945867679344
doc27,0.1437840415988545,0.0012137353395580265,0.7144376136970071,0.14056460936458054
doc28,0.12279833417471887,0.0012440162055926767,0.650841189972604,0.2251164596470845
doc29,0.22657320362629416,0.0009312459675039854,0.10365917889703746,0.6688363715091644
doc30,0.4989029499837398,0.0007850618554123814,0.40466251174540413,0.09564947641544375
doc31,0.0019848360364137256,0.001984573742404566,0.2633938681959508,0.7326367220252309
doc32,0.0023593847314367575,0.002359356340660933,0.0023589595675440945,0.9929222993603583
doc33,0.0012137682912030565,0.0012137706782363838,0.001213813407526631,0.9963586476230339
doc34,0.424101737743157,0.009616635951626694,0.5566627415146231,0.009618884790593057
doc35,0.13647675641261997,0.001908706101837302,0.001908922212046813,0.8597056152734959
doc36,0.2945838312076851,0.0034028184251912643,0.003402151314279804,0.6986111990528439
doc37,0.4489109177511998,0.002024692629604512,0.0020246919966376603,0.547039697622558
doc38,0.0007789731553796231,0.3123193870161637,0.000779027945876704,0.6861226118825801
doc39,0.19946147009400986,0.0011064431877953476,0.0011065963694775322,0.7983254903487171
doc40,0.11895067081840754,0.0006833129616728581,0.8796827625444218,0.0006832536754977234
doc41,0.05286605604002919,0.0016288989550567099,0.9438760331281145,0.0016290118767995961
doc42,0.000772884419517917,0.0007729557478158753,0.0007729140828867053,0.9976812457497796
doc43,0.9877016430965174,0.004098807694723659,0.004100089380482001,0.004099459828276845
doc44,0.0004379593298886772,0.0004379708878164458,0.43213626855801607,0.5669878012242788
doc45,0.0016559464876654156,0.001655812888698747,0.0016561575340807622,0.9950320830895552
doc46,0.0004304152310648992,0.0004303660184555514,0.09131810638260529,0.9078211123678743
doc47,0.0007976738420585975,0.0007975247787982641,0.4271500713454764,0.5712547300336668
doc48,0.002304674698697141,0.0023055398769932533,0.1932007336827075,0.8021890517416022
doc49,0.005156469081865367,0.005155632348616734,0.9845308798755033,0.005157018694014633
doc50,0.0019089635009081158,0.0019090814579039081,0.9942729901564263,0.0019089648847615754
doc51,0.8493584755834412,0.0004754095196076358,0.00047543658729001825,0.14969067830966118
doc52,0.0011993520808974232,0.0011993007832755867,0.0011995270165773857,0.9964018201192497
doc53,0.0013815509836223043,0.0013814478173562643,0.7229655307838359,0.27427147041518557
doc54,0.002604973611147803,0.0026047872475152473,0.9921850223525617,0.002605216788775329
doc55,0.45224715751924527,0.001629160779608078,0.0016291380755266525,0.54449454362562
doc56,0.0035219163775264037,0.0035218122612574064,0.0035222408621103586,0.9894340304991058
doc57,0.6390321755724705,0.0015293017726388605,0.0015293443863555875,0.35790917826853497
doc58,0.0013265716441535238,0.0013265833310324446,0.0013266350605354144,0.9960202099642786
doc59,0.2035293863549,0.0007124823467817673,0.33928800742727916,0.45647012387103897
doc60,0.0012922604364906342,0.0012922406647901457,0.0012924341422079551,0.9961230647565111
doc61,0.0006650417182726098,0.0006650761596568998,0.33029835654315026,0.6683715255789202
doc62,0.7238785679760333,0.0011711231431367514,0.13120496867328105,0.1437453402075489
doc63,0.2204109624817036,0.0364555191128524,0.741751858826925,0.0013816595785190633
doc64,0.000967548835530542,0.9970978675278978,0.0009672777594966868,0.0009673058770750612
doc65,0.000967548835530542,0.9970978675278978,0.0009672777594966868,0.0009673058770750612
doc66,0.9968874147785715,0.001037506177234758,0.0010375077431875436,0.0010375713010061397
doc67,0.6213430872770853,0.0006120581289927454,0.0006121862494082655,0.3774326683445137
doc68,0.9930859228619742,0.0023046974661238167,0.002304637170772663,0.002304742501129337
doc69,0.0013267440644263767,0.0013264223740629476,0.32363403909449295,0.6737127944670178
doc70,0.001984698257187665,0.001984647370169964,0.8289108790077675,0.167119775364875
doc71,0.000976908549187005,0.0009766522760324687,0.997069545249133,0.0009768939256475258
doc72,0.0009674404643218331,0.0009675260834388862,0.7891073549792484,0.20895767847299077
doc73,0.7948058746457132,0.0017735569257473056,0.0017735384439020283,0.2016470299846375
doc74,0.1600706471661767,0.0030866801026386446,0.04845513579733799,0.7883875369338468
doc75,0.0012288507985871232,0.03835409936800586,0.40708333085205894,0.553333718981348
doc76,0.6234570440012589,0.0012137975527076398,0.3741153432306377,0.0012138152153958138
doc77,0.5273785466414195,0.0015064122143299173,0.0015062717741910103,0.4696087693700597
doc78,0.456227440130803,0.00104832452124159,0.5416756477518799,0.001048587596075453
doc79,0.001275938013031704,0.17233747153994078,0.33801214537939644,0.48837444506763095
doc80,0.49858383298563463,0.002476017607229012,0.0024760179194415017,0.4964641314876949
doc81,0.20182113234938395,0.0010269620031211324,0.36400579153770574,0.4331461141097891
doc82,0.11230499443475321,0.0020664616729458465,0.19322417089241473,0.6924043729998863
doc83,0.33155454750369545,0.0012137766704895382,0.0012139295830164943,0.6660177462427986
doc84,0.9907390265615741,0.0030867356704215978,0.0030873567075492014,0.0030868810604549064
doc85,0.0013443899847312296,0.0013442646726027864,0.4831093612626053,0.5142019840800608
doc86,0.09434780990823605,0.0013814712117416964,0.07209302015175038,0.8321776987282719
doc87,0.0024163335450961476,0.0024159583470559722,0.48827795381601147,0.5068897542918364
doc88,0.003650261975814951,0.003649767372820458,0.5104350445952822,0.48226492605608234
doc89,0.08407706088431954,0.001712517906163578,0.0017125991397169275,0.9124978220698
doc90,0.00274771637228949,0.0027473780372908644,0.0027478126948643337,0.9917570928955552
doc91,0.0010944851936596852,0.001094247922433955,0.9967167777121511,0.0010944891717552603
doc92,0.8225493324160359,0.002304351435120471,0.0023050174523882093,0.17284129869645562
doc93,0.0007789731553796231,0.3123193870161637,0.000779027945876704,0.6861226118825801
doc94,0.7993823547240194,0.0006274581486809472,0.0006274791120798405,0.1993627080152198
doc95,0.9951908187360657,0.0016030073223470868,0.001603193457825097,0.0016029804837621666
doc96,0.01973569844966181,0.0012285650650435377,0.6136168492769514,0.3654188872083433
doc97,0.9974214758057087,0.0008596303899481658,0.0008594271644684993,0.0008594666398745405
doc98,0.876949142660183,0.0008446864841502198,0.12136137709746862,0.0008447937581980549
doc99,0.0014412033621545473,0.0014413805008354848,0.10003351029724865,0.8970839058397613
doc100,0.16243557436438955,0.000830660043024536,0.8359029381596399,0.0008308274329460509
doc101,0.0018732067026013958,0.0018728814851507669,0.2912233545439125,0.7050305572683353
doc102,0.0007555338245791747,0.0007553830781637178,0.000755473710391684,0.9977336093868655
doc103,0.002304779189489364,0.0023050561765310946,0.6263794560905298,0.3690107085434498
doc104,0.0017126632254768793,0.024180431118071506,0.2675201846087572,0.7065867210476944
doc105,0.11171199351052495,0.0010268980128680467,0.1221512203521033,0.7651098881245038
doc106,0.13258759474492354,0.0017735558939168251,0.31573861266313175,0.549900236698028
doc107,0.001984698257187665,0.001984647370169964,0.8289108790077675,0.167119775364875
doc108,0.5541735553057393,0.0006196424216927601,0.4445871015199374,0.0006197007526305686
doc109,0.0017427795897801462,0.001742612594591747,0.10849442853676336,0.8880201792788648
doc110,0.6354018604185634,0.0015529427320995644,0.001553235565571475,0.3614919612837656
doc111,0.2292480181946582,0.002748010137295606,0.11230010642763971,0.6557038652404066
doc112,0.49004414032593696,0.0013444472766582314,0.09249033239322436,0.41612108000418047
doc113,0.002253143252650287,0.0022530088422362668,0.24940774944103397,0.7460860984640796
doc114,0.001683928134634679,0.0016836679820474245,0.42663461779049117,0.5699977860928268
doc115,0.2161842410643779,0.001712635421229216,0.08967440377664627,0.6924287197377467
doc116,0.06515242576679352,0.0006739301504228646,0.3172814021525291,0.6168922419302545
doc117,0.599027493229724,0.0014837821971742072,0.18740960045941413,0.2120791241136876
doc118,0.0013627316706473307,0.0013625673109635328,0.8514376669604461,0.14583703405794313
doc119,0.4423726354623686,0.0007226361828891301,0.5561819426797638,0.000722785674978707
doc120,0.0010709770309159142,0.001070802256683172,0.5729771282606115,0.4248810924517895
doc121,0.5789752259061091,0.0057479332332807526,0.005749694898788461,0.4095271459618217
doc122,0.12177395576935907,0.00047994208527424103,0.12327976763437025,0.7544663345109964
doc123,0.0028256533400451127,0.0028259205740921375,0.4808493697882566,0.5134990562976061
doc124,0.0026048178151705046,0.0026049792233102187,0.002604619480491913,0.9921855834810273
doc125,0.0010163544209875978,0.996950695866184,0.0010164455853523835,0.0010165041274759641
doc126,0.0010163544209875978,0.996950695866184,0.0010164455853523835,0.0010165041274759641
doc127,0.1976692904480479,0.001872809660370365,0.48056910794668994,0.3198887919448919
doc128,0.14701083737235016,0.0018052038880483432,0.4732288979757333,0.3779550607638682
doc129,0.04698510014755319,0.0007442161948767947,0.8963018477493431,0.05596883590822695
doc130,0.34988821050076535,0.01064133057326981,0.010643063854700605,0.6288273950712642
doc131,0.259970178106616,0.0007977150367687406,0.4941782663942948,0.24505384046232048
doc132,0.9981636917277832,0.0006120754139900445,0.0006120942533396179,0.0006121386048870579
doc133,0.00183882410111724,0.2911596018490504,0.5221935287944915,0.18480804525534086
doc134,0.3682813551597806,0.0014007785218617173,0.0014009819283912128,0.6289168843899664
doc135,0.1609388412216691,0.00044375470069649993,0.00044378883535980805,0.8381736152422746
doc136,0.0014011334411208724,0.0014006947749826799,0.99579731020781,0.0014008615760864355
doc137,0.5364232548086378,0.0004477154326756528,0.22785189755359375,0.23527713220509283
doc138,0.0006011540161483573,0.0006011146075196903,0.000601111440995485,0.9981966199353365
doc139,0.342620062618423,0.0023594018838889474,0.37833219609825136,0.2766883393994367
doc140,0.0014623745293274061,0.001462139987858578,0.5691192338680316,0.42795625161478235
doc141,0.40206064293849664,0.0005869860116477453,0.0005870141112807988,0.5967653569385748
doc142,0.09505506337128523,0.0008978143520318496,0.32930683499771557,0.5747402872789674
doc143,0.0009961979936278069,0.23391650178243756,0.7640909679557042,0.000996332268230437
doc144,0.0014840394739858978,0.0014839741837994228,0.8328971366881863,0.1641348496540285
doc145,0.14978506003064446,0.0015063825884950072,0.0015063302395585151,0.8472022271413019
doc146,0.001292396252239864,0.0012921158282731035,0.5563156199158602,0.4410998680036268
doc147,0.0019461097246795916,0.08953136792546593,0.0019461013289618105,0.9065764210208926
doc148,0.0012921501346556878,0.0012923800679958033,0.0012923301893691937,0.9961231396079793
doc149,0.7323501254931553,0.0014838120117204724,0.001483931134864121,0.26468213136026003
doc150,0.11942111039901819,0.07483658483196534,0.001106400747673014,0.8046359040213433
doc151,0.0013090815763043579,0.0013090338125313183,0.0013090974763390066,0.9960727871348254
doc152,0.0006832430645685555,0.0006832072399335822,0.9497426582908709,0.04889089140462699
doc153,0.1600706471661767,0.0030866801026386446,0.04845513579733799,0.7883875369338468
doc154,0.0010944851936596852,0.001094247922433955,0.9967167777121511,0.0010944891717552603
doc155,0.000557622738347168,0.0005574872867437843,0.5180620337771605,0.48082285619774845
doc156,0.0007789731553796231,0.3123193870161637,0.000779027945876704,0.6861226118825801
doc157,0.9968870652753039,0.0010377273646132233,0.00103763355028449,0.0010375738097983041
doc158,0.9963583740208215,0.0012137209682511832,0.001213971201645217,0.0012139338092820627
doc159,0.171750110310285,0.001059595511584109,0.49411071190924905,0.3330795822688819
doc160,0.13258759474492354,0.0017735558939168251,0.31573861266313175,0.549900236698028
doc161,0.6234570440012589,0.0012137975527076398,0.3741153432306377,0.0012138152153958138
doc162,0.34582173432070273,0.001059427481222895,0.4401040587024809,0.21301477949559355
doc163,0.23491252477908126,0.0013813414285203417,0.7623245790850249,0.0013815547073734854
doc164,0.0008040651108479869,0.0008039343109729662,0.05137320308995993,0.9470187974882192
doc165,0.1035228511152843,0.0009142009842267778,0.8946486020129301,0.000914345887558934
doc166,0.0015063024597891986,0.0015062631524079427,0.11428987376257148,0.8826975606252313
doc167,0.0024161897337966237,0.002415588374983226,0.002416375859843476,0.9927518460313767
doc168,0.14250084117335732,0.0009672972637216267,0.8555644361517771,0.0009674254111437875
doc169,0.002252987515867132,0.1819843670672178,0.0022532164320219275,0.8135094289848931
doc170,0.07907226346069143,0.0004266465819683727,0.9200743309536574,0.00042675900368276126
doc171,0.004674680596823846,0.02205078347597236,0.004674677296030857,0.9685998586311729
doc172,0.7931477006711916,0.001838586229133099,0.0018385231531000829,0.2031751899465752
doc173,0.26004088571447914,0.0021102544069743338,0.6291484069061223,0.10870045297242427
doc174,0.0011713345729848883,0.00117131890054482,0.3764207548363895,0.6212365916900808
doc175,0.2001419654332074,0.001259906542740064,0.6316686522164797,0.16692947580757275
doc176,0.15106952701322238,0.00031025929137538233,0.3101085097480044,0.5385117039473979
doc177,0.0011710833661088505,0.0011712814858604742,0.0011713009857424771,0.9964863341622883
doc178,0.348854796366604,0.11339865357057025,0.13184429326321673,0.40590225679960906
doc179,0.0014622113857965507,0.001462633580518153,0.34578351652595024,0.651291638507735
doc180,0.9981636775760416,0.0006120637497408018,0.0006121019462054811,0.0006121567280121502
doc181,0.3904849971553549,0.0014844474760956567,0.6065465897201348,0.0014839656484145934
doc182,0.19444094266876505,0.002825328829493474,0.0028256455900250383,0.7999080829117164
doc183,0.0010163734930160454,0.9969508378143499,0.0010163858480062775,0.0010164028446277519
doc184,0.0010163734930160454,0.9969508378143499,0.0010163858480062775,0.0010164028446277519
doc185,0.0009228346649360169,0.0009226504192075785,0.9972317592332688,0.0009227556825875913
doc186,0.0031852137343878323,0.003185478165839102,0.21112609338817517,0.7825032147115979
doc187,0.9010083880178855,0.0011850043355076014,0.0011851813465346814,0.09662142630007217
doc188,0.6412451119808614,0.0005118395118254529,0.3577311851777724,0.0005118633295406332
doc189,0.14250084117335732,0.0009672972637216267,0.8555644361517771,0.0009674254111437875
doc190,0.0024758459791490196,0.002476239516607888,0.5423021121914346,0.45274580231280853
doc191,0.4654539947723093,0.01408836603438241,0.30851305035397986,0.21194458883932843
doc192,0.6418557237713772,0.00241653476397732,0.3533114070125216,0.0024163344521236888
doc193,0.9263584485903793,0.0016029953260911754,0.0016030661084701515,0.07043548997505933
doc194,0.5665489851003992,0.0024757296149275874,0.0024756563557892016,0.4284996289288841
doc195,0.2001419654332074,0.001259906542740064,0.6316686522164797,0.16692947580757275
doc196,0.12103054956697822,0.0009489128487238775,0.2526277912273394,0.6253927463569584
doc197,0.20857868169581636,0.11854355241050823,0.671072257441993,0.0018055084516823735
doc198,0.2852261466078221,0.09106404117000098,0.1161733679588586,0.5075364442633182
doc199,0.7803500693391208,0.0008977762854740436,0.0008979101792858633,0.21785424419611935
doc200,0.3572139189364163,0.0007977036499291631,0.43113001611021257,0.21085836130344193
doc201,0.24551656201939287,0.0010484177861212333,0.24250875528204163,0.5109262649124442
doc202,0.461423090558533,0.0003931741795021408,0.4647084029557019,0.07347533230626292
doc203,0.3959382734788934,0.0009580228220018743,0.0009581267061003615,0.6021455769930044
doc204,0.22873542981454087,0.001838569735636884,0.1466745398729583,0.6227514605768639
doc205,0.0013097986043023708,0.0013091422714078917,0.0013092554973400858,0.9960718036269497
doc206,0.16327854515769646,0.0011991835944723315,0.0011993751152926183,0.8343228961325385
doc207,0.3315090609067393,0.0016557824887020543,0.0016562085613596607,0.665178948043199
doc208,0.013515235352037618,0.800771404584977,0.013517540430267188,0.1721958196327182
doc209,0.0022528854414583235,0.0022527700986521167,0.7695151065574993,0.2259792379023903
doc210,0.47516145392907644,0.002155754322179586,0.18597459680310868,0.3367081949456352
doc211,0.8136300627415627,0.000590410899382658,0.0005904289452502579,0.18518909741380446
doc212,0.0013443608124056273,0.001344198835307641,0.14994795089741153,0.847363489454875
doc213,0.873698700009201,0.0017426981452781987,0.001742588669342893,0.12281601317617785
doc214,0.001908978630167197,0.0019091385280391756,0.8040829557594884,0.19209892708230514
doc215,0.0013092119041384002,0.0013090594755853992,0.6678061728670512,0.329575555753225
doc216,0.6352062306379509,0.03945775636227366,0.0007175860857072804,0.32461842691406817
doc217,0.002674771643806633,0.002674252589678602,0.0026746771645936146,0.9919762986019212
doc218,0.3206369201204981,0.0008448417132275219,0.32219666827913973,0.3563215698871345
doc219,0.8319349486654116,0.042258421331229874,0.12493224464095475,0.00087438536240356
doc220,0.6793883845316848,0.001773338389066482,0.00177365344804976,0.3170646236311989
doc221,0.09283433965904815,0.0017426554109925335,0.14537278645799914,0.7600502184719602
doc222,0.39108439835952397,0.0019842533747470685,0.0019847242106534905,0.6049466240550756
doc223,0.0009768537001121642,0.0009766527611928236,0.6548185346982897,0.3432279588404054
doc224,0.35650928792147324,0.0007616173410023945,0.6419678257991418,0.0007612689383823916
doc225,0.039394801092800226,0.0003017817747085071,0.07394803570951476,0.8863553814229764
doc226,0.0013628237347124662,0.0013633177339935527,0.38656159780849647,0.6107122607227975
doc227,0.988632861561,0.0037889792758169847,0.0037888345791665602,0.003789324584016377
doc228,0.0007555338245791747,0.0007553830781637178,0.000755473710391684,0.9977336093868655
doc229,0.0016840927097969015,0.0016840714636806103,0.3146500587123605,0.681981777114162
doc230,0.0007976029130032456,0.0007975467824908114,0.0007976891620427903,0.9976071611424632
doc231,0.10252155415222376,0.0009768996326570568,0.6053463682152979,0.2911551779998213
doc232,0.000426733758586556,0.04907034879898164,0.590627187798116,0.3598757296443158
doc233,0.0011710833661088505,0.0011712814858604742,0.0011713009857424771,0.9964863341622883
doc234,0.0010163734930160454,0.9969508378143499,0.0010163858480062775,0.0010164028446277519
doc235,0.5980317497934693,0.00047309987269986256,0.26446111293282154,0.13703403740100945
doc236,0.0010163734930160454,0.9969508378143499,0.0010163858480062775,0.0010164028446277519
doc237,0.11223966668169355,0.0005253040363805097,0.000525362019560738,0.8867096672623652
doc238,0.00038266392068904724,0.00038260220649547264,0.912707456035879,0.0865272778369365
doc239,0.0006235873429209421,0.0006235140063931211,0.07391774395750135,0.9248351546931846
doc240,0.0006158793369067889,0.0006158840517534056,0.0006159108348419408,0.9981523257764978
doc241,0.38287851185198446,0.00113138315176716,0.0011314496621814727,0.614858655334067
doc242,0.2369115307101084,0.001683972070664123,0.0016839155827071228,0.7597205816365205
doc243,0.0625484372343359,0.0009316399465894745,0.000931341825565032,0.9355885809935096
doc244,0.36636445844396787,0.0037888889087079034,0.2819523985224997,0.34789425412482455
doc245,0.5805235162440027,0.00044572073756450826,0.00044577010366328863,0.4185849929147695
doc246,0.993241875802138,0.0022525543677490985,0.002252791177554519,0.0022527786525584907
doc247,0.47943169195952146,0.0016557497378913062,0.0016561170830892717,0.5172564412194979
doc248,0.08966266861924758,0.0009400206145091189,0.0009401042087191319,0.9084572065575242
doc249,0.0009227769938042616,0.14983525491048996,0.3182981444078812,0.5309438236878244
doc250,0.0004517617790203903,0.017123931884101492,0.26914784159428534,0.7132764647425929
doc251,0.01657335030896789,0.02471649151207628,0.0002838616632684817,0.9584262965156873
doc252,0.41253479830213247,0.004273934794560842,0.5789164419058815,0.004274824997425033
doc253,0.13053980150993327,0.00088980181820025,0.8198769038625154,0.04869349280935105
doc254,0.9976630124320608,0.0007789583153309598,0.0007790190011228717,0.0007790102514855032
doc255,0.001362974203797941,0.0013626373458814516,0.0013628874977274503,0.9959115009525932
doc256,0.0012137859701599667,0.06609105461480003,0.11197006223673263,0.8207250971783074
doc257,0.9988342351919337,0.0003885398454094078,0.0003886373262011073,0.00038858763645571633
doc258,0.0007554635014775449,0.0007554496938482444,0.0007557876768651364,0.9977332991278091
doc259,0.2647549858554911,0.002155668413234906,0.0021555098601711005,0.7309338358711028
doc260,0.0007912317470116401,0.0007913612481202181,0.0007912549396725721,0.9976261520651956
doc261,0.013515235352037618,0.800771404584977,0.013517540430267188,0.1721958196327182
doc262,0.0013097986043023708,0.0013091422714078917,0.0013092554973400858,0.9960718036269497
doc263,0.010639863203248954,0.46998761491713864,0.010639978161326289,0.5087325437182861
doc264,0.9497354762291572,0.047381833954012326,0.0014413744448856561,0.0014413153719447709
doc265,0.0012139172676821938,0.001213695235614598,0.0012140802777709397,0.9963583072189321
doc266,0.00198465693092152,0.11421193250989908,0.001984501027642865,0.8818189095315365
doc267,0.9910708902871372,0.0006606806847825879,0.0006606796295219635,0.007607749398558336
doc268,0.10466768437429866,0.00022205417688083323,0.0002220772423188672,0.8948881842065016
doc269,0.6840831174801278,0.0015530473921425126,0.0015533165447130105,0.3128105185830168
doc270,0.32393855309078123,0.0018052427071716794,0.16788931646142563,0.5063668877406214
doc271,0.45709346911620574,0.0012758854716570752,0.540354675183264,0.0012759702288732873
doc272,0.08966266861924758,0.0009400206145091189,0.0009401042087191319,0.9084572065575242
doc273,0.002674771643806633,0.002674252589678602,0.0026746771645936146,0.9919762986019212
doc274,0.030531422295233788,0.0010269172348605024,0.16514664832017775,0.803295012149728
doc275,0.0009490221548116306,0.0009489666083594609,0.0009491737608471518,0.9971528374759817
doc276,0.000874328446945051,0.0008744789084008485,0.9973769488330924,0.0008742438115618043
doc277,0.14020766705570561,0.0005092303198712866,0.8587737721381218,0.000509330486301173
doc278,0.0005252915350391379,0.0005252912644550666,0.15489119403352694,0.8440582231669789
doc279,0.7776471715845656,0.006494307323265875,0.20936346657028368,0.006495054521884948
doc280,0.15953210704801543,0.0009963415413500678,0.000996368746317271,0.8384751826643173
doc281,0.058141792275632195,0.00043224482345881,0.9409936865078877,0.00043227639302125063
doc282,0.04622584794387707,0.08850889810092062,0.8640210867725256,0.0012441671826766698
doc283,0.0005544900768243049,0.0005544645387987434,0.6166470743421657,0.3822439710422113
doc284,0.0020249856889138916,0.00202440575985482,0.0020247768825149563,0.9939258316687164
doc285,0.0010825211322263478,0.027274755419080466,0.0010825332419316562,0.9705601902067615
doc286,0.5061000753470232,0.0005545218204230517,0.492790892065506,0.0005545107670477736
doc287,0.149279105430355,0.0018383982801945208,0.0018386753700261726,0.8470438209194243
doc288,0.31686109878432483,0.0014410747798744416,0.6802564967445496,0.0014413296912509962
doc289,0.0010596194154878246,0.0010596438131219208,0.0010597237407802896,0.99682101303061
doc290,0.0013091291960347189,0.001309307259194404,0.0013092024525672766,0.9960723610922035
doc291,0.2937842541356921,0.001603310549816959,0.1673622864522691,0.5372501488622218
doc292,0.34523823469813153,0.00393845455812881,0.003938034133135624,0.646885276610604
doc293,0.001026864345104496,0.9969194181239108,0.001026854587091845,0.0010268629438928338
doc294,0.001026864345104496,0.9969194181239108,0.001026854587091845,0.0010268629438928338
doc295,0.0015530582010184425,0.0015530928040065296,0.9953406731122078,0.0015531758827672824
doc296,0.46506588789142456,0.00108248719733607,0.5327691643585474,0.0010824605526920281
doc297,0.9981057193062322,0.0006313994141044233,0.0006314119154842555,0.0006314693641792073
doc298,0.11787255083084318,0.0011849665279542719,0.8797572900539272,0.0011851925872752756
doc299,0.9965268525660703,0.0011575271798344774,0.0011577558974795721,0.001157864356615566
doc300,0.0005453569319413321,0.0005454810528098429,0.9983638176365525,0.0005453443786963023
doc301,0.0011712934627440858,0.001171276622232178,0.7367164041597949,0.2609410257552288
doc302,0.728912062941217,0.0023593226210914513,0.0023591264479632564,0.26636948798972837
doc303,0.45460985063960657,0.0020663830234981767,0.5412568471537703,0.0020669191831250095
doc304,0.9685325847876957,0.001344270196447595,0.0013444756398904836,0.02877866937596635
doc305,0.3867435119537276,0.001401057494013779,0.4439879896298129,0.1678674409224458
doc306,0.4010136324886959,0.002538297917176304,0.1931904828301509,0.4032575867639769
doc307,0.24714272197034523,0.07980286344272651,0.0007074103367513383,0.672347004250177
doc308,0.21969077894957895,0.001984751935417413,0.39641840888674235,0.38190606022826135
doc309,0.0011712268723790198,0.0011711657100181444,0.05480479629562469,0.9428528111219782
doc310,0.38418883069444815,0.0009058417996361152,0.6139994240633598,0.0009059034425558709
doc311,0.19737469135043328,0.0017422961209348927,0.001742535295062591,0.7991404772335693
doc312,0.001553249752588137,0.001553111987139955,0.0015532565845010687,0.9953403816757708
doc313,0.10700792567126861,0.001070815414195562,0.32990301687519563,0.5620182420393401
doc314,0.34952960061573324,0.02692857023352524,0.002155673920558612,0.6213861552301829
doc315,0.30570718831750326,0.005436058106262142,0.0054363937881280735,0.6834203597881066
doc316,0.2005847235751527,0.0667671064324882,0.06503045458065733,0.6676177154117019
doc317,0.6514583526801307,0.12533937196101122,0.22066361395693357,0.002538661401924434
doc318,0.0028252618177618417,0.05972829961898657,0.002825330798183779,0.9346211077650678
doc319,0.0018054934645938582,0.0018059876840058183,0.9945828659200394,0.0018056529313609576
doc320,0.0005453569319413321,0.0005454810528098429,0.9983638176365525,0.0005453443786963023
doc321,0.40226262452089023,0.0006926247112491865,0.5963520411663287,0.0006927096015319591
doc322,0.21043743935799994,0.0015775992917316844,0.0015776193252281477,0.7864073420250403
doc323,0.22641368152032396,0.01823393191807078,0.0008743995137126571,0.7544779870478926
doc324,0.0009400700434530174,0.0009400464789464767,0.0009401638396766906,0.9971797196379238
doc325,0.3213237489459419,0.0008593743039835928,0.29166754596833777,0.3861493307817368
doc326,0.19989588969533986,0.0019086520599855253,0.16595072696899563,0.632244731275679
doc327,0.0013443120677496367,0.001344261798825133,0.8339116821265351,0.16339974400689025
doc328,0.001441212053275392,0.02696240469257396,0.24569212739346558,0.725904255860685
doc329,0.6318306555573789,0.0008593364344304203,0.0008593978249080702,0.3664506101832825
doc330,0.7169917574264413,0.0006396006191897804,0.18351490985222696,0.09885373210214195
doc331,0.10292421091813043,0.0013627959699070143,0.8943500746562205,0.001362918455742019
doc332,0.10099331799342304,0.001199236787762266,0.8966081206856074,0.0011993245332073217
doc333,0.07700152973080601,0.0005308557475625718,0.921936695184213,0.0005309193374184159
doc334,0.0010165077189933935,0.10296703346927061,0.8949998960289988,0.0010165627827371441
doc335,0.4919703089584959,0.0014207748990121708,0.5051880210146524,0.0014208951278393443
doc336,0.48770185756299883,0.0003841590221978219,0.3105803426873181,0.2013336407274852
doc337,0.2894202618714365,0.0029948052523011966,0.0029948310515403244,0.704590101824722
doc338,0.8505818742956933,0.003650231199029723,0.003650411683358937,0.14211748282191797
doc339,0.3433196514266491,0.00148382832076526,0.001483961908608618,0.653712558343977
doc340,0.002674561417214216,0.002674672116032253,0.5304498270743343,0.46420093939241924
doc341,0.0012758940054107568,0.001276816769457916,0.9961713000207327,0.0012759892043986937
doc342,0.003290455661916079,0.0032912294381652633,0.9901281088470479,0.003290206052870641
doc343,0.07019319733158233,0.08066593144925842,0.24836513217234446,0.6007757390468148
doc344,0.0005092916114304595,0.0005093436314026773,0.7083523459403375,0.29062901881682945
doc345,0.0012923594009123412,0.0012925588899661018,0.0012924135213181732,0.9961226681878034
doc346,0.8010905497567238,0.0005337237747281835,0.000533753557611385,0.19784197291093672
doc347,0.10181581598374774,0.0019087455499832006,0.2181286388617717,0.6781467996044973
doc348,0.34375036799109193,0.00044175058490480935,0.12185525114977859,0.5339526302742248
doc349,0.001106456773416212,0.996680843760471,0.001106359370886192,0.0011063400952265345
doc350,0.001106456773416212,0.996680843760471,0.001106359370886192,0.0011063400952265345
doc351,0.0019461443955552987,0.0019467133069977756,0.19182450648080399,0.8042826358166429
doc352,0.0014412272387219576,0.0014413649677356265,0.9956761315773165,0.0014412762162258706
doc353,0.3928267367059461,0.0009142055906934751,0.6053447540901626,0.0009143036131977665
doc354,0.8824901296082024,0.0013627917683216723,0.0013626695946422607,0.11478440902883352
doc355,0.17111523854344463,0.0007730650914426541,0.7695922934518364,0.058519402913276335
doc356,0.0008820404111525101,0.0008821944690082592,0.9973538111047339,0.0008819540151052909
doc357,0.573106282364493,0.0009226121459880882,0.22476975426382698,0.20120135122569194
doc358,0.7953995669709863,0.0007332431152913149,0.000733298253534183,0.20313389166018817
doc359,0.30164400893350296,0.002538422749649101,0.16748530508222167,0.5283322632346262
doc360,0.9852920750861023,0.0049024002114054395,0.004902824626090096,0.00490270007640231
doc361,0.2772927471348886,0.004674894351754101,0.004673835524639885,0.7133585229887175
doc362,0.9890486362832249,0.0036500948114103963,0.003650750819520912,0.0036505180858438253
doc363,0.36028155240481863,0.0013092154741277538,0.21779735439193004,0.4206118777291236
doc364,0.1497831378426941,0.0015062408637607997,0.6273807294793098,0.22132989181423526
doc365,0.28566409710413,0.0787097949495621,0.16571074961390428,0.46991535833240355
doc366,0.0011993517462022046,0.0011992741617159908,0.9964019188660977,0.0011994552259840584
doc367,0.6128416409917135,0.0012921369417880802,0.001292559970215928,0.38457366209628246
doc368,0.0014414350386283653,0.10916267539394904,0.8879546332780257,0.0014412562893968833
doc369,0.0015539515114908053,0.001553058870135079,0.001553214316597078,0.9953397753017771
doc370,0.002110020144467315,0.002110642172747346,0.27693625396214006,0.7188430837206452
doc371,0.001381575881638217,0.0013814938545259631,0.7823403626455298,0.21489656761830597
doc372,0.0029946728432501675,0.0029949388300843614,0.002994916579298003,0.9910154717473676
doc373,0.8692206621078469,0.0017423831130404933,0.0017424722358625323,0.12729448254325018
doc374,0.006494464146527846,0.006494169658766062,0.006494739331780363,0.9805166268629257
doc375,0.001553109847494299,0.07069222816180264,0.0015532389168844232,0.9262014230738187
doc376,0.002110412611290242,0.002109801896393826,0.4487137279333487,0.5470660575589672
doc377,0.09431954962350735,0.002359281808345995,0.002359080739236103,0.9009620878289105
doc378,0.0018054934645938582,0.0018059876840058183,0.9945828659200394,0.0018056529313609576
doc379,0.8679786590524754,0.0019087934930921105,0.0019088865714682471,0.12820366088296423
doc380,0.0005453569319413321,0.0005454810528098429,0.9983638176365525,0.0005453443786963023
doc381,0.006099563389377084,0.006097863194065859,0.9817035867032267,0.006098986713330485
doc382,0.0016291101294994463,0.0016289976755972347,0.2114365809151793,0.785305311279724
doc383,0.4051798509632386,0.0015532647381326866,0.5917135868550973,0.0015532974435312475
doc384,0.40226262452089023,0.0006926247112491865,0.5963520411663287,0.0006927096015319591
doc385,0.18663626284999435,0.0049021253333326265,0.004903292432689337,0.8035583193839837
doc386,0.8190835043856332,0.0011315845450077392,0.17865331720717886,0.0011315938621802857
doc387,0.9949485592613084,0.0016837235149406735,0.0016838748430193476,0.001683842380731598
doc388,0.04807493821363579,0.002024500550498728,0.8333073996792095,0.11659316155665586
doc389,0.0016291101294994463,0.0016289976755972347,0.2114365809151793,0.785305311279724
doc390,0.0006438438768816153,0.0006437049286818182,0.9980688138914582,0.0006436373029783894
doc391,0.0015530582010184425,0.0015530928040065296,0.9953406731122078,0.0015531758827672824
doc392,0.6139321163445286,0.00039783092226932325,0.1513039664899522,0.2343660862432499
doc393,0.06959876589565235,0.0019845322964216067,0.0019847451618875242,0.9264319566460385
doc394,0.0009400746666324468,0.0009401339175318382,0.9971796945757875,0.0009400968400481841
doc395,0.770168214984763,0.0008377610558388604,0.22815625302319179,0.0008377709362062958
doc396,0.0011315707952012993,0.001131560434765271,0.5247739918351099,0.4729628769349236
doc397,0.18601887826278407,0.0020664599877029876,0.002066929118487727,0.8098477326310252
doc398,0.9984798445250194,0.0005066820066570744,0.000506758159212538,0.0005067153091109358
doc399,0.001326511825650903,0.0013265340718301073,0.2823444794427299,0.7150024746597891
doc400,0.9866048676706366,0.004464451663738928,0.004465193061253955,0.0044654876043706175
doc401,0.6179893632552057,0.0024157114830323815,0.377178646467921,0.0024162787938411035
doc402,0.057117556263753325,0.000528133737085597,0.9418261656073214,0.0005281443918397798
doc403,0.17290254732408666,0.0674331835475362,0.28840255575450746,0.47126171337386974
doc404,0.4800172666702026,0.002359092975079942,0.0023591823987362073,0.5152644579559812
doc405,0.0017128600478508776,0.2897667272609209,0.7068075167109452,0.001712895980282977
doc406,0.4982219610957029,0.014245359709418303,0.00028305413644800267,0.4872496250584308
doc407,0.43637195076484586,0.0030871793570946874,0.5574534497073316,0.0030874201707279847
doc408,0.0011313093107512087,0.9966059220476396,0.0011313549978498665,0.001131413643759305
doc409,0.0011313093107512087,0.9966059220476396,0.0011313549978498665,0.001131413643759305
doc410,0.001401074509714879,0.0014009698359459244,0.995796952293609,0.00140100336073031
doc411,0.29211287586029894,0.0015777105773038206,0.09218569926750093,0.6141237142948963
doc412,0.15475678512971697,0.0005092465036019701,0.6750623559882146,0.16967161237846642
doc413,0.001506339730644673,0.0015062808538167593,0.9954809042444164,0.0015064751711220722
doc414,0.11227990273449653,0.029469990503838677,0.0016839896861647087,0.8565661170755001
doc415,0.0011448719197310938,0.0011444111906909228,0.9965661254392204,0.0011445914503575934
doc416,0.0005171912540580338,0.0005171924019324873,0.9984483819973512,0.0005172343466582417
doc417,0.0015777480999698142,0.001578222668619499,0.9066282037497656,0.09021582548164497
doc418,0.0030876557185359767,0.0030869016455876094,0.6372783460292669,0.35654709660660955
doc419,0.0017736471598095692,0.0017736626224418375,0.18617144334213326,0.8102812468756153
doc420,0.0016842496102558143,0.0016839568200244025,0.7828636619056514,0.21376813166406836
doc421,0.4751084374605098,0.0018730298752341658,0.0018731935014268005,0.5211453391628293
doc422,0.2540203039791457,0.0037889853170108042,0.0037890448351701844,0.7384016658686733
doc423,0.38966394753999434,0.0013443066083117998,0.27005745932422476,0.33893428652746926
doc424,0.511258787284295,0.05373492764234957,0.08370347709782293,0.35130280797553265
doc425,0.28582922766843216,0.0016839820767013914,0.0016838550502259403,0.7108029352046404
doc426,0.11487806235875885,0.0012757978200087393,0.04421101550275378,0.8396351243184785
doc427,0.4334629149734154,0.0015530169042577997,0.16553594811079334,0.3994481200115335
doc428,0.2194209077903863,0.0013264250510629648,0.7779260955935468,0.001326571565004054
doc429,0.14763415866086738,0.0012286292796279297,0.3831939785957072,0.4679432334637974
doc430,0.0011315432377368136,0.0011315082718113534,0.9966053704717396,0.0011315780187122861
doc431,0.0016839725687853347,0.001684152287410349,0.5558907943176171,0.44074108082618724
doc432,0.5655800643902399,0.00029555578163487865,0.11868633393504208,0.3154380458930831
doc433,0.4893720779083551,0.002252955427091331,0.0022528576088096035,0.5061221090557441
doc434,0.0037886562733048944,0.0037884795186325848,0.003788786528896478,0.9886340776791661
doc435,0.30164400893350296,0.002538422749649101,0.16748530508222167,0.5283322632346262
doc436,0.036847848727953554,0.0010824864370181035,0.001082508672162267,0.9609871561628661
doc437,0.0018054934645938582,0.0018059876840058183,0.9945828659200394,0.0018056529313609576
doc438,0.0005453569319413321,0.0005454810528098429,0.9983638176365525,0.0005453443786963023
doc439,0.5653769596396334,0.0013626506848533645,0.001362832092701646,0.4318975575828114
doc440,0.0006197005952948685,0.0006196830334943884,0.8578272891864395,0.14093332718477125
doc441,0.9949485592613084,0.0016837235149406735,0.0016838748430193476,0.001683842380731598
doc442,0.3433196514266491,0.00148382832076526,0.001483961908608618,0.653712558343977
doc443,0.03842988035154378,0.0008977701649511401,0.8054736985733697,0.15519865091013535
doc444,0.8010905497567238,0.0005337237747281835,0.000533753557611385,0.19784197291093672
doc445,0.8753401505522644,0.009718199698265487,0.11460187038133617,0.0003397793681338037
doc446,0.0015531903855565085,0.0015545122294034046,0.9953388661435898,0.001553431241450517
doc447,0.0005395209401268651,0.0005395116579140555,0.02558810573182586,0.9733328616701332
doc448,0.001420953017196939,0.0014205625235107387,0.20645904418212632,0.790699440277166
doc449,0.9449603104110194,0.0006520195396762556,0.0006521139386990838,0.05373555611060528
