,topics0,topics1,topics2,topics3,topics4,topics5,topics6,topics7,topics8,topics9,topics10,topics11
doc0,0.0006322336910433643,0.0006321817173209102,0.0006321595404029091,0.0006321906278703405,0.0006322164491958473,0.0006321765579480132,0.0006321985591125023,0.0006321729743678814,0.9930457914091186,0.0006322289448032195,0.0006321929199327459,0.0006322566088834773
doc1,0.8521483449476542,0.001915849847143591,0.001916010034565162,0.0019161583283387883,0.001916231555280123,0.0019159971492846214,0.0019159099603523885,0.0019159898064952069,0.0019161014317235759,0.0019159660955858607,0.12869147386234311,0.0019159669812332946
doc2,0.463963564162545,0.001202148800461099,0.0012022179995763715,0.0012023199692852734,0.2184459785749908,0.0012023168553090225,0.30677072288908874,0.0012021266885019,0.0012021380894234478,0.0012021118761299026,0.0012022060469071678,0.0012021480477813788
doc3,0.0006242863604480332,0.0006242905934446198,0.000624283977915879,0.0006242962006790901,0.0006242984932965265,0.0006243295138345026,0.9931327213139785,0.0006242721037022942,0.0006243098284977117,0.0006243100010429535,0.0006242937262384174,0.0006243078869217024
doc4,0.000734355151743761,0.0007343345907302112,0.0007343436242758645,0.0007343679112364951,0.9919219522557591,0.000734290532624129,0.0007343625235115022,0.0007343929646462719,0.0007343727380400268,0.0007343743070993373,0.0007344815786686058,0.0007343718216646338
doc5,0.00048506972020331097,0.00048509943142946427,0.08010518038584347,0.0004850848136965693,0.00048506724974358133,0.000485129687342611,0.0004850169179949101,0.0004850966435018681,0.0004850103424088525,0.0004851286047964751,0.9150439978947186,0.0004851183083203142
doc6,0.0013853322078956798,0.0013855760487345118,0.0013854417157658163,0.0013853253678438096,0.5033813600335215,0.001385232340559534,0.001385215098356598,0.001385416657280615,0.0013853781996036975,0.001385313885914363,0.38077763460948666,0.1033727738350372
doc7,0.0009418503594132736,0.0009417523924075111,0.25761750901532326,0.00094184908365298,0.0009419000437202481,0.0009417308900838706,0.0009417988273543017,0.0009418207739620414,0.0009418449526737488,0.0009417893559606002,0.7329643626149807,0.0009417916904674576
doc8,0.15423507183674032,0.04877654338087934,0.001366441763719922,0.0013666419295877135,0.15800319140438282,0.001366449154966456,0.0013665439348330946,0.0013663504567788694,0.1002674471302882,0.07724753423868037,0.4532713848541281,0.0013663999150147364
doc9,0.0011468440410154505,0.0011469001490565886,0.00114692035540507,0.0011469393510475075,0.0011469263476626135,0.0011468890949997905,0.0011469379918738211,0.9873837868829312,0.001146917777720056,0.0011469566587533197,0.0011470061828885824,0.0011469751666459715
doc10,0.0011468440410154505,0.0011469001490565886,0.00114692035540507,0.0011469393510475075,0.0011469263476626135,0.0011468890949997905,0.0011469379918738211,0.9873837868829312,0.001146917777720056,0.0011469566587533197,0.0011470061828885824,0.0011469751666459715
doc11,0.23383805703568766,0.00020118834381970923,0.00020117957220955812,0.0002011771564118281,0.5583365947626545,0.00020119057383064315,0.05720101560353463,0.00020116274179077603,0.14901485288412444,0.00020121119084695867,0.00020118990928836777,0.00020118022580108662
doc12,0.0005177545008653403,0.21745615234706542,0.0005177180676475589,0.0005177433059816339,0.44844233290845115,0.0005177132031928561,0.0938812188659449,0.0005177540187201703,0.11853439894063751,0.0005176929644333883,0.017867052502141576,0.10071246837491829
doc13,0.0008118660743063583,0.3569419710528996,0.0008118037427828243,0.14521311954766644,0.0008118891590896455,0.0008118414045199199,0.0008118738886167357,0.0008118244982198685,0.0008118929091132718,0.331420839039236,0.0008118070467660519,0.15992927163678336
doc14,0.0015828647474724327,0.07055029978942581,0.0015827655636772978,0.0015827579899511497,0.0015827357722322788,0.14305662787413634,0.09946796753900443,0.0015824749046453323,0.0015827343293212726,0.06496570130500806,0.15038851814614349,0.46207455203898223
doc15,0.2623075063994848,0.0005708943747263245,0.0005709039272762365,0.1497791763736431,0.0005709674971250545,0.06568937120036154,0.0005708960806857964,0.0005708533274045038,0.0005709132992242101,0.0005708380762007009,0.517656820237562,0.0005708592063056604
doc16,0.0010289153814007936,0.0010289828684559997,0.001028914177887438,0.001029051551995922,0.0010290123947889836,0.988681366748923,0.0010289178649264786,0.001029062820854721,0.0010289396013173728,0.001028924299645456,0.0010290177192930126,0.0010288945705108656
doc17,0.0003919667854734685,0.00039194870350385335,0.00039193289994396484,0.00039197743610528427,0.0861155987309477,0.6322156810839747,0.05991701063364782,0.0003918815979280189,0.0003919380987105073,0.0003920364727587901,0.17187914726985004,0.047128880287155776
doc18,0.00048037956222466685,0.9947157613464096,0.0004803962952252729,0.0004803696763210811,0.0004803838870648172,0.00048036699788663663,0.0004803876155213626,0.0004803595660485471,0.0004803946440910943,0.00048042105180044574,0.00048040262798851996,0.0004803767294179515
doc19,0.39749203536758115,0.0007344223283846586,0.0007344208295773893,0.2988003233937137,0.0007344214801013434,0.0007343454245912561,0.0007345766788690907,0.02423153606355663,0.0007344667479460494,0.0007343777865432704,0.19250982521589147,0.08182524868324402
doc20,0.0013300467155334867,0.6184777863505159,0.0013300821913973114,0.14277692955776217,0.0013302634013215343,0.0013300176022801539,0.0013301273207380298,0.0013299167015077115,0.2267747081659623,0.001329966510052918,0.0013301442199132084,0.0013300112630150638
doc21,0.3049968544391134,0.06254049766322099,0.0006205252204752714,0.12183495312305913,0.15399951812123877,0.08849339249081384,0.0006205440609436939,0.0006204714033199882,0.0006205387304399708,0.0006204179898006045,0.26441185762616043,0.0006204291314139028
doc22,0.0005489698451526616,0.0005489699076034135,0.12372086962968609,0.0005489880260325894,0.37425192355711595,0.0005490243538202153,0.2361709198535149,0.0005489174258578218,0.0005489355574199966,0.0005489449321835682,0.26146452487467214,0.0005490120369404956
doc23,0.2414896696662427,0.001216818762345656,0.001216747332379302,0.28805527919914076,0.38433800043063465,0.07638246499059703,0.0012168813303023358,0.0012166823306509309,0.0012168906645770457,0.0012168410766969463,0.00121677913486935,0.0012169450815633354
doc24,0.06917447314473137,0.0004326077953177555,0.46676260874024933,0.0004326392154139082,0.3379207137988026,0.0004326335557312362,0.0004326295981590147,0.00043257166981975774,0.0004326261015230949,0.0442411290605824,0.07887269471857176,0.0004326726010978102
doc25,0.0004874435352290727,0.0004875777292730708,0.04571304516213824,0.00048739935562022653,0.0004874198315887295,0.1293125053847047,0.0004875401913436028,0.0004873752950712629,0.00048745028973816597,0.0004874620548882122,0.5204441348336329,0.30063064633677183
doc26,0.00042893493263795754,0.00042896119837155746,0.00042892507614390355,0.0004289587787552502,0.23086678445563402,0.000428903910671828,0.0004289518572130645,0.0004288884385219971,0.2264998751713584,0.0004289129829608898,0.41634430106843023,0.1228576021293009
doc27,0.18770455706728836,0.0013126405765673946,0.3639675128975158,0.001312550062804032,0.0013128546833814378,0.0013125344179227556,0.0013127771808827645,0.11409072427605772,0.0013127554298603473,0.0013125746945246287,0.3237358917519981,0.0013126269611967451
doc28,0.002212825407874143,0.002212729067998074,0.0022130087670591933,0.1585257721757179,0.6031872829621201,0.0022128678249615525,0.0022132043577382126,0.0022128744338776223,0.002213016985938916,0.0022127211899771407,0.21837068740911683,0.0022130094176202905
doc29,0.0014886299793043136,0.001488618198869933,0.0014885162618082368,0.3282492154430349,0.2342899231126767,0.0014886363324696965,0.0014884370428930862,0.0014882906814688787,0.0014885499594311763,0.0014886417829409007,0.2572265746482752,0.16832596655682688
doc30,0.001061795543232774,0.0010617531466431819,0.0010618653597914357,0.0010619051680010993,0.7091076403185926,0.28027424360295017,0.001061780612488405,0.0010617852302033598,0.001061819509790084,0.0010617832107351795,0.0010618859886080266,0.0010617423089638903
doc31,0.001661766957703453,0.0016616102364758764,0.0016618441143561662,0.001661579049890334,0.382940223608801,0.11549466525530486,0.00166152376305765,0.0016621837887965342,0.0016615588309603104,0.0016620121565748297,0.4866092779028589,0.001661754335220082
doc32,0.0008682328354771387,0.0008683194464450469,0.0008682689294279328,0.04975323120539672,0.9415641373657363,0.0008683737991108893,0.0008682806364314976,0.0008682299240381344,0.000868211721789863,0.0008683162651831398,0.0008682260035751127,0.0008681718673883531
doc33,0.0015339958443905362,0.0015340788641835595,0.25221775294679105,0.0015339542270220768,0.001534095422365611,0.13353009786523073,0.0015343292677897245,0.0015341242800754906,0.0015343526584085966,0.0015340025814070636,0.6004450160848663,0.0015341999574690916
doc34,0.0020749961582433884,0.00207510489618191,0.0020753302836829775,0.0020751454346980436,0.0020749532637398573,0.3269670403520398,0.0020752466587869553,0.0020749109823959954,0.0020750268953974114,0.00207509673093674,0.0020750447460559924,0.652282103597841
doc35,0.07661882636575613,0.0007989452866453829,0.0007989325649617595,0.0007988694985038895,0.0007989131403704447,0.0007989919795581168,0.060808405611944075,0.0007987998052061682,0.06663412631095898,0.0007990273592928948,0.7895473150575217,0.000798847019280419
doc36,0.00047132594836545635,0.0004712976253910602,0.00047141462273092116,0.00047138166251825753,0.00047149100938423166,0.0004713004998825978,0.0004713180140853194,0.041275813026942096,0.0004713413119994355,0.0004714594195277309,0.9323145104420015,0.02216734641717142
doc37,0.08541928031069551,0.1208641435708596,0.00131264529290896,0.0013126378207401603,0.17441082562668744,0.0013125687048907073,0.0013125352885600856,0.0013125051816679583,0.0013126445805561522,0.0013125464506355828,0.6088049535053052,0.00131271366649281
doc38,0.0007184755398489837,0.0007185486018755104,0.0007185006169516091,0.0007185991042163043,0.0007186104904170396,0.0007186259143888111,0.0007185503761584624,0.0007184964530344285,0.0007186127621361566,0.0007185133201821504,0.9920959215768052,0.0007185452439853342
doc39,0.0013479045547634093,0.0013478146221144328,0.001347918779303007,0.9851734360006759,0.0013479436617589249,0.0013478488776722316,0.0013478476598109972,0.0013478677892804554,0.0013478407128211262,0.0013478317595748781,0.0013478942317658913,0.0013478513504588184
doc40,0.0005709110880385081,0.0005709916961280688,0.000570876380521012,0.26794172225251595,0.000570932744837239,0.0005709171404483521,0.6307963869336374,0.09612371187113819,0.0005709253291953214,0.0005708570127947951,0.0005709175517676849,0.0005708499989776111
doc41,0.1097049367511656,0.0004129656599794316,0.00041297316657098646,0.06652251723934588,0.00041301944580621127,0.5643848817626832,0.00041300434737688346,0.0004129777876742692,0.08157240578037116,0.00041294311898848674,0.17492441337534986,0.00041296156468798365
doc42,0.00050728440560305,0.0005071718013085217,0.0005072173610436721,0.0005072568233538997,0.0782441651536421,0.06395514316419823,0.0005072526816486384,0.0005071538886637355,0.0005072731548111015,0.0005072354693731673,0.834719007624687,0.019023838471666898
doc43,0.0007625337539506799,0.0007623473025157064,0.0007623231534871807,0.0007624469101677559,0.5117805149855627,0.21881494181225497,0.0007623498471290043,0.0007622843452106706,0.2625431887107768,0.0007623230729002806,0.0007623660748195074,0.0007623800312246149
doc44,0.9886813247669318,0.001029081151621043,0.0010289113915862122,0.001028939269862989,0.001029036875036658,0.0010288931394093535,0.0010290677035595147,0.0010288898395363546,0.0010289886444595198,0.0010289056584119874,0.001028970934398468,0.0010289906251862233
doc45,0.003676948933751575,0.0036768202890317884,0.0036769582306813873,0.0036766761462587462,0.0036767433845498604,0.08948451507950235,0.0036766301121583327,0.0036766367781446733,0.003676957696943461,0.44252564273619865,0.0036767451972364164,0.43489872541554275
doc46,0.0008321974270919126,0.0008320864422175537,0.0008320818911578336,0.000832178199674613,0.17141393061519336,0.0008321618850889091,0.0008320254677769536,0.0008320851611739109,0.0008321592217583919,0.0008320620105182428,0.3909755522479975,0.43012147943035073
doc47,0.46507663361932106,0.0016343956633267042,0.0016343448997593597,0.21050033407062937,0.3097134073430688,0.0016345650279436191,0.0016344878708121056,0.0016342024049933682,0.0016343653126960256,0.0016345543274938715,0.0016343758896799573,0.0016343335702758096
doc48,0.0003919309465494694,0.01965147715623035,0.0003919272768461978,0.09952808482587887,0.08184270209940162,0.17341668541580213,0.00039193796293650806,0.0003919140674538261,0.0003919122770261418,0.0003920356478628951,0.05271960716076716,0.5704897851632448
doc49,0.0008053018359959547,0.0008052891472968958,0.8283495196216462,0.16359752837522448,0.000805310395822722,0.0008053226707535707,0.0008052920753084529,0.0008052436951986427,0.0008052758369439655,0.0008053112301736504,0.0008052838091272406,0.0008053213065083548
doc50,0.07257064502867454,0.0005123783153300703,0.0005124290002720972,0.5585254092194205,0.11335608390301154,0.2514486799736657,0.0005123862295740312,0.000512364353040375,0.0005124622840740554,0.0005123887235002282,0.0005123925340212513,0.0005123804354155268
doc51,0.001953402643163323,0.001953378278578216,0.001953524078839736,0.0019535975631979055,0.001953681665885544,0.23971476120248955,0.00195389425067863,0.0019533470998555464,0.2964961982228502,0.4462068747302792,0.00195372397289668,0.00195361629128547
doc52,0.002551357247863554,0.002551267378676747,0.2986077372585453,0.002551346802587186,0.002551548713971862,0.3156351026033724,0.002551204891998926,0.0025517198785883093,0.002551762178270889,0.0025514548455330653,0.0025512956294811576,0.3627942025711106
doc53,0.18153123044299965,0.08946236108030992,0.2709058919924086,0.0009244773784879986,0.08458832149960499,0.0009243276244995663,0.000924393410506776,0.0009244443294544189,0.20611116623479156,0.000924546656966251,0.1407288890244371,0.022049950325533117
doc54,0.002119326592762399,0.002118920871998192,0.0021193913544229346,0.0021195674328201037,0.8452038795959864,0.1336033505513973,0.002118911181894256,0.0021190942311473215,0.002119241262609722,0.0021195257961739863,0.0021192061576983407,0.002119584971088928
doc55,0.001039670479699605,0.027521093914962404,0.2315580994377468,0.0010397320476490195,0.0010396816177762444,0.0010396756502582115,0.0010396740178668438,0.0010397282358428973,0.0010398360684151194,0.6042852848387792,0.0010398209010317194,0.12831770278997193
doc56,0.0024880231535910507,0.0024883612365142883,0.14113438248109753,0.0024879157833561454,0.002487902291786583,0.3515865266656277,0.0024881365336542594,0.0024877996621552718,0.002488286848661215,0.002488439038956799,0.0024879292548725244,0.4848862970497267
doc57,0.00046262670240585543,0.0004626282697604199,0.0004626533816065526,0.11993049915167021,0.0004626605795742225,0.7527806476997145,0.02949340383321493,0.000462603936621724,0.0004626879537679705,0.0399967523252869,0.000462691549513564,0.05456014461686298
doc58,0.0010968615578960286,0.0010969275296194524,0.0010968889977086885,0.05912029404887161,0.18974634471335483,0.0010966458115641733,0.0010967470683885898,0.07374354336906103,0.00109679824249578,0.5888754054263295,0.0808368096062031,0.0010967336285072362
doc59,0.0007238056724606317,0.0007238040515815961,0.0007237854584231633,0.21898826243006647,0.2786322290536347,0.0007238912211830303,0.2146739076179485,0.0007237248591479238,0.12723035703182523,0.0007237480669995794,0.15540874349514458,0.0007237410415847298
doc60,0.0008835656663944748,0.0008837356530367444,0.09519894601479988,0.0008837808360953479,0.0008836400589123679,0.2627906393622726,0.0008835540080531356,0.0008836227173158613,0.0008835895586770759,0.1747740414314682,0.0008836378659258309,0.46016724682704846
doc61,0.1582079581809638,0.0015580608874766816,0.0015578601182727242,0.0015579209076937487,0.0015579480033395424,0.001558133201269929,0.001557926713590386,0.0015578107626507598,0.19441751376383265,0.21598157901973605,0.4189294271344723,0.001557861306701497
doc62,0.009805656567979541,0.00980600069945636,0.009806563761077188,0.00980441074432722,0.009806370699828844,0.009810137430546612,0.009804636726470306,0.009805475748642585,0.3764081853811047,0.009804415544568044,0.009805354341332536,0.525532792354666
doc63,0.001147103211546336,0.0011469383635592937,0.48522946848737486,0.0011469921332811002,0.001147109511159806,0.0011472635162877666,0.0011468769275227225,0.0011471173017650993,0.0011471484645275201,0.0011470404919650256,0.5032996479202565,0.0011472936707540519
doc64,0.0035469879148747416,0.003547141362801001,0.003547014021529533,0.0035469456844608796,0.003546773710942813,0.003546326806835529,0.0035470691120692882,0.10007991944550439,0.2958097449954724,0.07629687154454452,0.4994383507099972,0.0035468546909677165
doc65,0.0012022555710730239,0.001202265124609831,0.0012022068208176737,0.05559102388055657,0.5410409486349397,0.08665575248815366,0.0012022402250612728,0.06600320184351767,0.0012022556039238829,0.0012024991363662157,0.24229315865818818,0.001202192012792274
doc66,0.0018120199128161326,0.0018119806968040276,0.26964450497335996,0.0018119826753357606,0.0018120165615738571,0.0018120191161880102,0.001812214429521119,0.12859613708593187,0.0018119620945408537,0.001812050224570124,0.3983671913184671,0.1888959209108912
doc67,0.000734355151743761,0.0007343345907302112,0.0007343436242758645,0.0007343679112364951,0.9919219522557591,0.000734290532624129,0.0007343625235115022,0.0007343929646462719,0.0007343727380400268,0.0007343743070993373,0.0007344815786686058,0.0007343718216646338
doc68,0.0010288913662533192,0.0010288692487961213,0.0010288786645165744,0.001029007505909599,0.0010289335615496138,0.0010289918593132542,0.0010288365327337473,0.9886819655890196,0.0010288843503903626,0.0010289045762000937,0.0010289033332689912,0.001028933412048891
doc69,0.0010288913662533192,0.0010288692487961213,0.0010288786645165744,0.001029007505909599,0.0010289335615496138,0.0010289918593132542,0.0010288365327337473,0.9886819655890196,0.0010288843503903626,0.0010289045762000937,0.0010289033332689912,0.001028933412048891
doc70,0.0013853022143360402,0.001385240307404755,0.5035875518241538,0.18153216299386044,0.3024117906530899,0.0013855366034087504,0.001385476594117112,0.0013853005518596356,0.001385311861415593,0.0013855747708680565,0.0013853119740070538,0.0013854396514787622
doc71,0.0017485612688502529,0.0017485256674383356,0.001748642052467933,0.0017488061983363776,0.0017486487267443305,0.7467452291487608,0.001748824830631526,0.0017484197651482034,0.001748637648908429,0.23576849978735767,0.0017486043537122003,0.001748600551643848
doc72,0.0019534170529541908,0.0019534169202653066,0.001953844044320387,0.0019534799111811823,0.0019533640303403153,0.3065882903469535,0.0019536962327277034,0.001953319053486891,0.0019534352556809745,0.001953444393819643,0.0019537303770878808,0.673876562381182
doc73,0.2916823548557773,0.00046915730937686765,0.0004691901890120898,0.09367905090152037,0.22771770785751475,0.05676215306894569,0.0004691346796316803,0.0004690872645101792,0.00046915462681487334,0.0004691292747003317,0.3268747111213729,0.00046916885082314187
doc74,0.0014666694624781388,0.001466666223693605,0.0014665180461062841,0.0014667390373216103,0.001466637041754933,0.0014666512572553013,0.0014666203378573548,0.0014664683151355887,0.4219974686484707,0.0014665680912727217,0.40576465729884514,0.15903833623980856
doc75,0.0681631373388208,0.003012591512835477,0.14455744132892095,0.003013261866438314,0.00301278287191666,0.00301435449513539,0.0030128575521870134,0.0030133371436357618,0.21199517053008385,0.0030128194378342497,0.5511797027462831,0.0030125431759086005
doc76,0.7593317078780873,0.000528620234578102,0.0005286672448472538,0.17354067528022943,0.0005287326580248836,0.0005286950087334944,0.000528662870408585,0.06236958837366928,0.0005286558404532353,0.000528656099876415,0.0005286824495828292,0.0005286560615091954
doc77,0.00396876794932551,0.003968734935979429,0.003969239491148177,0.003969332740824489,0.003969286781196087,0.00396862542248593,0.003969071578493093,0.0039690919283020135,0.003969135546582073,0.003969941631020591,0.8944319255489308,0.06587684644571175
doc78,0.000745385427873176,0.000745282793624773,0.0007452500618364381,0.000745415477524672,0.0007453750861173665,0.0007453106131608514,0.0007453341744590135,0.0007452608321287087,0.0007453328123902248,0.9918015479340598,0.000745282100841975,0.0007452226859830092
doc79,0.00047359421825242387,0.00047372589644664444,0.04416024469120927,0.00047355085810667924,0.0004735702784774834,0.14260700145880686,0.00047368831543532814,0.00047352916054038094,0.0004735996470224907,0.0004736169357863712,0.5093980220660643,0.3000458564738518
doc80,0.09165240588569605,0.001582646254325338,0.22935369377539344,0.0015827544218498949,0.24971886182655334,0.0015825630381605682,0.0015826845768411252,0.00158265461323375,0.0015826816436028434,0.0015826774437599765,0.416613782325303,0.0015825941952806485
doc81,0.0004480984847965044,0.9950708900073663,0.00044811294618068054,0.00044808562336192136,0.00044809990453147206,0.0004480832488732002,0.0004481073774502736,0.00044807437256190236,0.0004481080104970199,0.00044811894647510365,0.00044812291416564663,0.0004480981637399978
doc82,0.0008535036839129647,0.07763449718596074,0.04478634076864411,0.0008535008247506187,0.06408068933827762,0.0008534856898364095,0.0008535141727884873,0.06756385797723637,0.0008534502778950588,0.0008534506359727189,0.7399601644577707,0.0008535449869542717
doc83,0.00207529341954041,0.002074814451964807,0.49797388530336645,0.3330141305806676,0.0020752691594122523,0.15033489743876818,0.0020752127317585833,0.0020756750944709522,0.0020755576342158695,0.002074991939241799,0.0020752863962777168,0.002074985850315445
doc84,0.0013479045547634093,0.0013478146221144328,0.001347918779303007,0.9851734360006759,0.0013479436617589249,0.0013478488776722316,0.0013478476598109972,0.0013478677892804554,0.0013478407128211262,0.0013478317595748781,0.0013478942317658913,0.0013478513504588184
doc85,0.0010967837967310837,0.16453215799171095,0.0010967503706001747,0.0010969304274011356,0.12552781820558137,0.519490947637196,0.18167466032848262,0.001096559254482867,0.0010967652612960132,0.001096787035902735,0.0010969123568982148,0.001096927333716901
doc86,0.8366059926871162,0.0007508976495614369,0.0007509777609675634,0.0007508384156740818,0.15588468357079482,0.0007509903387196792,0.0007508926004666868,0.000750860952358708,0.000751027239046365,0.0007508595861041153,0.0007509984151905328,0.0007509807839998032
doc87,0.15353843232697909,0.0006888220741349101,0.0006888412909628536,0.0006889210308719827,0.0006889180424336778,0.1510144177604609,0.000688896599970858,0.000688779028696825,0.6096938534495314,0.080242336492278,0.0006889116282790123,0.0006888702754004854
doc88,0.001366426761636438,0.03620359753937719,0.0013669629323926089,0.1863424439707099,0.3290692763929802,0.0013664806400668394,0.00136641083128111,0.0013668486752932572,0.0013664174361089358,0.0013663334192820266,0.4374522063428293,0.0013665950580421095
doc89,0.20194656635573857,0.0011215167545913713,0.08026072146398731,0.04278104399483995,0.6065616835114517,0.060600584213374796,0.0011212496752928385,0.001121216508002415,0.0011212826112031117,0.0011213949804534686,0.0011214546568893966,0.0011212852741750788
doc90,0.004717337771875962,0.149453747636742,0.004717467879397918,0.004717784069857538,0.004718522596923206,0.004717495420166327,0.07596137390843717,0.06096911908794388,0.004718245280374728,0.004717189597133063,0.6758739578885316,0.004717758862616836
doc91,0.003546829153020922,0.0035464909223388466,0.17858762605284229,0.7859425687781395,0.0035472160904185686,0.0035478618049377604,0.0035468186524070036,0.00354709758417734,0.0035471041558066195,0.003546296928530105,0.0035476972155019854,0.0035463926618789616
doc92,0.001160282176689557,0.001160336426293413,0.0011604432226107705,0.0011604435964226935,0.001160483810654462,0.0011604408491371317,0.0011601834259301969,0.0011604648354242566,0.001160233581870131,0.080199684985845,0.9081966802660206,0.0011603228231017002
doc93,0.0009330668194681392,0.0009329717292777328,0.26065373860633306,0.0009330596548624995,0.000933109988497164,0.0009329452978480758,0.0009330153489083071,0.0009330338672188319,0.0009330576876495272,0.0009330177293554486,0.7300159771897573,0.0009330060808239618
doc94,0.002841721835022569,0.0028414588802901674,0.0028416034367089705,0.002841698666340179,0.002841679196745789,0.23154516229184513,0.00284232943471149,0.041170781041127064,0.424421192169823,0.28012856375472933,0.002841816400480563,0.0028419928921759375
doc95,0.0013479045547634093,0.0013478146221144328,0.001347918779303007,0.9851734360006759,0.0013479436617589249,0.0013478488776722316,0.0013478476598109972,0.0013478677892804554,0.0013478407128211262,0.0013478317595748781,0.0013478942317658913,0.0013478513504588184
doc96,0.0005709110880385081,0.0005709916961280688,0.000570876380521012,0.26794172225251595,0.000570932744837239,0.0005709171404483521,0.6307963869336374,0.09612371187113819,0.0005709253291953214,0.0005708570127947951,0.0005709175517676849,0.0005708499989776111
doc97,0.003205500167741956,0.003205410948800686,0.003205554242527748,0.0032053053033848753,0.003205364368326812,0.09600711233040943,0.0032052461174659768,0.0032052752110984213,0.0032055375644016284,0.5002406396525158,0.003205354844273557,0.37490369924905326
doc98,0.7248568387742068,0.0004045976082871622,0.118289291660006,0.06374924794056751,0.0004046649345951957,0.00040462178246150594,0.00040468885578283755,0.00040460961183681824,0.0004046626845443404,0.00040461314089876245,0.0004046106220803162,0.0898675523847328
doc99,0.0007509616160547571,0.0007508731883475743,0.8378773139266458,0.15461371088959663,0.0007509060928112261,0.0007509014276755676,0.0007508834192401113,0.0007508368454888479,0.0007509174910530423,0.0007509120369852923,0.000750866738619669,0.0007509163274814077
doc100,0.0005676309076717218,0.0005676251384462621,0.0005676193385894589,0.0005676246302609462,0.0005676295114588902,0.000567636031943219,0.9937559909198193,0.0005676058096736323,0.0005676430951805812,0.0005677142787655811,0.0005676201573410722,0.0005676601808493948
doc101,0.0006128694216813923,0.0006128324923587396,0.0006127977697714216,0.0006128206586736617,0.0006128451936852248,0.0006129015033205186,0.000612865476685693,0.0006128030770137713,0.9932586750841251,0.000612877320131403,0.000612824855128888,0.0006128871474241161
doc102,0.9901943762717677,0.0008915135705788358,0.0008915358957788514,0.0008913671096055748,0.0008914747056170998,0.0008913345913795012,0.0008914694074383321,0.0008913355174055538,0.0008914099001404065,0.0008913672109807735,0.0008914092411903053,0.0008914065781170894
doc103,0.0013664198804761308,0.0013665557215089478,0.0013663986309671659,0.0013666008777154539,0.0013665184655689232,0.17025976271193333,0.0013665823663369765,0.0013662623689809886,0.3144260885872184,0.2591741184585264,0.2452081984077893,0.0013664935229779458
doc104,0.0014247457941355304,0.0014247293220087953,0.0014248004387077088,0.0014249005301803347,0.0014249114028163643,0.15439992244950132,0.0014247979210511587,0.0014247000524174151,0.45834557295696693,0.3744311848292694,0.001424933755987481,0.0014248005469573246
doc105,0.9843268436709963,0.0014248926076366145,0.001424968009677646,0.00142476116743233,0.0014247868274346767,0.0014248548833752236,0.0014248046069111344,0.0014247312276024929,0.0014247858537825883,0.001424823143697568,0.0014247803717516105,0.001424967629701745
doc106,0.0017797032989102202,0.0017799980763638643,0.16967689005743694,0.0017796910605604977,0.2759026541866102,0.0017797738810025367,0.0688400602899649,0.00177987816784539,0.0017798744832652955,0.4713418608465969,0.0017798904712586125,0.0017797251801846437
doc107,0.3425570802919722,0.0004605797126680366,0.02825628814696083,0.0004605234496385795,0.16457549303630137,0.05129330866687909,0.0004605078110728325,0.00046048623411317727,0.4100940192163107,0.00046059281141935153,0.00046056613001806894,0.0004605544926457291
doc108,0.0023153547386707417,0.002315372209463641,0.08245078575880534,0.17740027381948062,0.002315565092723368,0.002315093488588293,0.0023150988791334937,0.0023151422854062603,0.0023156258936957385,0.5564223404797385,0.0023155585299451525,0.1652037888243488
doc109,0.0015340291912728584,0.001534233293470222,0.316097706872142,0.0015342714519289487,0.0015341403163587146,0.054310165119446516,0.001533869957925914,0.0015339216948197878,0.0015340149011903881,0.2878030208392352,0.13902598354469664,0.19202464281751272
doc110,0.08555231369840677,0.0007565874389281829,0.2045924513640458,0.1938953621085336,0.35349878860542866,0.0007565904021303816,0.0007565994290860953,0.14568520341901117,0.0007566781345576616,0.01223633505362685,0.0007565640045875194,0.0007565263416571491
doc111,0.5894699077987381,0.0018118456277155805,0.00181183200022943,0.0018119233213512013,0.0018118840681795676,0.0018119317670667668,0.0018118752588140669,0.0018118100104610986,0.3924112524248605,0.0018118459689533085,0.001812029282690525,0.001811862470939674
doc112,0.0012957293009128246,0.0012956007817360381,0.12869621464910103,0.0012955631278390612,0.001295740589602095,0.001295438029521461,0.001295596503661186,0.0012955675431760938,0.001295582596565874,0.4454579313560664,0.26160554245848666,0.1538754930633314
doc113,0.0008462315581783661,0.13001889239849362,0.0008462523375542905,0.1411604239625067,0.0008463303796398934,0.0008462356056083946,0.0008462229045708221,0.000846226000137687,0.08602678745543066,0.5418929604367702,0.09497717055447787,0.0008462664066315338
doc114,0.0011213821894695676,0.001121299398211214,0.0011213058199740693,0.001121369422793838,0.2597849227355835,0.0011213191249272883,0.0011213959655178055,0.12307976675545292,0.34065688201129485,0.0011214282913070825,0.26750754379063524,0.001121384494832627
doc115,0.11784842919279007,0.0009883700789074575,0.0009885316093437464,0.0009884419590973743,0.40323351233178284,0.0009884785555755833,0.0009886744929457993,0.0009883665156457126,0.408403654400567,0.0626065424223662,0.0009886336361968815,0.0009883648047813453
doc116,0.0008534826772897012,0.0008534911931995173,0.1407506837578466,0.0008533931313768582,0.0008534734895476348,0.48149017698190166,0.000853421320550038,0.0008535491416975934,0.0008533764747597549,0.00085379665315682,0.18852130100926662,0.18240985416940708
doc117,0.0008462154530544912,0.0008462011051564429,0.0008462033538591394,0.0008461500771855955,0.20363584608660407,0.000846221105034429,0.0008461899808391397,0.0008461085117954012,0.24381173493409322,0.0008462768189190024,0.5449365372999112,0.0008463152735478808
doc118,0.0011213562374966669,0.0011213170247013323,0.0011212819654892233,0.0011212435454476851,0.0011213593835047932,0.0011215233289117944,0.0011215221527809747,0.0011213188461409976,0.001121269380225458,0.0011212740616586188,0.9023865320831838,0.08640000199045872
doc119,0.001366357969742774,0.09532494792032127,0.001366462903666643,0.0013666337513296909,0.001366451995144034,0.0013663746553949961,0.0013665929826060716,0.02045471723356255,0.25779094788609946,0.0013662601265072784,0.4885070644153941,0.12835718816023112
doc120,0.0009507447651345187,0.0009507165430502412,0.0009507518605075221,0.0009508145227607031,0.0009507467810097503,0.057435940813549684,0.0009507310686906564,0.0009508750511476074,0.0009507577989567406,0.0009508313941443831,0.9330563794759907,0.0009507099250574212
doc121,0.0010288995294370244,0.0010288957317835048,0.0010289192148724773,0.0010289085846976378,0.0010289464969318817,0.001028885961465676,0.0010288833785594162,0.9886818860266618,0.0010289589482837278,0.0010288917039172065,0.0010289877346613657,0.0010289366887284326
doc122,0.7579209785462936,0.0015826269616236361,0.0015827448067087574,0.0015825424265792747,0.0015824661467202655,0.22625232812608795,0.0015825572964811698,0.001582580416357755,0.001583020467435493,0.0015828395341334956,0.0015825607818265356,0.0015827544897521546
doc123,0.0010288995294370244,0.0010288957317835048,0.0010289192148724773,0.0010289085846976378,0.0010289464969318817,0.001028885961465676,0.0010288833785594162,0.9886818860266618,0.0010289589482837278,0.0010288917039172065,0.0010289877346613657,0.0010289366887284326
doc124,0.00035075407219919584,0.0003507261975315276,0.19965521156323618,0.00035071489594211224,0.7412832077869267,0.055905159783414156,0.0003507048608602741,0.00035069025173106223,0.00035069456237740016,0.00035067302243404753,0.0003507209151168656,0.0003507420882302736
doc125,0.0006659860080982371,0.000665915607219529,0.0006659378124571131,0.0811905904760339,0.6301181054305496,0.000665953574328106,0.28269796114577617,0.000665829248584375,0.0006659322286952414,0.0006659365168957869,0.0006659785895546855,0.0006658733618070073
doc126,0.9889093457756442,0.0010082600053335725,0.0010082968520392056,0.0010082434046855431,0.0010081743259976784,0.0010082412048692396,0.0010082164308754815,0.0010081128360539164,0.0010082475300081772,0.001008343688108437,0.0010082868462746692,0.0010082311001098677
doc127,0.003106359440509517,0.0031059556823414573,0.0031063258831519292,0.0031060373189373183,0.0031062398834047537,0.2632984639282899,0.003105724373415868,0.0031059413103779587,0.0031063505633161827,0.0031059900147946203,0.7056405718330583,0.0031060397684021094
doc128,0.9889093457756442,0.0010082600053335725,0.0010082968520392056,0.0010082434046855431,0.0010081743259976784,0.0010082412048692396,0.0010082164308754815,0.0010081128360539164,0.0010082475300081772,0.001008343688108437,0.0010082868462746692,0.0010082311001098677
doc129,0.0028411396193347366,0.002841715805623913,0.0028419779509719235,0.0028417120278754924,0.23327252912544752,0.0028414292092638284,0.002841154574456716,0.3367020144377894,0.0028415265884513615,0.0028410984161761923,0.40445237215669105,0.002841330087917843
doc130,0.003677463663738348,0.0036770063478897322,0.003677256134856869,0.0036772155326586647,0.0036768507997551295,0.061862500624221356,0.003677324435303084,0.003677350736231468,0.003677583222040273,0.17772708163322454,0.7273152709319567,0.003677095938123773
doc131,0.29986206477421995,0.0005099210269483838,0.0005098123363923053,0.0005098314813190252,0.07212744191890258,0.0005098468866862095,0.000509831095071826,0.0005098323370718916,0.5370717067011879,0.0005098361501812206,0.0868600216691743,0.0005098536228445108
doc132,0.0011877967342218741,0.0011877710004848027,0.0011877576779429652,0.9869340660259384,0.0011878621392174707,0.0011877728356611457,0.0011878134325569334,0.0011877212383458366,0.0011878825631930238,0.0011877975260139405,0.0011879712272486228,0.0011877875991751351
doc133,0.21467849509927706,0.00037717217048184614,0.0003771618448677665,0.000377191952751933,0.00037719532708371855,0.0003771951004991911,0.0003771856257834788,0.0003771230888974219,0.16906151871489822,0.0003772078209143189,0.6128654088761502,0.00037714437839489636
doc134,0.0008462552802940621,0.0008462025064180029,0.4030120976406318,0.0008461068113159374,0.0008462570793917653,0.0008461123566404918,0.0008461614741846502,0.0730094758358455,0.0008461328456602046,0.5163627020632381,0.0008463027451730326,0.0008461933612064521
doc135,0.9825912867195086,0.0015825194348673115,0.0015832179893444606,0.0015824293533611106,0.0015825367481057146,0.001582472264338979,0.0015825114154752397,0.0015824382373247792,0.0015828380729241524,0.0015826355290419233,0.0015826275934971699,0.0015824866422105757
doc136,0.000998179904279427,0.13632184195155617,0.40274526242973896,0.0009981684919488317,0.0009982248473591677,0.0009985541835954,0.0009982932172883732,0.0009981739751225161,0.0009982048629639433,0.4519484909456148,0.000998286645173451,0.0009983185453589542
doc137,0.0013665184835659652,0.0013662881645044838,0.0013663311394548831,0.7380221210878966,0.0013664865574268532,0.0013663075328005931,0.001366672047703592,0.0013665173919821304,0.0013664366402588847,0.12636998105997746,0.00136648440714764,0.1233098554872808
doc138,0.0009507873994385752,0.0009507805786439244,0.0009508367307603311,0.0009507898535121897,0.0009508962047556661,0.0009509989808484364,0.0009508512464171512,0.1113789373297688,0.0009507797693116286,0.0009507060519012516,0.6546142538047898,0.22544938204985235
doc139,0.07834881673007651,0.0019161429523526252,0.0019161138918331782,0.18250010067187863,0.49607845415265633,0.0019159723474652757,0.001916200032586736,0.22774289741641232,0.0019163623601045456,0.001916373005566361,0.0019162979795074176,0.0019162684595602057
doc140,0.0018801926837382135,0.0018801586546726696,0.0018801192283517344,0.3066621624982178,0.20523621517883645,0.0018800102109741634,0.1293393851869827,0.3437211105106928,0.0018804136258094295,0.0018800891897024314,0.0018801796704008597,0.001879963361620651
doc141,0.1981576811007446,0.0010083199184912686,0.0010083339162467498,0.0010082593199053273,0.39703413194689763,0.14625641214475432,0.001008311553689674,0.0010082616769482283,0.0010084275637018817,0.0010082616399473962,0.2504850362744808,0.0010085629441921571
doc142,0.2929445904172255,0.0009981924758261313,0.2150669032095529,0.0009981511749453948,0.0009982041462649758,0.0009982041355346338,0.0009982422841159474,0.0009981071547710894,0.0009981117767156828,0.3100110614476796,0.1739919149271902,0.0009983168501778148
doc143,0.11887591114640834,0.26293396872914626,0.000883519578744743,0.2341609616609092,0.10332324655478907,0.07135827256210622,0.0008835927019131586,0.0008835069464393958,0.0008835999610292351,0.0008835419922078173,0.20404629337997374,0.0008835847863326605
doc144,0.0017796939545443933,0.14564981776842567,0.0017797654096792384,0.0017795343615664744,0.001779660914934377,0.20865886312004622,0.0017798775749323576,0.0017794691621813798,0.0017798469043731665,0.629674079396948,0.0017796721638282708,0.0017797192685405148
doc145,0.0028419763210308937,0.002841305039635375,0.36890375412554754,0.0028416954900190375,0.00284152335351756,0.002841621159594703,0.002841571854593451,0.0028412823341806854,0.0028422510534066186,0.002841860182563544,0.6026790560974824,0.0028421029884281896
doc146,0.00166141586881758,0.001661481037190607,0.0016613052020641112,0.4731305426252072,0.17744102995851374,0.0016616079984003618,0.0016614931123292874,0.0016613244577772985,0.0016614838129587368,0.0016612821628627825,0.3344757344972425,0.001661299266635772
doc147,0.24086721241741274,0.0008185634408659193,0.0008185231198999054,0.0008185570743490065,0.7509471738797745,0.0008185184102836649,0.0008185026557743176,0.0008186175155579333,0.000818594089834857,0.00081867382304526,0.0008185335317131006,0.0008185300414888834
doc148,0.41715233399305185,0.14850863327931182,0.11828474708673216,0.0010618072775897655,0.0010618319327084654,0.0010618286220774032,0.0010618424677841488,0.0010617731272327805,0.17431857775135223,0.001061812530034778,0.13430279983717383,0.0010620120949508545
doc149,0.0015825384491146347,0.0015826709098483314,0.00158269566559898,0.0015826115372232017,0.0015827209199301233,0.0015827680644258915,0.0015824885038733716,0.022802559459524117,0.0015826585929236796,0.08817446920699491,0.8197609187668151,0.05660089992372775
doc150,0.1293555999803803,0.0015580316926810517,0.0015580559744502742,0.0015579090041872828,0.001557920258152195,0.0015578745703638043,0.0015577874938019053,0.001557874500433406,0.18771906416466436,0.0015581057415728619,0.6072506210652376,0.06321115555407494
doc151,0.20924517575545742,0.00029573611982915593,0.00029575218550790476,0.00029575443395539464,0.0002957662881014637,0.0002957485308695226,0.00029575041893121655,0.00029572484328357646,0.7877973506562034,0.0002957604167718913,0.00029574649646782995,0.00029573385462107417
