,topics0,topics1,topics2,topics3
doc0,0.000470899232878457,0.9985873333668857,0.00047086891453830147,0.00047089848569739797
doc1,0.5109068848368117,0.0016561030054539024,0.4857810824526244,0.0016559297051098535
doc2,0.6705561230169161,0.14697616069824004,0.17938067890673978,0.0030870373781040072
doc3,0.07608325606015544,0.9206589097248252,0.0016288628800037366,0.0016289713350155933
doc4,0.0003296940585179007,0.9990109365999468,0.00032964944740124767,0.00032971989413408634
doc5,0.3021987873096893,0.3793572839642744,0.0005514528061972578,0.3178924759198391
doc6,0.004465813814254059,0.5260876423577181,0.004464583423894687,0.4649819604041332
doc7,0.000852050023026375,0.822602470501271,0.17569339992535388,0.000852079550348747
doc8,0.0008238992501509913,0.8010715381198337,0.0008240019183706012,0.1972805607116448
doc9,0.001773539604124987,0.34771807479039973,0.23067068586480907,0.41983769974066626
doc10,0.0011712253981062055,0.2597374253303499,0.0011711761647003101,0.7379201731068437
doc11,0.0005225448498005648,0.0005225757094880687,0.0005225231698024239,0.9984323562709089
doc12,0.3651324051726289,0.0007670772499514452,0.4746745511003334,0.15942596647708618
doc13,0.00089777786805333,0.000897777537184554,0.9973066640075925,0.0008977805871695863
doc14,0.00089777786805333,0.000897777537184554,0.9973066640075925,0.0008977805871695863
doc15,0.3688483962857321,0.32416238626977545,0.0023046326241078115,0.3046845848203846
doc16,0.3497977640876646,0.4710804109024386,0.000844744657409538,0.17827708035248732
doc17,0.000817182660926634,0.9975484743857166,0.000817113843408989,0.0008172291099477634
doc18,0.0008978856422112558,0.3230144996120329,0.0008978396950882594,0.6751897750506676
doc19,0.12182498899515007,0.17018324969782447,0.0005702012233560042,0.7074215600836694
doc20,0.0034023744810818234,0.0034020132163922394,0.0034015861275591155,0.9897940261749668
doc21,0.0012758510066087048,0.4704805752682395,0.0012758593241423948,0.5269677144010093
doc22,0.37917803828759644,0.004464924942665097,0.004465652179307562,0.6118913845904309
doc23,0.48689324501480735,0.0007730477237096614,0.5115605872196278,0.0007731200418552262
doc24,0.29758254422500263,0.00150633107892455,0.04417713663234305,0.6567339880637298
doc25,0.004274596969061487,0.3143004729352216,0.004274120483970299,0.6771508096117465
doc26,0.42546073797535894,0.1734057325991093,0.001244192767663488,0.3998893366578683
doc27,0.8132798079740087,0.0010825884382531183,0.0010825069346093947,0.18455509665312883
doc28,0.6543184395161382,0.2553220520222987,0.002604973893412468,0.08775453456815079
doc29,0.0024758275721508643,0.732764219153052,0.164785271592422,0.09997468168237506
doc30,0.9435668183059569,0.0004754345134962361,0.024858105389951205,0.031099641790595645
doc31,0.85775075388975,0.0004869990777920506,0.00048697955978705673,0.14127526747267094
doc32,0.14956128834303928,0.5174253908992984,0.1325024769622566,0.20051084379540587
doc33,0.5284223266694414,0.0011444232352570754,0.001144623967761942,0.46928862612753947
doc34,0.5863710023683485,0.0004418307463918636,0.4127453622786208,0.0004418046066387778
doc35,0.15812281349713928,0.5634144062022206,0.0013444226038767289,0.2771183576967634
doc36,0.16458430523681145,0.6408152504394585,0.0013814040392258224,0.19321904028450423
doc37,0.5172402023048225,0.21070645700836058,0.0009579952465430271,0.2710953454402739
doc38,0.0008668989991007942,0.10584778304597556,0.03990138886983529,0.8533839290850884
doc39,0.0024765292747402244,0.26188848797743697,0.08218670536514842,0.6534482773826744
doc40,0.5497621109837418,0.001553332175523856,0.0015530871404138746,0.4471314697003204
doc41,0.15399126758315831,0.2873532443135018,0.0006196479805493961,0.5580358401227905
doc42,0.3313314728320234,0.2536184767982476,0.0011575583448891948,0.4138924920248398
doc43,0.0005514086345985272,0.7641094061516606,0.0005514463367060488,0.23478773887703477
doc44,0.06621703554653298,0.7277766098094852,0.0010943043586052292,0.2049120502853767
doc45,0.1898746251959306,0.0024163483792447875,0.2724639917199678,0.5352450347048567
doc46,0.4590893387967104,0.42959080478288314,0.001838617138771257,0.10948123928163529
doc47,0.0005225448498005648,0.0005225757094880687,0.0005225231698024239,0.9984323562709089
doc48,0.0017739791419312178,0.9946790925635708,0.0017732595839858752,0.0017736687105120994
doc49,0.19458460437745015,0.0010825180648461024,0.0010824113727209163,0.8032504661849829
doc50,0.26922431216355236,0.7289132785787255,0.0009311717241054149,0.0009312375336167011
doc51,0.000785169197825716,0.41972926943672256,0.17278719147889007,0.40669836988656166
doc52,0.06828287898653211,0.31012311606445225,0.0005041163897226164,0.621089888559293
doc53,0.13580608604238356,0.8613520971306442,0.001420676560013512,0.0014211402669586737
doc54,0.5717976337592644,0.05006059894809207,0.0002616016568988894,0.37788016563574467
doc55,0.0011066544034897667,0.0011065630007160087,0.001106571585691507,0.9966802110101027
doc56,0.842334065979789,0.10920170264849383,0.000542377444218767,0.04792185392749819
doc57,0.19916229686443404,0.5177584403615935,0.0009489026659984177,0.28213036010797415
doc58,0.18892481124171956,0.8093565457477194,0.0008593132461223343,0.0008593297644386691
doc59,0.003087024215365554,0.9907386705034164,0.003087021627729129,0.0030872836534889497
doc60,0.001381680292425271,0.0013817559964626315,0.001381528611464656,0.9958550350996473
doc61,0.0009672984943804357,0.9970980683839377,0.0009672784525106774,0.0009673546691712566
doc62,0.0018055719022541381,0.6662031545565278,0.0018052504149990271,0.33018602312621914
doc63,0.09921112516187162,0.2779808699908659,0.15313053703896726,0.4696774678082952
doc64,0.9961722941631972,0.0012758850214863262,0.0012759484929206204,0.0012758723223956967
doc65,0.000852050023026375,0.822602470501271,0.17569339992535388,0.000852079550348747
doc66,0.2294010278730841,0.2339387572413055,0.0002887412188268501,0.5363714736667835
doc67,0.00089777786805333,0.000897777537184554,0.9973066640075925,0.0008977805871695863
doc68,0.00089777786805333,0.000897777537184554,0.9973066640075925,0.0008977805871695863
doc69,0.5429972415238618,0.001945980852210553,0.45311095702478615,0.001945820599141424
doc70,0.13214998854610216,0.0019458778311662948,0.0019458203321262796,0.8639583132906052
doc71,0.002024597167259711,0.3727504968692688,0.002024489976048411,0.623200415987423
doc72,0.9973995965118267,0.0008668567801389979,0.0008667295877896004,0.0008668171202446011
doc73,0.7556895984304741,0.0008172228768113633,0.0008172762860071785,0.2426759024067074
doc74,0.0022529010040688016,0.6783752001000289,0.002253497573663235,0.31711840132223895
doc75,0.0011852130901354942,0.2769167535763717,0.001184995066367335,0.7207130382671255
doc76,0.0011189630881587,0.8629854397104731,0.001118701873389706,0.13477689532797843
doc77,0.2714142884001208,0.2848349543200667,0.44200820849122496,0.0017425487885875815
doc78,0.0007789747206969005,0.3888646157894251,0.0007789444609825844,0.6095774650288955
doc79,0.6239254558286412,0.3749594257021754,0.0005575373372267581,0.0005575811319565581
doc80,0.0017425811334003086,0.42690116781786974,0.0017425103134751528,0.569613740735255
doc81,0.427606901591659,0.14519314935619126,0.0026742128519573727,0.42452573620019246
doc82,0.000922860270747875,0.5443913636759926,0.0009227134757407157,0.45376306257751886
doc83,0.0017736470977496401,0.9946791770385536,0.0017735861599477037,0.0017735897037489971
doc84,0.0013092618899126082,0.8538238747880245,0.14355743414291874,0.0013094291791440956
doc85,0.2883380338725859,0.34954395684948314,0.0007279110200813265,0.3613900982578496
doc86,0.5417314454707061,0.2937192392498027,0.0019844731827669783,0.16256484209672428
doc87,0.689907245689261,0.0013628467753585324,0.0013625941696880496,0.30736731336569245
doc88,0.27138822816400976,0.3245600140304864,0.0019843040517785156,0.4020674537537254
doc89,0.1898908846062873,0.32577105095988085,0.0011992478388123604,0.4831388165950195
doc90,0.0015778454394753461,0.0015776899655898652,0.2515931804383975,0.7452512841565373
doc91,0.47573896555606293,0.4007749856814621,0.0006436366592758489,0.12284241210319918
doc92,0.0006832506229968079,0.0006833006814152757,0.000683332162785604,0.9979501165328024
doc93,0.0006651263235729008,0.6820077102535874,0.06026159721335793,0.2570655662094818
doc94,0.000785161003490801,0.0007851595525955565,0.0007850762889502772,0.9976446031549634
doc95,0.0005514086345985272,0.7641094061516606,0.0005514463367060488,0.23478773887703477
doc96,0.10778339877453691,0.5006922524214513,0.005435278726505232,0.38608907007750654
doc97,0.5863710023683485,0.0004418307463918636,0.4127453622786208,0.0004418046066387778
doc98,0.09561637226518288,0.5569378382152441,0.0008449284489229848,0.34660086107065
doc99,0.151165473008072,0.5776243267559048,0.0014838521377651694,0.26972634809825824
doc100,0.03406925586154359,0.6929843075333094,0.0005144859889339718,0.2724319506162131
doc101,0.0009143628677702181,0.6242079107127732,0.000914195315525979,0.37396353110393066
doc102,0.7457921149488992,0.0014839462625732788,0.0014841871396077868,0.2512397516489196
doc103,0.000470899232878457,0.9985873333668857,0.00047086891453830147,0.00047089848569739797
doc104,0.000817182660926634,0.9975484743857166,0.000817113843408989,0.0008172291099477634
doc105,0.43070908067951785,0.36067081436434306,0.0014622953704920211,0.20715780958564717
doc106,0.8047284499917645,0.003402037362617501,0.0034019665150346132,0.18846754613058334
doc107,0.9460507893556761,0.05319262327652336,0.00037828616663281744,0.0003783012011676436
doc108,0.3092195291738487,0.689061857005881,0.0008592316544042539,0.0008593821658660224
doc109,0.44261371389142906,0.31260795954052784,0.0010166423261034959,0.24376168424193972
doc110,0.9978474729503101,0.000717513261891758,0.0007174611985041172,0.0007175525892940007
doc111,0.2778268810116278,0.21313504921057438,0.00034211298027202636,0.5086959567975259
doc112,0.12143740102060822,0.8733535001284148,0.002604366309054448,0.002604732541922427
doc113,0.3227208905025857,0.674172803826854,0.0015529471455302732,0.0015533585250299704
doc114,0.0007228144898149873,0.9978317605073316,0.0007227252904084945,0.00072269971244502
doc115,0.00198464267581107,0.9940464190920484,0.001984371312352203,0.0019845669197883636
doc116,0.002907704419172027,0.8611169699181525,0.0029077577015460777,0.13306756796112934
doc117,0.0028254615968364965,0.768196205210029,0.22615261391972005,0.0028257192734145523
doc118,0.17558656658432378,0.25328784604071697,0.0020667632082717884,0.5690588241666875
doc119,0.03411923799048815,0.7304151095396727,0.0007074608132279353,0.23475819165661135
doc120,0.3212054205433036,0.0035224444178829466,0.0035221724459361054,0.6717499625928773
doc121,0.00024019724420870387,0.0002402035118737003,0.00024019754472833808,0.9992794016991892
doc122,0.5112340419447334,0.0013444755082333416,0.0013444296887432292,0.48607705285828995
doc123,0.0009142199286183777,0.0009141607830029864,0.9972573736313036,0.0009142456570748919
doc124,0.0009142199286183777,0.0009141607830029864,0.9972573736313036,0.0009142456570748919
doc125,0.669265654539524,0.30183202332626147,0.02712891311871691,0.0017734090154974734
doc126,0.001344463229196152,0.9184606718030369,0.0013443797693945463,0.07885048519837226
doc127,0.0017736196723559562,0.9946793320008883,0.0017732291934813166,0.0017738191332744928
doc128,0.002066913124593634,0.9049728644072532,0.0020664819367855265,0.0908937405313678
doc129,0.996020461744134,0.0013265234633430256,0.0013265178636510287,0.001326496928872104
doc130,0.001712694764399774,0.00171261001342026,0.0017128599324215768,0.9948618352897584
doc131,0.0009488899101465335,0.9971532530327706,0.0009488722826173324,0.000948984774465527
doc132,0.0012288003626045607,0.45449470847020784,0.0012290752077569387,0.5430474159594306
doc133,0.996357969710832,0.0012140472703079499,0.001214008814736803,0.0012139742041232056
doc134,0.3219346057977095,0.4592634321127629,0.0010707932033997968,0.21773116888612784
doc135,0.0008105733527619289,0.7762257290230287,0.06433971242414327,0.1586239852000662
doc136,0.389018961791092,0.001577692333627041,0.001577580140096703,0.6078257657351842
doc137,0.9963582705265105,0.0012139179470359617,0.0012138417831778464,0.001213969743275585
doc138,0.30530714187319835,0.0015066388618416432,0.40691563678279985,0.28627058248216014
doc139,0.20618535331708432,0.3044434657228748,0.0011313522826297672,0.48823982867741106
doc140,0.0023057192217185098,0.0023045590927808866,0.002304926524024493,0.9930847951614762
doc141,0.0012922911067273827,0.4567376882427796,0.06437792607413127,0.4775920945763618
doc142,0.002024597167259711,0.3727504968692688,0.002024489976048411,0.623200415987423
doc143,0.0011189630881587,0.8629854397104731,0.001118701873389706,0.13477689532797843
doc144,0.0013267410651220165,0.7157154980015122,0.001326455360155273,0.2816313055732105
doc145,0.0011188920257588783,0.6608587697916665,0.20423147842434927,0.13379085975822538
doc146,0.0014838736452870884,0.001483941075326799,0.032402373275159865,0.9646298120042263
doc147,0.0004941711270679632,0.0004941936666883822,0.0004941758205182735,0.9985174593857253
doc148,0.2714142884001208,0.2848349543200667,0.44200820849122496,0.0017425487885875815
doc149,0.47689456467141184,0.42587774384153176,0.0012760621007376633,0.09595162938631871
doc150,0.0009401206769344485,0.6381253897544907,0.0009400987351200089,0.35999439083345486
doc151,0.0021100794906290564,0.12226382478223062,0.0021099928236933876,0.8735161029034468
doc152,0.56127147226605,0.002416274350819839,0.00241576295858666,0.4338964904245435
doc153,0.990129623439919,0.0032906561492042465,0.0032899866346051314,0.003289733776271552
doc154,0.4147130033688444,0.2595728860984754,0.0015776130406452132,0.32413649749203494
doc155,0.7115590899650017,0.28422054663262597,0.002109884452515619,0.002110478949856708
doc156,0.5429972415238618,0.001945980852210553,0.45311095702478615,0.001945820599141424
doc157,0.3859707903267055,0.001244118606419585,0.3359276494632517,0.2768574416036233
doc158,0.0022526189753291803,0.07106131503146534,0.0022524839761582202,0.9244335820170473
doc159,0.0013093014419136178,0.1587976326985628,0.0013095208746726858,0.8385835449848509
doc160,0.8792428801572835,0.09924916398973967,0.00037261583314305674,0.021135340019833814
doc161,0.9963134037008926,0.0012289018559567078,0.0012289477075693462,0.0012287467355814022
doc162,0.20019417046889795,0.42758259726189335,0.00046435777367791057,0.37175887449553074
doc163,0.9973062802501915,0.0008979518167012521,0.0008978320861680257,0.0008979358469393421
doc164,0.24328478768406706,0.7548171428749592,0.0009489729098361758,0.0009490965311377345
doc165,0.000436058218580533,0.0004360162850694573,0.8014318745501349,0.19769605094621515
doc166,0.5641635071739183,0.43504703653679583,0.0003947001932325235,0.0003947560960534396
doc167,0.9983814161539921,0.0005395364205942681,0.0005394697857421698,0.0005395776396714427
doc168,0.6631505603560732,0.0019461618480158009,0.001946517129637856,0.33295676066627317
doc169,0.15570364960033178,0.8424678249525713,0.0009141800015155779,0.0009143454455813159
doc170,0.4871579379023059,0.258974982241554,0.0009961595220265515,0.25287092033411346
doc171,0.005155961254753754,0.00515603994521885,0.005155337667775347,0.984532661132252
doc172,0.0010376595005811458,0.6740605336527458,0.21528862079027705,0.10961318605639618
doc173,0.2372073400811154,0.23785487415146683,0.0012439758842274487,0.5236938098831904
doc174,0.21790550537444897,0.5701978989420738,0.000977013303630959,0.21091958237984618
doc175,0.24551420410742628,0.16904759473708153,0.0007226595673568861,0.5847155415881352
doc176,0.1974246452561377,0.2516270424060691,0.0005544265693262581,0.5503938857684669
doc177,0.0008977527352449986,0.0008978671933999835,0.997306615158024,0.0008977649133310858
doc178,0.0008977527352449986,0.0008978671933999835,0.997306615158024,0.0008977649133310858
doc179,0.0015296194022364278,0.995411487262051,0.0015292002065905568,0.0015296931291221053
doc180,0.6660080179393446,0.12719792433088745,0.0015774895725416272,0.20521656815722628
doc181,0.1362375010929684,0.0006520989263042639,0.000651998203418539,0.8624584017773087
doc182,0.0003618814779624036,0.9989143968661239,0.0003618493319237501,0.0003618723239898549
doc183,0.000436058218580533,0.0004360162850694573,0.8014318745501349,0.19769605094621515
doc184,0.41388309662514156,0.0011444576698805785,0.4769263472974556,0.10804609840752226
doc185,0.0011065099071347346,0.05303068525277705,0.024692156501054312,0.921170648339034
doc186,0.5338264290964048,0.0021557388739571193,0.119401921025002,0.3446159110046361
doc187,0.0027479767935593073,0.0027480398183415775,0.04760070305292151,0.9469032803351776
doc188,0.0027479767935593073,0.0027480398183415775,0.04760070305292151,0.9469032803351776
doc189,0.001773519928866759,0.001773482059145913,0.00177329414793438,0.9946797038640529
doc190,0.5590968652035373,0.29220205292453905,0.0007175128877265569,0.14798356898419707
doc191,0.01987072162301871,0.978075403205443,0.0010268644716242472,0.0010270106999139908
doc192,0.1761149503046101,0.8205170787871117,0.0016840706427295796,0.0016839002655487632
doc193,0.0009962969646153748,0.8249628481512603,0.09532357685433966,0.07871727802978466
doc194,0.0022528602731858027,0.0022526267251923165,0.002252616562754552,0.9932418964388673
doc195,0.5896753051823064,0.003402278440126605,0.09139168000060635,0.3155307363769607
doc196,0.22583111863631555,0.3785828990096224,0.0014838193382128858,0.39410216301584927
doc197,0.8024429632963742,0.0011577569717739968,0.0011576413629725355,0.19524163836887934
doc198,0.0029078480879363637,0.002908063382066652,0.0029079942183445964,0.9912760943116524
doc199,0.47573896555606293,0.4007749856814621,0.0006436366592758489,0.12284241210319918
doc200,0.06746798272946511,0.3208074658953147,0.002110568333226394,0.6096139830419938
doc201,0.0009228149402357182,0.09006087473311623,0.0009226346845963348,0.9080936756420517
doc202,0.0014838736452870884,0.001483941075326799,0.032402373275159865,0.9646298120042263
doc203,0.18903811334284332,0.8060101749962331,0.002475441192471038,0.0024762704684526664
doc204,0.0011712359021549717,0.5370132705255661,0.0011711553922905593,0.4606443381799885
doc205,0.13858510196405405,0.00100634545163591,0.15666855969336624,0.7037399928909438
doc206,0.7598221819087639,0.23848779053155916,0.000845193698187802,0.0008448338614892081
doc207,0.0004941711270679632,0.0004941936666883822,0.0004941758205182735,0.9985174593857253
doc208,0.1501214465959179,0.0467527600354027,0.0003161807456569632,0.8028096126230224
doc209,0.9935331823133051,0.0021556681654154777,0.002155539715908924,0.002155609805370416
doc210,0.008067743727745429,0.008072695575731648,0.008064707863746388,0.9757948528327766
doc211,0.06135724578047651,0.3222558131349786,0.0006879602928059445,0.615698980791739
doc212,0.9983814161539921,0.0005395364205942681,0.0005394697857421698,0.0005395776396714427
doc213,0.0012440099366278405,0.9962678689378394,0.0012438703424926868,0.0012442507830400977
doc214,0.7122736150616749,0.2857139135403003,0.0010062175238659884,0.0010062538741588709
doc215,0.0020246041554142615,0.9508219890971312,0.045128580846890906,0.0020248259005636645
doc216,0.9901289963509416,0.003290598742357465,0.0032900643816113876,0.0032903405250895505
doc217,0.1065784266813352,0.8928321549910851,0.0002946910167108733,0.00029472731086874746
doc218,0.08462914903697963,0.9122645546188636,0.0015531059607111152,0.0015531903834456195
doc219,0.003789055511222877,0.0037897497497191646,0.00378865894727855,0.9886325357917795
doc220,0.26804148952349566,0.7305634298435836,0.0006975011329112194,0.0006975795000094284
doc221,0.4342656388172559,0.3417059285883156,0.0008979501959100484,0.22313048239851843
doc222,0.004902908470172682,0.09784570241796559,0.004902544742325446,0.8923488443695362
doc223,0.2476909832043931,0.5366761815949513,0.2136480599218181,0.0019847752788374707
doc224,0.0015063730867756933,0.0015065681742964644,0.12601617268520843,0.8709708860537194
doc225,0.0009961648650927482,0.16222821505395948,0.0009963973350997158,0.8357792227458481
doc226,0.0006355245266571354,0.2987849432047869,0.23168005952090245,0.46889947274765365
doc227,0.0021102655605380553,0.2884299843253539,0.0021099423301372652,0.7073498077839707
doc228,0.0008819296567907464,0.0008820026581083972,0.9973541335581451,0.0008819341269558967
doc229,0.0029079647358884303,0.4897305632135309,0.0029076317352373228,0.5044538403153433
doc230,0.0008819296567907464,0.0008820026581083972,0.9973541335581451,0.0008819341269558967
doc231,0.27526508538320665,0.4916107239077988,0.001199389503325592,0.23192480120566888
doc232,0.10755341523984767,0.6781079509748642,0.04530751616166695,0.1690311176236211
doc233,0.000623617928473143,0.8783870490876022,0.0006235905923380475,0.12036574239158658
doc234,0.6329186652350262,0.36027686592716207,0.0034017923260932074,0.0034026765117184353
doc235,0.24592032295315008,0.7524586073457138,0.0008105062169043745,0.0008105634842317124
doc236,0.00023238371025520582,0.0002324066869024908,0.00023238743867828,0.9993028221641641
doc237,0.0005735568900807205,0.13840302627093504,0.0005735103844237358,0.8604499064545605
doc238,0.23308607604584294,0.3394307120890102,0.002538570204390662,0.4249446416607562
doc239,0.2539244683443393,0.7446805044205497,0.0006974819223351163,0.0006975453127759853
doc240,0.8514491476400989,0.14722943589053133,0.0006606708524406073,0.0006607456169291092
doc241,0.43538967369105275,0.42985158075730123,0.000967315219652283,0.13379143033199378
doc242,0.5112340419447334,0.0013444755082333416,0.0013444296887432292,0.48607705285828995
doc243,0.10064275336334862,0.26855386859136976,0.04137308538139397,0.5894302926638877
doc244,0.002825331722682538,0.6437854745110446,0.0028259722202398233,0.35056322154603303
doc245,0.16714873178941228,0.43423660372236444,0.0013626464843668668,0.3972520180038564
doc246,0.028709161018382924,0.4585872055667347,0.001016424978799564,0.5116872084360828
doc247,0.001506449163704692,0.15060270876584733,0.0015061958924185122,0.8463846461780296
doc248,0.0008978289950595704,0.5876232744143566,0.013940408066653085,0.39753848852393076
doc249,0.47573896555606293,0.4007749856814621,0.0006436366592758489,0.12284241210319918
doc250,0.14330125021051843,0.3887496276944918,0.0017125199505406028,0.4662366021444491
doc251,0.44382517304522745,0.0008899422638631664,0.554394946338721,0.000889938352188395
doc252,0.001484137036341707,0.5734238452076318,0.0014840802131576246,0.4236079375428688
doc253,0.14025903705632667,0.37663406119564063,0.0014205795297641992,0.48168632221826835
doc254,0.0018385495875612127,0.05309989461985663,0.001838623236931097,0.943222932555651
doc255,0.29758254422500263,0.00150633107892455,0.04417713663234305,0.6567339880637298
doc256,0.0004941711270679632,0.0004941936666883822,0.0004941758205182735,0.9985174593857253
doc257,0.7149921263164519,0.28327427779775455,0.0008666693007525715,0.0008669265850409235
doc258,0.5920303298234003,0.40325097991374254,0.002359301049261984,0.0023593892135951354
doc259,0.0020664929228963154,0.6342866005940491,0.0020664638806329777,0.3615804426024216
doc260,0.7201108666423883,0.0005016150934374483,0.15214783902321666,0.12723967924095764
doc261,0.31340409096534666,0.396359683595732,0.0019087956267296983,0.2883274298121916
doc262,0.9074090558903095,0.0006478504232562335,0.0006478416901916737,0.09129525199624274
doc263,0.5874694243385643,0.21293589922520778,0.0018386056675454966,0.19775607076868232
doc264,0.995032251935662,0.0016558267435860929,0.0016558501999146625,0.0016560711208371956
doc265,0.12564293082342828,0.8733279295741271,0.0005145054563268293,0.0005146341461177749
doc266,0.9261471020329556,0.07234193568528362,0.000755488398199034,0.0007554738835617463
doc267,0.0008447594398886758,0.6204110059393203,0.0008447423834184134,0.3778994922373727
doc268,0.0015775263200632544,0.7611646695279916,0.0015776809563314976,0.23568012319561377
