,topics0,topics1,topics2,topics3
doc0,0.0009143122681282734,0.0009142382686268248,0.0009143338353835379,0.9972571156278613
doc1,0.998825086130955,0.0003916696538777674,0.0003916330811595065,0.0003916111340078156
doc2,0.5882620395428632,0.0005801942193486785,0.315209681680253,0.09594808455753519
doc3,0.29611374047425654,0.0018053525843684784,0.7002755464839505,0.0018053604574243976
doc4,0.688903507548104,0.30405279321150175,0.0035219726782515183,0.0035217265621428026
doc5,0.7544657671349528,0.1782578485036079,0.06618211919111397,0.0010942651703252635
doc6,0.001506442857794837,0.245400573995578,0.7515866414443677,0.0015063417022595023
doc7,0.27241446619041165,0.0005225778711911084,0.7178773738135803,0.009185582124817057
doc8,0.6859094365866263,0.21518758759762316,0.0815616372149875,0.017341338600762937
doc9,0.0749983923738151,0.9074578391988402,0.0009490846557608405,0.01659468377158396
doc10,0.0013444477526336459,0.7039871501687206,0.24758530847000187,0.0470830936086439
doc11,0.11005940378524479,0.8889115184954908,0.0005145377373478141,0.0005145399819166646
doc12,0.09186662116144209,0.0006355037358282845,0.8733848939198273,0.0341129811829023
doc13,0.44218526463230134,0.5563999853764714,0.0007074348732481719,0.0007073151179791906
doc14,0.07654109520385273,0.6481761656360772,0.042956459028355244,0.23232628013171483
doc15,0.0009143122681282734,0.0009142382686268248,0.0009143338353835379,0.9972571156278613
doc16,0.0009143122681282734,0.0009142382686268248,0.0009143338353835379,0.9972571156278613
doc17,0.49643473702091817,0.0009963571785161255,0.4884823851635499,0.01408652063701581
doc18,0.1378615952418097,0.18897427524789653,0.6720816808098974,0.0010824487003964966
doc19,0.7407696859029331,0.2585194058179359,0.00035546806686876883,0.00035544021226219735
doc20,0.0014009727572288605,0.1253797572996018,0.8718185893365209,0.0014006806066484661
doc21,0.4950784577583048,0.1593894593568455,0.34496513718365024,0.0005669457011995235
doc22,0.0021558740613174397,0.14635289566161644,0.8493353832310138,0.0021558470460523857
doc23,0.9981746162518318,0.0006084623020558179,0.0006084809655530638,0.0006084404805592144
doc24,0.8940476968574239,0.0008744016420159466,0.10420348901337806,0.0008744124871821398
doc25,0.4178596277068267,0.0004477649779542409,0.5608504531615,0.020842154153719095
doc26,0.9969190594543649,0.0010271150093831237,0.0010270338264072249,0.0010267917098448097
doc27,0.00104854074649042,0.18378033756731815,0.7927543391481464,0.02241678253804494
doc28,0.4979745023814658,0.39662386564025753,0.07110181285265874,0.03429981912561795
doc29,0.4336968554989939,0.2627196136124708,0.24588216266978044,0.05770136821875478
doc30,0.3219089667453942,0.0011851771946064784,0.6300882273602401,0.046817628699759264
doc31,0.7787928785099044,0.1707764983302319,0.04931191713627526,0.0011187060235882508
doc32,0.31430474985568446,0.24066766712699666,0.4440787090726317,0.0009488739446872344
doc33,0.0016838314864769746,0.9116158522523587,0.0016840123719741968,0.08501630388919022
doc34,0.8068481697157508,0.19232311275944794,0.00041439004678921865,0.00041432747801203634
doc35,0.0014207839351031571,0.9957373163990402,0.0014207378435373557,0.0014211618223193205
doc36,0.0035224058231588273,0.9894341418480981,0.003522083317382882,0.003521369011360249
doc37,0.06734916605800328,0.24254553613126917,0.6887610235543196,0.0013442742564078666
doc38,0.3612551073830968,0.1645015791662814,0.47336903541028363,0.0008742780403381435
doc39,0.38220184038362043,0.34752686425769824,0.2700298799085972,0.00024141545008426435
doc40,0.41299885125551516,0.003290820768826732,0.5804201561653697,0.003290171810288502
doc41,0.000931383210138234,0.4423297413910641,0.10085697825713229,0.45588189714166544
doc42,0.0009580540603782811,0.6439814452163477,0.0009580909780739284,0.3541024097452002
doc43,0.0018055973564860093,0.8235313817458755,0.17285759396141656,0.0018054269362220193
doc44,0.001171352495457082,0.0011713145135155644,0.9964862707906754,0.0011710622003520256
doc45,0.000738717510333497,0.5607681550173033,0.4377544741633164,0.0007386533090468618
doc46,0.7269366565594889,0.27072093375531503,0.0011712732064025958,0.0011711364787933764
doc47,0.7968344422723558,0.07376959840569328,0.0807434360994793,0.048652523222471704
doc48,0.21845414374923589,0.0005041528397865437,0.7805375607961966,0.000504142614781007
doc49,0.7894046069926733,0.1951469825313637,0.00034206873748297525,0.015106341738480003
doc50,0.14195923668210467,0.31454122403009327,0.5414748483994449,0.002024690888357152
doc51,0.0009963485231652505,0.0009961652536931327,0.0009961344593945882,0.997011351763747
doc52,0.26851997096306224,0.001016520030808967,0.7075661591677335,0.022897349838395385
doc53,0.6121341980143128,0.07822383187040731,0.21935430545891038,0.0902876646563695
doc54,0.993669128778297,0.0021102432929594457,0.0021102919456332885,0.002110335983110206
doc55,0.8547061481407225,0.0006926924678616068,0.1439084910799875,0.0006926683114285179
doc56,0.8542908264442072,0.14460642053022638,0.0005513814636661089,0.0005513715619001945
doc57,0.0010485126246907236,0.286334452053114,0.7115686199063186,0.0010484154158766957
doc58,0.0017425114348704736,0.0017424531005115808,0.9947725713967657,0.0017424640678522943
doc59,0.5735563588391278,0.42382477742085267,0.001309399429405356,0.0013094643106141383
doc60,0.3083903320114856,0.21241271497005781,0.4545047661441305,0.024692186874326155
doc61,0.0010594986616687158,0.0010596701990436513,0.9968213790086746,0.0010594521306130046
doc62,0.0009963485231652505,0.0009961652536931327,0.0009961344593945882,0.997011351763747
doc63,0.448058095096504,0.0011712448056014847,0.54959941773963,0.001171242358264625
doc64,0.0009963485231652505,0.0009961652536931327,0.0009961344593945882,0.997011351763747
doc65,0.24756845734531074,0.03885471993646296,0.48629970599186123,0.227277116726365
doc66,0.9977334713400824,0.000755545774000612,0.0007555529223500775,0.0007554299635669403
doc67,0.7526618418812577,0.0010826021705522453,0.2451729901063312,0.0010825658418588467
doc68,0.21038186113128227,0.12527702593220047,0.6636974508355844,0.000643662100932839
doc69,0.0019459173732634001,0.9941623820616466,0.0019459462276821872,0.0019457543374076314
doc70,0.2845868739219273,0.0011188646333614076,0.6897259976297452,0.024568263814966244
doc71,0.9515631781990246,0.0015064108739576015,0.04542419440458839,0.0015062165224294995
doc72,0.3417271440063464,0.0015532977559459707,0.6551665457974215,0.0015530124402861622
doc73,0.1533091868093086,0.0011852175929977446,0.8443204770695035,0.0011851185281900882
doc74,0.0006786174993405973,0.0006785388838755687,0.9641791537791594,0.03446368983762437
doc75,0.0006478252089674895,0.44849737249367944,0.5098100634882672,0.041044738809085775
doc76,0.14585947757406312,0.8443333207455679,0.004903259240742123,0.0049039424396269005
doc77,0.12643840561223105,0.8704061445470228,0.0015777840691226833,0.0015776657716235183
doc78,0.001157599929997956,0.9965271730249958,0.0011576063274624316,0.0011576207175437174
doc79,0.21932673231994584,0.6451071388360311,0.13390997132488597,0.0016561575191370518
doc80,0.32593300233679406,0.23451666400761742,0.43822366996584017,0.0013266636897482638
doc81,0.001909357143221012,0.9942729457675572,0.0019090865222339607,0.0019086105669878783
doc82,0.013517596397492487,0.9594480067631076,0.013519771863993106,0.013514624975406866
doc83,0.0015294142962686762,0.9954115681727496,0.0015294457814711568,0.0015295717495106829
doc84,0.001275907786117279,0.44922611191263534,0.5482222756844598,0.0012757046167875528
doc85,0.9975484138600618,0.000817158856936803,0.0008172486751201045,0.000817178607881383
doc86,0.0014839655928809625,0.7050875682178794,0.29194462156729134,0.001483844621948226
doc87,0.9270838042441986,0.0697606638434915,0.0015777238928391106,0.0015778080194708136
doc88,0.03229230526166974,0.0012923933521935148,0.96512308155871,0.0012922198274267884
doc89,0.4238826418122751,0.43773553775530044,0.005156719836348989,0.13322510059607526
doc90,0.31310766617700053,0.0008979278879529232,0.6850965789139551,0.0008978270210913946
doc91,0.05586444171143176,0.4689342520532058,0.47272571732525537,0.0024755889101070964
doc92,0.40728930860277057,0.367625302599207,0.22396648448282258,0.0011189043151997769
doc93,0.3628076639105427,0.2692859083574912,0.32397395240298454,0.043932475328981375
doc94,0.997644665303828,0.0007851675724387516,0.0007851434317371293,0.0007850236919960469
doc95,0.16550328499539055,0.053361183479985766,0.7805587638616662,0.0005767676629575158
doc96,0.21881590131064757,0.6723263371076241,0.10823020247700922,0.0006275591047192656
doc97,0.08705132285200329,0.06574424340515433,0.8459905311839535,0.0012139025588889128
doc98,0.04836550863213433,0.25336334642061703,0.697627540066046,0.0006436048812025366
doc99,0.2772785321319886,0.036710385806209486,0.6855217663865331,0.0004893156752687172
doc100,0.6118285740910173,0.0010944325718807014,0.38598256427518834,0.0010944290619135945
doc101,0.0009961974486042675,0.0826091533428151,0.8951457684787941,0.021248880729786375
doc102,0.002674582734222783,0.41366679121692884,0.5809842601139824,0.0026743659348659214
doc103,0.19707657917061128,0.0005067565345977616,0.8019099791800091,0.0005066851147818875
doc104,0.561742306438769,0.0011064785336205249,0.4360447795624492,0.0011064354651611206
doc105,0.16915920580258828,0.3250397399160593,0.5047186329645525,0.0010824213167999843
doc106,0.0012139157851092063,0.04222989223478902,0.9553423255756137,0.001213866404488043
doc107,0.2877010168006186,0.15533719887195319,0.5540543577634326,0.00290742656399559
doc108,0.5501546114591657,0.4483344067892163,0.000755555615470939,0.0007554261361468784
doc109,0.005156345298914294,0.9065354126301067,0.005156895364205667,0.08315134670677346
doc110,0.2907110604814392,0.5180630191147931,0.1892009664118731,0.0020249539918945044
doc111,0.12003055585976373,0.20752543848253882,0.6706706919065839,0.0017733137511135397
doc112,0.12475063869233599,0.00093148939263514,0.0009314343365302355,0.8733864375784985
doc113,0.12475063869233599,0.00093148939263514,0.0009314343365302355,0.8733864375784985
doc114,0.7229439048225336,0.00129218631994982,0.25571266537202986,0.020051243485486845
doc115,0.9980436450027768,0.0006521164270132083,0.0006520301030553584,0.0006522084671546744
doc116,0.9955479308063706,0.0014840123450023856,0.0014839730979986177,0.001484083750628299
doc117,0.8850990160188362,0.11333068271551262,0.0007851203637778929,0.00078518090187324
doc118,0.27658656789450475,0.12354659817114312,0.5979581092262289,0.001908724708123267
doc119,0.8084378435206389,0.11976854497229511,0.0008520242655103088,0.07094158724155582
doc120,0.0019090492298945016,0.47168611371604113,0.3677326699632199,0.15867216709084445
doc121,0.9927518133987187,0.0024161124813910167,0.0024160811250640763,0.0024159929948263208
doc122,0.2786146322924703,0.0014207328643585653,0.7185437149810386,0.001420919862132482
doc123,0.0017423728741311195,0.9947724922888234,0.0017425521433704256,0.0017425826936750474
doc124,0.4332483946304637,0.17467999272418994,0.3917777880570046,0.000293824588341823
doc125,0.002252761926450323,0.17145629651313535,0.8240382615179399,0.002252680042474402
doc126,0.45558323439424403,0.0011712512711441476,0.5420742693292624,0.00117124500534948
doc127,0.2898285360450234,0.0007442433708704703,0.7086829595762774,0.0007442610078287618
doc128,0.6761009107640414,0.13858793389233207,0.11988156166135015,0.06542959368227637
doc129,0.31595441910365624,0.6774650020502004,0.003290692205663125,0.003289886640480253
doc130,0.282058482645825,0.7145163788670686,0.0017125921413902892,0.0017125463457159694
doc131,0.001462248894542978,0.9956132010860036,0.0014622856491774419,0.001462264370275832
doc132,0.47961175337462847,0.3246820801793514,0.19465774654911738,0.0010484198969027583
doc133,0.8744066063331922,0.0011992801555446239,0.12319494790940909,0.0011991656018539986
doc134,0.4019710894454386,0.5202792963227945,0.07670114719920898,0.0010484670325579641
doc135,0.5501546114591657,0.4483344067892163,0.000755555615470939,0.0007554261361468784
doc136,0.14421685028501743,0.6014348019974388,0.25307254545754726,0.0012758022599966
doc137,0.08827168821177347,0.9107447107448903,0.000491794153285248,0.0004918068900509014
doc138,0.002155866441652956,0.8522800586096715,0.14340843309166657,0.0021556418570090573
doc139,0.3625179502096879,0.6299036664397544,0.00378872990410169,0.0037896534464561026
doc140,0.32481436793059043,0.526818111103513,0.14569309645294554,0.0026744245129509537
doc141,0.8340804802954028,0.16160814670404242,0.0021558282595798657,0.002155544740974902
doc142,0.0014840326810215763,0.2724086409894683,0.7246233322591458,0.001483994070364489
doc143,0.8340804802954028,0.16160814670404242,0.0021558282595798657,0.002155544740974902
doc144,0.6157369774910436,0.2983006586263352,0.08491328318140959,0.0010490807012117022
doc145,0.0015530892292483067,0.2709739908800239,0.7259199588986689,0.0015529609920589321
doc146,0.568854608678368,0.38669352467814505,0.0023592613686046642,0.042092605274882344
doc147,0.7325658802018166,0.2646708263490151,0.0013815888092168708,0.0013817046399513249
doc148,0.474802882385943,0.0032907232166588017,0.5186163699924509,0.0032900244049473885
doc149,0.7661781758771486,0.12316398372911039,0.0013815968985867331,0.10927624349515416
doc150,0.40867888810373665,0.5878953806944929,0.001712870102952773,0.0017128610988177684
doc151,0.6706596417665747,0.0018057007935024807,0.32572936192571683,0.001805295514206155
doc152,0.9866164206231566,0.0008040743620408331,0.0008041233187491245,0.01177538169605341
doc153,0.906407264955147,0.0013626308306060497,0.09086672441912305,0.001363379795123962
doc154,0.002674326516965276,0.0026747501427922082,0.9919765087737379,0.0026744145665045763
doc155,0.4257480594744359,0.000499124179816583,0.0004991597097190469,0.5732536566360286
doc156,0.9990333196894977,0.00032222765032627565,0.00032223732402644994,0.00032221533614957784
doc157,0.0015294323176674198,0.001529420174389515,0.9954118214313835,0.001529326076559508
doc158,0.34353658033746703,0.001401052409641001,0.653661140170643,0.0014012270822491171
doc159,0.3182675858318911,0.1574300367093404,0.3014441820422977,0.22285819541647073
doc160,0.9881867671089961,0.003938127920747263,0.0039376712190954755,0.003937433751161077
doc161,0.0009673582038591712,0.48687314677237153,0.5111922420446691,0.0009672529791000886
doc162,0.0009313959247197466,0.0009313687381968321,0.9972058950209801,0.0009313403161032833
doc163,0.7596704997791877,0.0007612109602705957,0.23880716495377574,0.0007611243067661028
doc164,0.0011993707495868923,0.996401696815293,0.0011994945330444475,0.0011994379020755417
doc165,0.7444292014124543,0.001016595935157918,0.25353776548125867,0.0010164371711291749
doc166,0.5965294015722987,0.40217492461197385,0.0006478723956920865,0.0006478014200352846
doc167,0.7331589494425675,0.0009313762128362769,0.2649783893920657,0.0009312849525304595
doc168,0.0007730174329883587,0.9976807902613706,0.0007730720113980189,0.0007731202942429423
doc169,0.0009863404927578253,0.0009863859650083065,0.0009863005547433381,0.9970409729874906
doc170,0.0009863404927578253,0.0009863859650083065,0.0009863005547433381,0.9970409729874906
doc171,0.0015778717521942919,0.0015778522733102972,0.9952667978015135,0.0015774781729818719
doc172,0.005156428640884481,0.984532578148276,0.005155503211935792,0.005155489998903621
doc173,0.0019847051303077522,0.13035693573144747,0.8656738838380253,0.0019844753002194785
doc174,0.1893574170302847,0.0013626376795411765,0.685138609387794,0.12414133590237991
doc175,0.5073056409705258,0.0019461994972751688,0.38718511495103647,0.10356304458116258
doc176,0.001400931180410351,0.0014011442586517615,0.9957970375997941,0.001400886961143911
doc177,0.8084378435206389,0.11976854497229511,0.0008520242655103088,0.07094158724155582
doc178,0.3425294359084557,0.0017129353779698048,0.6540448736850473,0.0017127550285272607
doc179,0.6242346574989918,0.30902367234864464,0.0021555772235675548,0.06458609292879611
doc180,0.00037832544619204245,0.6876732905300461,0.27181193235663964,0.04013645166712237
doc181,0.0007851788051659006,0.5544627380421124,0.4439670630862587,0.000785020066462902
doc182,0.7962978642101977,0.0012138448291756274,0.20127429511259,0.0012139958480366993
doc183,0.048615737889881945,0.6818655495867252,0.2687457221986483,0.0007729903247445921
doc184,0.31016079198823515,0.12683995549328592,0.5621250021296823,0.0008742503887965749
doc185,0.0027476996392575125,0.0027486081619517598,0.9917562039787159,0.002747488220074682
doc186,0.7047401552970367,0.026816824049028236,0.25247063292746696,0.015972387726468
doc187,0.12539743492276886,0.0013627596659024836,0.8718770902855085,0.0013627151258202826
doc188,0.12209227467173815,0.8407283884697501,0.0014841119547180537,0.03569522490379366
doc189,0.5965294015722987,0.40217492461197385,0.0006478723956920865,0.0006478014200352846
doc190,0.3726171409872516,0.6248312008544606,0.0012758228280646724,0.001275835330223059
doc191,0.6702176742526287,0.3271294483178853,0.001326453286650094,0.0013264241428357932
doc192,0.6403287125075154,0.357791129256592,0.0009401817452783541,0.0009399764906142351
doc193,0.0006695765908227386,0.8067315468269289,0.19192937823588996,0.0006694983463584583
doc194,0.7743831760706914,0.004465906781706035,0.21668531245623737,0.0044656046913652825
doc195,0.002994780912020148,0.837410979877476,0.1054030664522291,0.05419117275827483
doc196,0.002674672361363374,0.9919765606280954,0.0026744553430074784,0.002674311667533631
doc197,0.0014841095623575418,0.9283598304908544,0.001484180947628488,0.06867187899915948
doc198,0.0019460222550170712,0.0019462190586755769,0.9941618196677755,0.0019459390185319386
doc199,0.8386658788898984,0.0026050083942417493,0.0026050754692589816,0.15612403724660084
doc200,0.8327550391943109,0.0008820537430627167,0.15148429569559752,0.014878611367028824
doc201,0.14705856691350574,0.0022527563264268468,0.8484357862886902,0.002252890471377261
doc202,0.42679994860167847,0.0019089086979213643,0.5693826007879865,0.0019085419124136066
doc203,0.1606635343820057,0.31816935365696175,0.5200962804841541,0.0010708314768784768
doc204,0.7282754097926603,0.0007913275772652579,0.15693302304738105,0.11400023958269337
doc205,0.9946797942568841,0.001773459587766257,0.0017735116547474637,0.0017732345006020152
doc206,0.9866164206231566,0.0008040743620408331,0.0008041233187491245,0.01177538169605341
doc207,0.9954806791917645,0.0015064955195361403,0.0015065813719396333,0.0015062439167596617
doc208,0.002110164169650607,0.002110139074399005,0.9936694062837559,0.0021102904721945234
doc209,0.24687512777975068,0.05271774310660933,0.6997987086099197,0.0006084205037202851
doc210,0.15621725783616572,0.2934345818639089,0.5495439757559094,0.0008041845440160268
doc211,0.0004754247842225605,0.00047536101555326326,0.9228721111620306,0.07617710303819365
doc212,0.9974219735950819,0.0008593507844615353,0.0008593532770339758,0.0008593223434225039
doc213,0.05747985145916854,0.25186598334314203,0.6903339646397453,0.0003202005579442154
doc214,0.7796594661025488,0.002475666715214384,0.002476012825488769,0.21538885435674815
doc215,0.875066455752772,0.001082594295538766,0.1227684172786812,0.0010825326730079829
doc216,0.0012597665441992575,0.11826292089479776,0.8792176151558558,0.0012596974051471317
doc217,0.6529374439063049,0.0005702880969994185,0.34592181680407297,0.0005704511926227253
doc218,0.7918985084874739,0.0006975287794647005,0.2067063655661201,0.000697597166941333
doc219,0.3448264543280429,0.0017424873280933006,0.6516886482312046,0.001742410112659278
doc220,0.996566640045377,0.0011445268066598388,0.0011444762751995242,0.001144356872763569
doc221,0.5872247923183626,0.4121892416634698,0.0002929958534313792,0.0002929701647362626
doc222,0.0010945295481204762,0.996716745301131,0.0010944177901305475,0.0010943073606178614
doc223,0.1901451760394372,0.0006606752958909671,0.8085335471918516,0.000660601472820248
doc224,0.0011993707495868923,0.996401696815293,0.0011994945330444475,0.0011994379020755417
doc225,0.005156345298914294,0.9065354126301067,0.005156895364205667,0.08315134670677346
doc226,0.0009863404927578253,0.0009863859650083065,0.0009863005547433381,0.9970409729874906
doc227,0.0009863404927578253,0.0009863859650083065,0.0009863005547433381,0.9970409729874906
doc228,0.7811382537430874,0.21706581232830185,0.0008979662475325726,0.0008979676810782179
doc229,0.4939821348957252,0.0013627587963199745,0.5032924623532805,0.0013626439546743398
doc230,0.7673402186288089,0.23105169807149217,0.0008040966009479423,0.0008039866987510874
doc231,0.6377932877138458,0.25093460856817607,0.11078754156738553,0.0004845621505924165
doc232,0.3358632535152121,0.0012923152269133118,0.6615523259995398,0.0012921052583345178
doc233,0.34353658033746703,0.001401052409641001,0.653661140170643,0.0014012270822491171
doc234,0.00047095958463080776,0.8073830133892961,0.16432199770986947,0.027824029316203713
doc235,0.8084378435206389,0.11976854497229511,0.0008520242655103088,0.07094158724155582
doc236,0.7446251930933093,0.0005975034440518905,0.2541797440668239,0.0005975593958148524
doc237,0.004274333723430161,0.6398137363007188,0.3516378559229026,0.004274074052948323
doc238,0.0007554270124585437,0.9977337161852361,0.0007554621870133098,0.0007553946152919607
doc239,0.0022032526195367697,0.22723865964145276,0.7683552847031824,0.0022028030358281696
doc240,0.13455299476549742,0.32109305937712257,0.5428007841304281,0.0015531617269518496
doc241,0.7234831132600265,0.17022979102625005,0.0005119390729758158,0.10577515664074762
doc242,0.7922705259863109,0.20681347248209775,0.00045801295740214334,0.0004579885741891428
doc243,0.9639803974409012,0.0007975977946452433,0.03442445595187865,0.0007975488125748609
doc244,0.0012440362306708386,0.9962680396045721,0.0012439851642809658,0.0012439390004760405
doc245,0.16579051987306778,0.0003963027133116099,0.8194079994890031,0.014405177924617565
doc246,0.21507321616923283,0.6010538681218401,0.18265899694197862,0.0012139187669485852
doc247,0.7378429510530149,0.2601445040480594,0.0010063077868142885,0.0010062371121113867
doc248,0.0018732235988180295,0.545508814451149,0.45074499597095796,0.0018729659790750486
doc249,0.4280448712472208,0.5678215950964443,0.0020668987934082846,0.002066634862926845
doc250,0.002604599832624097,0.44933064043128873,0.5454604942801153,0.002604265455971713
doc251,0.6734107421241885,0.11299949134611649,0.2109851440556794,0.0026046224740157685
doc252,0.4257480594744359,0.000499124179816583,0.0004991597097190469,0.5732536566360286
doc253,0.14705856691350574,0.0022527563264268468,0.8484357862886902,0.002252890471377261
doc254,0.001144395565211304,0.0011443790170162752,0.9965669970857373,0.0011442283320351927
doc255,0.3769054237405874,0.39517168057435526,0.004903220222007835,0.2230196754630496
doc256,0.9980813925149071,0.0006395660617754445,0.0006395327155311377,0.0006395087077862865
doc257,0.6193636318820237,0.0009143541983368008,0.37880773484768665,0.0009142790719527651
doc258,0.0016839996625265929,0.0016840657356877087,0.9949478563869808,0.0016840782148048684
doc259,0.6616982489776738,0.03177625655450081,0.3060239119144752,0.0005015825533501692
doc260,0.8567772067037391,0.13740679519543117,0.00290788051802794,0.002908117582801798
doc261,0.7562212837792632,0.0007976480494512561,0.24218343470360648,0.0007976334676789859
doc262,0.0008899657753701101,0.0008898811260354509,0.9973302908254253,0.00088986227316909
doc263,0.38220184038362043,0.34752686425769824,0.2700298799085972,0.00024141545008426435
doc264,0.0014841906994452797,0.3407740255401919,0.6562578643364504,0.0014839194239122029
doc265,0.30852787886511523,0.0384319303148065,0.5475637017033664,0.10547648911671183
doc266,0.07565724154868395,0.24479271133953887,0.5345244483796657,0.14502559873211138
doc267,0.001400931854739529,0.001401035037941021,0.9957971185767484,0.0014009145305712374
doc268,0.6373598255571555,0.0011852227468159987,0.3602699902241487,0.0011849614718797941
doc269,0.4429581048563151,0.00034685406798696486,0.55634820834093,0.000346832734767739
doc270,0.18151868824849582,0.0018387449308885546,0.8148040387898179,0.0018385280307977848
doc271,0.0008743953541339433,0.0008743433334371168,0.9973769754457671,0.0008742858666617426
doc272,0.0021558565995649843,0.0021563516661150333,0.9935319971369752,0.0021557945973448983
doc273,0.7263644124987121,0.001602899048948403,0.2704300465348125,0.0016026419175270271
doc274,0.000785131739853909,0.970577940109218,0.0007851685906872661,0.02785175956024082
doc275,0.0005802345759168682,0.8145719244698295,0.18426768628428478,0.0005801546699688689
doc276,0.44364796598755124,0.5547177288432518,0.0008172217812840522,0.0008170833879129457
doc277,0.8273397093338197,0.1719943519382139,0.00033296978505013776,0.00033296894291615065
doc278,0.3675340120928914,0.6033465059838125,0.002066838093354309,0.02705264382994163
doc279,0.3769054237405874,0.39517168057435526,0.004903220222007835,0.2230196754630496
doc280,0.0009863404927578253,0.0009863859650083065,0.0009863005547433381,0.9970409729874906
doc281,0.0009863404927578253,0.0009863859650083065,0.0009863005547433381,0.9970409729874906
doc282,0.5385073203021915,0.003938392370142396,0.3308381574660919,0.12671612986157432
doc283,0.9974219735950819,0.0008593507844615353,0.0008593532770339758,0.0008593223434225039
doc284,0.00083783298980925,0.23294823941584414,0.7653762102739766,0.0008377173203699675
doc285,0.0008899657753701101,0.0008898811260354509,0.9973302908254253,0.00088986227316909
doc286,0.0008377958671394525,0.04155414216744665,0.9567704185422403,0.0008376434231736214
doc287,0.002748021265365925,0.991756543675618,0.002747615653113877,0.0027478194059020753
doc288,0.9991106183579465,0.0002964791985506937,0.00029646802665704634,0.0002964344168458546
doc289,0.280833976891079,0.6409175596661163,0.0009864228070712226,0.07726204063573344
doc290,0.11401687984367784,0.8849098966050234,0.0005366154338924317,0.0005366081174063725
doc291,0.35499910172761,0.0007073875236246157,0.6211736300364061,0.023119880712359226
doc292,0.6784014813104061,0.15767105043060572,0.15472182896751982,0.009205639291468285
doc293,0.23157283388641225,0.4347430379225372,0.27932331833221113,0.05436080985883949
doc294,0.8920949993566485,0.10735603462059676,0.00027448269018497454,0.0002744833325695804
doc295,0.34643650568390594,0.6299254219036747,0.000342086853150816,0.023295985559268612
doc296,0.9368159465655966,0.0007851348952970539,0.061613562624521674,0.0007853559145847012
doc297,0.4065383110043061,0.0008377816029184357,0.5917862382363875,0.0008376691563880238
doc298,0.6337367599922923,0.1916504221996114,0.1737068917253983,0.0009059260826980243
doc299,0.003087193165337991,0.26588338841963594,0.7279424876148399,0.003086930800186105
doc300,0.5771939658302674,0.28450100463020705,0.1372886544047483,0.0010163751347773084
doc301,0.0005575599428754327,0.8559380071490178,0.1429469494780241,0.0005574834300827088
doc302,0.0007023948227968767,0.9978928179039112,0.0007024330276081702,0.0007023542456838742
doc303,0.0011853024067488298,0.9964440887564627,0.001185271438435605,0.0011853373983527985
doc304,0.4206711231146595,0.5746108885436995,0.002359198700530018,0.0023587896411109105
doc305,0.05805730419175019,0.8928055108613476,0.04859477042959637,0.0005424145173058268
doc306,0.4444534465301613,0.5501974714379801,0.0026745086351005615,0.002674573396757966
doc307,0.49525886127473295,0.5039787847719251,0.00038121027010460935,0.0003811436832371795
doc308,0.5460102990179347,0.0015064582551981734,0.4509770336888854,0.0015062090379816184
doc309,0.7771152113858583,0.002203322557910204,0.2184783363611691,0.0022031296950623777
doc310,0.6530867755882236,0.0005041551456612364,0.30849116994116005,0.03791789932495511
doc311,0.3085689934935221,0.6897965918016303,0.0008172656097483359,0.0008171490950990448
doc312,0.16579051987306778,0.0003963027133116099,0.8194079994890031,0.014405177924617565
doc313,0.8273397093338197,0.1719943519382139,0.00033296978505013776,0.00033296894291615065
doc314,0.11777566002772655,0.003290266791304615,0.8756441675843392,0.003289905596629657
doc315,0.9256631307394468,0.05377861890455931,0.020241146511153597,0.00031710384484014685
doc316,0.8570488653201035,0.14206361082692767,0.00044379632423253935,0.00044372752873638913
doc317,0.34455369165584315,0.17722379886964876,0.47762494089475277,0.0005975685797553556
doc318,0.00045592525231376296,0.12092925340011651,0.8781589692782042,0.00045585206936539616
doc319,0.38277281365606364,0.07726614988325876,0.36899840185916244,0.17096263460151523
doc320,0.871283011187685,0.0010596410394828702,0.1265977321072214,0.0010596156656106912
doc321,0.04360607186505971,0.0008821300499844616,0.9546298146451021,0.0008819834398536865
doc322,0.512676539623185,0.2720253529193335,0.21481815409686064,0.0004799533606207065
doc323,0.0020667807045566264,0.0020664307447825015,0.9938004017440907,0.0020663868065700975
doc324,0.9968545995218936,0.0010484320907202095,0.0010485150097765173,0.0010484533776095712
doc325,0.0012139717948660151,0.0012137293061389729,0.996358529290355,0.0012137696086400454
doc326,0.25856628846111596,0.7402996907458116,0.0005670214043030483,0.0005669993887695879
doc327,0.4728881363214934,0.0006315111697988637,0.5258489404802418,0.0006314120284659785
doc328,0.0006832895303010832,0.4917360313716505,0.30868556582966516,0.19889511326838336
doc329,0.44364796598755124,0.5547177288432518,0.0008172217812840522,0.0008170833879129457
doc330,0.1413794540416634,0.8170969928214038,0.0006927268613079716,0.04083082627562466
doc331,0.8834925864517847,0.00087440057740967,0.11475839342049779,0.0008746195503077182
doc332,0.0004643720670992522,0.17960949077587088,0.8194618199049994,0.00046431725203042204
doc333,0.0009400506438040772,0.0009402467419421345,0.000940119774007184,0.9971795828402467
doc334,0.0009400506438040772,0.0009402467419421345,0.000940119774007184,0.9971795828402467
doc335,0.2948596452420215,0.5018832979304596,0.20264115910360186,0.0006158977239171247
doc336,0.00045592525231376296,0.12092925340011651,0.8781589692782042,0.00045585206936539616
doc337,0.8665916346477577,0.13253632056608175,0.0004360552525844906,0.00043598953357607803
doc338,0.43704904602667655,0.0010483526568612624,0.5608542918217313,0.0010483094947309115
doc339,0.9991106183579465,0.0002964791985506937,0.00029646802665704634,0.0002964344168458546
doc340,0.292765671339569,0.538460971686799,0.16711727122048625,0.0016560857531457902
doc341,0.280833976891079,0.6409175596661163,0.0009864228070712226,0.07726204063573344
doc342,0.0010825546645427911,0.06254303350399096,0.9352920383941729,0.0010823734372934696
doc343,0.0006084852415914746,0.9981746279552177,0.000608547085168087,0.0006083397180227109
doc344,0.0017735410539551617,0.9946796346695381,0.0017733217206198876,0.001773502555886804
doc345,0.0020251173017455516,0.5970096610974512,0.3989404512690744,0.0020247703317286692
doc346,0.9256631307394468,0.05377861890455931,0.020241146511153597,0.00031710384484014685
doc347,0.3547499647334983,0.42233360114038593,0.16988700378587593,0.05302943034023988
doc348,0.0007790145420507878,0.3071496470137866,0.6912924083020947,0.0007789301420679186
doc349,0.4728446408118405,0.001984752858291659,0.52318591444176,0.0019846918881078045
doc350,0.9100010866492247,0.08131414697093745,0.0003856005418385032,0.008299165837999075
doc351,0.4800235296757144,0.25022706274795337,0.25201991858982464,0.017729488986507603
doc352,0.996172050462244,0.0012760909427125544,0.001275904033421956,0.0012759545616214652
doc353,0.0019089875861094546,0.0019088171135390544,0.9942735189735223,0.0019086763268291766
doc354,0.8743509185989118,0.09537907201248699,0.0009401628215966871,0.029329846567004554
doc355,0.9962207050241,0.0012597943590963326,0.0012596720750477576,0.001259828541755838
doc356,0.0012597815994159053,0.996220547950153,0.0012600628272048673,0.0012596076232262578
doc357,0.17829214577747352,0.5110320891739655,0.1612360889863779,0.149439676062183
doc358,0.0007730867268563026,0.9813508993423722,0.0007730053485150281,0.01710300858225642
doc359,0.4600082361416285,0.5349146079831081,0.002538741151321088,0.0025384147239422856
doc360,0.11401687984367784,0.8849098966050234,0.0005366154338924317,0.0005366081174063725
doc361,0.0017426065654065524,0.9255552493353381,0.0017429301246848447,0.07095921397457056
doc362,0.0005575599428754327,0.8559380071490178,0.1429469494780241,0.0005574834300827088
doc363,0.11325089629191545,0.8834910251155478,0.0016291778141020346,0.00162890077843486
doc364,0.8643054915913481,0.1346707461939708,0.0005119408784602488,0.0005118213362207927
doc365,0.0029080019739806703,0.6585514779942568,0.25476141066185104,0.08377910936991155
doc366,0.8273397093338197,0.1719943519382139,0.00033296978505013776,0.00033296894291615065
doc367,0.6530867755882236,0.0005041551456612364,0.30849116994116005,0.03791789932495511
doc368,0.49525886127473295,0.5039787847719251,0.00038121027010460935,0.0003811436832371795
doc369,0.0021558565995649843,0.0021563516661150333,0.9935319971369752,0.0021557945973448983
doc370,0.8325141298465472,0.10616289197992052,0.060382473582427904,0.0009405045911044944
doc371,0.7263644124987121,0.001602899048948403,0.2704300465348125,0.0016026419175270271
doc372,0.43704904602667655,0.0010483526568612624,0.5608542918217313,0.0010483094947309115
doc373,0.0028254605658457835,0.24139577753808417,0.7529533305422516,0.002825431353818557
doc374,0.9938005122394437,0.0020666636594819003,0.0020665753002820195,0.002066248800792515
doc375,0.2552840979959467,0.00040592575127484915,0.7439040597647888,0.0004059164879897692
doc376,0.6637046846276082,0.0007612260977516354,0.33477295453876005,0.0007611347358800866
doc377,0.002538978133793864,0.9923836971880534,0.002538932191609303,0.0025383924865435207
doc378,0.49135165567875166,0.0035223146887506697,0.11800745389912762,0.38711857573337
doc379,0.45342231397705324,0.12231804892345807,0.4235098413198824,0.0007497957796061804
doc380,0.8758498938060708,0.06706956761098096,0.05642852180598179,0.0006520167769665658
doc381,0.731268301683237,0.21121209217771675,0.05668889181957201,0.0008307143194742694
doc382,0.0010485828641270344,0.07190680922129661,0.9259961357846249,0.0010484721299514532
doc383,0.9973997046657966,0.0008667625499948993,0.0008668451853939142,0.0008666875988146793
doc384,0.5967620472330825,0.2885879277363075,0.11385867812859606,0.0007913469020140147
doc385,0.9270217035787741,0.07169090690975077,0.0006437283591674968,0.0006436611523074345
doc386,0.9959117693242655,0.0013629965395256143,0.0013626681407989346,0.0013625659954098197
doc387,0.000744269135808004,0.9182622655713669,0.0007443324469183574,0.08024913284590675
doc388,0.47135804756189137,0.21735327586549644,0.2630694454963803,0.04821923107623181
doc389,0.0034023287753660726,0.9897930248155241,0.003402347781049877,0.003402298628059963
doc390,0.9954115069929883,0.001529507753101861,0.0015295886140133026,0.0015293966398965116
doc391,0.7583935792684461,0.16029498905029876,0.0014840562475059913,0.0798273754337492
doc392,0.0008593165848668016,0.145603720993963,0.0008593421326137914,0.8526776202885564
doc393,0.0008593165848668016,0.145603720993963,0.0008593421326137914,0.8526776202885564
doc394,0.9976812267663251,0.0007729322219607523,0.0007729613608034552,0.00077287965091066
doc395,0.5802443433593287,0.0005366495566099187,0.4186823940150579,0.0005366130690034676
doc396,0.2864036576163007,0.0015533054745252445,0.7104898548144922,0.0015531820946819515
doc397,0.0004643720670992522,0.17960949077587088,0.8194618199049994,0.00046431725203042204
doc398,0.9984485064693583,0.0005171676762286266,0.0005171888494641314,0.0005171370049487403
doc399,0.0006740747994453254,0.40442787329395136,0.5942239836180174,0.0006740682885860213
doc400,0.0018055421142827367,0.8740153027823555,0.12237381361250434,0.0018053414908575569
doc401,0.679334977436577,0.0014840985327864691,0.3176968148878005,0.0014841091428361981
doc402,0.07168415537719455,0.0012599073725079147,0.9257957507075143,0.001260186542783261
doc403,0.7784335323096208,0.0024761466167183663,0.2166147331418642,0.0024755879317966325
doc404,0.49135165567875166,0.0035223146887506697,0.11800745389912762,0.38711857573337
doc405,0.6581283846718601,0.0007554787948072664,0.3403607510094842,0.0007553855238484322
doc406,0.29671618490241636,0.21052449937332432,0.49232520036930627,0.00043411535495309914
doc407,0.5653431494570269,0.0023588113014697707,0.42993935231693375,0.002358686924569536
doc408,0.9333880279320587,0.0003222667448101352,0.017056823753541006,0.04923288156959022
doc409,0.8473114445070715,0.07527338150355206,0.00042315418192030653,0.0769920198074561
doc410,0.996172050462244,0.0012760909427125544,0.001275904033421956,0.0012759545616214652
doc411,0.42079554249700946,0.431340172308061,0.1465377223918033,0.0013265628031261245
doc412,0.7275276729155145,0.08194795473120582,0.18943004589256038,0.0010943264607193022
doc413,0.6522476009385486,0.34495069614240653,0.0014009778335545122,0.0014007250854903975
doc414,0.7009488351600514,0.000890008429658102,0.29727128954194515,0.0008898668683453398
doc415,0.7119050745607598,0.2840451806915922,0.0020247125386207584,0.0020250322090271874
doc416,0.6344806033929195,0.18121951544937517,0.18300763790075927,0.0012922432569462004
doc417,0.9923839981161914,0.0025388261347709983,0.0025388036041960253,0.0025383721448415243
doc418,0.11325089629191545,0.8834910251155478,0.0016291778141020346,0.00162890077843486
doc419,0.004674221069851046,0.9859772273772027,0.0046747377758668655,0.0046738137770794145
doc420,0.0005575599428754327,0.8559380071490178,0.1429469494780241,0.0005574834300827088
doc421,0.004674221069851046,0.9859772273772027,0.0046747377758668655,0.0046738137770794145
doc422,0.15436330573238144,0.6499376235202726,0.19279167478996598,0.0029073959573799654
doc423,0.9957378295438509,0.0014208220779905678,0.0014207339060643646,0.0014206144720941454
doc424,0.0015533603000482806,0.11668945837954993,0.8802038883059244,0.0015532930144772506
doc425,0.25856628846111596,0.7402996907458116,0.0005670214043030483,0.0005669993887695879
doc426,0.6924799010158063,0.3050623567502785,0.0012289006288603193,0.0012288416050548667
doc427,0.0011577016953313382,0.09046952556940616,0.9072150510191187,0.0011577217161439063
doc428,0.001157574462947301,0.0011576678984169283,0.9965272301591461,0.0011575274794897754
doc429,0.4964156908748368,0.001441147463434161,0.5007020040358572,0.001441157625871883
doc430,0.0020251173017455516,0.5970096610974512,0.3989404512690744,0.0020247703317286692
doc431,0.9662966729480482,0.0012137861867211692,0.03127579137559659,0.001213749489633959
doc432,0.17276885222866045,0.28243135416615306,0.543901887758468,0.0008979058467184208
doc433,0.7751670290139636,0.0012441558740145112,0.22234475631287204,0.0012440587991497947
doc434,0.2913329397309988,0.0008377338842838033,0.7069913843156215,0.0008379420690960356
doc435,0.9966056270743308,0.0011314517820185544,0.0011315611669924155,0.0011313599766582373
doc436,0.5603715802154278,0.0008172020028182235,0.43799409552974194,0.0008171222520121042
doc437,0.9859753008086758,0.004676834198833008,0.004674368777278559,0.004673496215212636
doc438,0.6190244329023905,0.0016839610305625777,0.3776076363492138,0.0016839697178331159
doc439,0.002252918061688643,0.0022527424783297086,0.9932417777359723,0.00225256172400946
doc440,0.0026047066671970967,0.7234601608743251,0.2713306097135193,0.002604522744958563
doc441,0.0031854430969365894,0.003185349003165878,0.9904443284803959,0.003184879419501656
doc442,0.16852694321105544,0.8181222253175929,0.01274247971796321,0.0006083517533883643
doc443,0.0010485113742475544,0.8251388967569581,0.17276420858425562,0.0010483832845387105
doc444,0.0010376455085045796,0.0010376049735879875,0.0010375028053998354,0.9968872467125076
doc445,0.0010376455085045796,0.0010376049735879875,0.0010375028053998354,0.9968872467125076
doc446,0.45342231397705324,0.12231804892345807,0.4235098413198824,0.0007497957796061804
doc447,0.5689303578375163,0.08916074090186103,0.3033158595362966,0.03859304172432598
doc448,0.9954801232841299,0.0015062124423665631,0.0015065601540001296,0.0015071041195034408
doc449,0.2679780162695768,0.7285965325802419,0.0017127761479259131,0.0017126750022553052
