,topics0,topics1,topics2,topics3,topics4,topics5
doc0,0.9252559348019617,0.0017990538579892804,0.06754796428323279,0.0017990392890588674,0.0017989649980619839,0.0017990427696955268
doc1,0.5006444372020928,0.49729961350025653,0.0005139598836939947,0.0005139673061434383,0.0005140109922095726,0.0005140111156036238
doc2,0.11487271751851941,0.6154767659547995,0.0008294374594123727,0.0008292587414409133,0.26716241557849013,0.0008294047473377807
doc3,0.0005569144652655143,0.0005568843664523989,0.0005570658295291473,0.0005569882469015587,0.436296798123255,0.5614753489685963
doc4,0.31421456157825356,0.0012258542594400538,0.5135094099732141,0.0012256752140591463,0.16859862712130977,0.0012258718537231528
doc5,0.15130561727466946,0.0007217092488921295,0.0007217060474393618,0.056005849820641,0.0007216439937190821,0.7905234736146389
doc6,0.43116894062303224,0.0015017489024508907,0.0015021654626191157,0.001501716578751635,0.4478596797732251,0.1164657486599211
doc7,0.13438001723508686,0.19929263074862583,0.05844304409686878,0.1905140679151703,0.0014580414622760661,0.41591219854197226
doc8,0.24367037139179135,0.22082348147542372,0.264906932689387,0.0006641107826889956,0.0006641292305125787,0.2692709744301963
doc9,0.08471902689378884,0.001340641627646163,0.9099177681438999,0.0013410800661437527,0.0013407044079960877,0.0013407788605250743
doc10,0.0008027509163665864,0.0008026892545585602,0.6270295253344699,0.000802658101118812,0.0008027148091758207,0.3697596615843103
doc11,0.22470469022388254,0.3378037401682526,0.42102324391200935,0.000607689243275003,0.015252950073384244,0.0006076863791962139
doc12,0.8819164213044288,0.0007376709460226152,0.11513271377400339,0.000737612308407902,0.0007377575217614821,0.0007378241453757885
doc13,0.0009942241665721972,0.0009942353085857396,0.0009943305676115813,0.9950283491431967,0.0009943603765736012,0.0009945004374600636
doc14,0.0009942241665721972,0.0009942353085857396,0.0009943305676115813,0.9950283491431967,0.0009943603765736012,0.0009945004374600636
doc15,0.1597229602256302,0.5631613678034534,0.0011550966051557708,0.0011550453036489408,0.0011550035748561275,0.2736505264872556
doc16,0.0010145276330381587,0.2769601944081293,0.3314941054876306,0.0010144350446102046,0.3885022199212127,0.0010145175053790365
doc17,0.0006823257061510376,0.0006824133239179972,0.05801211740202092,0.0006823335444612085,0.7811165061962683,0.15882430382718057
doc18,0.09075730917939591,0.6423330852622247,0.10329166632989202,0.012136435426338485,0.0005011430452585341,0.15098036075689042
doc19,0.08029805713232285,0.07304640907347916,0.1838975724921865,0.000888300641639799,0.6609813360055854,0.0008883246547862147
doc20,0.004630235664501787,0.004630853793812738,0.9768465460785255,0.0046324375233011295,0.004630086707008028,0.004629840232850715
doc21,0.02579283378830447,0.0004841329802987854,0.00048418055303133136,0.0004841131774986816,0.924037377597761,0.04871736190310573
doc22,0.4727549381768494,0.00076003754946131,0.2746069827034196,0.09561517950040994,0.0007601829523091659,0.15550267911755053
doc23,0.24818040376127432,0.650016628861132,0.09075654802107014,0.00999678256772244,0.000524806588567112,0.0005248302002339075
doc24,0.0005728612042451903,0.24722711912792678,0.21912640601268707,0.0005728272701761671,0.0005729115232938933,0.5319278748616709
doc25,0.7639050110032684,0.0017366774096343775,0.2291484878109979,0.001736630511794025,0.0017365270153313185,0.0017366662489741033
doc26,0.18728654795656643,0.2313259645215973,0.5394736907813703,0.041321239213899005,0.0002962575932414752,0.0002962999333253988
doc27,0.0794891450785612,0.13750201491004077,0.0012890241884068144,0.001288771490083566,0.0012888296424252823,0.7791422146904823
doc28,0.1994257006297115,0.041724241654514715,0.0012889907382602024,0.001288813858010064,0.001288901810186384,0.754983351309317
doc29,0.0009297115035848977,0.22221489368210956,0.6618927530609253,0.0009295054820367391,0.0009295678657897483,0.11310356840555366
doc30,0.5728033945033988,0.22555784207390037,0.0007839818208822712,0.0007838104731183956,0.1992870646630697,0.0007839064656304096
doc31,0.342276334411903,0.002404645629249755,0.5310739796139291,0.002404888307417482,0.0024043861053437924,0.11943576593215686
doc32,0.0024042810065517816,0.11192216698261692,0.8784605821478869,0.002404473477512007,0.002404287204873691,0.0024042091805586236
doc33,0.0013969779384631848,0.001396959458488344,0.9930146174533926,0.00139716301468991,0.0013971324343314898,0.0013971497006344809
doc34,0.6197103370168686,0.34254249829272737,0.00943703047655899,0.009435149539878783,0.009438478653484055,0.009436506020482353
doc35,0.2876511513586935,0.002242916319470803,0.7033778225943972,0.002242486889771899,0.0022428781714761863,0.00224274466619039
doc36,0.0033794831739068897,0.003379876320405322,0.9831013134557439,0.0033801152234825124,0.0033792190874022045,0.003379992739059102
doc37,0.002058131865978805,0.3565323471534926,0.6352355935111297,0.002057896916403504,0.002057977039817679,0.0020580535131777974
doc38,0.0008159584120005369,0.0008158366035279658,0.6415778690404321,0.3551586002551896,0.0008159042138422998,0.0008158314750074762
doc39,0.0010687474632408275,0.001068665524271082,0.4779766275396661,0.0010685609376273773,0.5177487584977825,0.0010686400374122268
doc40,0.9270459602205245,0.0006917397893609368,0.000691732786123051,0.0006917291167065496,0.000691780066241615,0.07018705802104336
doc41,0.6890717106363705,0.0017072028556036943,0.0017069135135102415,0.001706732869864926,0.0017067217821987591,0.3041007183424518
doc42,0.0007321439338294336,0.0007321273025916665,0.9963391747663548,0.0007321619111722234,0.000732185199101571,0.0007322068869500975
doc43,0.3078471567062076,0.6744500358578006,0.004425495045326134,0.004425218312705397,0.004426655843474607,0.004425438234485481
doc44,0.3304797793390667,0.00043563766536198936,0.6677776273016834,0.0004356311736018063,0.0004356453230847561,0.0004356791972013177
doc45,0.0016505771020277262,0.0016503864844169415,0.07713048797258347,0.0016505394009934656,0.9162672579108836,0.0016507511290948234
doc46,0.00041402483074309376,0.0004140017960639364,0.000414004584897643,0.00041398388786925884,0.8828353765020012,0.1155086083984249
doc47,0.0007839495325887134,0.0007839030171552288,0.0007839590773359597,0.0007838082079186699,0.6803170378747736,0.31654734229022774
doc48,0.002146465033551498,0.002146377147055571,0.0021465353535614594,0.002147172181565176,0.7952753275625826,0.19613812272168366
doc49,0.7581967467166796,0.005103591501030239,0.005102992502770861,0.0051030887829160805,0.005104038249320538,0.22138954224728277
doc50,0.806214822410833,0.0018320198211072738,0.0018322495436682254,0.022343596350119833,0.0018319441701380357,0.1659453677041335
doc51,0.2040866461637984,0.6210621353570318,0.17343307850316772,0.00047269543714400565,0.00047273676297251,0.00047270777588568366
doc52,0.0011418335342857956,0.001141836068445082,0.001141880458771662,0.001141751738312163,0.601096027616965,0.3943366705832203
doc53,0.11829876381697828,0.0012566815963815504,0.25241565885497097,0.0012566770707092454,0.001256498763230919,0.6255157198977291
doc54,0.4028846675047983,0.002463598780748723,0.002463710666291322,0.002463794016843267,0.3557383593783159,0.23398586965300253
doc55,0.020682234229902525,0.30175025849551923,0.26296027688704365,0.0016506986431054176,0.4113059945278782,0.0016505372165510675
doc56,0.003068182962016171,0.0030681645802725353,0.0030684770930538654,0.003068200570043448,0.9846582401498264,0.003068734644787616
doc57,0.0015248975292856827,0.5781604825421116,0.10947140341921874,0.0015246624476522926,0.30779386604117753,0.001524688020554225
doc58,0.0013058010219156408,0.0013056948985223672,0.0013058277075190148,0.12870352902584348,0.8660732941615961,0.0013058531846033463
doc59,0.2705325058963132,0.11819719582230404,0.21273712456511565,0.0006776941061356901,0.0006777129673366052,0.397177766642795
doc60,0.0012889919562580556,0.0012889688861240046,0.8687769768741063,0.0012888459939960795,0.001289007907085114,0.12606720838243052
doc61,0.000651257166797668,0.000651188959549263,0.6829559486134233,0.000651180618973474,0.0006512214280269342,0.31443920321322927
doc62,0.0714506279572543,0.7333818753906421,0.0011686439989170145,0.0011683660293399184,0.0011685680692349212,0.19166191855461168
doc63,0.0013592429951101545,0.3475277703140547,0.0013591406007353983,0.15066447888177278,0.0013591133852676408,0.4977302538230594
doc64,0.0009472231808227458,0.0009474916416396565,0.0009471290436369063,0.9952637461169841,0.0009473104706228959,0.0009470995462937325
doc65,0.0009472231808227458,0.0009474916416396565,0.0009471290436369063,0.9952637461169841,0.0009473104706228959,0.0009470995462937325
doc66,0.0010461748640142265,0.9947689667813343,0.0010463081823256983,0.0010461841344309834,0.001046196966067471,0.0010461690718271467
doc67,0.2913728454064954,0.30780326897927945,0.3989785644112851,0.0006150707074210367,0.0006151288350456495,0.0006151216604732845
doc68,0.002242596566229202,0.8816520542870249,0.002242570376689542,0.002242666687624484,0.1093773021308895,0.0022428099515422817
doc69,0.20618518509310504,0.0012891140863749387,0.6279337871405504,0.0012888097170933328,0.1620141384680273,0.0012889654948490038
doc70,0.68929900129509,0.002146573307281338,0.30211527107569197,0.0021463341143104454,0.002146263768946923,0.0021465564386790766
doc71,0.3249126214575328,0.12234653311638768,0.0009750514210200227,0.000974808059196998,0.0009748701075445855,0.549816115838318
doc72,0.14673429707328747,0.0009562903307383775,0.0009563044019802235,0.02372690243553949,0.25155724188892875,0.5760689638695257
doc73,0.0019386403367457246,0.7259393479909019,0.17464992390880074,0.0019384384510192903,0.09359515791774946,0.001938491394782868
doc74,0.003164890985657382,0.14580682849025833,0.7955237810979325,0.003164764932768202,0.0031647896215968225,0.049174944871786815
doc75,0.18014945462128393,0.001256783755979306,0.6190735567377266,0.11036772711278699,0.0012566103036408256,0.08789586746858238
doc76,0.40176896950843966,0.5933279046693429,0.0012256781219272927,0.0012256660197682177,0.001225772633158591,0.001226009047363421
doc77,0.0014796576634664512,0.49228097946524463,0.5018002414276138,0.0014795586960616224,0.0014799772341767149,0.001479585513436668
doc78,0.5462317348369379,0.3509825199631501,0.0010462664753942178,0.0010461528318076363,0.0010464135162622588,0.09964691237644793
doc79,0.2984878554499002,0.0012726465465136732,0.5004472125233569,0.19724700656735855,0.0012726395214433563,0.001272639391427417
doc80,0.19783660677886813,0.3468145804800098,0.4479571207933101,0.0024640772907016974,0.002463836225258139,0.002463778431852051
doc81,0.09675381312265846,0.1274493804710296,0.27641832311826164,0.001057453663087231,0.10129089241331808,0.39703013721164493
doc82,0.0020583296413777324,0.10912025336735355,0.36255672612164835,0.0020580140711028926,0.5221483192986626,0.002058357499854969
doc83,0.0012409476389440692,0.20085963985506666,0.5559377689328526,0.0012408485661691837,0.0012412855777226418,0.23947950942924479
doc84,0.5979205265584333,0.3901718485587589,0.0029764935061788803,0.0029766070509360423,0.0029778342898814226,0.0029766900358114846
doc85,0.2870010721380571,0.0013408140392040429,0.4473544338817893,0.0013406399472466598,0.0013408083409959842,0.2616222316527068
doc86,0.2006259548541764,0.001437092167443919,0.7936251670444872,0.001437379920480559,0.0014371618589664843,0.0014372441544454294
doc87,0.3662278843097404,0.002404683570974992,0.1920520617375582,0.0024044191222378406,0.22754045581589089,0.2093704954435977
doc88,0.6681310618353987,0.00423822139465605,0.3149154052748193,0.0042375478026315675,0.004238662380737923,0.004239101311756144
doc89,0.0017670470270738107,0.06830869199235008,0.9246232812188913,0.0017669434906169312,0.0017669516728915354,0.001767084598176399
doc90,0.002809697402022131,0.0028098581135713907,0.9859510921965235,0.0028091225888776856,0.0028104411520082115,0.0028097885469968785
doc91,0.41277124567155427,0.0010802009466145024,0.12461934348197326,0.0010800825777227312,0.001080176132807286,0.459368951189328
doc92,0.16106182124900462,0.4072327355448873,0.42497781949337776,0.002242312869133885,0.002242713451229812,0.0022425973923665115
doc93,0.0008159584120005369,0.0008158366035279658,0.6415778690404321,0.3551586002551896,0.0008159042138422998,0.0008158314750074762
doc94,0.0006346831077460213,0.7007906127596724,0.29667078342396336,0.0006346177389006669,0.0006346472321787099,0.0006346557375391409
doc95,0.2742067909753762,0.7198743839130965,0.0014798467536676272,0.0014796744884417244,0.0014797527167940206,0.0014795511526238473
doc96,0.0012411075277278904,0.0012411407307478855,0.0012409185624543656,0.0012407751545516154,0.5784976389390487,0.4165384190854695
doc97,0.23024808096423163,0.6322867022941925,0.0008363556507026364,0.0008362993560196342,0.13495620022704896,0.0008363615078045965
doc98,0.0008506005774339249,0.6102186617034371,0.0008505291611960408,0.0008504413499751655,0.0008504795438038709,0.38637928766415397
doc99,0.001479671398925392,0.00147953174053811,0.0014795969340731811,0.0014797340422013805,0.9926016223344114,0.0014798435498504727
doc100,0.8785031922611477,0.033370146129207454,0.04663798969838524,0.0008432958593678768,0.000843343662054146,0.03980203238983766
doc101,0.0016508244026201375,0.0016505777068149103,0.0016504422262678528,0.0016502806561225572,0.9917473842368308,0.0016504907713437492
doc102,0.000748672150249888,0.0007487058222429143,0.2944540458126584,0.0007486190436443533,0.702551264309514,0.0007486928616904031
doc103,0.32465727152166934,0.002193667340218343,0.0021935959260730963,0.11381772957978527,0.2556802838476638,0.30145745178459016
doc104,0.0016506275545527843,0.0016504233076269012,0.0016508116004019494,0.03943988966415787,0.650767115503639,0.30484113236962157
doc105,0.001068684032136167,0.09046999222918885,0.2299529252230817,0.0010685840428415565,0.5326220677351999,0.14481774673755177
doc106,0.06866630532407064,0.0017366340089168446,0.0017365418192052332,0.0017365041190221895,0.7706946301318606,0.15542938459692457
doc107,0.68929900129509,0.002146573307281338,0.30211527107569197,0.0021463341143104454,0.002146263768946923,0.0021465564386790766
doc108,0.9212797890493281,0.0006823674712989053,0.0006823923499941363,0.000682216474371329,0.0006822754833529851,0.07599095917165467
doc109,0.001736762435600578,0.11153049634492149,0.1237197843028182,0.0017369028588727076,0.7595392354715251,0.0017368185862619008
doc110,0.11206614252422531,0.3532974022564031,0.24938255388411487,0.0015724419201377398,0.2821088187799328,0.0015726406351861412
doc111,0.4128894843878947,0.0027327449550521685,0.0027332949046576286,0.002732920335472446,0.5761785016747716,0.0027330537421513647
doc112,0.3214444262419954,0.2481034834714553,0.09493466303239491,0.0013230699183321478,0.3328713308920758,0.0013230264437466225
doc113,0.17527574044023342,0.0021467597094369465,0.002146237580548866,0.0021465874790914563,0.8161381678215465,0.0021465069691427516
doc114,0.16817010765098364,0.0016505134560839707,0.048411060153149645,0.0016503854044549278,0.1370695650723142,0.6430483682630137
doc115,0.0015483393772634138,0.0015484037192602343,0.0015483254809405271,0.0015482064240507798,0.8902186516442895,0.10358807335419554
doc116,0.10153692414235743,0.0006388178395636979,0.22625534385352944,0.0006386374067252993,0.0006387233428384626,0.6702915534149857
doc117,0.44551025031107694,0.21449115745405128,0.0015020467106465524,0.0015016137808616116,0.3354929419190192,0.0015019898243445564
doc118,0.5358940005134065,0.0012565688839317813,0.14447593857909966,0.0012567872201936223,0.0012565027610160456,0.31586020204235227
doc119,0.46664650207709996,0.4118647840576029,0.11932368272709525,0.0007215845862870015,0.0007217057336808038,0.0007217408182340398
doc120,0.5060616651723029,0.0010573162240098055,0.4631771535120692,0.0010572155192102696,0.027589244206982447,0.0010574053654253668
doc121,0.005682772479489272,0.4035908733946337,0.005684136532221938,0.005682409689337241,0.005682860128008433,0.5736769477763094
doc122,0.0005011245732175602,0.11211955542719751,0.6153703399719078,0.000501093521426918,0.0005011155074582083,0.27100677099879195
doc123,0.002891183038972004,0.0028910508134885973,0.35204033186768635,0.1136206401152338,0.002890821622030038,0.5256659725425893
doc124,0.0025910748727004844,0.0025914721599324675,0.8420109709266659,0.0025913386972220257,0.14762380008231424,0.002591343261164979
doc125,0.00098442612340778,0.0009843349593645688,0.0009845416749964815,0.9950778992031367,0.0009843284833637293,0.000984469555730676
doc126,0.00098442612340778,0.0009843349593645688,0.0009845416749964815,0.9950778992031367,0.0009843284833637293,0.000984469555730676
doc127,0.4958577620967086,0.0020166872183361166,0.0020167280171592356,0.0020163225204608824,0.4025872585805242,0.09550524156681102
doc128,0.4073721805650117,0.001832246938048665,0.0018321260338549437,0.0018316403034684034,0.0018320554028554792,0.5852997507567608
doc129,0.8526015133583598,0.0007544380450709553,0.0007542645602651286,0.0007542601103073666,0.14438116174299204,0.000754362183004578
doc130,0.18835934289069323,0.00862248575178808,0.008622472947816052,0.00862261743717113,0.7771492552679644,0.008623825704566988
doc131,0.5145463099735988,0.0007839676463969007,0.2040569276876784,0.0007839549920595906,0.279044937288218,0.0007839024120483153
doc132,0.0006151266503956783,0.9969243483170006,0.0006152168190383652,0.0006150879097735979,0.0006151106808476179,0.0006151096229441353
doc133,0.08620145092577311,0.10294307171803785,0.001416919298604507,0.2828066200098058,0.001416930244628319,0.5252150078031503
doc134,0.08590486189078562,0.26595992745208136,0.6438850943417574,0.0014166157414450037,0.001416756991512655,0.0014167435824179253
doc135,0.13171434773122676,0.07746288409296075,0.7324860475280895,0.0004493249133122052,0.05743801892804123,0.00044937680636959065
doc136,0.5874210640568868,0.0013778757155714103,0.0013776491744390924,0.0013775366465615042,0.001377746215636142,0.40706812819090515
doc137,0.14744323579186175,0.3992342005238842,0.18716546337750298,0.00045134430931504055,0.0004514091113394668,0.2652543468860966
doc138,0.0005863227573393387,0.02559930823677526,0.9255631323922509,0.0005862702582511614,0.04707861682627428,0.000586349529109222
doc139,0.526663352387611,0.2071742155531245,0.2591181863853309,0.002348127379282691,0.0023481572198308666,0.0023479610748202316
doc140,0.4228305806738625,0.0014371251759830853,0.14646032128071615,0.0014369790666485282,0.42639779211291473,0.0014372016898749056
doc141,0.049927740581536914,0.2690851837859195,0.6792585658465004,0.0005761438082097602,0.0005762057495387532,0.0005761602282948267
doc142,0.0008363814746631037,0.0008363949751303202,0.0008363417719107132,0.000836236171870957,0.5093487238806194,0.48730592172580556
doc143,0.22802086160573257,0.0010042068508867978,0.055868366828516494,0.30047082604585384,0.001004366887410442,0.4136313717815998
doc144,0.10130775558050145,0.0015018754193564618,0.10361862781270896,0.0015018755084168322,0.001501797518281731,0.7905680681607345
doc145,0.0015247949156862856,0.11614118430278256,0.7271925524273796,0.001524735831368831,0.0015248414135484117,0.1520918911092342
doc146,0.4354435758129989,0.0013777550446319878,0.3574566890429292,0.001377550030139181,0.0013776682858414862,0.20296676178345915
doc147,0.0017367019432210033,0.001736320113213379,0.3397041379428644,0.06541104709120509,0.5896749702383262,0.0017368226711699285
doc148,0.0012409809379405007,0.0012408311949012373,0.9937949326313933,0.0012410587139614381,0.0012410692299937543,0.0012411272918097013
doc149,0.001548330070598939,0.6428473048588005,0.3509595765702829,0.0015481141532570602,0.0015483260090633226,0.001548348337997137
doc150,0.0011038999171065467,0.10508919680540488,0.8189755248284046,0.07262327481765658,0.0011039919452351377,0.0011041116861924822
doc151,0.0013057014847330155,0.001305652446743693,0.9368783445122036,0.001305593210314643,0.05789893158850388,0.0013057767575011018
doc152,0.7103293740898154,0.0007114539833134767,0.0007114810456779728,0.010448009126069054,0.06419087283967498,0.21360880891544892
doc153,0.003164890985657382,0.14580682849025833,0.7955237810979325,0.003164764932768202,0.0031647896215968225,0.049174944871786815
doc154,0.41277124567155427,0.0010802009466145024,0.12461934348197326,0.0010800825777227312,0.001080176132807286,0.459368951189328
doc155,0.3916756704014853,0.0005600786037160692,0.5317035805116994,0.0005599731760235228,0.0005600353731867803,0.0749406619338889
doc156,0.0008159584120005369,0.0008158366035279658,0.6415778690404321,0.3551586002551896,0.0008159042138422998,0.0008158314750074762
doc157,0.32056318802882366,0.6753371696649687,0.0010250094604397223,0.001024818007776249,0.001024900990423515,0.0010249138475680703
doc158,0.25844971500334607,0.70036560718942,0.0011964787301489087,0.0011962730717339943,0.037595562861626276,0.0011963631437246708
doc159,0.0010463897007646512,0.21866002299386733,0.0010463935363776604,0.0010464942843485157,0.001046226781515019,0.7771544727031268
doc160,0.06866630532407064,0.0017366340089168446,0.0017365418192052332,0.0017365041190221895,0.7706946301318606,0.15542938459692457
doc161,0.40176896950843966,0.5933279046693429,0.0012256781219272927,0.0012256660197682177,0.001225772633158591,0.001226009047363421
doc162,0.3189145800118455,0.23691348691456657,0.001128889300913485,0.0011287863564142324,0.0011290418758573458,0.440785215540403
doc163,0.37649711550909243,0.29652176145429926,0.0013969426936880462,0.0013967992876781734,0.0013969714463054588,0.32279040960893673
doc164,0.0008027584908397993,0.0008027453336057513,0.02952565353500913,0.00080271717900373,0.9147775084903224,0.05328861697121927
doc165,0.8077725341484709,0.0008883447540158688,0.00088839595798101,0.0008882208709841105,0.000888328003122019,0.18867417626542618
doc166,0.0015485566573126776,0.001548409953583434,0.20576816956278507,0.001548215199723633,0.7880381522145595,0.0015484964120357928
doc167,0.002348195756174629,0.002347899097384905,0.0023479221718268662,0.0023477356583318848,0.9882602436062164,0.0023480037100652757
doc168,0.9951255526960507,0.0009748971448579988,0.000974856902078244,0.0009748049478449935,0.0009750501813650977,0.0009748381278027735
doc169,0.0021937557936564547,0.002193698631913188,0.6739811220615342,0.15741372513787036,0.16202440377829092,0.002193294596735084
doc170,0.2573236225154136,0.04753139908167696,0.00044538302074389677,0.00044527474869241395,0.0004453162467468043,0.6938090043867263
doc171,0.004425969762355518,0.004426420003193441,0.27524264271207904,0.0044266096574794725,0.707051879140795,0.004426478724097674
doc172,0.135288653958322,0.6115422843976229,0.10313832432169424,0.0019013670133961385,0.1462281002209876,0.001901270087976931
doc173,0.6272015100328564,0.001866208112573942,0.0018662399689883902,0.0018661236842453844,0.16406725154312785,0.203132666658208
doc174,0.04666404365536776,0.0010801792149552096,0.06679194349907161,0.0010802360952824647,0.8833033710439709,0.00108022649135205
doc175,0.3518484800367278,0.19867106425181974,0.06920383983420653,0.001256593522638902,0.0012566463380367728,0.3777633760165702
doc176,0.31502265621877473,0.10912264482273851,0.49562907777763593,0.0003120244342947444,0.00031201881289173554,0.07960157793366442
doc177,0.023121832705605576,0.0011821238609853863,0.9721492394418779,0.0011823454999484615,0.0011822380643350364,0.0011822204272475087
doc178,0.07052139248411009,0.2701477910043157,0.5054610746086999,0.15099548712543076,0.001437049695205819,0.001437205082237832
doc179,0.15875257980247612,0.0014166321774302935,0.7763931584830945,0.06060418177838257,0.0014166784864948012,0.0014167692721215482
doc180,0.0006189404768321533,0.9664224814315004,0.0006189602226262315,0.0006188842042975511,0.031101719967142012,0.0006190136976017356
doc181,0.9165222011639759,0.0015727579389449857,0.0015728953094074662,0.0404948895465656,0.03826456352940359,0.0015726925117023748
doc182,0.0029770492737780656,0.0029771493790746134,0.5349443500332086,0.0029767111063956782,0.28566479083405344,0.1704599493734896
doc183,0.0009844132097000062,0.0009843839062373516,0.000984466576601455,0.9950779756674353,0.0009843410912712886,0.0009844195487545757
doc184,0.0009844132097000062,0.0009843839062373516,0.000984466576601455,0.9950779756674353,0.0009843410912712886,0.0009844195487545757
doc185,0.6487194973733912,0.0009845435332989406,0.0009844467992893128,0.000984408712324308,0.0009845378880265685,0.3473425656936694
doc186,0.0031655257108229875,0.003164739296388897,0.003164874461231942,0.0031649813788817167,0.9841745891158765,0.0031652900367979304
doc187,0.001225921942127976,0.8064568060971053,0.0012258075678513937,0.0012257073481108393,0.054864543355502685,0.13500121368930196
doc188,0.5006444372020928,0.49729961350025653,0.0005139598836939947,0.0005139673061434383,0.0005140109922095726,0.0005140111156036238
doc189,0.9951255526960507,0.0009748971448579988,0.000974856902078244,0.0009748049478449935,0.0009750501813650977,0.0009748381278027735
doc190,0.4350782384869988,0.0024634793023578625,0.5550661854307237,0.002464108311249419,0.002464106000545886,0.002463882468124285
doc191,0.17984416790323404,0.3625742792525198,0.0005389047829357736,0.02753535629640851,0.3082404490424863,0.12126684272241564
doc192,0.767438498889108,0.22219572509540428,0.002591332141422154,0.002591691579492793,0.0025912771090654016,0.002591475185507363
doc193,0.43971247101452354,0.2534955684294257,0.0016237609174490051,0.0016236567350835429,0.30192086347029107,0.0016236794332270916
doc194,0.0025912892210437585,0.4822083031412123,0.5074269528914395,0.0025910924214476183,0.002591263346609463,0.002591098978247398
doc195,0.3518484800367278,0.19867106425181974,0.06920383983420653,0.001256593522638902,0.0012566463380367728,0.3777633760165702
doc196,0.0010463031654681502,0.1198124861395421,0.3505182905325011,0.0010461730635990053,0.0010462703808432833,0.5265304767180464
doc197,0.8598187920926598,0.0020166359893212128,0.002016821260738715,0.13211485260883155,0.002016470007940605,0.002016428040508034
doc198,0.18051215526721615,0.12932071923714014,0.4401091861392155,0.09155727761051399,0.058831143094185995,0.0996695186517282
doc199,0.0009126500358104583,0.5007922442645958,0.13305381629838384,0.0009125158682370901,0.0009126445275912511,0.3634161290053817
doc200,0.47093901074248257,0.16553206799602907,0.2413889638071293,0.0007964369286103194,0.0007963976460042161,0.12054712287974466
doc201,0.10967950306970912,0.15183883834840103,0.2705741125185681,0.0010801131779636288,0.17690374884460122,0.2899236840407569
doc202,0.28326003184621656,0.30495724786760214,0.0655542165749965,0.00042636280378551954,0.0004263315251457178,0.3453758093822536
doc203,0.0009562609454532863,0.37945530236096714,0.6167197397441816,0.000956193561378662,0.0009562545163752425,0.0009562488716439487
doc204,0.2696158917462302,0.0017070990006577793,0.7235565096079707,0.0017067361803510322,0.0017068575083847453,0.001706905956405551
doc205,0.0013968948910368813,0.001397168273804953,0.9930154072108831,0.0013968372677173508,0.0013967766266353042,0.0013969157299225498
doc206,0.16130832241035606,0.06304558188673144,0.5925068866114879,0.0014166066507225574,0.09670114896537009,0.08502145347533199
doc207,0.22599454298041483,0.09890944025724992,0.593767832931028,0.0017362506884256595,0.07785542825385262,0.0017365048890289874
doc208,0.013160466695291376,0.013158542307020835,0.9341976522426172,0.013164804398422186,0.013159022018505485,0.013159512338142913
doc209,0.0021933964914413935,0.0021933713922664883,0.002193456216231142,0.05419960860855643,0.002193539238761018,0.9370266280527435
doc210,0.476597110269493,0.2215841599240467,0.29523809110088084,0.0021935155041795705,0.0021936092626673284,0.0021935139387326006
doc211,0.01727914683879947,0.6689299626390528,0.3119679206434448,0.000607623377545465,0.000607657914556403,0.0006076885866011323
doc212,0.0013590253872022761,0.0013588706585175052,0.0013589653513125962,0.001358897656812253,0.7826208539565215,0.211943386989634
doc213,0.12200491899629343,0.6536295746327992,0.06512718885087927,0.001678196984479852,0.15588187171076917,0.0016782488247789693
doc214,0.444868026305739,0.0019385391944086862,0.0019387575091342544,0.09201456549078778,0.3323763468697759,0.12686376463015422
doc215,0.3371208424125987,0.00132312203168911,0.16774393647033115,0.0013229258994539594,0.32127829627905485,0.17121087690687226
doc216,0.0007114313842130869,0.5751929674349759,0.000711415512100834,0.0515412915088706,0.1281006171869507,0.24374227697288892
doc217,0.002660565093517293,0.0026603028427925938,0.00266034454379864,0.0026599131068098074,0.9866985772471856,0.002660297165896032
doc218,0.29628684066949196,0.16403676090766317,0.43111261545702423,0.0007963571901342259,0.0007963389840361222,0.10697108679165021
doc219,0.2917840016512865,0.6128829830019463,0.0008963589597725497,0.04805788455288306,0.0008962421450299131,0.045482529689081744
doc220,0.08739914737154768,0.39696456813655373,0.08147360819798512,0.001623704386460161,0.43091511932419924,0.0016238525832541473
doc221,0.0017674092481696287,0.0017673905789193744,0.1198065213336263,0.0865829822058097,0.7883084648097519,0.0017672318237229936
doc222,0.5174755048026599,0.002348197104421086,0.4731324381580945,0.002347540359697996,0.002348428302506682,0.002347891272619574
doc223,0.2858140177519865,0.0009749763758359246,0.3876119638568245,0.0009748067503299683,0.0009749310289904905,0.32364930423603255
doc224,0.3188681303118271,0.24945172304815943,0.0007964083096040674,0.014617350905102742,0.0007963599794267543,0.41547002744588
doc225,0.0003091183423944088,0.0429738100515312,0.8350640303081889,0.00030905272737813617,0.00030909497596468287,0.12103489359454266
doc226,0.00125655734754845,0.0012566598155114503,0.0012567940354322263,0.06888845811739183,0.26148196499592274,0.6658595656881932
doc227,0.0037604063366497406,0.5991499658113707,0.38580877256680135,0.0037604390333219172,0.0037600797621813913,0.003760336489674822
doc228,0.000748672150249888,0.0007487058222429143,0.2944540458126584,0.0007486190436443533,0.702551264309514,0.0007486928616904031
doc229,0.2846425760830285,0.0017070717717494399,0.7085294707542605,0.001707055870868793,0.0017067621551735584,0.0017070633649191695
doc230,0.0007777569098316068,0.0007777372848867451,0.06517965495513776,0.0007777331098371566,0.7558442574684553,0.17664286027185133
doc231,0.2787498540992187,0.1284739893757036,0.37319446088394687,0.09087808739499341,0.0009748772928114927,0.12772873095332593
doc232,0.38121908778810915,0.00043001630631232996,0.47717514275981904,0.04924876444536503,0.00043000353531264966,0.09149698516508173
doc233,0.023121832705605576,0.0011821238609853863,0.9721492394418779,0.0011823454999484615,0.0011822380643350364,0.0011822204272475087
doc234,0.0009844132097000062,0.0009843839062373516,0.000984466576601455,0.9950779756674353,0.0009843410912712886,0.0009844195487545757
doc235,0.7493703337073759,0.10239100431041122,0.1468469369248309,0.00046389226996913514,0.00046392472652551157,0.0004639080608874586
doc236,0.0009844132097000062,0.0009843839062373516,0.000984466576601455,0.9950779756674353,0.0009843410912712886,0.0009844195487545757
doc237,0.0005139941699313533,0.13659440496600864,0.8099535377483403,0.0005139579013159681,0.051910080756042774,0.0005140244583609418
doc238,0.417468405185976,0.00037517204750037815,0.06338528328525324,0.0003751490731714038,0.0003751755637619941,0.5180208148443369
doc239,0.0006151178141642743,0.0006151040602124792,0.8211533771892763,0.0006150670881417367,0.0006151578941791148,0.17638617595402623
doc240,0.0006554670709305737,0.0006554177463236313,0.9255816758727916,0.0006555448096966845,0.0006554772251881342,0.07179641727506919
doc241,0.0011550616657742508,0.2844826338383963,0.7108975042212472,0.0011548486412622677,0.0011550021616470979,0.001154949471672894
doc242,0.0019384303605569724,0.2997408504134819,0.6925053619471656,0.0019385084544767362,0.0019384383906952546,0.0019384104336234434
doc243,0.0009472338296238402,0.05139083868474736,0.9448199856956885,0.000947125387162611,0.0009475391570222242,0.0009472772457554949
doc244,0.00362428454097795,0.37332652185424864,0.2718382711273257,0.0036239560985015487,0.13526746476566923,0.21231950161327687
doc245,0.0004660862902563365,0.5050272443932486,0.24463410965346113,0.00046609304509901556,0.00046608012109793177,0.248940386496837
doc246,0.0021936366976879826,0.989032212235118,0.0021936949079017077,0.002193261152832097,0.0021935939054802305,0.0021936011009798502
doc247,0.0016504423100336364,0.24862700494122456,0.1797248974067195,0.001650242819247198,0.0016505290327256273,0.5666968834900494
doc248,0.0009296148157609481,0.0009297206920482109,0.0009295785775854339,0.0009295057116003039,0.9953519651750704,0.0009296150279346944
doc249,0.2851989369574753,0.0009383270952193677,0.5393820608812805,0.17260387739115712,0.0009383655305317252,0.0009384321443358067
doc250,0.0004493535308884245,0.00044932896471711867,0.6308580453933113,0.021212278755578212,0.00044932037096065576,0.34658167298454434
doc251,0.00028288623387666596,0.012922790885164494,0.9595771184892852,0.026651442564331634,0.00028287929228458823,0.00028288253505734064
doc252,0.8375280517729078,0.0044266776363997284,0.14476849599494393,0.004425180024814937,0.004425283564015465,0.004426311006918163
doc253,0.6044824975416777,0.05528073221909193,0.000929664437736751,0.0009295563289234711,0.0009295494076736647,0.3374480000648966
doc254,0.0007779067895403219,0.9961107296694193,0.0007779131981136691,0.0007777308411298896,0.0007778037880502235,0.0007779157137464654
doc255,0.0012890360029375178,0.0012889806778355539,0.2917276626022875,0.0012888794168471563,0.7031163427036288,0.0012890985964635203
doc256,0.0011823277177334857,0.0011822309340706787,0.00118233283482477,0.05911461466455946,0.24621405362723428,0.6911244402215774
doc257,0.17395491562446977,0.7777152556761529,0.0003882748921693147,0.0003882427028704879,0.044391834329314234,0.0031614767750235175
doc258,0.00085049537545597,0.0008505078708848699,0.7609723695461009,0.000850513242049074,0.0008505680738679556,0.23562554589164125
doc259,0.15115398127154483,0.002733116741938676,0.6576616775712846,0.0027329877017510207,0.002733210575847176,0.18298502613763384
doc260,0.0008961848843279601,0.0008961745694891398,0.9955188829761208,0.0008962801635938602,0.0008962111014289311,0.000896266305039374
doc261,0.013160466695291376,0.013158542307020835,0.9341976522426172,0.013164804398422186,0.013159022018505485,0.013159512338142913
doc262,0.0013968948910368813,0.001397168273804953,0.9930154072108831,0.0013968372677173508,0.0013967766266353042,0.0013969157299225498
doc263,0.010417865492276707,0.010417650996036053,0.9479068904461685,0.010421326366244451,0.010417908093752915,0.010418358605521545
doc264,0.25626881329148804,0.7377230440763561,0.0015019864232936875,0.0015022213436514495,0.0015019296518530194,0.0015020052133578802
doc265,0.0012725876169250709,0.0012725096502962288,0.11114604876704198,0.0012723606330907137,0.883763775767693,0.001272717564952977
doc266,0.0019768814138310807,0.001977092551673584,0.9161582297670297,0.0759339283216508,0.0019770170168238402,0.001976850928991111
doc267,0.03971832437264924,0.927964236574514,0.0006597641334138443,0.0006597898786021163,0.03033807578713359,0.000659809253687121
doc268,0.0002210034206215402,0.09351331256481595,0.2412062618165507,0.00022098042807963157,0.6646174355014135,0.00022100626851864134
doc269,0.09363099953992145,0.37029081425716576,0.08695561879818997,0.001437061140310369,0.44624833103506123,0.0014371752293509757
doc270,0.0018319569531743704,0.14256767030564838,0.0018317926141635645,0.0018316645720603474,0.7010874163763281,0.15084949917862514
doc271,0.41285751173055246,0.36860618035718423,0.0012565079044053417,0.001256636774734209,0.0012567336148805034,0.21476642961824327
doc272,0.0009296148157609481,0.0009297206920482109,0.0009295785775854339,0.0009295057116003039,0.9953519651750704,0.0009296150279346944
doc273,0.002660565093517293,0.0026603028427925938,0.00266034454379864,0.0026599131068098074,0.9866985772471856,0.002660297165896032
doc274,0.0009845783399488135,0.0009844775078547414,0.24818553041997332,0.0009845747621522918,0.5796887260496223,0.16917211292044862
doc275,0.000956337071147831,0.0009562786339716122,0.0009563213679816563,0.0009562403398742883,0.9952185359158555,0.0009562866711691795
doc276,0.9458678148268276,0.0008577936698629831,0.0008577434296750578,0.05070099834751841,0.0008577950875457997,0.0008578546385702321
doc277,0.7181190614496548,0.0005140118304018527,0.0005140365928434601,0.000513924995216288,0.0005139811129607757,0.2798249840189228
doc278,0.0005303193654845109,0.0005302999332593072,0.06692358369873869,0.000530274440941186,0.000530376858311979,0.9309551457032643
doc279,0.44435189293330307,0.5282423794211095,0.006851640943627996,0.006850113232150667,0.006850930865119487,0.0068530426046892025
doc280,0.001116487891717803,0.15195706444784338,0.313485536856079,0.001116311222796089,0.3741364704562279,0.15818812912533584
doc281,0.8010500721500483,0.00047497568293481524,0.04891721788275913,0.0004749406309933511,0.0004749346154028133,0.14860785903786156
doc282,0.36961359805512967,0.0012259764545601713,0.0012258705049542772,0.1120909991180274,0.0012258638941618747,0.5146176919731666
doc283,0.22699875780608814,0.0005360359797294895,0.17427761512485276,0.008872558440486272,0.23196963319024858,0.3573453994585948
doc284,0.0019384285379098942,0.001938541054211543,0.44583580086465463,0.0019381448478349374,0.5464106078902523,0.0019384768051367578
doc285,0.001046215609072096,0.001046272620371631,0.4292555911691257,0.0010463353443769224,0.4172557287779163,0.15034985647913723
doc286,0.7310263988931819,0.11452061152322675,0.0005600523948726981,0.008828239538639872,0.144504672324411,0.0005600253256677431
doc287,0.0017990024760963707,0.13450095265803622,0.08333824380116876,0.0017988230354720172,0.7767638025494914,0.0017991754797351315
doc288,0.6503299654572595,0.19200576221150914,0.0014371076347493438,0.0014369084920011945,0.0014370501437923548,0.1533532060606885
doc289,0.08084597602599404,0.001241054677801908,0.8874122045955917,0.028018822901189972,0.001240937594962327,0.0012410042044599503
doc290,0.001359046386236622,0.0013589275802468159,0.9932046270655126,0.001359117846187713,0.0013590641822883482,0.0013592169395278862
doc291,0.2732946257445989,0.1671847312935239,0.34024138810721694,0.046995871154808654,0.001458343347315132,0.1708250403525364
doc292,0.003907279610504854,0.2795306528519932,0.7048404289669976,0.003907424196071999,0.003906925410451428,0.0039072889639808405
doc293,0.0010042632219282317,0.0010042103724967207,0.0010042174767214437,0.9949789778879083,0.0010041433965358327,0.001004187644409463
doc294,0.0010042632219282317,0.0010042103724967207,0.0010042174767214437,0.9949789778879083,0.0010041433965358327,0.001004187644409463
doc295,0.5548072842760684,0.0015726412323512754,0.0015726828438699333,0.001572737238014044,0.0015728752889729942,0.43890177912072337
doc296,0.8368953041425921,0.15873676001583567,0.001091953801834756,0.0010920130786257786,0.0010919291058202898,0.0010920398552914804
doc297,0.0006346157476586854,0.996826829275123,0.0006346784968227578,0.000634601698139107,0.0006346435564078789,0.0006346312258484455
doc298,0.6392839648273729,0.0011550807956070654,0.0011550625315410632,0.0011549403453962235,0.0011549728507540822,0.35609597864932857
doc299,0.03250522053459073,0.8353142771048832,0.0011290862838258095,0.00112878428069398,0.00112888219200544,0.12879374960400086
doc300,0.903962238180705,0.0005728589700669891,0.0005728482779798661,0.03360752472711677,0.01713733734425764,0.04414719249987377
doc301,0.36820950808546676,0.0011823749716815466,0.0011823515148621398,0.0011823131268466301,0.049396091148687676,0.5788473611524553
doc302,0.0022941372565892662,0.5682527259709502,0.4225706357949614,0.0022941292519954837,0.002294023737631128,0.0022943479878724505
doc303,0.5456391636767738,0.13799058213459547,0.31032041309615277,0.0020163779435748382,0.0020167814361036645,0.0020166817127994087
