,topics0,topics1,topics2,topics3,topics4,topics5
doc0,0.9246694581482627,0.0017990530013670407,0.0681344454199621,0.0017990392806085814,0.0017989628185814224,0.0017990413312181594
doc1,0.5007608152857158,0.49718323534541947,0.000513959880561114,0.0005139673592520072,0.0005140110444686848,0.0005140110845828499
doc2,0.11482177804259273,0.6153701007007129,0.0008294374467180051,0.0008292587442457295,0.26732002037940933,0.0008294046863214434
doc3,0.0005569148463598923,0.0005568843797058365,0.0005570916038193161,0.0005570032954727518,0.4357323909254149,0.5620397149492272
doc4,0.31427987778165756,0.0012258541882820056,0.5134998906986901,0.001225675141987061,0.16854283040819668,0.0012258717811866793
doc5,0.15131316354583457,0.0007217091951768165,0.0007217059841422781,0.056008720941402704,0.0007216439083372584,0.7905130564251064
doc6,0.43092863361065076,0.0015017488792430098,0.0015021666739793598,0.0015017165987453779,0.44793697652958864,0.11662875770779282
doc7,0.13414800808396135,0.19932263211682894,0.058717110555207945,0.19062886420318662,0.0014580415090276755,0.4157253435317875
doc8,0.24371828397938328,0.22080420082693283,0.26512587056401204,0.0006641107950935607,0.0006641292786677398,0.2690234045559106
doc9,0.08462483239406662,0.0013406416669867862,0.9100119622600894,0.0013410803754103822,0.0013407042929233,0.0013407790105236061
doc10,0.0008027509062244084,0.0008026891813937317,0.6270329450177766,0.0008026580963321565,0.0008027148103025704,0.3697562419879705
doc11,0.22476689471738115,0.3377788426415386,0.42098533926473414,0.000607689220629894,0.015253547743653742,0.0006076864120625483
doc12,0.8818360538299757,0.0007376708943461576,0.11521308164220408,0.0007376123019034764,0.000737757389545822,0.0007378239420247215
doc13,0.0009942241815023923,0.0009942353338969678,0.0009943305465581127,0.9950283352155508,0.000994360375771546,0.0009945143467201777
doc14,0.0009942241815023923,0.0009942353338969678,0.0009943305465581127,0.9950283352155508,0.000994360375771546,0.0009945143467201777
doc15,0.15976256229738645,0.5631689175695286,0.0011550967242129118,0.0011550454011356674,0.0011550036807781061,0.27360337432695847
doc16,0.0010145276136485477,0.2769558174729426,0.3316410909322258,0.001014435276254665,0.3883596109726825,0.0010145177322458633
doc17,0.0006823257378857017,0.0006824135373740931,0.05802195811088485,0.000682333510444341,0.7812421649591297,0.15868880414428138
doc18,0.09079949415718859,0.6423212590886074,0.10339328505050313,0.012134626307830935,0.0005011430486608198,0.15085019234720906
doc19,0.08002459869778188,0.07305062923476832,0.18395547714194804,0.0008883007614085114,0.6611926694912775,0.0008883246728157803
doc20,0.0046302356942899015,0.0046308536271833945,0.9768465489972583,0.004632434702490033,0.004630086807186257,0.0046298401715920865
doc21,0.02541863005918371,0.000484132995227922,0.00048418055960867864,0.0004841132410344814,0.9242114145821471,0.04891752856279811
doc22,0.47268477684624116,0.0007600375458424683,0.274726809248557,0.09573310569619344,0.0007601830937498016,0.15533508756941622
doc23,0.2482649534931326,0.6499498278448023,0.0907394785350722,0.009996103371227584,0.0005248066177621279,0.0005248301380032754
doc24,0.0005728612449522589,0.24729070956904778,0.21920224874197167,0.0005728272897190365,0.0005729114414590216,0.5317884417128502
doc25,0.7638934767872607,0.0017366772835621588,0.2291600213703936,0.0017366315404946436,0.0017365269724597483,0.0017366660458292091
doc26,0.18724604209722748,0.23134845455814226,0.5394967691383057,0.041316176718164406,0.00029625758286569713,0.0002962999052944331
doc27,0.07981437595451621,0.13735844463157695,0.0012890239523528383,0.0012887714799793134,0.0012888295702206429,0.778960554411354
doc28,0.19939012266867298,0.041682333402562916,0.0012889905942849035,0.001288813534356752,0.0012889008870776062,0.755060838913045
doc29,0.0009297115615021534,0.22224072003028078,0.6619174243183923,0.0009295054913185068,0.0009295679439139932,0.11305307065459225
doc30,0.5729785085732777,0.2253799267215744,0.0007839818582889869,0.0007838104079785542,0.19928986606361218,0.0007839063752681469
doc31,0.34255199993372165,0.0024046455508950366,0.5313411011384337,0.002404891730517745,0.002404386332169487,0.11889297531426248
doc32,0.0024042810435761365,0.11184723981646814,0.8785355094007679,0.002404473345707968,0.002404287313365837,0.002404209080114027
doc33,0.0013969777945216557,0.0013969594370767148,0.9930146225781208,0.0013971625741722512,0.0013971323886084969,0.0013971452275000702
doc34,0.6196954893904849,0.3425573431792556,0.009437030500447618,0.0094351496904922,0.009438480828047772,0.009436506411272038
doc35,0.287711051735664,0.0022429162449805924,0.7033179225141977,0.0022424868531541343,0.002242878306308247,0.0022427443456951423
doc36,0.0033794836674843555,0.0033798773337101948,0.9831013115696723,0.003380115133268417,0.003379219192463317,0.0033799931034014475
doc37,0.0020581319159689547,0.35652038255300805,0.6352475581696533,0.002057896846772304,0.002057977036713814,0.002058053477883621
doc38,0.0008159615680399501,0.0008158365916430598,0.6415773569967282,0.35515910912028026,0.0008159042626271072,0.0008158314606813227
doc39,0.0010687475122585003,0.0010686654552555994,0.4780148126847893,0.001068560914067869,0.5177105733636828,0.0010686400699461648
doc40,0.9268357944590736,0.0006917397513111932,0.0006917327647811076,0.0006917284567804642,0.0006917786985862545,0.07039722586946742
doc41,0.6890163912060607,0.0017072034598094145,0.0017069134934812932,0.001706732528976186,0.0017067213081276918,0.3041560380035447
doc42,0.0007321439320805228,0.0007321272985362127,0.9963391748018919,0.0007321618971015307,0.0007321852416164217,0.0007322068287735013
doc43,0.30791967621557764,0.674377515691408,0.004425495190340233,0.00442521828430963,0.0044266565022783,0.0044254381160862295
doc44,0.3304878651127822,0.0004356376618120806,0.6677695415225188,0.00043563119657611787,0.00043564532896495686,0.00043567917734586907
doc45,0.0016505771504946095,0.0016503865162436316,0.07709215775557246,0.0016505392998643774,0.9163055881657255,0.0016507511120994187
doc46,0.0004140247377097439,0.000414001787839632,0.00041400455965173407,0.00041398388886288546,0.8826845829434936,0.11565940208244234
doc47,0.0007839495950683444,0.00078390302452817,0.0007839590932094169,0.0007838082033318714,0.6803743366470922,0.31649004343676995
doc48,0.002146464978031671,0.0021463770759261947,0.0021465355722901027,0.0021471724914092593,0.7952715732370845,0.1961418766452582
doc49,0.7583648627194172,0.005103591761873589,0.005102992768379508,0.0051030887975866985,0.005104040113965024,0.22122142383877805
doc50,0.8062285828541302,0.0018320199077785076,0.0018322495950471285,0.022343917987114274,0.0018319443702439519,0.16593128528568588
doc51,0.20413811462074716,0.6209978703416161,0.17344587517844343,0.00047269541548302274,0.000472736712701386,0.0004727077310089307
doc52,0.001141833091143018,0.001141836568604858,0.0011418798313315474,0.0011417516433547248,0.5968912594720182,0.39854143939354775
doc53,0.11817380331732412,0.0012566816376646285,0.25254433013384264,0.0012566766738789045,0.0012564986184522484,0.6255120096188375
doc54,0.4027963632759866,0.0024635987168205027,0.0024637109153602577,0.0024637942179779222,0.35601384071160036,0.23379869216225446
doc55,0.023463853880176654,0.30077928891637773,0.2628503214070569,0.0016506977804801957,0.4096053049513829,0.001650533064525679
doc56,0.0030681830896744995,0.003068164482882164,0.003068476851208799,0.003068200207107542,0.9846582398929701,0.0030687354761570673
doc57,0.0015248975428334857,0.5780716526339373,0.10955339340693893,0.0015246624557542464,0.3078007059623041,0.001524687998231964
doc58,0.001305800954394702,0.0013056948612356388,0.0013058277501025982,0.12882991959907097,0.8659469037617538,0.0013058530734422332
doc59,0.2706832403729472,0.1180777834817931,0.2127810816737252,0.000677694082630872,0.0006777129845356027,0.39710248740436815
doc60,0.0012889920263576546,0.0012889686646135822,0.8687963424707494,0.0012888459919951295,0.0012890079119714808,0.12604784293431287
doc61,0.0006512572156903313,0.0006511889192274194,0.6830421290358379,0.0006511806276793382,0.0006512214873083751,0.3143530227142565
doc62,0.0715176346645351,0.7334493256956146,0.0011686441808915365,0.0011683660289195693,0.001168568215208588,0.19152746121483047
doc63,0.0013592427862072023,0.34768733358016574,0.0013591406890382637,0.15082547167743932,0.0013591135447306563,0.49740969772241894
doc64,0.000947223299113962,0.0009474917199474694,0.0009471290648166081,0.9952637458121701,0.0009473105805801748,0.0009470995233715637
doc65,0.000947223299113962,0.0009474917199474694,0.0009471290648166081,0.9952637458121701,0.0009473105805801748,0.0009470995233715637
doc66,0.0010461748973096695,0.9947689670199322,0.001046307993397204,0.0010461841127417768,0.0010461969610706364,0.0010461690155486544
doc67,0.2914194448454893,0.30772953936323444,0.3990056945803792,0.0006150707043377844,0.000615128851635786,0.0006151216549233789
doc68,0.002242596712435044,0.8816488238086265,0.0022425703677565493,0.002242666820944433,0.10938053234611017,0.002242809944127342
doc69,0.2062533762383576,0.0012891139824771215,0.6278646654538753,0.0012888096676353998,0.16201506928935405,0.00128896536830042
doc70,0.6890992169860235,0.002146573256543615,0.3023150557334999,0.002146334173790616,0.0021462636913484167,0.002146556158793706
doc71,0.3250008789026593,0.1223588893844838,0.0009750517365844774,0.0009748084825284462,0.000974870288965525,0.5497155012047784
doc72,0.14660537399606516,0.0009562903216397168,0.0009563044245364808,0.023718127061873803,0.25131489309940125,0.5764490110964837
doc73,0.0019386402882181548,0.7259012350773222,0.17468791338674183,0.0019384398853765114,0.09359527656230453,0.0019384948000366119
doc74,0.0031648908953543164,0.14580262653899892,0.79554060509091,0.0031647649656618066,0.0031647896647493206,0.04916232284432569
doc75,0.1801170727338208,0.0012567838192682503,0.6191982243994206,0.11052070904077088,0.0012566104289534468,0.08765059957776598
doc76,0.4017306696152754,0.5933661980644261,0.0012256793342198173,0.0012256662754965492,0.0012257727141545601,0.0012260139964276552
doc77,0.0014796578388232826,0.4922425575342525,0.501838662851441,0.0014795586502737712,0.0014799776042692802,0.0014795855209402576
doc78,0.5463023466388829,0.3509427780335139,0.0010462664713037926,0.0010461528200099643,0.0010464136252091522,0.09961604241108027
doc79,0.2984657846302695,0.0012726465350140271,0.5004927447111214,0.19722354518946883,0.0012726396497671573,0.001272639284359097
doc80,0.19793845463987972,0.34670511854381814,0.44796473535412845,0.0024640768764318598,0.00246383638216376,0.0024637782035779525
doc81,0.09685798773642973,0.12744352368746464,0.27661157483649346,0.0010574542604729555,0.10124554296073197,0.39678391651840733
doc82,0.002058329605805578,0.10910521898360469,0.3627013819981879,0.002058014027773938,0.5220186960111343,0.0020583593734936887
doc83,0.001240947725508519,0.20094364792936847,0.5559478339982459,0.0012408485741609568,0.001241285809986198,0.2393854359627299
doc84,0.5980047388460702,0.39008764144948954,0.002976493230360614,0.0029766068799487967,0.002977829666004944,0.002976689928126066
doc85,0.2869910055965504,0.001340814067708512,0.4474746361608919,0.001340639932805923,0.0013408085536212257,0.26151209568842204
doc86,0.20055220081640604,0.0014370922019699677,0.7936989201091275,0.001437380812078811,0.0014371620378441313,0.001437244022573505
doc87,0.3662428757498248,0.0024046834617280537,0.191985913961091,0.0024044193081494626,0.2273333699494012,0.20962873756980552
doc88,0.6681291463309771,0.004238221346361696,0.31491732057317623,0.004237547899625016,0.004238662977770609,0.004239100872089273
doc89,0.0017670470729837942,0.06832044869231929,0.9246115244392861,0.001766943499649396,0.001766951674092158,0.001767084621669348
doc90,0.0028096970278018553,0.0028098567389328193,0.985951142494759,0.0028091224578500502,0.0028103925499381194,0.0028097887307180626
doc91,0.4128033799674074,0.0010802009472806419,0.12468647154311892,0.00108008258436197,0.0010801762789484888,0.45926968867888257
doc92,0.16121283375332335,0.4071566811567579,0.42490286149284906,0.002242312838787668,0.002242713497552354,0.002242597260729636
doc93,0.0008159615680399501,0.0008158365916430598,0.6415773569967282,0.35515910912028026,0.0008159042626271072,0.0008158314606813227
doc94,0.0006346831552329485,0.7007540194087939,0.29670737673506015,0.0006346177348002088,0.0006346472352270499,0.0006346557308855548
doc95,0.2744201569113918,0.7196610176274758,0.001479847050937672,0.0014796745162507937,0.0014797527995602064,0.0014795510943837816
doc96,0.0012411070709555745,0.001241140284697175,0.0012409185322646932,0.0012407751947582325,0.5792017684110046,0.41583429050631987
doc97,0.23024643775865,0.6322271042766656,0.0008363557031678311,0.000836299549062257,0.13501744099865465,0.0008363617137996326
doc98,0.0008506006422315004,0.610325787565247,0.0008505291730599295,0.0008504413474929112,0.0008504795967967646,0.3862721616751718
doc99,0.0014796713148661545,0.0014795317382717342,0.0014795969591279504,0.001479734277060231,0.992601735146854,0.0014797305638200072
doc100,0.8785326616976208,0.033357924766842816,0.04663187476780427,0.0008432958477748691,0.0008433436670367718,0.0397908992529205
doc101,0.001650799032338355,0.001650577611816926,0.0016504421298884592,0.001650280616781639,0.9917474098978737,0.0016504907113009573
doc102,0.0007486720142239983,0.0007487057197222892,0.29458041350550773,0.0007486190200571319,0.7024248969534271,0.0007486927870617871
doc103,0.32417434469823203,0.0021936675638883417,0.0021935958936257693,0.11384535290889188,0.2553241665216615,0.30226887241370043
doc104,0.0016506274777819997,0.0016504233213347139,0.001650811680644556,0.039444744308845814,0.6505606578259097,0.3050427353854833
doc105,0.0010686840735465266,0.09047162051297557,0.23003617464742654,0.0010685839803561835,0.5328740546687475,0.14448088211694773
doc106,0.06869693203363178,0.0017366339070780542,0.0017365419503344965,0.0017365038824727424,0.7708216708287274,0.15527171739775553
doc107,0.6890992169860235,0.002146573256543615,0.3023150557334999,0.002146334173790616,0.0021462636913484167,0.002146556158793706
doc108,0.9213178648381147,0.0006823674620034723,0.0006823929573183431,0.0006822165233013503,0.0006822755376835275,0.07595288268157854
doc109,0.001736762455788622,0.11151073833609898,0.1237590596441264,0.0017369027817427198,0.7595197185939392,0.0017368181883040932
doc110,0.11212472567555312,0.3531472552307901,0.24937992337493972,0.0015724418903670877,0.2822030133082108,0.0015726405201390275
doc111,0.41292357180210476,0.002732744884402408,0.0027332951810956456,0.0027329202554155375,0.5761444135919458,0.0027330542850360446
doc112,0.32151681088765116,0.24795599741909458,0.09495011645736175,0.0013230698560625152,0.33293097899308094,0.0013230263867489926
doc113,0.17524148490294542,0.002146759748452471,0.0021462376504993216,0.0021465884673685584,0.8161724207631315,0.002146508467602609
doc114,0.16761012992128943,0.0016505137502712038,0.049729815707992724,0.0016503848262684412,0.13654295036186084,0.6428162054323173
doc115,0.0015483393400952728,0.0015484037480260609,0.0015483253137905848,0.0015482062643874135,0.890783181712094,0.10302354362160658
doc116,0.10153371018065428,0.0006388177837144372,0.22619810513526392,0.000638637398573701,0.0006387233015026243,0.6703520062002911
doc117,0.4454242749913236,0.21442561272398558,0.0015020469721022242,0.0015016137869804898,0.33564446174060336,0.0015019897850046713
doc118,0.5358346972170752,0.0012565687991130405,0.144582857630719,0.0012567878226766825,0.001256502679480333,0.3158125858509357
doc119,0.4667332837044148,0.41180914002062524,0.11929254512744467,0.0007215845752288862,0.0007217058019016291,0.00072174077038498
doc120,0.5062300021906678,0.001057316159599607,0.46304213240962105,0.0010572154842706618,0.027555928451388448,0.0010574053044525528
doc121,0.00568277278793392,0.40382104376952965,0.005684136541768733,0.005682409970614105,0.005682859756019775,0.5734467771741338
doc122,0.0005011245884588246,0.11208028264993261,0.6154399455529971,0.0005010935118608396,0.0005011155052035882,0.2709764381915471
doc123,0.002891183145642154,0.002891050711319733,0.3520901349490008,0.11378543805530204,0.002890821882053571,0.5254513712566816
doc124,0.0025910748197765943,0.00259147197912483,0.8420479164488621,0.002591338641836453,0.14758685517278275,0.002591342937617446
doc125,0.000984426070339565,0.0009843349690643883,0.0009845425222020404,0.995077898427584,0.000984328457765056,0.0009844695530449186
doc126,0.000984426070339565,0.0009843349690643883,0.0009845425222020404,0.995077898427584,0.000984328457765056,0.0009844695530449186
doc127,0.4958741674527017,0.002016686989212914,0.002016727996597617,0.002016322525049447,0.40275588443554855,0.09532021060088985
doc128,0.40744929249885786,0.0018322467804727704,0.001832126293088421,0.0018316402967717518,0.001832055662425418,0.5852226384683838
doc129,0.852566981517301,0.000754438628552844,0.0007542645964919233,0.0007542607381633825,0.1444156906952496,0.0007543638242412391
doc130,0.1883018703142591,0.008622485100030738,0.008622472822668106,0.008622616015364694,0.7772067321061403,0.008623823641536953
doc131,0.5144246921583028,0.0007839676016496239,0.20410237273822943,0.0007839550122883437,0.2791211100750774,0.000783902414452436
doc132,0.0006151266770258113,0.9969243491340639,0.0006152160002106199,0.0006150879111549663,0.0006151106628440077,0.000615109614700579
doc133,0.0860599216365232,0.10299096634610011,0.0014169193731455784,0.28287171204556877,0.0014169302095496867,0.5252435503891126
doc134,0.08591104693546668,0.26596458413402607,0.6438742526250216,0.0014166157404571589,0.0014167570477544448,0.0014167435172741133
doc135,0.13169292230128377,0.07743282494375846,0.7325113168568784,0.00044932488855370823,0.05746423423284123,0.00044937677668438665
doc136,0.5875398510931904,0.001377875641219103,0.0013776492444228304,0.0013775366360050613,0.0013777462743266554,0.40694934111083597
doc137,0.1474422376791181,0.3992146799223396,0.18723994693153528,0.000451344300292169,0.0004514091559085022,0.26520038201080637
doc138,0.0005863227872609984,0.025664955059033635,0.9256202462530865,0.0005862702624110501,0.046955856114747604,0.0005863495234602971
doc139,0.5271881416751534,0.20672514701948513,0.2590424663375448,0.0023481270396582283,0.0023481572108838113,0.0023479607172745406
doc140,0.42237192266091506,0.0014371251387244918,0.14647896348392686,0.0014369790851020104,0.4268378080440662,0.0014372015872654118
doc141,0.04994893810684855,0.2690135791348187,0.679308973066394,0.0005761437939521163,0.0005762057142131068,0.0005761601837734764
doc142,0.0008363815515799936,0.0008363950128065605,0.0008363418051237529,0.0008362361705011158,0.5095298038794878,0.4871248415805009
doc143,0.22805028269311683,0.0010042068559533174,0.05592380305742914,0.30051501456230845,0.0010043670187555203,0.4135023258124366
doc144,0.10140351589270018,0.001501875522740511,0.10348040679347126,0.0015018755116685612,0.0015017972467979165,0.7906105290326215
doc145,0.0015247948140418583,0.11612739049780176,0.7272800841208273,0.0015247355818023456,0.0015248413646531344,0.15201815362087365
doc146,0.43542950994137963,0.0013777550102699874,0.35753776112012725,0.0013775499949725124,0.0013776683034469816,0.20289975562980367
doc147,0.0017367021594951355,0.0017363200657062401,0.33976371070024575,0.06541470461004611,0.5896117546789895,0.0017368077855172417
doc148,0.0012409807023295307,0.0012408312100331295,0.9937949350262932,0.0012410589908916697,0.0012410692282384037,0.0012411248422139363
doc149,0.001548330127458354,0.6428615399472398,0.35094534147147455,0.0015481141169901692,0.0015483260524163714,0.0015483482844206554
doc150,0.0011038999255477055,0.105081693307595,0.8189940812405129,0.07261222201188877,0.0011039919784576705,0.0011041115359979085
doc151,0.0013057014672389535,0.001305652437741298,0.9368651324009448,0.0013055931910454,0.05791214380819013,0.0013057766948393482
doc152,0.7103563790710935,0.0007114539840818073,0.0007114810784061064,0.01044812619551087,0.06435383818613474,0.213418721484773
doc153,0.0031648908953543164,0.14580262653899892,0.79554060509091,0.0031647649656618066,0.0031647896647493206,0.04916232284432569
doc154,0.4128033799674074,0.0010802009472806419,0.12468647154311892,0.00108008258436197,0.0010801762789484888,0.45926968867888257
doc155,0.3916999106513199,0.0005600786307391234,0.531731921442044,0.000559973166882639,0.0005600354074458459,0.0748880807015684
doc156,0.0008159615680399501,0.0008158365916430598,0.6415773569967282,0.35515910912028026,0.0008159042626271072,0.0008158314606813227
doc157,0.3209895283981054,0.6749108294671192,0.0010250094884675005,0.001024817947717025,0.0010249010420831986,0.0010249136565078536
doc158,0.2585049198164814,0.7003292347898267,0.0011964787066743275,0.0011962730542477101,0.03757673050785932,0.0011963631249104001
doc159,0.0010463899222301267,0.2186234270739884,0.0010463936160862925,0.0010464984582764924,0.001046226617284655,0.777191064312134
doc160,0.06869693203363178,0.0017366339070780542,0.0017365419503344965,0.0017365038824727424,0.7708216708287274,0.15527171739775553
doc161,0.4017306696152754,0.5933661980644261,0.0012256793342198173,0.0012256662754965492,0.0012257727141545601,0.0012260139964276552
doc162,0.31898189511590275,0.23683360147645202,0.001128889389248879,0.0011287863647517803,0.0011290419519302604,0.4407977857017143
doc163,0.37655986351425785,0.29674537687479136,0.0013969427722726289,0.0013967992847761907,0.001396971445642957,0.32250404610825906
doc164,0.0008027584450967576,0.000802745285169647,0.029500930862421126,0.0008027172444460362,0.9146586024316546,0.053432245731211726
doc165,0.807893129842779,0.0008883447832306302,0.0008883960669488897,0.0008882208525706536,0.0008883280480859365,0.18855358040638487
doc166,0.0015485559919106511,0.0015484100952696137,0.20574074077725876,0.0015482152417620122,0.7880655814182799,0.0015484964755190613
doc167,0.0023481980067864973,0.0023478989392180516,0.002347922091849097,0.002347735488721971,0.9882602418559502,0.0023480036174742037
doc168,0.9951255540209611,0.0009748970660292516,0.0009748567861877231,0.0009748049577585825,0.0009750491297568418,0.0009748380393065799
doc169,0.002193755660725082,0.0021936984856913053,0.6739934861198889,0.15738944674620378,0.16203631852652112,0.002193294460969943
doc170,0.2574068741025764,0.047643230689186564,0.00044538305853288735,0.00044527476324115686,0.0004453162913103013,0.6936139210951526
doc171,0.004425970114066388,0.004426420058922987,0.2752863699644156,0.004426609151161484,0.7070081516788492,0.004426479032584549
doc172,0.13528419965125224,0.6115201887558394,0.10311928384112579,0.0019013670475351567,0.14627369057283476,0.0019012701314126464
doc173,0.627475761393397,0.001866208029665924,0.0018662399571267015,0.0018661239481718855,0.16342979733390448,0.203495869337734
doc174,0.0463383042175675,0.0010801793051408006,0.06682511986176436,0.0010802364880336745,0.8835959335266732,0.0010802266008204655
doc175,0.351934273335812,0.1987061658614471,0.0693840689643841,0.0012565934572205302,0.0012566464682639813,0.3774622519128722
doc176,0.31504401272674476,0.10912110586404242,0.4957509974087399,0.00031202441669761293,0.0003120187975979095,0.07945984078617739
doc177,0.023110608415099824,0.001182123848311989,0.9721604637420415,0.0011823455193144172,0.0011822381251998574,0.0011822203500323222
doc178,0.0706047176414576,0.2700626206766566,0.5054377683771732,0.15102063879088456,0.0014370497261626312,0.0014372047876653996
doc179,0.15873216546808536,0.0014166322122292085,0.7764152957911084,0.060602458811788294,0.001416678579043443,0.001416769137745339
doc180,0.0006189404731081329,0.9664205249930122,0.0006189602204517947,0.0006188842084384518,0.031103676514222814,0.000619013590766577
doc181,0.9165290698997518,0.001572757981951834,0.0015728952450646874,0.04057834371515255,0.03817423977218652,0.0015726933858925568
doc182,0.002977049606037235,0.002977149720583846,0.5350071593353083,0.0029767105531908955,0.28615917829685517,0.1699027524880246
doc183,0.0009844132149444788,0.0009843839270149194,0.0009844666026791117,0.9950779756543903,0.0009843410030194403,0.000984419597951791
doc184,0.0009844132149444788,0.0009843839270149194,0.0009844666026791117,0.9950779756543903,0.0009843410030194403,0.000984419597951791
doc185,0.6482835146704113,0.0009845435771239333,0.0009844467782140522,0.0009844087164258015,0.000984537978478309,0.3477785482793465
doc186,0.0031655256782496875,0.003164739352860612,0.0031648746689338075,0.0031649814609829097,0.9841745883536871,0.0031652904852858777
doc187,0.0012259220483206738,0.8064339936436089,0.001225807608892276,0.0012257073591500141,0.05491736548818329,0.1349712038518449
doc188,0.5007608152857158,0.49718323534541947,0.000513959880561114,0.0005139673592520072,0.0005140110444686848,0.0005140110845828499
doc189,0.9951255540209611,0.0009748970660292516,0.0009748567861877231,0.0009748049577585825,0.0009750491297568418,0.0009748380393065799
doc190,0.4348740729023891,0.002463479197315714,0.5552703514651656,0.0024641077819614284,0.0024641061426470432,0.0024638825105211103
doc191,0.17977404990944074,0.3625290681376293,0.000538904783042145,0.027557738086086418,0.3081260181378412,0.12147422094596018
doc192,0.7676194769611556,0.22201474791295756,0.0025913319886095017,0.00259169114056409,0.002591276943705456,0.002591475053007702
doc193,0.4398514162574951,0.2532109046819014,0.0016237608732086182,0.0016236567651352052,0.30206658205513137,0.0016236793671283963
doc194,0.0025912893307602778,0.4821007575952166,0.5075344987803626,0.0025910922582591325,0.002591263168209171,0.002591098867192233
doc195,0.351934273335812,0.1987061658614471,0.0693840689643841,0.0012565934572205302,0.0012566464682639813,0.3774622519128722
doc196,0.001046303181460336,0.11984555424546427,0.35059127828086983,0.0010461730740414542,0.0010462705005248641,0.5264244207176393
doc197,0.8596008098732799,0.00201663604216622,0.0020168216466726605,0.13233283420532108,0.002016470216062962,0.002016428016497208
doc198,0.1805538594071053,0.12929463213419015,0.44017219177332584,0.0915400938889809,0.05887366997919859,0.09956555281719937
doc199,0.0009126500317841121,0.5009118148209315,0.1330200330315897,0.0009125158687099978,0.0009126445855577103,0.363330341661427
doc200,0.47116172938820733,0.16553094848846978,0.24134988165796162,0.0007964368954637089,0.0007963974831259536,0.12036460608677164
doc201,0.10962680288741322,0.15185621299133983,0.2706458132292156,0.0010801131541448485,0.1769612903424,0.2898297673954865
doc202,0.2833608633256123,0.3050189464846842,0.06566032789695696,0.0004263628205122071,0.0004263314987303539,0.34510716797350394
doc203,0.0009562608952045119,0.37942619572568376,0.6167488464622212,0.0009561935044445682,0.0009562545083992807,0.0009562489040466463
doc204,0.26966409206346964,0.0017070989868307527,0.7235083095130206,0.0017067361463239668,0.0017068575033876135,0.0017069057869674674
doc205,0.0013968949110192222,0.0013971683349413783,0.9930154073147032,0.001396837267342597,0.0013967765984076945,0.0013969155735861732
doc206,0.16138908337439484,0.06301345652441225,0.5925882392944523,0.0014166066270901148,0.09673758353519088,0.08485503064445975
doc207,0.22590563176988918,0.0988279523070608,0.59374810059406,0.0017362506911618803,0.07804556000422974,0.0017365046335983782
doc208,0.013160467102324758,0.013158541828518621,0.9341977302812563,0.013164727672174638,0.013159021742261539,0.013159511373464222
doc209,0.002193396357241164,0.002193371679485608,0.0021934565940024617,0.054393853083498374,0.0021935396322760032,0.9368323826534964
doc210,0.47667277186511303,0.22145552351813483,0.29529106591052623,0.002193515445131285,0.0021936093788751266,0.0021935138822194705
doc211,0.017282828898085877,0.6688914740688936,0.31200272716780447,0.0006076233693188872,0.000607657929879791,0.0006076885660173681
doc212,0.0013590252515651776,0.0013588706240540318,0.00135896533521218,0.0013588979430591832,0.7827470867379072,0.2118171541082022
doc213,0.12199817820239107,0.6536203211686137,0.06513451704719883,0.0016781970183821087,0.15589053768319355,0.0016782488802208188
doc214,0.44471522508560674,0.0019385392762020694,0.0019387570228139347,0.09272787495866093,0.3313898818326827,0.12728972182403356
doc215,0.33691573181139445,0.0013231220686196795,0.16780734019106797,0.0013229259521613478,0.32173169044995015,0.17089918952680647
doc216,0.0007114314080833131,0.5752022221406449,0.0007114155292855512,0.05154153846354896,0.1281505636987554,0.24368282875968195
doc217,0.0026605656088261043,0.0026603028937488963,0.0026603445711213805,0.0026599134424284366,0.9866985755267466,0.0026602979571286028
doc218,0.2963105722973952,0.1639926967952098,0.4311558871946018,0.0007963571599179007,0.0007963389897595178,0.10694814756311578
doc219,0.2919998135140678,0.6127923854168924,0.0008963589840178429,0.04804731117288324,0.0008962421630651203,0.04536788874907363
doc220,0.0874109196025664,0.3968609591453931,0.08155611062221774,0.0016237044077134254,0.430924453753286,0.0016238524688232424
doc221,0.0017674091480223864,0.0017673906092368584,0.12020885430440267,0.08671995809850926,0.7877691562390526,0.0017672316007762189
doc222,0.5176766833323027,0.0023481969844345676,0.4729312608069105,0.0023475403807647114,0.0023484272818422845,0.002347891213745368
doc223,0.28591390816930845,0.0009749764105990453,0.3877507142659913,0.0009748070282182934,0.0009749310973639565,0.323410663028519
doc224,0.31891129064867446,0.2495150733925092,0.0007964083160209267,0.014617691485526071,0.0007963600825039487,0.41536317607476547
doc225,0.0003091183310361888,0.04300248721736466,0.8350895955640307,0.00030905272469245555,0.0003090950018534731,0.1209806511610224
doc226,0.001256557368609164,0.0012566599006158194,0.0012567939153309735,0.06887536124580461,0.2613752122329006,0.6659794153367388
doc227,0.003760406514514998,0.5991299324206445,0.3858288058707588,0.003760438903343209,0.003760079590346413,0.003760336700392075
doc228,0.0007486720142239983,0.0007487057197222892,0.29458041350550773,0.0007486190200571319,0.7024248969534271,0.0007486927870617871
doc229,0.284737552303389,0.0017070718514148656,0.7084344947317859,0.0017070557203890907,0.0017067622016459915,0.0017070631913751614
doc230,0.0007777569185231805,0.0007777372997085806,0.0651349116309166,0.0007777331455271802,0.7557897685133971,0.1767420924919275
doc231,0.2782906096221536,0.12860902583243577,0.3732949407481433,0.0910686710312751,0.0009748774031065047,0.12776187536288572
doc232,0.3813288449314631,0.00043001630230578823,0.4772872386813798,0.04924253354655313,0.0004300035432803064,0.0912813629950179
doc233,0.023110608415099824,0.001182123848311989,0.9721604637420415,0.0011823455193144172,0.0011822381251998574,0.0011822203500323222
doc234,0.0009844132149444788,0.0009843839270149194,0.0009844666026791117,0.9950779756543903,0.0009843410030194403,0.000984419597951791
doc235,0.7492960847683963,0.10237995617696614,0.14693223416450665,0.0004638922751804264,0.0004639245572366009,0.00046390805771388187
doc236,0.0009844132149444788,0.0009843839270149194,0.0009844666026791117,0.9950779756543903,0.0009843410030194403,0.000984419597951791
doc237,0.0005139941604066764,0.1365808372408131,0.8099480271691576,0.000513957900747789,0.0519291591108325,0.0005140244180424238
doc238,0.41748750628343667,0.00037517203637818546,0.06335437725226771,0.0003751490801941347,0.00037517554330631655,0.518032619804417
doc239,0.0006151178438500541,0.0006151040750440271,0.8210969896622858,0.0006150670722873405,0.0006151579029716695,0.176442563443561
doc240,0.0006554670446344826,0.0006554177526480317,0.925518079993147,0.0006555447982016023,0.0006554772811826216,0.07186001313018635
doc241,0.0011550617292403192,0.2844932779623696,0.7108868599627443,0.0011548486456243933,0.0011550022632324595,0.0011549494367890441
doc242,0.0019384303869970272,0.2997274968601833,0.6925187155064008,0.0019385084199433713,0.0019384384843943604,0.0019384103420811193
doc243,0.0009472338312650927,0.05139401319449028,0.9448168111201418,0.0009471253862398074,0.000947539459645416,0.0009472770082175124
doc244,0.0036242849373225522,0.37307831750161363,0.27206703795064,0.00362395587064656,0.1353309141199006,0.21227548961987674
doc245,0.00046608634679212404,0.5050807229012337,0.24467776353197163,0.00046609328346553723,0.0004660801355801055,0.24884325380095693
doc246,0.0021936361290273826,0.9890322123676645,0.0021936952899919812,0.0021932611014303764,0.002193594251871728,0.002193600860013791
doc247,0.0016504423823167258,0.24873818772715023,0.17983275346072455,0.0016502428219430218,0.0016505292846694334,0.5664778443231959
doc248,0.0009296148008169229,0.0009297205729185001,0.0009295786146116129,0.0009295057419107876,0.9953519652395313,0.000929615030210926
doc249,0.2851705882841472,0.0009383270729463395,0.539440686913377,0.17257360011576822,0.0009383656067376329,0.0009384320070234375
doc250,0.00044935350641665275,0.00044932896967518735,0.6309068231610905,0.02123497578018583,0.0004493203716752963,0.3465101982109566
doc251,0.0002828862283916181,0.012925083914358487,0.9595836142287455,0.026642653786915195,0.0002828793064127009,0.0002828825351765014
doc252,0.8376212577920265,0.0044266773576172955,0.14467529044208433,0.004425179947586074,0.004425283388126314,0.004426311072559502
doc253,0.6045187927837963,0.05531184874589283,0.0009296644613934,0.0009295562863572633,0.0009295494129395356,0.3373805883096207
doc254,0.0007779087349050834,0.996110727748453,0.0007779132160887136,0.0007777308552721657,0.0007778037745235783,0.0007779156707574999
doc255,0.0012890365070080667,0.001288980842239102,0.29183007734552274,0.0012888799992943451,0.7030139254518295,0.0012890998541061883
doc256,0.0011823280671909024,0.001182231729217259,0.0011823328243324388,0.059234641791919174,0.24220699905618748,0.6950114665311528
doc257,0.1745132963493331,0.7777211185453924,0.00038827493968511876,0.0003882427087657146,0.04449514231768458,0.002493925139139177
doc258,0.0008504953834619794,0.0008505078634585197,0.7609721925762823,0.0008505132267983976,0.0008505680131989321,0.23562572293679984
doc259,0.15126144473349584,0.002733116715474065,0.6575866980345109,0.0027329876621360093,0.002733210855518878,0.1829525419988642
doc260,0.0008961848616264785,0.0008961745667255295,0.9955188829803149,0.000896280169346922,0.0008962111125748453,0.0008962663094113578
doc261,0.013160467102324758,0.013158541828518621,0.9341977302812563,0.013164727672174638,0.013159021742261539,0.013159511373464222
doc262,0.0013968949110192222,0.0013971683349413783,0.9930154073147032,0.001396837267342597,0.0013967765984076945,0.0013969155735861732
doc263,0.010417866127863568,0.010417650582797816,0.9479069076358349,0.010421310149806328,0.010417907882117779,0.010418357621579616
doc264,0.25638034327872894,0.7376115142962572,0.0015019863961144994,0.0015022212113173193,0.0015019297679778546,0.0015020050496043233
doc265,0.001272587513390429,0.0012725095623877909,0.11114060650189951,0.0012723605979497424,0.8837692183890894,0.0012727174352831292
doc266,0.0019768817855201465,0.001977093190189421,0.9162049219042253,0.07588723531090234,0.0019770172954905497,0.001976850513672377
doc267,0.039723143681918545,0.9279492005406111,0.0006597641209500352,0.0006597898591950068,0.03034829258733495,0.0006598092099902912
doc268,0.00022100341816130468,0.09347908571500493,0.24126077158288572,0.00022098043273158116,0.6645971525810831,0.00022100627013341278
doc269,0.09364368787283274,0.3701540978481717,0.0870364084578711,0.0014370611538999333,0.44629156953177834,0.001437175135446043
doc270,0.0018319569858603897,0.14256347261988195,0.0018317927121812882,0.0018316645478631953,0.7013466822302762,0.15059443090393707
doc271,0.4129694172390175,0.3685535221970474,0.001256507894315946,0.0012566365698517081,0.0012567332947583717,0.21470718280500906
doc272,0.0009296148008169229,0.0009297205729185001,0.0009295786146116129,0.0009295057419107876,0.9953519652395313,0.000929615030210926
doc273,0.0026605656088261043,0.0026603028937488963,0.0026603445711213805,0.0026599134424284366,0.9866985755267466,0.0026602979571286028
doc274,0.0009845780564395987,0.0009844773913728264,0.24824850147470812,0.0009845747608291167,0.5796656867532051,0.1691321815634453
doc275,0.0009563359083858718,0.0009562786318990133,0.0009563213895579575,0.0009562403256322048,0.995218537111139,0.0009562866333860559
doc276,0.9458545480934888,0.0008577936462663654,0.0008577434227994609,0.050714265248654314,0.0008577948116736426,0.0008578547771173968
doc277,0.7182000219608612,0.0005140118233826252,0.0005140366355914726,0.0005139249480766631,0.0005139810167486155,0.2797440236153393
doc278,0.000530319364834308,0.0005302999057591118,0.06692043745983932,0.0005302744444910223,0.0005303768637733088,0.9309582919613029
doc279,0.44438695080357654,0.5282073235998379,0.006851640932628244,0.006850113144776177,0.006850930797252773,0.006853040721928294
doc280,0.0011164879534221437,0.15198702763779737,0.3135698682302702,0.0011163113029240097,0.3740632916068304,0.15814701326875585
doc281,0.8011336635592856,0.0004749756784607205,0.04896831309194677,0.0004749406056369079,0.0004749346476068758,0.14847317241706307
doc282,0.3694732906813083,0.001225976405035608,0.0012258706497119928,0.11213423802060532,0.0012258641955029054,0.5147147600478358
doc283,0.22686292855075083,0.000536035995932158,0.17446965817159268,0.008876017358682738,0.23189508559125194,0.35736027433178974
doc284,0.0019384285670078366,0.0019385410387262301,0.4459176778068719,0.0019381448749738377,0.5463287309110864,0.0019384768013339406
doc285,0.0010462156012849395,0.0010462726448368241,0.4292015282351919,0.0010463353095110223,0.4170895213817361,0.15057012682743912
doc286,0.731100812224577,0.1144721955483993,0.0005600523996216246,0.00883098286852046,0.14447593163875577,0.0005600253201258071
doc287,0.0017990024924476248,0.1344530605080703,0.08341403131009305,0.001798822909815363,0.7767359072957827,0.0017991754837908965
doc288,0.6504850539541951,0.19200870790275004,0.0014371076281045022,0.0014369084767502113,0.001437050202051257,0.15319517183614875
doc289,0.0807171657318456,0.0012410546353175138,0.8874747292977603,0.028085108838363838,0.0012409375879673177,0.0012410039087455674
doc290,0.0013590461936930545,0.001358927522743171,0.9932046298592417,0.0013591177753027779,0.001359064221588905,0.0013592144274303674
doc291,0.27350873734745534,0.16718510597393574,0.34047225321097396,0.04707933241271142,0.0014583439860799913,0.17029622706884362
doc292,0.003907279647120997,0.27961714513923513,0.7047539372895909,0.003907424068716543,0.003906925254236836,0.0039072886010994
doc293,0.0010042632666313292,0.0010042103466511175,0.0010042174813825074,0.9949789778603078,0.0010041433745046982,0.0010041876705225961
doc294,0.0010042632666313292,0.0010042103466511175,0.0010042174813825074,0.9949789778603078,0.0010041433745046982,0.0010041876705225961
doc295,0.5546174250197778,0.0015726413538291904,0.0015726828256889208,0.001572737007760453,0.0015728755448860014,0.4390916382480577
doc296,0.8369861986014778,0.15864586490942614,0.0010919538633181137,0.0010920137854460719,0.0010919291468117346,0.0010920396935200343
doc297,0.000634615763909855,0.99682682930821,0.0006346784815417876,0.0006346016930129735,0.0006346435558028033,0.0006346311975227196
doc298,0.6393847710886,0.001155080769497904,0.0011550624794840168,0.0011549404750809326,0.0011549728095008773,0.3559951723778361
doc299,0.03252437388471922,0.8353614102849068,0.0011290864919617212,0.0011287842684893537,0.001128882174383112,0.1287274628955397
doc300,0.9040933530731871,0.0005728589698762357,0.0005728483591317833,0.03361573792115251,0.017254421953036926,0.04389077972361552
doc301,0.3679342466866511,0.001182374877891479,0.0011823514211454806,0.0011823128434622885,0.0503527878539772,0.5781659263168725
doc302,0.0022941372799000458,0.5681787796488234,0.42264458780024255,0.00229412907514478,0.002294023843092358,0.0022943423527969475
doc303,0.5459237505958234,0.13782903221558032,0.3101973765611274,0.002016377865814749,0.0020167810774594373,0.002016681684194526
