,topics0,topics1,topics2,topics3,topics4,topics5,topics6,topics7
doc0,0.27676349833143193,0.44217757216800535,0.21322993069939664,0.0020495253443787893,0.002049657787935776,0.002049565699892249,0.05963053993363544,0.0020497100353238343
doc1,0.21615435848690123,0.0009544784887413281,0.07613406726607744,0.2393526676341689,0.06935077115386581,0.3961447042140146,0.0009545358234677779,0.0009544169327629429
doc2,0.00035748891069898583,0.11741670536151884,0.12631184136480766,0.0003575088024114371,0.3443213323926104,0.0379826958552902,0.3728949321484709,0.00035749516419164383
doc3,0.05201792951296917,0.2713227329549825,0.5202438014118815,0.00032391644597238055,0.13853517584430594,0.00032393224585972074,0.00032393028553972093,0.016908581298488917
doc4,0.0007004433811016682,0.0007004824746741609,0.000700480887562356,0.0007004140233823619,0.9950968158273362,0.0007004289921535771,0.0007005208439936966,0.0007004135697960015
doc5,0.0006956059926175073,0.09618489763782008,0.05935071762867734,0.000695577245245431,0.4444931476297358,0.0006956580124835604,0.3971888770611996,0.0006955187922207272
doc6,0.1880181711059223,0.12219392063328392,0.4100756269006253,0.0011395645911033317,0.2751548364573644,0.0011392272177579467,0.0011392750451174644,0.0011393780488253174
doc7,0.0016726888389333684,0.14377236544663685,0.31811841359699533,0.0016726216493588466,0.41759891538171123,0.0016726272335969897,0.1138195271100086,0.0016728407427588406
doc8,0.0008640042327243528,0.22213715869330133,0.2736808563019579,0.0008637562700937731,0.262472240191535,0.000863823382345229,0.2382543995148829,0.0008637614131595388
doc9,0.010204422666004654,0.010205003335524111,0.010205535587678562,0.010204381371604425,0.010205673119963489,0.01020480219420792,0.010204643692796748,0.9285655380322201
doc10,0.37182422492365136,0.006757697331107969,0.006759001744766305,0.006757366849278863,0.006758785322594833,0.006758079992292883,0.006757412919351019,0.5876274309169568
doc11,0.017243257012301116,0.01724696379189645,0.01724320244777012,0.3686000472246475,0.01724362117356586,0.01724359145190694,0.017243518095961002,0.527935798801951
doc12,0.694042247854857,0.003473570130603543,0.2851185236798312,0.0034733783717139565,0.00347313173116327,0.00347285382725818,0.003473347552282079,0.003472946852290802
doc13,0.008475506306880088,0.008476639256013194,0.008475273419229537,0.008475158656562076,0.008475381682646279,0.008475852502533,0.008475853298965124,0.9406703348771709
doc14,0.0005625768300203069,0.000562529754231857,0.000562666848784569,0.05108877146722118,0.9455357139479678,0.0005625916164968924,0.000562606004449816,0.0005625435308275505
doc15,0.4219892313784962,0.354301695902441,0.0011137599610675228,0.21814026245468185,0.0011137974521115584,0.0011137832876701368,0.0011137766402756683,0.0011136929232561088
doc16,0.24770334392402804,0.16557276550924135,0.0003588113595094137,0.045173934267147754,0.5318078913909694,0.0003587668462541096,0.00035875694636813734,0.008665729756481756
doc17,0.21261522406458783,0.0008638755461215637,0.2157754126451059,0.000863769411437708,0.3556896778438155,0.2124645704385952,0.0008637325584577089,0.0008637374918785225
doc18,0.7238557542524715,0.06095268782034249,0.001672849681553895,0.001672637593162611,0.0016725293740928716,0.001672827047553509,0.20682829076232728,0.001672423468495802
doc19,0.23046944456742866,0.0012228396029049906,0.0012228154642084238,0.062486206064403214,0.5901151207317313,0.0012227593783152113,0.0012228847010504551,0.11203792948995764
doc20,0.22341605958496785,0.16616330380420943,0.0005594779479594365,0.0005594286484275567,0.0005594484542119536,0.000559387772232034,0.6076234819517105,0.0005594118362812333
doc21,0.0013374603093512724,0.3272969806145314,0.2794403181864976,0.001337139740677932,0.3865763264706208,0.0013373496529004766,0.0013372769906344099,0.0013371480347859194
doc22,0.0011137872562944485,0.0011138234152915827,0.5357605427799816,0.0011137500977048416,0.24679384601651524,0.1625794578993385,0.05041102393148486,0.001113768603388866
doc23,0.868563464720872,0.0013198185981782243,0.12351846344624018,0.00131960802381168,0.0013196123467795124,0.0013195464317820953,0.001319688993693821,0.0013197974386425025
doc24,0.11767882013081732,0.16448255980019993,0.0742008434404585,0.09856316574787774,0.4995020216764367,0.001222804938705181,0.043127166592663954,0.0012226176728406344
doc25,0.001179465764662103,0.2874898428422274,0.48970700692134167,0.001179432604397724,0.1255110893778622,0.09257406336554243,0.0011795658344383544,0.0011795332895281915
doc26,0.0005855713238059473,0.0005855336357688419,0.9959011410439755,0.0005855507883822408,0.0005855780197901115,0.0005855363368239548,0.0005855732272072656,0.0005855156242460916
doc27,0.3806251899215576,0.002452824680655781,0.0024517468590255632,0.0024514864391107036,0.5233973790878864,0.0024518331373710976,0.0024520282956510377,0.08371751157874173
doc28,0.2329272715287608,0.0018593035939131438,0.001859081799770498,0.0018591989093356316,0.5977999984277683,0.0018590925023155229,0.15997718705689062,0.0018588661812453536
doc29,0.11736676935802057,0.0009729357528064211,0.0009730617774842092,0.0009730221079631759,0.8767949399939983,0.0009730531538034913,0.0009730712263631342,0.0009731466295608233
doc30,0.0008637935881541626,0.0008637996520453331,0.0008637509369719138,0.000863684429197245,0.0008637211406453776,0.9939537268118898,0.0008637515200654602,0.0008637719210309265
doc31,0.1033793146795148,0.0005996736688590644,0.054496095399832994,0.7639565072491218,0.0005997310202989457,0.07576934719255546,0.0005997207142353837,0.0005996100755815771
doc32,0.25776677211095067,0.07902467732803874,0.0007154625611921622,0.06942458431760638,0.5909222145887589,0.0007154480713590193,0.0007154230746721192,0.0007154179474218637
doc33,0.0005270295365169191,0.0005270080007824371,0.0005270202148200171,0.0005271185121593873,0.85383326011154,0.0005270834677957096,0.1332050054055666,0.01032647475081897
doc34,0.0007951643167798919,0.0007951592731908361,0.1588689541468288,0.7390632935363263,0.07220853864201501,0.0007951559687013589,0.0007951596948985477,0.02667857442125916
doc35,0.3444496375624299,0.22196472955321864,0.3015144526564341,0.11523069059182262,0.000725879305078617,0.0007259466536017633,0.0007259364693155867,0.01466272720809881
doc36,0.0013553382004632883,0.48023259925855283,0.0013552394141500574,0.0013553633165664521,0.4039207168916167,0.1090700454463973,0.0013554907271300309,0.0013552067451235111
doc37,0.10487185421045994,0.0007706069059609487,0.06429362154883733,0.6495651414481589,0.0007706295006767133,0.000770621104064588,0.17818684197575813,0.0007706833060834931
doc38,0.00044105401789075607,0.1314740873543779,0.000441038663449608,0.00044107653717128514,0.6659910783742921,0.08202848283746964,0.11874217070603543,0.0004410115093132917
doc39,0.08336849876341439,0.0017923013164826247,0.001792699879905857,0.8116463516915515,0.09602271722289171,0.0017924650970276466,0.0017924945935795383,0.0017924714351466068
doc40,0.0010228454451685887,0.0010228376746564823,0.0010226981904170901,0.0010231500019241223,0.0010226991839484849,0.0010226413408421153,0.0010226554251332107,0.9928404727379099
doc41,0.0010228454451685887,0.0010228376746564823,0.0010226981904170901,0.0010231500019241223,0.0010226991839484849,0.0010226413408421153,0.0010226554251332107,0.9928404727379099
doc42,0.11224267730507269,0.1849094582197242,0.15723587873474307,0.001269324619916715,0.001269451675005904,0.0012692862359374101,0.5405346096957367,0.0012693135138632495
doc43,0.000646135221947447,0.0006460965263396406,0.0006461581955461299,0.0006460980667326585,0.2282283765222633,0.15578484872799755,0.6127562003099647,0.0006460864292085402
doc44,0.0010124628156399935,0.0010124738270807856,0.0010124389114520766,0.6956440701043216,0.11523295685641162,0.18406089146093502,0.0010123863700815443,0.0010123196540774365
doc45,0.43334796935957953,0.165155928564545,0.21322650740157822,0.1816888713981631,0.0016451991641384556,0.001645085527408866,0.0016455295868866345,0.0016449089977001233
doc46,0.5092822042778877,0.1043496788346369,0.13828699871442096,0.0010662645338035107,0.24381573471798312,0.0010663585469627278,0.0010663592227011735,0.0010664011516039087
doc47,0.0009544384410618583,0.000954281756082433,0.0009545630796427786,0.000954430920931261,0.0009546548253926704,0.0009543928434480947,0.0009543844913016517,0.9933188536421391
doc48,0.0009544384410618583,0.000954281756082433,0.0009545630796427786,0.000954430920931261,0.0009546548253926704,0.0009543928434480947,0.0009543844913016517,0.9933188536421391
doc49,0.0013197676805303156,0.1705912063796462,0.001319548300593758,0.37252046535196087,0.0013196085213403735,0.42101040238863696,0.0013195170163239705,0.030599484360967575
doc50,0.051152808331194746,0.0008790598644882202,0.0008789371996832373,0.000879009328260867,0.0008790168696463091,0.0008790514271513406,0.9435730564150445,0.0008790605645308246
doc51,0.000690724534843823,0.17009021248271206,0.048731145368652785,0.0006907388618941342,0.08712226057272952,0.15030488536805778,0.541679345023168,0.0006906877879420249
doc52,0.0006589994529979281,0.0006589014348330357,0.0006589732539026863,0.0006589686122880402,0.2703375728503494,0.725708833916568,0.0006588677371177614,0.0006588827419431771
doc53,0.0012856509688392633,0.0012857721143522565,0.31815901778360245,0.4787389668186837,0.0012857570392100367,0.10218539233383227,0.0012858098574427869,0.09577363308403714
doc54,0.0010778380113214095,0.001077808485481656,0.0010778186827963797,0.0010777900363412591,0.04459597175739806,0.07116100845587267,0.8788539411601547,0.0010778234106337743
doc55,0.10660563539508895,0.0011393375825646263,0.038461609685658836,0.0011394317918189934,0.001139179916677503,0.06853126127293371,0.7818443441438129,0.0011392002114443316
doc56,0.3217711023075721,0.15447356491803332,0.0017304866261804758,0.0017304765882526871,0.45655406726655345,0.0017305094298237077,0.001730440361119345,0.06027935250246483
doc57,0.8355424238878051,0.0016186522490875591,0.0016187577581601353,0.0016183477732912193,0.0016187468116693514,0.0016185153542907784,0.15474590708555055,0.0016186490801453066
doc58,0.19814742104796726,0.0017609896866393447,0.0017609298484759632,0.001761068985152607,0.7912865257482697,0.0017608960525156046,0.0017612419752549406,0.001760926655724473
doc59,0.010204422666004654,0.010205003335524111,0.010205535587678562,0.010204381371604425,0.010205673119963489,0.01020480219420792,0.010204643692796748,0.9285655380322201
doc60,0.37182422492365136,0.006757697331107969,0.006759001744766305,0.006757366849278863,0.006758785322594833,0.006758079992292883,0.006757412919351019,0.5876274309169568
doc61,0.017243257012301116,0.01724696379189645,0.01724320244777012,0.3686000472246475,0.01724362117356586,0.01724359145190694,0.017243518095961002,0.527935798801951
doc62,0.008475506306880088,0.008476639256013194,0.008475273419229537,0.008475158656562076,0.008475381682646279,0.008475852502533,0.008475853298965124,0.9406703348771709
doc63,0.04684613258168343,0.19857729542735364,0.0007366157345733244,0.18778924099193298,0.4881953461131555,0.07638219596396542,0.0007366249434585102,0.0007365482438772554
doc64,0.7735672768650881,0.0026467992733539077,0.002646304978645458,0.002646344632081401,0.002646530068148496,0.21055415978981312,0.0026466901963745283,0.002645894196494876
doc65,0.0005383852251712435,0.0005384599375902615,0.0005384065808054274,0.0005383714782594642,0.42854832984412483,0.5019885674825736,0.06677114839734427,0.0005383310541309745
doc66,0.001859122661619686,0.0018590318706994912,0.0018590748787896787,0.001859402103343049,0.6709717578241122,0.1590478025896188,0.16068494246135695,0.0018588656104602638
doc67,0.0008867281643363456,0.0008868323309012853,0.0008866909688871068,0.0008867845647439582,0.0008867134218823879,0.3573415087495383,0.6373379435846483,0.0008867982150621479
doc68,0.0005925557687016655,0.2806532423218428,0.2348864347812006,0.0005925163167050159,0.0005926205970609766,0.22353611529980136,0.0005925733160083025,0.2585539415986793
doc69,0.001077816387236571,0.05798728494390637,0.3615187082169857,0.0010779382847245387,0.3074323690889868,0.07986686084323316,0.18996117581928496,0.0010778464156419156
doc70,0.001497418102999267,0.001497578850063987,0.0014974410533887333,0.001497853988356793,0.4659676712398587,0.48090864160520364,0.0014974405181341496,0.045635954641994665
doc71,0.0009730652869750663,0.2900999399931476,0.18210506695845988,0.0009731080305671263,0.3966921872420127,0.12721065261954112,0.0009730191928388031,0.0009729606764576861
doc72,0.2240200778031797,0.2303112438160373,0.1070553647569995,0.0008419401433971789,0.0008420204437824336,0.0008419811326360442,0.4352452905417103,0.0008420813622575609
doc73,0.0005855713238059473,0.0005855336357688419,0.9959011410439755,0.0005855507883822408,0.0005855780197901115,0.0005855363368239548,0.0005855732272072656,0.0005855156242460916
doc74,0.3302476572460274,0.002794100695879728,0.002794102090371693,0.00279415685444171,0.559204682890938,0.0027941280645994034,0.09657735926040291,0.0027938128973390344
doc75,0.001672591772711263,0.0016724794816550144,0.0016725965640443036,0.0016726116123666126,0.955836387541166,0.0016726869147078048,0.0341282753678641,0.0016723707454850037
doc76,0.0009545208295014356,0.0009544257619842169,0.0009544431111518957,0.0009543969801501115,0.10692188952774616,0.0009545183362512223,0.8873513772372141,0.0009544282160007588
doc77,0.3172410641250242,0.0013195437880615633,0.04287815512008161,0.0013197067137282496,0.6086242905918444,0.001319683928293019,0.0013194769801010884,0.025978078752865664
doc78,0.548060051690018,0.0035990071301791543,0.003597873049062882,0.003598300635885875,0.2342321265087193,0.1997160853623947,0.0035981571188190946,0.003598398504920885
doc79,0.15968514625498667,0.0012694775515965646,0.001269370040512214,0.0012699781030794009,0.832697916767646,0.0012694338603169378,0.0012694175502686164,0.0012692598715936126
doc80,0.185730363294237,0.0007365247635610147,0.0007365379537465826,0.0007365411650328816,0.7132727514235152,0.09731414837345484,0.0007366083580456667,0.0007365246684067233
doc81,0.0008637935881541626,0.0008637996520453331,0.0008637509369719138,0.000863684429197245,0.0008637211406453776,0.9939537268118898,0.0008637515200654602,0.0008637719210309265
doc82,0.25476579249769427,0.09913542992673952,0.0021837560426158915,0.002183983692817666,0.002184152391625762,0.00218425646906631,0.6351788917893619,0.0021837371900786454
doc83,0.0016185619445377873,0.12041862357428591,0.3060015232024129,0.0016184868642040093,0.4098762884954529,0.0016184960038377733,0.15722932965702105,0.0016186902582476627
doc84,0.0018589927482499052,0.0018595749826920461,0.00185910737608893,0.0018595632253607078,0.9869850911564536,0.0018595422752056198,0.001859133968337303,0.0018589942676117861
doc85,0.0009729309979877806,0.0009730607657645583,0.0009729726743547485,0.0009729877383460001,0.0009730464546737518,0.23633641014395773,0.7578255521961459,0.0009730390287694876
doc86,0.2608126883741455,0.003247640909957191,0.00324703681531188,0.0032482137881716926,0.7197011663927143,0.00324753874319256,0.003247800867345116,0.0032479141091617215
doc87,0.38486030998306836,0.30014418475580884,0.0019311837405763309,0.21734720523458248,0.0019308980725912478,0.048697865579754494,0.0019308926215970022,0.04315746001202126
doc88,0.7231764208760239,0.0011015895046158583,0.10223126777030198,0.0011015047807052696,0.0011016419574073678,0.0011014905003115154,0.16908460488893814,0.0011014797216960701
doc89,0.0006956546608902211,0.0006955410380218892,0.0006955691960892326,0.0006955578528148296,0.5104885773182548,0.000695614854558394,0.4853379667099928,0.0006955183693777135
doc90,0.0008790177204155338,0.10441463117073063,0.09164695889763105,0.597698796678826,0.15241017137151566,0.0008790322496653542,0.051192496243269464,0.0008788956679463396
doc91,0.13169532050613178,0.0008349694827911997,0.3990293753645137,0.4651005528330889,0.0008349173099531866,0.0008349731926420203,0.0008349483126952788,0.0008349429981839976
doc92,0.7439541362070746,0.24692445667494894,0.0015204671572103502,0.0015202981823995488,0.001520117116606454,0.0015201903346279957,0.001520201969481542,0.001520132357650489
doc93,0.9364537113794926,0.0012694083360223524,0.0012692712354702596,0.05593018899824594,0.0012694211522731366,0.0012691730935291104,0.0012695919627132676,0.0012692338422532023
doc94,0.0010778275119710785,0.11489221579486125,0.0010778227132055894,0.878640657702636,0.0010778810303380339,0.0010777839275521745,0.001077885854100718,0.0010779254653350014
doc95,0.0005788156696721858,0.5856442858721251,0.3062470598099896,0.0005788600124262607,0.0005788607316974724,0.021161387566514926,0.000578878637666071,0.08463185169990822
doc96,0.019656204587570128,0.0006546433253611207,0.000654617347874088,0.0006547840392991342,0.19038476350019104,0.6777650432945425,0.10957537405718845,0.0006545698479735389
doc97,0.001969134920902531,0.001968864599528295,0.0019688510544990136,0.0019689992013969676,0.5931972282296735,0.23820594542382256,0.1587523078792112,0.0019686686909658416
doc98,0.0014128962615304063,0.0014128317727843832,0.0014128155000681158,0.0014127305332741298,0.516376522988282,0.001412715505387607,0.47514685649187877,0.001412630946794574
doc99,0.0013740052357599365,0.09210062502376784,0.0013741037950552237,0.0013740874286525884,0.0013738189122634874,0.0013738730833449664,0.8996552115416937,0.001374274979462445
doc100,0.18328430438287968,0.0018593031256047368,0.0018592561394428465,0.8055593824830497,0.0018593459714857006,0.0018594956037709066,0.00185918886939973,0.0018597234243666254
doc101,0.33673736685487626,0.001969494413808989,0.0019688375530911087,0.0019691950477060496,0.00196883772466597,0.001968725562019092,0.6514487501430697,0.001968792700762836
doc102,0.0009277941520095547,0.0009278222442768893,0.000927846806711949,0.0009278695687410791,0.0009278417638792361,0.0009280266968835044,0.0009278982568275511,0.9935049005106702
doc103,0.0009277941520095547,0.0009278222442768893,0.000927846806711949,0.0009278695687410791,0.0009278417638792361,0.0009280266968835044,0.0009278982568275511,0.9935049005106702
doc104,0.0035985373952596355,0.14897316815898554,0.003598432761219019,0.0035983771501938593,0.15388481295503514,0.6791499673870169,0.0035985315623264743,0.003598172629963353
doc105,0.0008014560310991342,0.0008015086530002467,0.6270635146049661,0.021638452593501004,0.06721354406198515,0.060808437825191304,0.22087167175064215,0.0008014144796149837
doc106,0.5769735826026515,0.0011794863532363824,0.0011795473795251793,0.001179567340317568,0.41594912794482936,0.0011794283935646003,0.0011796448368737987,0.0011796151490015105
doc107,0.0017306332121741575,0.2872191658243978,0.33318303225374396,0.0017306138669284318,0.0017306353230641797,0.19564559017055017,0.17702965851375702,0.0017306708353842183
doc108,0.14094537460166345,0.25798020962082135,0.09043295957357762,0.42280401580571736,0.0011265180929072333,0.001126395345281655,0.08445790354984274,0.0011266234101886146
doc109,0.8587406597638195,0.0017305308784138318,0.0017304772335632788,0.0017303960267905478,0.0017305395993232097,0.0017305513375022988,0.13087632549953596,0.0017305196610513086
doc110,0.0015204338986156921,0.10657931478949771,0.0015201834790850184,0.7986989115113673,0.0015203242675696509,0.08712058343476958,0.0015201273072862852,0.0015201213118087237
doc111,0.3402749504905953,0.0003167467774274073,0.008900248229965798,0.0003167280247246524,0.6492411650778672,0.00031671020284262827,0.00031674946515882,0.00031670173141816515
doc112,0.001044121893087626,0.1518257903672388,0.001044097380667789,0.0010440492862607985,0.8419095960578922,0.0010440577787868789,0.0010440573622644781,0.0010442298738014488
doc113,0.009259887593284648,0.009259928507007771,0.00926049488723338,0.009259609829656566,0.009261472870160724,0.009259846118733258,0.009259731547359267,0.9351790286465643
doc114,0.37182422492365136,0.006757697331107969,0.006759001744766305,0.006757366849278863,0.006758785322594833,0.006758079992292883,0.006757412919351019,0.5876274309169568
doc115,0.017243257012301116,0.01724696379189645,0.01724320244777012,0.3686000472246475,0.01724362117356586,0.01724359145190694,0.017243518095961002,0.527935798801951
doc116,0.008475506306880088,0.008476639256013194,0.008475273419229537,0.008475158656562076,0.008475381682646279,0.008475852502533,0.008475853298965124,0.9406703348771709
doc117,0.8743732707796945,0.0056188529794104335,0.005619679543385077,0.005620792555525371,0.005618661713648875,0.005618670127956328,0.005619038411512885,0.09191103388886654
doc118,0.7354351485240631,0.002232520053404446,0.0022324144945362018,0.25117006201493497,0.002232392353732174,0.002232291680300259,0.0022326869869113137,0.0022324838921174506
doc119,0.742235916210451,0.0017611071549478337,0.0017608468974888393,0.08569218932321498,0.16326697048296976,0.001760923352661423,0.0017612486721371755,0.0017607979061288496
doc120,0.0022835085513139212,0.0022837394582620914,0.0022837603306112464,0.2307772777747409,0.7555201364367825,0.0022835643730966648,0.0022842834288125933,0.00228372964638007
doc121,0.0014127910192698657,0.3739591512201939,0.257189595731692,0.0014127766147809218,0.001412843491941769,0.31076481338401124,0.0014129015456871,0.05243512699242314
doc122,0.0006259282293599324,0.0006260084495270176,0.000625998122490225,0.19226086555972224,0.803983323864133,0.0006259470770259969,0.0006259322299643392,0.0006259964677772096
doc123,0.0008079010479926322,0.0008080738037894459,0.08261923856141619,0.0008079549511121602,0.4810112221889792,0.4323297621625013,0.0008078993422535189,0.0008079479419555925
doc124,0.0016452880680062833,0.0016450408247326279,0.23762272426029185,0.0016451429835796108,0.4781136698838236,0.14463994553749535,0.001645255807923235,0.13304293263414738
doc125,0.13126184978244707,0.11763151970508456,0.00196894077350987,0.001969101539740974,0.12932842565377087,0.0019689224792639884,0.6139024325278952,0.0019688075382874753
doc126,0.07608087344897069,0.0015928792934003344,0.18593188172893613,0.001592805807272635,0.362638207092151,0.3123306762455195,0.058239745834975806,0.0015929305487739642
doc127,0.5648685740087152,0.11722647672552873,0.0016451365180956592,0.001645026903294368,0.30967985283495114,0.0016450994388780102,0.0016449316067642,0.00164490196377272
doc128,0.3735841751903625,0.001208003601688595,0.0012080925612155413,0.0012080793449395276,0.38167450047138823,0.23870115224695626,0.0012080332429007285,0.001207963340548497
doc129,0.6591709150988232,0.000886710502266829,0.0008868834491377527,0.0008866697019063081,0.2512443473925737,0.0008867484232947731,0.08515100106040167,0.0008867243715956613
doc130,0.0011796262401294277,0.30149585863764855,0.28960362937423284,0.0011795389052265397,0.1389313023275494,0.04585519683092213,0.22057542273564934,0.0011794249486418243
doc131,0.0005855713238059473,0.0005855336357688419,0.9959011410439755,0.0005855507883822408,0.0005855780197901115,0.0005855363368239548,0.0005855732272072656,0.0005855156242460916
doc132,0.0017926019010422157,0.0017926862637983223,0.0017923570426131158,0.0017923131542518967,0.0017926963467131932,0.001792559175307665,0.9874525053695304,0.001792280746743172
doc133,0.0012692778938956514,0.4327998661257495,0.0012693952231618464,0.001269265051118353,0.4861780313510995,0.0012691927821277145,0.07467569951005269,0.0012692720627948265
doc134,0.002874416118792374,0.4393859146872929,0.002874362689583862,0.002874112789681567,0.5433689042875371,0.0028740682355534878,0.0028741494086349157,0.0028740717829238687
doc135,0.2474043474604957,0.0008145077560109725,0.0008145937483298521,0.0008145257841813864,0.19990967932890974,0.12064565439221586,0.3304099550203145,0.0991867365095419
doc136,0.1983382114826114,0.0007365217770992022,0.0007365334385005157,0.0007365379783931655,0.6992675475899921,0.09871152221948169,0.000736602376049719,0.0007365231378721076
doc137,0.0008637935881541626,0.0008637996520453331,0.0008637509369719138,0.000863684429197245,0.0008637211406453776,0.9939537268118898,0.0008637515200654602,0.0008637719210309265
doc138,0.0020497328564812118,0.40816838230106556,0.1423532797537184,0.0020499759407039135,0.002049897234915103,0.05617633711473172,0.38510278699344647,0.0020496078049376124
doc139,0.0013197676805303156,0.1705912063796462,0.001319548300593758,0.37252046535196087,0.0013196085213403735,0.42101040238863696,0.0013195170163239705,0.030599484360967575
doc140,0.7034933507574345,0.0010227364943072707,0.044369992837823224,0.04045527919044908,0.0010227890725630518,0.0010226436071871352,0.20759058531286603,0.0010226227273698863
doc141,0.0014751967164641172,0.23583046762824175,0.14082884207963103,0.001475325102736993,0.0014752378215421827,0.6159638338537743,0.001475350964627219,0.001475745832982601
doc142,0.0012856509688392633,0.0012857721143522565,0.31815901778360245,0.4787389668186837,0.0012857570392100367,0.10218539233383227,0.0012858098574427869,0.09577363308403714
doc143,0.0020086365530356093,0.3101071518908156,0.3008808110659997,0.10929550223079483,0.22436746313910128,0.002008727002352294,0.002008697367784759,0.04932301075011589
doc144,0.0012693902316065445,0.3875943557688228,0.0012695350993343236,0.0012695029077112693,0.0012693859819572428,0.001269309714997477,0.604789157702935,0.0012693625926354383
doc145,0.0006143837828670539,0.000614345428972609,0.0006144018732089323,0.0006143482097476699,0.19638897801766855,0.18799792532959017,0.6125412802572707,0.00061433710067414
doc146,0.33193961137562217,0.0010333169254756434,0.0010332815689288815,0.03369677297873922,0.06509617598238483,0.0681745714382437,0.4979930434776073,0.0010332262529980992
doc147,0.0006546564688739205,0.0006546251900764663,0.0006546666559889234,0.7810570395818709,0.07699846907772392,0.13867137426571952,0.0006546072310013373,0.0006545615287450415
doc148,0.7762184328060239,0.00041198184364585886,0.0004119653468946726,0.00041200802930943926,0.1026125564278605,0.00041194676730341455,0.11910918196104461,0.0004119268179175284
doc149,0.0009544527141110191,0.2834283812762269,0.0009544454117911468,0.000954467290137194,0.0009545478728444121,0.0009543541134474875,0.651276457345757,0.060522893975684985
doc150,0.5633588259966076,0.42076492492429063,0.0026460393569726383,0.0026457993026039153,0.002646513674677608,0.00264586215515344,0.002646109571015924,0.0026459250186782217
doc151,0.0008638899732509434,0.27811737558521377,0.10590013741063571,0.07346860005527864,0.0008637680427284863,0.0008637020882167788,0.5390586939372569,0.000863832907418778
doc152,0.0017010485393442977,0.17165174832501007,0.0017011496580758695,0.8181418523093107,0.001701115783836769,0.0017009879852998106,0.0017011907105673734,0.0017009066885549983
doc153,0.000886705411525124,0.0008868981465655186,0.0008866742395778442,0.5553271295965824,0.0008868204530391216,0.4393523605863117,0.0008867824378958809,0.0008866291285024182
doc154,0.0010663419507383782,0.35520744538519927,0.005401071201102736,0.0010663951700384164,0.494953738424584,0.0010665104100624453,0.14017219794921074,0.0010662995090640391
doc155,0.0005722168490816914,0.049172170408728476,0.2260213446071488,0.273247038848153,0.0005722546610734675,0.000572237579416824,0.4492705592280538,0.0005721778183440398
doc156,0.003597865935937901,0.0035978029153605415,0.003597683561990486,0.0035983912372035323,0.9748130507352553,0.0035981539069852237,0.003597860289099077,0.003599191418168117
doc157,0.05505592384967157,0.0008866833149465361,0.000886748360985996,0.0008867043272122247,0.0008867161475467071,0.0008868370955582589,0.046012450328125294,0.8944979365759534
doc158,0.05505592384967157,0.0008866833149465361,0.000886748360985996,0.0008867043272122247,0.0008867161475467071,0.0008868370955582589,0.046012450328125294,0.8944979365759534
doc159,0.0008563838546427119,0.0008563773803639864,0.06855777408650672,0.00085633486179029,0.22394537594052558,0.5566636380438346,0.1474077417229941,0.0008563741093420273
doc160,0.0011795485019034544,0.17535572840384742,0.39681149115269776,0.0011796225952284607,0.001179589272784272,0.18969119964064904,0.2334232339263614,0.0011795865065280724
doc161,0.7642166666534447,0.002283508719669773,0.0022836151073288044,0.002283917622315881,0.22208132281722054,0.002283748856955971,0.0022837446593215282,0.0022834755637428593
doc162,0.1737531947414773,0.000856388671280362,0.0008564487048583683,0.6648537622683046,0.10015110824969131,0.0578163991929786,0.0008563463659482667,0.0008563518054611301
doc163,0.5491065917957455,0.0005383539362862231,0.000538463082025496,0.0005383920283472393,0.41311393843743194,0.0005383079706213751,0.035087493649542695,0.0005384590999995065
doc164,0.9237239890221707,0.0015199278794693406,0.001519956375715168,0.0015199605337559829,0.0015202610562439244,0.0015200716858460414,0.0015199365358184356,0.06715589691098045
doc165,0.6740764394523026,0.053835876182686954,0.0006032901999102601,0.0006032893771622473,0.0006033287845665131,0.0006032301967326471,0.2690713130263482,0.0006032327802905882
doc166,0.0006419874569939667,0.09506703561623281,0.09103103312575035,0.0006419675249194745,0.0006420049736706396,0.0006420134216277129,0.8106919870896111,0.0006419707911939932
doc167,0.15960316392862522,0.002092289364883399,0.0020922968744737027,0.002092229746849207,0.7733919986197225,0.0020923490124935638,0.05654337625882774,0.0020922961941246825
doc168,0.009259887593284648,0.009259928507007771,0.00926049488723338,0.009259609829656566,0.009261472870160724,0.009259846118733258,0.009259731547359267,0.9351790286465643
doc169,0.37182422492365136,0.006757697331107969,0.006759001744766305,0.006757366849278863,0.006758785322594833,0.006758079992292883,0.006757412919351019,0.5876274309169568
doc170,0.017243257012301116,0.01724696379189645,0.01724320244777012,0.3686000472246475,0.01724362117356586,0.01724359145190694,0.017243518095961002,0.527935798801951
doc171,0.008475506306880088,0.008476639256013194,0.008475273419229537,0.008475158656562076,0.008475381682646279,0.008475852502533,0.008475853298965124,0.9406703348771709
doc172,0.8743732707796945,0.0056188529794104335,0.005619679543385077,0.005620792555525371,0.005618661713648875,0.005618670127956328,0.005619038411512885,0.09191103388886654
doc173,0.0020922729417325635,0.1710558224545712,0.0020923636260395985,0.0020924251567165522,0.8163897070036907,0.00209269391442512,0.0020924740533925052,0.0020922408494317675
doc174,0.001319720895124814,0.9907630289923623,0.001319425567305809,0.0013196732744709546,0.0013195173351135618,0.001319533771860569,0.0013195151797656445,0.0013195849839963496
doc175,0.0011018451429085177,0.0011014912069868073,0.0011017422055716259,0.40022968745607795,0.24712555831946414,0.34713665525203546,0.0011015383194810404,0.0011014820974743066
doc176,0.0005788410812488792,0.32033224498880736,0.2547946468311291,0.13747078171564286,0.0005788899989267729,0.1466586859321902,0.1390069427754027,0.0005789666766519631
doc177,0.0015202564862217618,0.20409233266107607,0.06992653882506521,0.0015200211101688253,0.46478089085286706,0.23480348597603468,0.0015202855736778092,0.021836188514888544
doc178,0.0010123706754586689,0.001012456453123806,0.13802594625503464,0.0010125002981544804,0.26866470105011225,0.2012897606945838,0.26336547725409665,0.12561678731943568
doc179,0.27114963124190855,0.0009453771048481052,0.08758926990885035,0.0009453919566427293,0.4539914273907756,0.0009454287436744839,0.1834878134688695,0.000945660184430754
doc180,0.001497389213444237,0.0014976440030266996,0.001497503527711373,0.034281595842109144,0.2687245889459826,0.4428035084279024,0.24820024994122697,0.0014975200985966445
doc181,0.0017924371067980682,0.0017925504514086621,0.00179262211951827,0.001792403269391154,0.8221445478485615,0.11907416679781416,0.0017922999426745463,0.049818972463833724
doc182,0.3732477565653794,0.0012857616787650347,0.0012854626319405756,0.09654962060972325,0.5237744518072663,0.0012855566023836644,0.0012856757799862741,0.0012857143245554312
doc183,0.1126545449185284,0.001285715876668715,0.0012855738075854088,0.0012855524116421406,0.6496379348488628,0.0012857685139816273,0.16560713303029304,0.0669577765924378
doc184,0.0005855713238059473,0.0005855336357688419,0.9959011410439755,0.0005855507883822408,0.0005855780197901115,0.0005855363368239548,0.0005855732272072656,0.0005855156242460916
doc185,0.667608848320542,0.0014127301476165894,0.0014127760845669215,0.3239146072143125,0.0014128307377516223,0.0014126595292470502,0.0014127247085527744,0.0014128232574103588
doc186,0.002874609973223216,0.0028741064720685734,0.002874285501622489,0.0028742486397383715,0.4476419473591263,0.37339940468201016,0.16458762367896004,0.00287377369325064
doc187,0.0007765813337776063,0.0007766026356497553,0.0007765816556258941,0.0007765357281693191,0.1433727083317334,0.11858742740406261,0.7341570414592925,0.0007765214516889139
doc188,0.0017926019010422157,0.0017926862637983223,0.0017923570426131158,0.0017923131542518967,0.0017926963467131932,0.001792559175307665,0.9874525053695304,0.001792280746743172
doc189,0.4579750135636497,0.0012693593786558513,0.0012692539081869598,0.001269282478129808,0.24863154894833808,0.001269505878265026,0.2870468319448492,0.0012692038999252365
doc190,0.4026479659900454,0.09018121071081694,0.0011523076450629624,0.12248670816415035,0.31623093255439827,0.0011523894998971876,0.0460645077405347,0.020083977695094162
doc191,0.0008637935881541626,0.0008637996520453331,0.0008637509369719138,0.000863684429197245,0.0008637211406453776,0.9939537268118898,0.0008637515200654602,0.0008637719210309265
doc192,0.2728671497234821,0.001208149805651262,0.0012079593890735403,0.41648389084770004,0.0012080134715687048,0.0012079022734484929,0.304609080651861,0.0012078538372149383
doc193,0.0017305589793606586,0.001730534421471291,0.0017306565014918336,0.0661295475734795,0.0017305883430670736,0.0017306109825249332,0.923487212489657,0.0017302907089478132
doc194,0.2486036495042794,0.24340900548658218,0.0007765491315729956,0.3904032914853753,0.0007766223720122041,0.0007764967714793059,0.11447787773638687,0.0007765075123116587
doc195,0.003356761571515343,0.0033561129289094837,0.003356075848625854,0.003356626127443781,0.5049118619825399,0.47494956286243456,0.0033563512507103067,0.003356647427820757
doc196,0.00035751487514085705,0.2133382547876765,0.04542577173826965,0.0003574910440595861,0.00035750593496503593,0.00035746841207294375,0.739448543142814,0.00035745006500141494
doc197,0.6591709150988232,0.000886710502266829,0.0008868834491377527,0.0008866697019063081,0.2512443473925737,0.0008867484232947731,0.08515100106040167,0.0008867243715956613
doc198,0.31106573109659647,0.151702398900308,0.0007154483378624847,0.11359944771151764,0.4207706842607662,0.0007154453377613772,0.0007154050276413753,0.0007154393275465707
doc199,0.33193961137562217,0.0010333169254756434,0.0010332815689288815,0.03369677297873922,0.06509617598238483,0.0681745714382437,0.4979930434776073,0.0010332262529980992
doc200,0.2211634504537336,0.0009193370854418639,0.0009193249791050887,0.245611597524231,0.0009194260860102272,0.5286281193343753,0.0009193172298715129,0.000919427307231452
doc201,0.7834833160266511,0.001193690033541991,0.001193535017639908,0.07753289498491703,0.0011935596818133164,0.13301580841343288,0.0011936678122325514,0.0011935280297713626
doc202,0.3165179079363481,0.0006633012222119868,0.0006632444569549266,0.0006633018531822705,0.48614303426493083,0.000663313938962952,0.19402266500279694,0.0006632313246120131
doc203,0.1438220689033728,0.003732399694243425,0.0037324876496986595,0.3180513353231514,0.3074609765740527,0.21573717570183912,0.003731961417876728,0.0037315947357651072
doc204,0.001269295866544617,0.18797735736434498,0.3459214380086559,0.001269593489964173,0.0012692309007543046,0.001269340549173208,0.45975446741956,0.0012692764010028973
doc205,0.0005006617157576369,0.0005006530152853516,0.0005006408765191185,0.04223004845637182,0.0005005719454199762,0.0005007345982009265,0.9547661363796385,0.000500553012806778
doc206,0.08984458700662205,0.5268740184552937,0.0010777673177911032,0.001077963707090664,0.05175156527923409,0.32721829665194824,0.0010778148630669966,0.0010779867189531392
doc207,0.003247325783887688,0.0032478120719609048,0.0032474228188962874,0.003247758746312618,0.9772672212977871,0.0032473828060777684,0.0032481828855354103,0.003246893589542199
doc208,0.0003666592618373709,0.5227127879193272,0.15370326627737327,0.17881735225372403,0.00036665109506000496,0.11941633596899066,0.0003666729207511431,0.024250274302936414
doc209,0.5905585935899609,0.15287642116420191,0.0006907725685992667,0.14792219481582003,0.10587978404822161,0.000690772327785181,0.000690754603636475,0.0006907068817746
doc210,0.7139097117513779,0.11249129696211924,0.00041713770359446024,0.00041710587064035714,0.17151338214700973,0.0004171179481929542,0.0004171666171221806,0.0004170809999431646
doc211,0.0009192120674091823,0.0009193203114873276,0.0009192602164935998,0.000919294400078193,0.0009193120373001815,0.0009193141933667904,0.0009194027257757887,0.993564884048089
doc212,0.0009192120674091823,0.0009193203114873276,0.0009192602164935998,0.000919294400078193,0.0009193120373001815,0.0009193141933667904,0.0009194027257757887,0.993564884048089
doc213,0.13592934547714242,0.0011137759448832524,0.0011139699074311444,0.14102873556065454,0.001113882390933416,0.12081091276977439,0.5977756093757733,0.0011137685734075105
doc214,0.28916711394961747,0.00021381872902480564,0.00021383720963324607,0.06706746397611735,0.3095293487746645,0.33338075925832034,0.00021380955174363374,0.00021384855087869137
doc215,0.001237976476588992,0.001238034296495755,0.11684017464682887,0.0012379393035899138,0.28841582114354886,0.0012379472310266716,0.5885542657994814,0.0012378411024395858
doc216,0.18555901933999033,0.0010441262727022569,0.0010440504299987546,0.0010440776950046556,0.0281387814394806,0.0010440087900252003,0.7810818833385922,0.0010440526942059193
doc217,0.0009366653072196728,0.0009368676579626289,0.0009365652816301146,0.9934435133704766,0.0009365657495867727,0.0009366054633288612,0.0009366565713631228,0.0009365605984322515
doc218,0.0010778291921990446,0.0010778975706647023,0.00107775584736396,0.0010778541176112422,0.0010778133552159298,0.0010780381029624482,0.9924550479666431,0.001077763847339371
doc219,0.9903826279462618,0.0013738612931763297,0.0013739296455045386,0.001373877036521929,0.0013741201025426512,0.0013739592664835196,0.0013738396711448025,0.001373785038364577
doc220,0.20538569307869547,0.0011263699390760384,0.14086830733156366,0.0011263226643893392,0.6235469964983357,0.0011263280263500413,0.025693533987013843,0.0011264484745760592
doc221,0.12508091880952057,0.0011391980066325167,0.001139199779643002,0.0011392936149946062,0.18747455739634475,0.09325508049283911,0.5896326211241778,0.001139130775847638
doc222,0.05559872490496404,0.05042013635801483,0.0006633222766490825,0.5687509632918678,0.0006633715449015079,0.3225769780860554,0.0006632564019813507,0.0006632471355661036
doc223,0.0009279400640763747,0.1592336410557234,0.1690283512982295,0.0009279064435889988,0.5301276034353826,0.0009279381685800265,0.0009278998058745147,0.13789871972854467
doc224,0.002393008709060116,0.002393014096909884,0.0023930263248141243,0.002392924357461817,0.002392908388219295,0.30537730580918393,0.6802650881600348,0.002392724154315874
doc225,0.009259887593284648,0.009259928507007771,0.00926049488723338,0.009259609829656566,0.009261472870160724,0.009259846118733258,0.009259731547359267,0.9351790286465643
doc226,0.37182422492365136,0.006757697331107969,0.006759001744766305,0.006757366849278863,0.006758785322594833,0.006758079992292883,0.006757412919351019,0.5876274309169568
doc227,0.19717757812979766,0.0030491973679822736,0.32030047597925415,0.003049336149951559,0.003049295981497414,0.0030491792064430245,0.4672746607043942,0.0030502764806797943
doc228,0.017243257012301116,0.01724696379189645,0.01724320244777012,0.3686000472246475,0.01724362117356586,0.01724359145190694,0.017243518095961002,0.527935798801951
doc229,0.008475506306880088,0.008476639256013194,0.008475273419229537,0.008475158656562076,0.008475381682646279,0.008475852502533,0.008475853298965124,0.9406703348771709
