,topics0,topics1,topics2,topics3,topics4,topics5,topics6,topics7
doc0,0.0009026834970587805,0.0009028847553027575,0.9936806492244067,0.0009027751605290686,0.0009026770425879402,0.0009027745369513236,0.0009027201678953109,0.0009028356152681757
doc1,0.00039417130948102676,0.0003941170859802074,0.00039406977035875664,0.14090863057281666,0.00039411664823514386,0.8567265816600792,0.0003941264008257419,0.0003941865522231643
doc2,0.07376186000589345,0.09996503195885867,0.0048844873555415735,0.7144028475343722,0.000582220923669345,0.0005822197548799828,0.0005821884253189283,0.10523914404146589
doc3,0.3235431757159426,0.0017925822312869332,0.0017924124596779157,0.08933643438058331,0.00179252154855125,0.0017926711912393824,0.0017923483135554874,0.5781578541591632
doc4,0.003472487465692371,0.0034743058651026735,0.0034727456348558434,0.0034732382573765927,0.4359621102686455,0.0034734400778070377,0.0034729060077551147,0.5431987664227649
doc5,0.18355408443542048,0.0010894997673188776,0.0010894559621322378,0.0010896090589813969,0.12668788539806758,0.5785999999155609,0.10679990325006569,0.0010895622124528605
doc6,0.0014972564564476566,0.0014973945570601428,0.001497253278865436,0.10592662497808475,0.2195132520257862,0.001497541428375558,0.0014975135269271248,0.6670731637484532
doc7,0.9203093971397791,0.000538392855747264,0.009595821275908077,0.0005383650788602887,0.0005383888546972788,0.06740286702205488,0.0005383966464544606,0.0005383711264986317
doc8,0.042558217184064634,0.1300546476782157,0.0005327623986417849,0.3985711464006986,0.07314895530040363,0.2420665185336126,0.1125351679785889,0.0005325845257742917
doc9,0.0009455907726520359,0.0009454418645629554,0.015039277031210005,0.27048982762766066,0.7097436421889113,0.000945398360415564,0.0009454253232027216,0.0009453968313847577
doc10,0.0013930541561491471,0.2632244892455198,0.04971481889914062,0.2639981746818028,0.4174901891155186,0.0013931184473029846,0.0013929789602530286,0.0013931764943130034
doc11,0.0005161142284405099,0.037153173668277875,0.0005161354154716327,0.23586526757764145,0.724400952584387,0.0005161429956173246,0.0005161137320747726,0.000516099798089489
doc12,0.015724814478116165,0.03589848806985276,0.014544598709506758,0.2246303263510453,0.0006298830159763708,0.0006298763469083692,0.07391537030133466,0.6340266427272596
doc13,0.0007104287281669485,0.2710995023095194,0.0007103270619117269,0.4429762064071231,0.24306831200162526,0.04001441509013376,0.0007103728492491473,0.0007104355522705084
doc14,0.07206155945971447,0.0005788515641603455,0.2376906264854758,0.0005788781719735571,0.598856046907869,0.04496927674722817,0.0005789024436578879,0.04468585821992092
doc15,0.0009026834970587805,0.0009028847553027575,0.9936806492244067,0.0009027751605290686,0.0009026770425879402,0.0009027745369513236,0.0009027201678953109,0.0009028356152681757
doc16,0.0009026834970587805,0.0009028847553027575,0.9936806492244067,0.0009027751605290686,0.0009026770425879402,0.0009027745369513236,0.0009027201678953109,0.0009028356152681757
doc17,0.0009543138174534046,0.6115712932101472,0.0009547402528275663,0.0009543899661201313,0.04648838521766645,0.33716795017649065,0.0009544331058683267,0.0009544942534262478
doc18,0.0010777557835018926,0.23043547871373005,0.001077772226070357,0.5475048252277861,0.0010777561101823904,0.0010778114115450243,0.06272462635588683,0.15502397417129737
doc19,0.04547244224568962,0.03875946303742774,0.00036264848462052646,0.30479554765774514,0.18676553791368558,0.42311894998716126,0.0003627162017418979,0.00036269447192816814
doc20,0.0013738212088169135,0.35584720535722825,0.0013737182795883244,0.001373827664411432,0.11789809604107929,0.0013740354683683127,0.0013738905076723677,0.5193854054728352
doc21,0.0005625400244555,0.4528430762967297,0.0005624810712840973,0.0005625516440255162,0.20394795715435743,0.3403961929464184,0.0005625995369811255,0.0005626013257483205
doc22,0.002092345439449496,0.0020926539761593715,0.0020931790770904635,0.0020928531442958947,0.0020929803776068372,0.0020932767394600095,0.002092899390158181,0.9853498118557797
doc23,0.30063980822401776,0.0006546394842060402,0.0006546450530108902,0.21400044778952895,0.0006546364632262589,0.4820864975168686,0.000654675402392738,0.0006546500667487243
doc24,0.0008491359489587728,0.13801912667439303,0.0008491363128835765,0.46236907689321377,0.0008491523470998856,0.3329444388246424,0.0008490794467999687,0.06327085355200861
doc25,0.07019003786268056,0.000448944795921425,0.012664924777008573,0.13626933310661885,0.00044895475715714075,0.19750789598854518,0.2966585270638936,0.2858113816481746
doc26,0.19467728737876577,0.0009923149550331355,0.0009921566056120801,0.0009922969580309473,0.000992419013695876,0.6752681154428264,0.0009923837101901143,0.12509302593584568
doc27,0.06167765932518857,0.0010227905441147949,0.021512392841050065,0.0010228390175629801,0.2381004924738571,0.0010227569498863992,0.5980606667697044,0.07758040207863574
doc28,0.0003639556663520097,0.3727473583691388,0.03343739895846066,0.1094263340204186,0.26197361604242914,0.18081893995350065,0.04086841490270389,0.0003639820869962194
doc29,0.0008279150050438525,0.44329951901384096,0.05725085800952571,0.1807994811782291,0.19177449245155784,0.12439154470452277,0.000828212509913397,0.0008279771273665001
doc30,0.22945153444005068,0.0631612866763271,0.0012228034082513075,0.24746158480053146,0.0012227815249024826,0.0012227842685006885,0.32535527552388255,0.13090194935755375
doc31,0.001113797806527243,0.0011137961242248286,0.0011136881334973575,0.001113806465112015,0.10757511540909247,0.8053921515576001,0.0011140798254161359,0.08146356467852979
doc32,0.061636201907320685,0.4205851706792701,0.0009452471223429952,0.0009454424702336179,0.2858789761657838,0.2281181931168139,0.0009453680412228362,0.0009454004970120591
doc33,0.0017607955216125417,0.0017609039192488364,0.07829605903825895,0.0017610163207914344,0.8385093556011436,0.0017613772196012475,0.001761155998388846,0.07438933638095456
doc34,0.00041710581106767697,0.0004171585579272447,0.00041709928760676033,0.0845690713953427,0.00041714476998779953,0.8048817562784856,0.04654802848150116,0.06233263541808103
doc35,0.0014328325406823415,0.0014332366312253355,0.05910481430336067,0.0014336144946542396,0.9322951564015703,0.0014334463748922406,0.00143295753434022,0.0014339417192745904
doc36,0.0034727325901963897,0.003472959767409637,0.0034727585701229756,0.6326657835580568,0.34649644793648343,0.0034730636333151947,0.0034730545153453733,0.003473199429070123
doc37,0.0013553310225827965,0.23241509436361693,0.001355224938083672,0.0013552555750370686,0.06890431121005294,0.1852322216456267,0.001355481645161254,0.5080270795998386
doc38,0.0008563341272261869,0.5002620695871467,0.0008562582553362774,0.38659928337660965,0.0008564567023221644,0.1088569554527715,0.0008563046144124969,0.0008563378841749278
doc39,0.25221921501352385,0.10224623730773617,0.00024345931557997086,0.17886396131765847,0.2841753441237181,0.10881738622798878,0.0002434737543770675,0.07319092293941762
doc40,0.9765041752209184,0.0033565805692228634,0.0033562482000457907,0.0033567563664335495,0.003356970606285239,0.003356714273292736,0.0033560143649927197,0.0033565403988087376
doc41,0.20055478353958694,0.0009730112983861556,0.35131427299188894,0.19376767346162463,0.25047124501776624,0.0009729233781689942,0.0009730166357149886,0.0009730736768630415
doc42,0.0010777472472648995,0.0010778768921465211,0.3810018484704287,0.12591887289549336,0.48769038983510593,0.0010777724222746927,0.0010777797984494425,0.0010777124388365034
doc43,0.0017927060101215913,0.001792570194594473,0.00179251316746649,0.0884937081550168,0.7746413386622207,0.0017925899277316094,0.1279018715818678,0.001792702300980538
doc44,0.0012693602029878691,0.091346087063919,0.00126912536286661,0.13420630461236416,0.0012693317135441067,0.001269395126693647,0.19911026611306318,0.5702601298045615
doc45,0.015634235476908034,0.2854529929449644,0.0007364622863617142,0.0007366261825808558,0.5923785473644694,0.0007365106552363534,0.10358802041318298,0.000736604676296431
doc46,0.0011392218822861967,0.1197382336010428,0.0011390777295245437,0.0011392088669597176,0.15991980273157033,0.644271010439074,0.07151426074801213,0.0011391840015303103
doc47,0.5445154405272891,0.0011264736357916752,0.0011264735227455036,0.12163717877851725,0.05009658044059562,0.2792447671018203,0.0011265321112747838,0.001126553881965875
doc48,0.000513461879551039,0.3219986632337805,0.0005134631095522747,0.0005134999316223136,0.0005134925774094093,0.17173206813068334,0.10697925679295796,0.3972360943444431
doc49,0.0003325334147677061,0.00033249969240818763,0.00033254138593759644,0.5212783925647846,0.057694661138315416,0.41936429598044067,0.0003325386718649147,0.0003325371514809738
doc50,0.0019688812611779547,0.19458718559589572,0.001969002526533336,0.0019688471261812847,0.15245725608504568,0.0019690508432999914,0.40969658913813256,0.23538318742373335
doc51,0.000982380318873637,0.0009825021744242668,0.9931227033002985,0.0009824184895777463,0.0009824679241420083,0.0009826875715063293,0.00098242861730897,0.00098241160386857
doc52,0.0010123218930069037,0.8745473381601608,0.0010126440803017295,0.0010124014193918919,0.0010124321727249027,0.0010124211827820524,0.11937807364040234,0.0010123674512293145
doc53,0.0027181269181200053,0.0027183512537898484,0.0027184137457127353,0.6733981284912569,0.0027187420290116903,0.13013757882973379,0.18287254646624881,0.0027181122661261202
doc54,0.08146011326791489,0.002183925260451209,0.0021837823524700722,0.6911006241393159,0.0021840142835702317,0.2165194456227433,0.0021840654151526217,0.0021840296583818066
doc55,0.2682815950208707,0.000700467532324488,0.0007003967942634909,0.38664820667118205,0.0007004423265002831,0.34156796712474985,0.0007004323793844957,0.000700492150724791
doc56,0.0005501787385152547,0.0005502451587224051,0.0005501670848612685,0.24807659591999592,0.0005502120688174373,0.7486221232871091,0.000550179664818316,0.0005502980771603079
doc57,0.2060796360292637,0.0010332344575779587,0.001033298426522593,0.0010333225959922282,0.2233667408879818,0.001033321975675435,0.28875406966190004,0.2776663759650862
doc58,0.0016725229392541613,0.5365370213498738,0.0016725299062598736,0.0016726085947120941,0.0320929363947515,0.001672643589304238,0.2309142575893447,0.19376547963649976
doc59,0.06647639063972104,0.0013196415972817615,0.0013198417468471193,0.10262040996249193,0.2597246127897342,0.3987011281845896,0.1685183976205958,0.001319577458738587
doc60,0.0005441682954199297,0.4627708563777326,0.01745836566270184,0.18544254168962693,0.14056171276668047,0.0005442454752822275,0.11126513074031526,0.0814129789922406
doc61,0.0010549930148636554,0.3269343952582726,0.0010550126224527427,0.0010549593870971975,0.08398370540003852,0.0010550280157713887,0.0010551358298426137,0.5838067704716613
doc62,0.000982380318873637,0.0009825021744242668,0.9931227033002985,0.0009824184895777463,0.0009824679241420083,0.0009826875715063293,0.00098242861730897,0.00098241160386857
doc63,0.0011522656938773549,0.4634596634451201,0.0011523926547895292,0.001152285015388157,0.0011522901319609593,0.26434652428628874,0.2664322366400032,0.0011523421325719885
doc64,0.000982380318873637,0.0009825021744242668,0.9931227033002985,0.0009824184895777463,0.0009824679241420083,0.0009826875715063293,0.00098242861730897,0.00098241160386857
doc65,0.0007767069225205482,0.30006667437290363,0.09943578778178201,0.4021039444359254,0.018364365822174364,0.00077662216812227,0.13754330925240135,0.04093258924417024
doc66,0.35823474760489565,0.0007532970933890105,0.0007536382150915682,0.0007531965087483267,0.08544134532970646,0.5525572768202748,0.0007532137958054188,0.0007532846320889823
doc67,0.2943701477870958,0.0011016175271281639,0.001101745231163102,0.21966084049824589,0.0011017267352629251,0.4804605070641588,0.0011017204478395934,0.0011016947091056577
doc68,0.2865954033035337,0.13490428092730933,0.0006419636185651422,0.3716537865399873,0.0679469766436517,0.000641999566046843,0.13697355320604235,0.0006420361948636571
doc69,0.0018941389609090256,0.00189426871926122,0.0018943117858511566,0.0018944739325416496,0.9867393663326562,0.001894309471536376,0.0018947691345439278,0.0018943616627004833
doc70,0.5752950934203517,0.3557462957074615,0.035711624060398565,0.0011658400869341485,0.028583763451706462,0.0011657954500577038,0.0011657067938217762,0.001165881029268049
doc71,0.07489191152631233,0.0015199608383289931,0.0015199936927149545,0.0015202688938609687,0.0015201013027227581,0.7702332142402311,0.0015203131480798283,0.147274236357749
doc72,0.001567806226400058,0.36092616189232024,0.001567542323921137,0.2546905628903829,0.0015678797930761216,0.0015679633105123534,0.0015675827931356866,0.3765445007702514
doc73,0.1661894586176765,0.7031076754707777,0.0011522150659262498,0.0011524208640580646,0.12494106566204971,0.0011523255257905897,0.001152336174726481,0.001152502618994679
doc74,0.0006955257971660818,0.14277725860056234,0.0006956879535310086,0.0006956343492388368,0.0006955000509042679,0.0006955568100127224,0.0006955231046831621,0.8530493133339017
doc75,0.0006632695391297836,0.29019298010612954,0.04138259223054969,0.0006632934301274355,0.4616858566547558,0.0006632685603374433,0.0006633555624651128,0.20408538391650513
doc76,0.00480831198437869,0.004808822442412003,0.0048096921428387295,0.00480927356359703,0.468504633385353,0.0048087493049662295,0.004808073165011157,0.5026424440114432
doc77,0.0014976616643038907,0.001497606508586387,0.0014974275201288622,0.13741707845797013,0.8535975087048595,0.0014975651021194903,0.0014977525477689994,0.0014973994942628212
doc78,0.001193382943968332,0.0011937455954776118,0.0011936521559515198,0.0011937155385057133,0.9916448369602904,0.0011935829133484436,0.0011934916289339512,0.001193592263524012
doc79,0.16579365613788383,0.18415269442478738,0.0017010035996841912,0.0017012217392524075,0.5352317717965466,0.0017011411759110322,0.0017010814436605784,0.10801742968227401
doc80,0.0012694263758967306,0.08477987419841693,0.001269280912615877,0.0860532421556869,0.001269442326714807,0.35549084969035954,0.4685983459294243,0.0012695384108849016
doc81,0.0018589263413586463,0.0694706181503292,0.0018589038130338996,0.0018591752759595935,0.9193748556957689,0.0018592561335573944,0.001859170936722142,0.0018590936532700112
doc82,0.01136391067984735,0.011375362318798593,0.011364431413187196,0.011365877465955132,0.9204305337248015,0.011367686401980992,0.011366906408263325,0.011365291587165868
doc83,0.0014972153498455153,0.0014974665887241998,0.0014976986295061714,0.001497296298587589,0.9895182873176103,0.0014974091635616435,0.001497186100943528,0.0014974405512210344
doc84,0.0012857364912265616,0.0012856614544619902,0.0012855881567546974,0.0012857060077407496,0.22894434714109085,0.11381267347481899,0.0012854988908194698,0.6508147883830868
doc85,0.17437764126962874,0.03389498106869117,0.0008712868174984663,0.0008713020791162343,0.0008712859288586549,0.7873709626102614,0.0008712696691943198,0.0008712705567509948
doc86,0.0015201701022951204,0.37247185886323547,0.0015199370651355986,0.0015200323958169746,0.6184078645640975,0.0015200002369910597,0.001520050359574867,0.0015200864128534974
doc87,0.001497170750806123,0.0014974040750739776,0.0014974422162455467,0.0014973372284336412,0.056419983439366723,0.8204391947937351,0.0014973473998454083,0.1156541200964935
doc88,0.10663027729343573,0.0012856458058179109,0.0012855605223595723,0.0012857510051640425,0.0012857103391031575,0.0012855937670165909,0.0012855428889980685,0.8856559183781049
doc89,0.004808469557509891,0.1541148904436372,0.004809927183751037,0.2803897548332737,0.5414488470201763,0.004809692916677153,0.004809788829268235,0.004808629215706507
doc90,0.5131543674632203,0.15634367005765962,0.0009026288756308735,0.29231520925278126,0.0009028080532859266,0.03457575600769184,0.0009028212320975809,0.0009027390576325529
doc91,0.055749426453717534,0.0026457617088398067,0.0026457815324081044,0.0026459936297420984,0.4388884733578122,0.0026460035738661114,0.0026461115831597068,0.4921324481604544
doc92,0.0012534607163498539,0.03678065338284688,0.0012535277057324277,0.06412228438598468,0.21740171608232106,0.27140789855456093,0.0012535456957701203,0.406526913476434
doc93,0.0014332276278920047,0.21549022122379263,0.03367179914780209,0.3888555844378433,0.19774633259810054,0.08702905305691488,0.07434072064690579,0.0014330612607488897
doc94,0.0007888747151073105,0.14372224908671455,0.0007887576503902419,0.0007889031878657815,0.0007888328668827932,0.8213507333082725,0.0007887778790363515,0.030982871305730596
doc95,0.0005722655035860353,0.13062347071865965,0.0005721563718789542,0.09941566220411242,0.0005722779686488292,0.14594940438692386,0.0005722566497907483,0.6217225061963995
doc96,0.000603291601323175,0.0006032975537420193,0.000603272506032473,0.5933861138240515,0.3373395637495162,0.0006033013561614342,0.0006033381847131389,0.06625782122446014
doc97,0.014421042862998385,0.1730654919655134,0.0011391278570842631,0.0011393007177966372,0.025722583383276914,0.04692213010866526,0.0011391358480553934,0.7364511872566097
doc98,0.0006298765594148818,0.0006299153865789624,0.0006298122585138441,0.0006298898567037063,0.23260756373744274,0.000629928622337012,0.47301672324601435,0.29122629033299446
doc99,0.5096864062343904,0.09556356198663918,0.0005005707850769826,0.15632596067932228,0.04790348905015653,0.0005006488023509078,0.0005006663171855867,0.18901869614487812
doc100,0.3222048627639343,0.0010663355721912374,0.0010662773537300492,0.5878936021635084,0.001066314404087396,0.08456978650892144,0.001066391052764649,0.0010664301808625354
doc101,0.0009729485975846472,0.6260399089889077,0.021266844538771295,0.0009728914671565957,0.16521301865156718,0.0009728839545646443,0.18358851024739403,0.0009729935540538585
doc102,0.0025131384467026296,0.5064950897262511,0.002513177750963402,0.0025132284897456557,0.3857683649817063,0.0025132287764779437,0.0025129448375934486,0.09517082699055945
doc103,0.0005082181462451961,0.16312565737792675,0.0005082029094141415,0.1353498052802539,0.023599000142859736,0.0005082848867902423,0.1921656009981088,0.48423523025840104
doc104,0.10470042081821067,0.27438295770180504,0.001077770468583326,0.4701623144975144,0.0010777830456406565,0.0010779195024027285,0.0010778381832925897,0.14644299578255063
doc105,0.0011392160153905749,0.0011392559547964687,0.0011390985773056344,0.0692176893876497,0.22230747681229382,0.19299991729303914,0.0011392300537689851,0.5109181159057556
doc106,0.0011935495930322471,0.19925802778917612,0.0011935246773769478,0.0011937066082590582,0.028103480769750992,0.0011935337562894283,0.1673965404140414,0.6004676363920738
doc107,0.22310754658546533,0.002874562838079103,0.002873990906747633,0.0028744933754359533,0.0028744119800735756,0.0028746387740522716,0.002874699322002192,0.759645656218144
doc108,0.0007589082643266358,0.0007589930201669339,0.0007588734395918231,0.0007589477754486816,0.3905627345575906,0.4700658165247429,0.029450063821295145,0.10688566259683747
doc109,0.004808150239818839,0.27284007225125023,0.07124108883825732,0.0048089912045967045,0.6318759059708388,0.004808978739731673,0.004808246026160864,0.004808566729345668
doc110,0.20579170929558116,0.0019692127088400944,0.0019691523879226823,0.0019690009358501515,0.4558826721950311,0.3284799004492526,0.001969304507695047,0.001969047519827144
doc111,0.0017924870949829936,0.0017924831232944396,0.0017923733237085293,0.0017927583493498693,0.19938958295006182,0.0017925864493009652,0.0017926984130281706,0.789855030296273
doc112,0.0009192214387904441,0.08585962089074661,0.8251059140536778,0.000919337522391502,0.047521725489478826,0.037835474950115,0.0009193114666114969,0.0009193941881882646
doc113,0.0009192214387904441,0.08585962089074661,0.8251059140536778,0.000919337522391502,0.047521725489478826,0.037835474950115,0.0009193114666114969,0.0009193941881882646
doc114,0.3084719002130935,0.28174186324931993,0.022559655373022885,0.38208396807492356,0.0012855306974890158,0.0012857667073172107,0.0012856466258057086,0.0012856690590281607
doc115,0.17036046787287756,0.0006461406350637906,0.011604531389115377,0.14694212869723855,0.000646141406488318,0.6685081540004943,0.000646234645553479,0.0006462013531686672
doc116,0.07168504917480191,0.0015434010255366867,0.0015434970648400838,0.45393454052423704,0.0015434768720796706,0.46666276929325523,0.0015437248869190946,0.0015435411583302077
doc117,0.0007951399476377438,0.0007951336857493741,0.0007951485942428487,0.32275693124286287,0.0007951384100033407,0.6724722803160446,0.0007951047783074532,0.0007951230251518514
doc118,0.11657239196184765,0.21349986194636242,0.0018251364893450107,0.0018254489850149961,0.20397344733141715,0.0018254401948951233,0.00182554484486211,0.4586527282462555
doc119,0.0008420225542188792,0.0008419642187443346,0.0008419267241651317,0.7650946144685963,0.0008420307866927071,0.22985349336680497,0.0008419443581867777,0.0008420035225908899
doc120,0.001859460509169585,0.15295646290306916,0.0018594202911227469,0.1873722740156221,0.565620584454765,0.086613226207704,0.0018591931365350065,0.001859378482012273
doc121,0.002393183394358511,0.002392923962382773,0.00239267517508436,0.0023928438312416024,0.0023928546373671064,0.9832498002701914,0.002392930241506506,0.002392788487867889
doc122,0.5429801391136767,0.0012858178092095603,0.0012855460623226588,0.1247683948289509,0.001285536826411955,0.0012856225490654237,0.32582339127591575,0.001285551534446835
doc123,0.0019306897849618871,0.0019308041720448488,0.0019309519908457212,0.0019309871684217218,0.9864838730090258,0.0019306436379775806,0.0019306779032911962,0.0019313723334312566
doc124,0.39945756791369696,0.0002943832869820972,0.00029433679662271037,0.2136317385636759,0.10919143759125022,0.06328141364973469,0.00029437175722102376,0.21355475044081648
doc125,0.002136996109853285,0.002137059542620657,0.002137036404956733,0.002137260166326774,0.04180468550580508,0.002137178384121462,0.3665478406896214,0.5809619431966947
doc126,0.0011391407450128837,0.4538703100922168,0.001139266461594657,0.00113915549621736,0.0011391745849629598,0.2742406443961529,0.26619309068763786,0.0011392175362045574
doc127,0.15735864708526104,0.4588347695150864,0.0007258747912374667,0.3801772525897415,0.0007258537861329405,0.0007258826701359528,0.0007258595398431478,0.0007258600225616504
doc128,0.18048539947887884,0.1458519976727749,0.04033271449226899,0.05396455786950899,0.15849167757020918,0.4196954633602726,0.0005890754446681034,0.0005891141114183916
doc129,0.003049838692082874,0.18693186405727322,0.0030491119469446327,0.0030499966361754813,0.5760938972078862,0.2217260799836078,0.0030496685156893417,0.0030495429603403955
doc130,0.001700996970677544,0.0017011898973416696,0.0017009029638271086,0.001701101086388474,0.566506696733042,0.423287091551831,0.0017010957019589592,0.0017009250949334286
doc131,0.0014537004194334088,0.0014539313578952769,0.0014538192098548222,0.0014537320899749614,0.9898234418702306,0.001453811587616892,0.0014537842046806345,0.001453779260313605
doc132,0.001066473370804266,0.04037200206569395,0.0010663197919516883,0.2034147634604789,0.15330122478638622,0.3797345189242465,0.0010663036795151353,0.21997839392092336
doc133,0.4585696976124777,0.0011934339867476702,0.0011934132854534286,0.3805282301649422,0.0011936574034402748,0.0011937507039676387,0.001193728497509254,0.15493408834546196
doc134,0.0010550798752607545,0.05494962320796886,0.0010551400838313477,0.14847892443478375,0.3734479654209099,0.3378070417847967,0.0010552191972828355,0.08215100599516582
doc135,0.0007589082643266358,0.0007589930201669339,0.0007588734395918231,0.0007589477754486816,0.3905627345575906,0.4700658165247429,0.029450063821295145,0.10688566259683747
doc136,0.001237819344219301,0.31764591664543596,0.001238013968391468,0.1401598990188556,0.5360043472368736,0.001237960972382358,0.0012379925885155788,0.0012380502253260348
doc137,0.12409896733844439,0.0005722015040451026,0.000572283958699225,0.10539110472025273,0.7527116776646385,0.0005722110446840079,0.0005722178446068025,0.015509335924629206
doc138,0.0020926493480154353,0.14826095769305606,0.0020926506402557626,0.0020925184620165507,0.8391832734951855,0.002092733743502583,0.002092347552185963,0.002092869065782225
doc139,0.003732231589854579,0.0037323215862965094,0.00373311336619646,0.003732857713445207,0.5221313587789184,0.4554729149306952,0.003732581842716732,0.003732620191876898
doc140,0.18922662595484782,0.002794233116889448,0.0027938742200767433,0.002794230687664877,0.41093036306155045,0.12339879647466949,0.0027938500589220513,0.26526802642537917
doc141,0.0021837749011730796,0.0021841041978119774,0.002183876134209878,0.0021839445778411015,0.1405682959108421,0.8463280737113382,0.0021838836780308543,0.002184046888752867
doc142,0.0014754117804244005,0.47289166265569693,0.0014751695800698772,0.0014752014678132913,0.15612881689100588,0.0014753722364658688,0.3636029654792406,0.001475399909282981
doc143,0.0021837749011730796,0.0021841041978119774,0.002183876134209878,0.0021839445778411015,0.1405682959108421,0.8463280737113382,0.0021838836780308543,0.002184046888752867
doc144,0.08264015163219786,0.0010778991116571607,0.013687525068654595,0.27221275465432127,0.13440844163049984,0.281965714850899,0.2129296708816981,0.001077842170072252
doc145,0.001592574807867093,0.0015926320649301163,0.0015925301147239226,0.0015927108125779526,0.13517120238903096,0.0015925811482283797,0.02966318177389018,0.8272025868887515
doc146,0.00245187359903777,0.0024519534392288237,0.05841892596275349,0.28190230734666777,0.2725716777523787,0.3772991370907803,0.002452143641201309,0.0024519811679518614
doc147,0.08765732174102243,0.19885391876961084,0.0014127680958787277,0.3519508415720152,0.2370748314331845,0.1202248447784573,0.001412686635076358,0.0014127869747545677
doc148,0.17303887875880114,0.0035983984318602494,0.003597655711625319,0.0035989053233548276,0.0035982530498989106,0.27164744861613843,0.0035982369448527857,0.5373222231634683
doc149,0.05268358793377304,0.0013023879917635635,0.0013024838087299772,0.790029610709919,0.0013026166871605272,0.0013025403262617275,0.001302476097201272,0.15077429644519086
doc150,0.14759356401131296,0.001825231140202061,0.0018255924347934866,0.0018254879938655287,0.513139743741287,0.27442768140795104,0.057537568358072916,0.0018251309125150148
doc151,0.0017610908415539748,0.32215062222856217,0.0017607458362329728,0.5403356448280192,0.0017611103208091032,0.12870850619147417,0.0017612382559711497,0.0017610414973771651
doc152,0.0007950208808615151,0.029476828337514267,0.011645894534517436,0.0007950588417335137,0.000795105112376264,0.8472443858205982,0.0007951747360246419,0.10845253173637422
doc153,0.2350042666660838,0.0013552012740505682,0.017626794692861554,0.6321829881981729,0.0013552291666838689,0.10976489351717038,0.0013552491947380818,0.0013553772902387157
doc154,0.1183728629779693,0.24360833819926447,0.0026462297723191435,0.002646094510856232,0.0026464537359966373,0.002645894964213861,0.6247876268026208,0.0026464990367595096
doc155,0.18001184351067412,0.0005082479696317687,0.08585726944487741,0.6996732964080019,0.0005082082074460048,0.0005083007436738055,0.03242460901162803,0.0005082247040670153
doc156,0.00033702757840744254,0.00033701633226624716,0.000336970752394586,0.12896575697437382,0.00033699048512839607,0.8690122104405644,0.00033701179882108926,0.00033701563804415795
doc157,0.0015681388455567632,0.10709738051480176,0.00156766574840514,0.0015678478449703387,0.0015679008965581505,0.0015676926383489992,0.0015678813662652938,0.8834954921450935
doc158,0.07771531616837872,0.6706257480159366,0.001374404600509197,0.0013740438719790392,0.001374081711812668,0.14583499044624207,0.1003275291724859,0.0013738860126558039
doc159,0.0027183268923546867,0.0027183644226036092,0.13322549637183875,0.478252498543897,0.0027182839619693516,0.0027182712897962473,0.17055942373972102,0.20708933477781927
doc160,0.0038768132303035655,0.003876602830178423,0.0038763672650333728,0.0038779023012454283,0.003876959511824312,0.9728608156139953,0.003878008607693289,0.0038765306397264077
doc161,0.0009027423756849213,0.178708401791631,0.0009026376545322574,0.0009027207575983978,0.3692389569348018,0.0009027256714625765,0.16468729993139408,0.283754514882895
doc162,0.8736136018126217,0.0009278585969120333,0.0009280307663262581,0.0009278934153238858,0.0009279472901661674,0.0009278375063142735,0.12081894620700401,0.0009278844053316836
doc163,0.0007310957560913683,0.3285761441823651,0.0007310597058637857,0.47957000622359575,0.0007311473215418388,0.18819814144849306,0.0007312190006397339,0.0007311863614093299
doc164,0.0012534376974163534,0.0012535155811224331,0.0012535275914037289,0.001253535476299629,0.8023471032170054,0.0012534632354182663,0.1901318562145797,0.0012535609867544762
doc165,0.1777430174522201,0.48797556855202995,0.001033227833834579,0.19554176781325075,0.001033340985156155,0.001033388219244614,0.13460643955394783,0.0010332495903162006
doc166,0.0006503367260651353,0.0006503673085719683,0.0006502745709230645,0.5334983890452933,0.2554320852081164,0.10316254274571153,0.10530567261444816,0.0006503317808704601
doc167,0.0009278264901129357,0.16923889337416512,0.0009278031825444389,0.4975275613753287,0.0009278729456641048,0.17666233524516053,0.0009279526601960368,0.15285975472682806
doc168,0.0007765234248217731,0.04926639251708844,0.000776653147902031,0.0007766226572026434,0.8651641875321137,0.0007766081696234068,0.08168635566775588,0.0007766568834923083
doc169,0.0009729328263721433,0.0009729111677665303,0.9931894717583628,0.000972965552741645,0.0009729494860223823,0.0009729414412546819,0.0009729096477371641,0.0009729181197426767
doc170,0.0009729328263721433,0.0009729111677665303,0.9931894717583628,0.000972965552741645,0.0009729494860223823,0.0009729414412546819,0.0009729096477371641,0.0009729181197426767
doc171,0.0015678099711818716,0.0015678454972256285,0.001567528896071477,0.0015681605646509042,0.001567876486681493,0.0015679603125122827,0.9183582688438248,0.07223454942785155
doc172,0.005319767711397562,0.005321239690597475,0.005320085171525282,0.005320028644846124,0.962757714553237,0.005321428037593914,0.0053194231739944215,0.00532031301680821
doc173,0.0019689880184660855,0.001969028019193798,0.00196864962677204,0.12861170451403026,0.08545877373648608,0.001968863136999021,0.001968916544908794,0.7760850764031438
doc174,0.0013371056700476492,0.4588324973405065,0.0013372294575793044,0.5331445964824248,0.0013370379554122538,0.0013370722998058704,0.0013372953631980054,0.001337165431025435
doc175,0.0019311394527135465,0.5215381991004784,0.07075908286929315,0.3980470374428522,0.0019312073363517161,0.0019312240439560264,0.0019310587117117174,0.0019310510426431733
doc176,0.0013929333975540416,0.6053075049324276,0.0013929912609822997,0.0013930247789782854,0.10226145486390174,0.0013929885907158946,0.0013930717452147422,0.2854660304302254
doc177,0.0008420225542188792,0.0008419642187443346,0.0008419267241651317,0.7650946144685963,0.0008420307866927071,0.22985349336680497,0.0008419443581867777,0.0008420035225908899
doc178,0.07298343539841365,0.4892972649874166,0.001701125626325642,0.26708999473318373,0.0017011422124038691,0.0017011715933071586,0.0017011123659037767,0.16382475308304564
doc179,0.0021370438184651007,0.002137238055907556,0.08499391409863018,0.002137075385057981,0.29930707818027297,0.6050129591120519,0.002137500751173784,0.00213719059844046
doc180,0.024922406258239067,0.00035876097143783676,0.024914713914669366,0.0003587826940526699,0.554752248184046,0.02069209942556567,0.37364220187402075,0.00035878667796848446
doc181,0.0007889301723192266,0.4283730683346989,0.0007887244703076243,0.0007888601838244108,0.566893899046782,0.0007888836314131383,0.0007887740749613609,0.0007888600856932642
doc182,0.0011795901846075895,0.49283232776652114,0.0011797683138714944,0.0011794054474764037,0.001179479964089127,0.4217760529588824,0.07949393877189682,0.0011794365926551943
doc183,0.15073986944110113,0.12019834521626445,0.0007951511768950926,0.1347124573993564,0.5911688798295933,0.0007950918110870585,0.0007950587504273216,0.0007951463752751912
doc184,0.46651780111943697,0.0008637420093766315,0.0008636775310982253,0.0842964060326283,0.12200083825756367,0.0008637983754330084,0.000863851394592609,0.3237298852798706
doc185,0.15091919940631837,0.12410241266424098,0.0027175564280897085,0.002717900429214172,0.135976647112646,0.002717717821027599,0.0027179162990567463,0.5781306498394064
doc186,0.00032181562353892956,0.47219985078205645,0.0003218917130565427,0.000321849715669716,0.029768095697035497,0.49642279617225593,0.00032185761781648075,0.00032184267857035445
doc187,0.0013195318383740211,0.9907624374833847,0.0013194738033322738,0.0013197812529193546,0.0013195699849232973,0.0013197675128345703,0.001319598628617663,0.0013198394956141814
doc188,0.0014751144094861883,0.0014752273836514036,0.0014752918165860857,0.001475380294450919,0.711075350902911,0.10129334044244738,0.18025504715854326,0.0014752475919238034
doc189,0.0006503367260651353,0.0006503673085719683,0.0006502745709230645,0.5334983890452933,0.2554320852081164,0.10316254274571153,0.10530567261444816,0.0006503317808704601
doc190,0.0012693674290128322,0.0012694633947786002,0.0012693335957158515,0.0012694939560859457,0.4593279239670811,0.42091832461936934,0.11340688852965802,0.0012692045082983194
doc191,0.001337151348074632,0.0013371169618560086,0.0013370565369654704,0.19747792682041257,0.18600732818097218,0.609829102890523,0.0013371638512421477,0.0013371534099541071
doc192,0.0009365777113838219,0.0009366017745034562,0.0009364462035447036,0.07023800767872995,0.2228737712885465,0.5499613656706985,0.0009366336001533704,0.1531805960724397
doc193,0.0006677398933089379,0.0006677921181545429,0.0006677067831775602,0.0006677701133928768,0.6860487093846596,0.11929307353098213,0.14053983491462482,0.051447373261699576
doc194,0.5678666927220563,0.004387054266196884,0.004387062571768687,0.004387550899806466,0.1837623680530223,0.22643526189916252,0.0043867037827588955,0.00438730580522799
doc195,0.08075569853858554,0.0029592802347410663,0.07441326948094887,0.0029590355074752763,0.7665183388356147,0.002959001478573166,0.0664758782987914,0.0029594976252699016
doc196,0.054269696956313944,0.0025777001549324437,0.0025778475743078897,0.0025778678781108438,0.9302634323864166,0.0025779104468138495,0.0025778075590475397,0.0025777370440568208
doc197,0.0014333348176885073,0.0014330153901455835,0.06311738557616207,0.19308713614488104,0.7366299857550573,0.001433095417307211,0.0014330569134303139,0.0014329899853278646
doc198,0.0019316832290372816,0.4110446896157963,0.0019308858347016232,0.0019312592242063022,0.0019312680787770826,0.0019311557101939101,0.17286731415084594,0.4064317441564416
doc199,0.1646147714980649,0.12543918020127087,0.0022837233112710195,0.3279659412358141,0.0022838187998334256,0.27014936845219917,0.10497974748297575,0.0022834490185708427
doc200,0.08345667046365629,0.2088550185282933,0.0009453307442550604,0.4701623668659892,0.0009453055602264575,0.1494827517154875,0.00094539562470361,0.08520716049738862
doc201,0.0018250245971983914,0.46762971974311485,0.001825088459687274,0.0018251517486987624,0.001825065354847759,0.0018255572342602657,0.521419300237288,0.0018250926249046354
doc202,0.2940866467680467,0.2614456665015753,0.0018588823440502278,0.22612392671054907,0.0018591933084777118,0.0018593500835971273,0.0018591130298294867,0.21090722125387446
doc203,0.0011263879015591903,0.0011264251468351538,0.0011262702834266137,0.06758282928997883,0.21641252032746888,0.18695025478104133,0.0011263998354409267,0.5245489124342492
doc204,0.10270039990104161,0.0007766400822720286,0.0007765116168531074,0.861546005883141,0.000776547376655986,0.0007766552210963164,0.0007766469385236663,0.03187059298041628
doc205,0.03667878852018251,0.10873011291652858,0.0017607625407568398,0.0017610222502577027,0.0017609188148762932,0.8457864414135955,0.0017609447878258618,0.001761008755976853
doc206,0.0007950208808615151,0.029476828337514267,0.011645894534517436,0.0007950588417335137,0.000795105112376264,0.8472443858205982,0.0007951747360246419,0.10845253173637422
doc207,0.0015677605374547234,0.001567719742360731,0.0015675775647046013,0.0015679303508698964,0.0015677876897880409,0.5017768417596785,0.0015676688121267232,0.4888167135430168
doc208,0.002049528883997989,0.49983602452111153,0.002049733677610592,0.0020497191911639473,0.08394913306858118,0.0020496192543920573,0.002049750421913612,0.4059664909812291
doc209,0.000596065993939281,0.6571205169148441,0.0005961101677231421,0.0005960979373455113,0.08398679077343424,0.0929928087937934,0.1635154899643806,0.0005961194545397658
doc210,0.0007950624265841618,0.000795158733209039,0.0007952637038881389,0.0007951642585228511,0.22807602340396163,0.09491620851943015,0.41585132453971424,0.25797579441468976
doc211,0.0004657011839827495,0.07318670591642541,0.0004657152222002794,0.04433012474551162,0.0004656097165146999,0.00046566563211716344,0.0004656256862914687,0.8801548518969566
doc212,0.1359272893013834,0.0008946086139428973,0.0008945830704531788,0.5030211608261929,0.000894693424607133,0.21495145485435369,0.0008946639934585484,0.14252154591560828
doc213,0.15347400560855198,0.16898051704889108,0.00031774496580352853,0.10243766477430132,0.1791844611077022,0.00031774500051959676,0.07121357728971187,0.32407428420451845
doc214,0.0024517558270998655,0.002451997916435077,0.0024533440017790458,0.8714218752704698,0.0024514186459224747,0.002451775441726707,0.002451531897929824,0.11386630099863718
doc215,0.0010228749085726514,0.321629554781937,0.001022777453241673,0.2532080487454371,0.001022818652416612,0.4200483355369141,0.001022740668512056,0.0010228492529687023
doc216,0.001222864535407285,0.00122283187696412,0.0012227328418799113,0.0012228574041469253,0.1625479468208676,0.0012228020056464376,0.3804799748312843,0.45085798968380325
doc217,0.0005754751734948638,0.4834640151684173,0.0005755927842320711,0.39720570034319447,0.000575546240756012,0.0005755559952323299,0.0005755437963723966,0.11645257049830064
doc218,0.48435128838807934,0.08289996442674416,0.000720635689679618,0.18345888182902298,0.0007206591161494491,0.24640723686326546,0.0007206668629669997,0.0007206668240919449
doc219,0.0017302740572422823,0.7111886592153901,0.0017303460102811288,0.0017303178899777064,0.0017304461770396846,0.2784288755445834,0.0017306059303647625,0.001730475175121002
doc220,0.2870306497113473,0.001165827562008764,0.001165648094889719,0.0011658057564750155,0.0011658714309640212,0.7059746104943387,0.001165811017378872,0.0011657759325976445
doc221,0.00031179980454408573,0.11329015565164208,0.0003117657049099409,0.7966387780301695,0.08851209854542379,0.0003118001911331112,0.00031180798395112874,0.00031179408822635895
doc222,0.0010664830099397767,0.001066341260786662,0.0010662377471858653,0.37543087185017904,0.6181708545804414,0.0010663733999654826,0.001066436349735337,0.0010664018017663294
doc223,0.0006546680050860738,0.9164511108808917,0.000654538484110696,0.07962111117412919,0.0006546733926547135,0.0006546513124964673,0.000654593490446893,0.0006546532601842446
doc224,0.0012534376974163534,0.0012535155811224331,0.0012535275914037289,0.001253535476299629,0.8023471032170054,0.0012534632354182663,0.1901318562145797,0.0012535609867544762
doc225,0.004808150239818839,0.27284007225125023,0.07124108883825732,0.0048089912045967045,0.6318759059708388,0.004808978739731673,0.004808246026160864,0.004808566729345668
doc226,0.0009729328263721433,0.0009729111677665303,0.9931894717583628,0.000972965552741645,0.0009729494860223823,0.0009729414412546819,0.0009729096477371641,0.0009729181197426767
doc227,0.0009729328263721433,0.0009729111677665303,0.9931894717583628,0.000972965552741645,0.0009729494860223823,0.0009729414412546819,0.0009729096477371641,0.0009729181197426767
doc228,0.0008946097542022609,0.0545352551115012,0.0008946834232707312,0.2416352671686962,0.10262435479665953,0.2582937862681473,0.0008946192316735361,0.3402274242458492
doc229,0.710332608998973,0.001412766951576418,0.0014126614446063432,0.0014129498177388726,0.0014126833245181342,0.0014129734230103807,0.0014126960455663102,0.28119065999401044
