,topics0,topics1,topics2,topics3,topics4,topics5
doc0,0.0009126553245742402,0.000912705461369527,0.0009127903181903629,0.0009126374655232381,0.0009126874134482926,0.9954365240168944
doc1,0.48436435732136746,0.468817920386488,0.04556535194057626,0.0004174969680080006,0.0004174485104004087,0.00041742487315988875
doc2,0.0005932439180653885,0.7350087046030523,0.20664670817238717,0.0005932878515426798,0.05656474569627732,0.0005933097586751118
doc3,0.0742226079967061,0.573639657239665,0.24169626300786237,0.001901441302814893,0.10663836381024815,0.0019016666427034035
doc4,0.5020511031443455,0.0036240987528850513,0.21850121564806776,0.268576143873366,0.0036236416500023253,0.003623796931333406
doc5,0.6016574661979206,0.39382687418300344,0.0011288820404968239,0.0011290212302211588,0.0011289340427662509,0.0011288223055919097
doc6,0.0015019127748400751,0.0015019298232016817,0.28681595126549697,0.10170407159924238,0.6069743573206017,0.0015017772166172909
doc7,0.04177794642241627,0.8170409731128114,0.019043482820534016,0.0005389368726049726,0.11263244720093021,0.008966213570703018
doc8,0.0005632345580219866,0.5051674373489644,0.13405136525616695,0.2547130496940434,0.09144175099542291,0.014063162147380364
doc9,0.0010041954027979552,0.18963202696199394,0.0010043077649720179,0.7928725636923556,0.0010043403617686416,0.01448256581611193
doc10,0.0014167227775893111,0.001416852440494771,0.3780749042043201,0.5796670920248759,0.0014166968465326299,0.03800773170618734
doc11,0.000519335282277234,0.07427411635336653,0.0691393483435965,0.8550285332272962,0.0005193180512951594,0.0005193487421683085
doc12,0.0006512121062248335,0.3496423338421576,0.34211332506096553,0.0006512252277717334,0.2930635834228264,0.013878320340054035
doc13,0.0007216574650816994,0.17660557708348007,0.4750474764619105,0.34618200129768173,0.0007216663249504026,0.0007216213668957501
doc14,0.05249631581108593,0.14147316835655158,0.0005729038695197183,0.6126598312284476,0.0005729209876845069,0.19222485974671072
doc15,0.0009126553245742402,0.000912705461369527,0.0009127903181903629,0.0009126374655232381,0.0009126874134482926,0.9954365240168944
doc16,0.0009126553245742402,0.000912705461369527,0.0009127903181903629,0.0009126374655232381,0.0009126874134482926,0.9954365240168944
doc17,0.24037046009365393,0.0010042926392255542,0.6983291658731325,0.041707491202415015,0.0010042826953771938,0.01758430749619591
doc18,0.001080074295779413,0.38024264804504654,0.4712241767614258,0.0010802643992914407,0.14529275822843793,0.0010800782700188276
doc19,0.07583132942563486,0.529806059664981,0.09983342398993891,0.2937816378465787,0.0003737899681341201,0.00037375910473242665
doc20,0.0013969261194193515,0.00139689501572053,0.7891965590541037,0.0013971185160116832,0.20521575187189117,0.001396749422853703
doc21,0.4636456720833814,0.0005061775417844269,0.5343295920191679,0.0005062215455319158,0.0005062229536324094,0.0005061138565019934
doc22,0.13026489137947023,0.0021936192516734307,0.2294789540649479,0.0021935422615739298,0.6336752773749947,0.0021937156673397054
doc23,0.000737672542497667,0.9252045459429251,0.0007376712496249432,0.07184484466589218,0.0007376919474721896,0.0007375736515879681
doc24,0.20884574598733938,0.497958085445624,0.20564727071727393,0.06759515113026673,0.019131103566994687,0.0008226431525012686
doc25,0.07675983238071682,0.5477939737100677,0.007881736963717512,0.0004795450076663019,0.36660530570473593,0.0004796062330957154
doc26,0.643183008815005,0.3531328296152833,0.0009211016765692977,0.0009210697974426051,0.0009210575896129519,0.0009209325060869476
doc27,0.0010574069153088024,0.12462356818438172,0.001057342830969774,0.15191062017562285,0.7002997168671261,0.02105134502659079
doc28,0.10622077622867135,0.00037803718343836927,0.5217694369841955,0.3310082413063025,0.00037804410243524373,0.04024546419495699
doc29,0.07851518531273509,0.0008505762414104959,0.5811958385653488,0.2741201478620538,0.0008505964780005087,0.06446765554045121
doc30,0.0012258917472481306,0.5331672305933368,0.14200265504094062,0.0012258356037100821,0.32115261956713526,0.0012257674476291338
doc31,0.5538235761528941,0.18580974914408088,0.00119654974943919,0.2144044219454452,0.043569419623353,0.0011962833847874953
doc32,0.0010145474902792035,0.13400085722143978,0.6255639758879797,0.23739192311483417,0.001014405228407609,0.00101429105705951
doc33,0.0017988853821529068,0.0017988315802848023,0.0017990482668529977,0.9282969427495317,0.0018003601026624733,0.0645059319185151
doc34,0.7353808608125945,0.09232714153213036,0.1710550544521641,0.0004123344820380207,0.00041232322835326054,0.0004122854927199594
doc35,0.001457986846236377,0.001458224680098801,0.0014584247814872545,0.9927091409295566,0.001458037437604274,0.0014581853250166504
doc36,0.003907302908960519,0.0039080358465906125,0.003907316225320405,0.9804633211124124,0.00390749271904393,0.003906531187672344
doc37,0.12032912539192053,0.0013970221985420694,0.5170322298702574,0.0013971656394469152,0.3584474815523038,0.0013969753475292733
doc38,0.0008578884034688346,0.26945127397109797,0.6083760077705206,0.11959933990858775,0.0008577769365819653,0.0008577130097428499
doc39,0.00025610011045248396,0.4463585695176543,0.1995468296354731,0.3533263743175721,0.0002560793435746539,0.0002560470752734532
doc40,0.003497843055246586,0.8135773258599646,0.0034974055389663788,0.1724319657026675,0.003497613092801123,0.0034978467503538283
doc41,0.06688918135703965,0.356150288816711,0.0009383098429601832,0.22748508152721894,0.0009383025162408568,0.3475988359398294
doc42,0.0011039202166527845,0.0011040254055487322,0.0011039714251824728,0.5593877331506029,0.00110396642278067,0.43619638337923244
doc43,0.0017671499170664534,0.0684474299815518,0.0017672629133749771,0.8086855233184462,0.1175654951666316,0.0017671387029288687
doc44,0.07381424822498628,0.22258996505369333,0.14519253502462023,0.0011822689833110855,0.5560388609016549,0.0011821218117342533
doc45,0.0007599882372142429,0.0007601072201864229,0.3443240489060921,0.5445159413163532,0.10887995028776973,0.0007599640323843256
doc46,0.3729156588704862,0.14354664693078892,0.26018854665230395,0.22083602149063947,0.0012566742790591841,0.0012564517767221352
doc47,0.09940486537032489,0.7681412412944072,0.0011551140111714978,0.12898854338543897,0.0011551078592785375,0.0011551280793788987
doc48,0.043296881910119475,0.11043726154828733,0.5570653971008169,0.000506188312055083,0.28818810864812305,0.0005061624805980203
doc49,0.14572266818627094,0.6370229433150507,0.00034182823899673995,0.21622886709837497,0.0003418370131288539,0.0003418561481779195
doc50,0.30944415074462606,0.0019383221153287833,0.20943059120929944,0.0019386295052781872,0.47530995792169944,0.0019383485037679955
doc51,0.06649558634094059,0.0009942121821495335,0.0009943633518440128,0.0009941614540554065,0.000994125184504333,0.9295275514865061
doc52,0.0009943279483451703,0.0009942979414662451,0.8662060113558114,0.0009943010809212575,0.11234618977095627,0.018464871902499583
doc53,0.002660335407181918,0.9260389131717045,0.0026603075434314194,0.06331941750488505,0.0026604698836791584,0.002660556489117835
doc54,0.002146361431642413,0.9892678320435407,0.0021464262521702963,0.0021464130263611557,0.002146640112131962,0.0021463271341534804
doc55,0.0007323606381596006,0.9963385194148284,0.00073228821094238,0.000732364552138483,0.0007322652948576593,0.0007322018890734654
doc56,0.47574171739586624,0.3021023065573319,0.08675269814532789,0.13426412112209501,0.0005695765543513426,0.0005695802250277528
doc57,0.0010574372486023855,0.13408762101389757,0.001057295673920681,0.09165649576859618,0.7710838873482978,0.0010572629466853623
doc58,0.0017989568098744798,0.001798937254019049,0.7265454838895737,0.001798904389720739,0.26625881563221365,0.0017989020245983251
doc59,0.5120531403591825,0.24184975696215413,0.0013409181022847013,0.2420744471857339,0.0013408585909160302,0.0013408787997288556
doc60,0.2792378369156029,0.10774027371359418,0.5017263012310903,0.0597948137463292,0.030909702335646196,0.020591072057737154
doc61,0.0010462004593680134,0.001046161987442432,0.43607399170676747,0.0010463275458225698,0.5597411889945618,0.0010461293060376024
doc62,0.06649558634094059,0.0009942121821495335,0.0009943633518440128,0.0009941614540554065,0.000994125184504333,0.9295275514865061
doc63,0.26978003894858715,0.0011684741588035962,0.5865967263832363,0.0011684732790058793,0.14011775647638564,0.0011685307539813369
doc64,0.06649558634094059,0.0009942121821495335,0.0009943633518440128,0.0009941614540554065,0.000994125184504333,0.9295275514865061
doc65,0.05354353307634311,0.5092926332060902,0.2853231707799832,0.035109813345908646,0.0007543720194916117,0.11597647757218305
doc66,0.1811501510019243,0.761505665981025,0.0007718210733296147,0.05502886780531187,0.0007717848558215489,0.0007717092825879868
doc67,0.0011164126930874956,0.8910883885711319,0.0011163677356653572,0.10444589838709269,0.001116448096988828,0.0011164845160335744
doc68,0.0006686278331937845,0.5146754839909454,0.2020397812810399,0.0863785809190422,0.1955689420188281,0.000668583956950615
doc69,0.0018318538491645289,0.0018319460713658506,0.0018318375733620605,0.8797457946044752,0.11292682053123863,0.0018317473703937067
doc70,0.001210881844325328,0.5058854715237235,0.444872393683547,0.024026837295990363,0.0012109697317930815,0.0227934459206206
doc71,0.33259769089786273,0.6613950626305027,0.0015017860426444463,0.0015019289055446178,0.0015018582401111601,0.001501673283334361
doc72,0.0014796541626069864,0.20311434401948306,0.7315763360023613,0.0014798305471508421,0.060870386863784494,0.0014794484046134254
doc73,0.0011684673963670235,0.2564177730825254,0.7389081539334613,0.0011686556423978237,0.001168599390684151,0.0011683505545643388
doc74,0.0007114005274675507,0.0007114717381584216,0.983019287808266,0.0007113851085035803,0.0007113829266921589,0.014135071890912192
doc75,0.0006387381833363156,0.03289638441033962,0.4281164046169831,0.3711107348974222,0.1236199189878136,0.04361781890410509
doc76,0.004237970982494327,0.004238734348117315,0.4183968553034166,0.3318196663135042,0.004238329590370896,0.2370684434620967
doc77,0.0015483454714284382,0.09509978552552399,0.0015486295471701602,0.898706464390144,0.0015483288220068299,0.001548446243726571
doc78,0.0012408953318941885,0.001240893997748516,0.011757981111730192,0.9832783700398225,0.0012408989257908047,0.0012409605930136923
doc79,0.08182474047177761,0.15247177321729533,0.20612819801097926,0.556218339901648,0.0016788213734900688,0.0016781270248096625
doc80,0.3185683019256742,0.09209910979839472,0.1444447799342322,0.0012567014821610353,0.4423746028384098,0.0012565040211282158
doc81,0.002016656037818094,0.0020164309197820422,0.08487590569819801,0.9070580756531238,0.0020165457315560187,0.002016385959522084
doc82,0.16706281272355522,0.010418102618048274,0.010421866501263423,0.7912614894911439,0.010418570702854284,0.010417157963134888
doc83,0.0015019045608224133,0.001501817836880301,0.0015020016874980134,0.9924903441541887,0.001501878693660288,0.0015020530669501567
doc84,0.0013408584106748736,0.0013408308295358344,0.5766356942911458,0.41800102180415305,0.0013408858183653425,0.0013407088461249695
doc85,0.4184051150118937,0.5248870289363327,0.05394488332579519,0.0009210231521961804,0.0009209722416762803,0.0009209773321059791
doc86,0.0015246186080426767,0.0015246427762132225,0.45551459251574505,0.5383867633880595,0.001524761245734566,0.001524621466204931
doc87,0.8383276400010373,0.001397009816776977,0.1560843462685822,0.0013970347185082788,0.001396926381101642,0.0013970428139936765
doc88,0.0013408286646944692,0.27099895645352096,0.7236376029724514,0.0013410291770724432,0.0013408508092783303,0.001340731922982403
doc89,0.20992709198684725,0.005378049080202249,0.305355424041326,0.46858221106692655,0.005378382209364388,0.0053788416153336275
doc90,0.03684662594932328,0.7798261557134084,0.18058939961772547,0.000912714688965039,0.0009126215680486877,0.0009124824625291834
doc91,0.0029767513250667514,0.0029770931838494674,0.0029770730341134735,0.41830333518786156,0.5697891965132327,0.0029765507558759076
doc92,0.5653351450291664,0.14315876131842903,0.12710564362165425,0.001323211402522518,0.1617540765242555,0.0013231621039723627
doc93,0.0014580497253967799,0.41070163101634943,0.22667002800846078,0.261074588039924,0.06604459421375257,0.034051108996116346
doc94,0.5824694964618974,0.25413419275147975,0.16104478564047972,0.0007838876316824703,0.0007838395188693021,0.0007837979955913355
doc95,0.0005932837015066529,0.2657653829382183,0.4834229390943005,0.04128870543316248,0.20833650021304967,0.0005931886197624084
doc96,0.0006004170667349797,0.5515757749575786,0.0006003888043675837,0.4460226370889775,0.0006004295754745618,0.0006003525068668484
doc97,0.0012109806135353314,0.0012110726324662065,0.6161822796289497,0.17337762733962658,0.20680729000093992,0.0012107497844822217
doc98,0.17381800986710427,0.0006040338175505153,0.12331371183816828,0.0006040517980186671,0.7010562485793809,0.000603944099777166
doc99,0.0262408359833229,0.635490948018213,0.15661224371664406,0.10489954588755741,0.07623982970020539,0.0005165966940573017
doc100,0.0009942184852182144,0.9950286982523937,0.0009942661437898053,0.0009943080530237843,0.0009942879050178534,0.0009942211605566311
doc101,0.0009843878401236512,0.0009846497510708958,0.6438563762166107,0.09591050357735502,0.2351754611830608,0.023088621431779043
doc102,0.0025913134513370047,0.0025912178982638733,0.6107595745198016,0.378875414223523,0.0025911066602691706,0.0025913732468054677
doc103,0.03162225986497657,0.25049927516629744,0.4252840819485616,0.0005220795888771593,0.29155029784590064,0.0005220055853864725
doc104,0.0011290567086246661,0.6877146532346626,0.30776957276690686,0.0011289502246454638,0.0011289180314811088,0.00112884903367918
doc105,0.3458429817236948,0.0011966279922302509,0.28009300028279244,0.37047450388904835,0.0011965099293233066,0.001196376182910703
doc106,0.06364587155366122,0.0012111314534245506,0.44092606506792337,0.0012109732040301376,0.4917950028493058,0.0012109558716550135
doc107,0.0029770361597099703,0.3077125212086909,0.2961511891082496,0.002977113932440722,0.38720549151659206,0.002976648074316812
doc108,0.42743041496716355,0.000732301379161166,0.20884332103172248,0.36152948252684414,0.000732274310741094,0.0007322057843675618
doc109,0.004855084878636533,0.004855187544679838,0.2698828217434503,0.644924072078098,0.0048550046083070285,0.07062782914682839
doc110,0.3322131339646796,0.2545312167510775,0.0018321230309790509,0.40775932820918226,0.0018320468706574462,0.0018321511734242135
doc111,0.001767393992825411,0.001767469777342075,0.20074952587651906,0.13075180786648996,0.6631968094742249,0.0017669930125985788
doc112,0.03847094634363197,0.000929648175851298,0.10242647912987782,0.0009296585593161658,0.0009296214488607313,0.856313646342462
doc113,0.03847094634363197,0.000929648175851298,0.10242647912987782,0.0009296585593161658,0.0009296214488607313,0.856313646342462
doc114,0.0012408395122402729,0.8669388619286866,0.11275980295486407,0.0012408599992062579,0.0012409377832653188,0.016578697821737234
doc115,0.31925700492941345,0.6780503891756852,0.0006731427226049435,0.000673175725828309,0.0006730968516419719,0.0006731905948261843
doc116,0.07863166378318062,0.9151751636012518,0.0015482234868378032,0.0015483758576976291,0.001548322402174599,0.0015482508688574872
doc117,0.39356908169121557,0.6032197381432798,0.0008028092499200066,0.0008028242209248984,0.0008027563576188944,0.0008027903370408427
doc118,0.0019016505769490826,0.26571869586513464,0.5619168460883718,0.16665954528519442,0.0019018360552324682,0.0019014261291177106
doc119,0.0008505397803625465,0.8197149009071164,0.0008505594033159525,0.17688290996676048,0.000850569100778332,0.0008505208416661404
doc120,0.001866262497439619,0.11982067170787976,0.2412196227241785,0.6333608818038985,0.0018661284275171609,0.0018664328390864792
doc121,0.42444426017649345,0.5651901385947095,0.0025914715932373236,0.002591425384378965,0.0025912654242536905,0.002591438826926962
doc122,0.0013406383936686859,0.5415791616813241,0.0013408480223354071,0.0013406886968727648,0.4530579490201143,0.0013407141856846593
doc123,0.0020162802984786403,0.002016391675216662,0.002016523631839133,0.9899176143853,0.0020164659950574425,0.0020167240141080287
doc124,0.018639373378527148,0.609358856099461,0.12102231879904907,0.2044899331431244,0.04618880925060309,0.00030070932923528923
doc125,0.0021019452949362304,0.0021017557907161972,0.0021014551016815654,0.002101406600545984,0.9894919666995585,0.002101470512561403
doc126,0.26927758812139446,0.0011417945153575214,0.5703616519837876,0.0011417979820462732,0.15693531979757236,0.0011418475998415361
doc127,0.0007322077767457928,0.5240613834740792,0.473009650161991,0.0007322635165559423,0.0007322455064436383,0.0007322495641843514
doc128,0.21642046740567045,0.39293947572630084,0.23375364484927835,0.11968919202633177,0.0005863371927532201,0.0366108827996655
doc129,0.003068774363942058,0.0030683943690279977,0.39486249945824564,0.5928643552863467,0.0030681587875369416,0.0030678177349006113
doc130,0.3321346345486363,0.0016506717707610787,0.08334561154907247,0.579568280504915,0.0016504503452710773,0.0016503512813440552
doc131,0.0014580907656399954,0.0014579660609588744,0.0014582060371456905,0.9927096686910576,0.001458026484297472,0.001458041960900392
doc132,0.0011041584378765881,0.4301441413537391,0.10844220831596764,0.45810141273502775,0.001104110195064922,0.0011039689623241887
doc133,0.09789831998089499,0.8971381713163656,0.0012408745515542698,0.0012409207093573094,0.0012409426683555674,0.0012407707734721687
doc134,0.16139801269431744,0.17026996460371502,0.19763432860962135,0.46848935633341127,0.0011042734348893028,0.00110406432404573
doc135,0.42743041496716355,0.000732301379161166,0.20884332103172248,0.36152948252684414,0.000732274310741094,0.0007322057843675618
doc136,0.0013059061933316642,0.0013059220411228902,0.4631790847434554,0.5315976192851455,0.0013057962086096976,0.0013056715283349329
doc137,0.000593217139971689,0.18074696482678226,0.0005932496534910557,0.7971544561720725,0.02031886799520877,0.0005932442124738268
doc138,0.0021932740012543875,0.0021934035900161783,0.19576519181849936,0.795461033894325,0.0021934799267998165,0.0021936167691052936
doc139,0.00390754743257075,0.48851483133330525,0.00390716044934188,0.49585540415408846,0.003907398432161226,0.003907658198532479
doc140,0.21389729604282856,0.1996238256271697,0.20905085441327165,0.37210764555802006,0.0026601666323746004,0.00266021172633551
doc141,0.38803932716709594,0.002404501001961999,0.6023429188296955,0.002404545302373767,0.002404363683084811,0.0024043440157880333
doc142,0.0015021526545275416,0.0015019110166258989,0.4342539937778488,0.19592378556396872,0.3653163957003654,0.0015017612866635884
doc143,0.38803932716709594,0.002404501001961999,0.6023429188296955,0.002404545302373767,0.002404363683084811,0.0024043440157880333
doc144,0.22752607706301375,0.5795444744266937,0.0010355054014315513,0.18982278998738397,0.0010355474710010768,0.0010356056504761955
doc145,0.001650408149276315,0.08324630172564873,0.1692477282362563,0.1613685045311512,0.5828366475285884,0.0016504098290789865
doc146,0.35198680602658344,0.22421773551724386,0.0024045780365830947,0.29024109931779946,0.08487443510110704,0.04627534600068315
doc147,0.0015018643878529222,0.516816541839857,0.24423442609634283,0.23444354648567786,0.001501789785244772,0.0015018314050247322
doc148,0.0036245907183562443,0.0036245333971712135,0.981878306594632,0.0036244484342989997,0.003624202416420839,0.003623918439120743
doc149,0.1415982630784732,0.8031397148398032,0.0014580145113881103,0.050888102960646886,0.00145800937404571,0.0014578952356430694
doc150,0.0018662030058348201,0.4595312057872139,0.0018660766951090538,0.5330039224201376,0.0018664499346184192,0.0018661421570860823
doc151,0.10513658419811966,0.24545380884617565,0.5152527592914051,0.13049306407932854,0.0018320741550131752,0.001831709429957629
doc152,0.894855740275088,0.0007839255592157196,0.10200825742086372,0.0007838793087818715,0.0007838876962019121,0.00078430973984877
doc153,0.0013589881198785207,0.9932049754113579,0.0013589664226423756,0.0013589994118909882,0.0013589468975725694,0.0013591237366576317
doc154,0.04841627461075962,0.002294387169817552,0.09327138273633964,0.0022941629762944053,0.8514297668800558,0.002294025626733013
doc155,0.0005417766842378757,0.9142577712540452,0.0005418030803510666,0.0005418321518159615,0.0005418329671456977,0.08357498386240415
doc156,0.45814545966226033,0.5405010775057182,0.00033839216897885974,0.000338361950211418,0.00033837744861065953,0.0003383312642206363
doc157,0.24421513223736685,0.001678283426504174,0.33450377306761786,0.0016782131826832921,0.41624632667346606,0.0016782714123618372
doc158,0.001416896824610826,0.34350402615510706,0.5718605344540895,0.08038484742114183,0.0014168181065614854,0.0014168770384891916
doc159,0.00246361431123075,0.26221239456519446,0.3536779431141539,0.11600391791145702,0.14699839654636346,0.1186437335516004
doc160,0.276446509494789,0.7072895227672199,0.004066245991109484,0.004066500545634968,0.00406573839442674,0.004065482806820099
doc161,0.0008805063259996535,0.0008804883935860492,0.3514885962280555,0.2577192530220096,0.3881507266339544,0.0008804293963947838
doc162,0.0009941719533756333,0.8244770763543415,0.0009942551262668968,0.0009943344390352304,0.17154593180977126,0.0009942303172095312
doc163,0.12218450723805115,0.39886192716954716,0.47665598630936,0.0007658856399735749,0.0007659247781990907,0.0007657688648691985
doc164,0.0012890582304877064,0.00128913627736968,0.0012890664357020547,0.8140236995956356,0.18081994893084655,0.0012890905299584737
doc165,0.0010463576191674625,0.4929940545562131,0.5028206142296221,0.0010463978277115722,0.001046384957886182,0.001046190809399497
doc166,0.000655499277401277,0.6806620924289399,0.0006554632595459661,0.3167160453014732,0.0006555131899056953,0.0006553865427341093
doc167,0.15628596505315814,0.4362826978442371,0.40450665158013926,0.0009749348366423345,0.0009748981193992221,0.0009748525664238973
doc168,0.0461308652040825,0.0007543060866106112,0.04614990384804337,0.8788019627520752,0.027408565681500748,0.0007543964276875564
doc169,0.0009844717199384483,0.0009845611710770261,0.000984489019572728,0.000984497086655049,0.0009844070341524119,0.9950775739686043
doc170,0.0009844717199384483,0.0009845611710770261,0.000984489019572728,0.000984497086655049,0.0009844070341524119,0.9950775739686043
doc171,0.001358985781137686,0.0013592106116022324,0.0013591163595281794,0.0013589148048443595,0.9932049968793042,0.0013587755635833794
doc172,0.006025441220428527,0.006025426717447437,0.006027657770802405,0.9698714320469707,0.006024703038060068,0.006025339206290839
doc173,0.0020165667202317918,0.10539411145143977,0.7659484194765344,0.12260791349984876,0.002016663885083348,0.0020163249668619172
doc174,0.001358820432834199,0.6135528658436838,0.3810114339114492,0.0013588827747779701,0.0013589479071884846,0.0013590491300664552
doc175,0.002016809172448894,0.38572383646834235,0.5411196041238118,0.0020168861052217717,0.0020166478316722665,0.06710621629850301
doc176,0.001322928135612147,0.0013229749547403805,0.7057161035662034,0.0013231683603081837,0.28899185344331185,0.0013229715398240772
doc177,0.0008505397803625465,0.8197149009071164,0.0008505594033159525,0.17688290996676048,0.000850569100778332,0.0008505208416661404
doc178,0.00165051029649041,0.27209782785305836,0.7212996894706422,0.0016506487276099714,0.0016507258113707519,0.0016505978408282616
doc179,0.7300539129875798,0.002058184670984736,0.002058493394118391,0.12592547683819025,0.00205835193149574,0.13784558017763104
doc180,0.0789205544237779,0.0003466200649664584,0.000346569702765851,0.39468391043295814,0.503199192518152,0.02250315285737968
doc181,0.10430592277304516,0.0007658579112176467,0.4381706652025049,0.4552259207094758,0.0007658610200782966,0.0007657723836781443
doc182,0.4838156917639356,0.0010573784546955083,0.5119547556080783,0.0010572336820963188,0.0010572946015556643,0.0010576458896385988
doc183,0.014901208269073063,0.1754864596144842,0.19164464857386923,0.6163089988116544,0.0008293586662308277,0.0008293260646882151
doc184,0.0009297221660387776,0.6128323527172775,0.0009296410548193707,0.19742905694063997,0.18694961504073107,0.0009296120804931186
doc185,0.002660004848513424,0.002660485521928336,0.20613871443436524,0.002660377652944659,0.7832206212541573,0.0026597962880909884
doc186,0.29518476776942515,0.05782367334100938,0.6281554338909596,0.0003466091975445688,0.0003465738267643341,0.018142941974296844
doc187,0.1880547036056052,0.0011824594005707591,0.8072161855485913,0.0011822076393062484,0.0011822624270960167,0.0011821813788305655
doc188,0.0016239591228999271,0.0016238726502348115,0.0016238318430732638,0.843780946697402,0.14972351395454664,0.0016238757318432675
doc189,0.000655499277401277,0.6806620924289399,0.0006554632595459661,0.3167160453014732,0.0006555131899056953,0.0006553865427341093
doc190,0.26998084468480665,0.04132673556313324,0.0855211302091474,0.6004531520767266,0.0013590757574688203,0.0013590617087173831
doc191,0.5787472816636218,0.1746978513429963,0.0013777220717344255,0.24242195163546137,0.001377596670946005,0.001377596615240159
doc192,0.45926910690534056,0.0009655967847938158,0.26841086399896896,0.269423519372896,0.0009655177591682702,0.000965395178832336
doc193,0.1405880092432757,0.0006512459234819819,0.0006512672114149275,0.7138198959560954,0.1436383914871174,0.0006511901786145811
doc194,0.0044258347946133265,0.8319284043635196,0.004425838870365348,0.15036883613073448,0.004425493083330343,0.004425592757436851
doc195,0.003068164730801626,0.003068724380915194,0.0030683886270121727,0.7109693942423849,0.276756072319035,0.0030692556998510234
doc196,0.0025913454823696612,0.0025917889112611874,0.002591203851762342,0.9870434437004112,0.0025912203966322253,0.002590997657563323
doc197,0.0015978051612657391,0.0015980179053038815,0.0015978260148911475,0.9163013191872663,0.0015979456234776206,0.07730708610779528
doc198,0.002016601803381263,0.002016882690766896,0.5710627115953021,0.0020166701328860784,0.42087060866891973,0.002016525108743988
doc199,0.0025260856235573043,0.5817647447522746,0.25398502829414127,0.15667253199983192,0.0025258161333567017,0.0025257931968383214
doc200,0.0009749136733505146,0.7738265877852498,0.22227401873257044,0.000974796784463178,0.0009748712567821835,0.0009748117675840969
doc201,0.001799336497077406,0.0017990067483968995,0.5098778204633299,0.001798827273056471,0.4829261662058797,0.0017988428122595926
doc202,0.001938337798643476,0.5250854570299199,0.4671611289884686,0.0019384485429763708,0.0019385042349470208,0.0019381234050446286
doc203,0.3529724131833217,0.0011824790159640681,0.28321526570830335,0.3602652397753471,0.001182366634789992,0.0011822356822739166
doc204,0.0008027625594959224,0.9959861425436891,0.0008027722603131782,0.0008028404014775769,0.0008027953042457955,0.0008026869307783537
doc205,0.35461036316127376,0.28335322395199014,0.3569157875397209,0.001706937724929281,0.0017068470789268564,0.0017068405431590117
doc206,0.894855740275088,0.0007839255592157196,0.10200825742086372,0.0007838793087818715,0.0007838876962019121,0.00078430973984877
doc207,0.5690502185498563,0.22348342679191902,0.2024315916139622,0.0016783621725815602,0.001678258847709633,0.0016781420239714569
doc208,0.0022938235432348924,0.002294196328589809,0.9885292306219128,0.0022940009138232723,0.002294361245723847,0.0022943873467155323
doc209,0.24168186668769118,0.0005632056561758047,0.6602637977482374,0.0005632224129727434,0.09636468674109326,0.0005632207538296243
doc210,0.14730054893567807,0.0848841164408425,0.0008093128396340458,0.15115089497783335,0.6038124181436167,0.012042708662395277
doc211,0.0004912415852821734,0.017526118840754917,0.9501518088287817,0.0004912602661694695,0.0004912909636736547,0.03084827951533805
doc212,0.09154823917195982,0.8279832249372613,0.0009212165544449195,0.07770526317555324,0.0009210986530125265,0.0009209575077680868
doc213,0.00032412121381396054,0.27349598902170286,0.3308507183166431,0.16893511608514317,0.22606995265908034,0.00032410270361655206
doc214,0.002463444746959069,0.9876819776637406,0.0024636339804947004,0.0024636464212997086,0.0024635012375739574,0.002463795949932112
doc215,0.0010355243824330196,0.47815391014057773,0.33451020880745924,0.184229444971893,0.0010354052788898941,0.0010355064187472464
doc216,0.0012566458886778486,0.0012566747148767307,0.20624245623333626,0.1135036975300928,0.6764839675794081,0.0012565580536082726
doc217,0.0005761938211374344,0.29769515066392294,0.6506545995344694,0.049921550017774145,0.0005761926379288213,0.000576313324767299
doc218,0.0007777870128989758,0.9050430024817666,0.0918458560301311,0.0007777907904105803,0.0007778221419091052,0.0007777415428836141
doc219,0.18259966520296753,0.0016503612331227415,0.8107987746648601,0.0016503767534304847,0.0016504908672353264,0.0016503312783838113
doc220,0.3411652452499457,0.6539313814077177,0.001225909857125005,0.001225909570992698,0.0012258211546997849,0.0012257327595191036
doc221,0.0003241124659955724,0.39921078908278096,0.2073208616881788,0.3924960282693372,0.00032411611664039553,0.0003240923770672509
doc222,0.001092001650831625,0.0010920956327668406,0.0010920093367090507,0.994540003893566,0.0010919759952120382,0.001091913490914396
doc223,0.0006554917212011604,0.0006555119202062638,0.9554681562590419,0.000655475580635542,0.04190997742012605,0.0006553870987892298
doc224,0.0012890582304877064,0.00128913627736968,0.0012890664357020547,0.8140236995956356,0.18081994893084655,0.0012890905299584737
doc225,0.004855084878636533,0.004855187544679838,0.2698828217434503,0.644924072078098,0.0048550046083070285,0.07062782914682839
doc226,0.0009844717199384483,0.0009845611710770261,0.000984489019572728,0.000984497086655049,0.0009844070341524119,0.9950775739686043
doc227,0.0009844717199384483,0.0009845611710770261,0.000984489019572728,0.000984497086655049,0.0009844070341524119,0.9950775739686043
doc228,0.2615582048757277,0.28971106589843965,0.28981768944226016,0.15700046885345306,0.0009562519551692304,0.000956318974950264
doc229,0.0014796684231700304,0.9173324289627427,0.0014797566524385965,0.0014797175493404245,0.07674856915505965,0.0014798592572486011
doc230,0.11387474279010283,0.5765807305256371,0.07683247379138426,0.23096659993601998,0.0008727633769624118,0.0008726895798933965
doc231,0.414249492609163,0.3862076695349638,0.0005275632459147806,0.17524891169296322,0.023238860458826918,0.0005275024581683403
doc232,0.0012726541818465823,0.001272619139331422,0.9936369732179401,0.0012725933031157855,0.0012728143717234224,0.0012723457860427353
doc233,0.001416896824610826,0.34350402615510706,0.5718605344540895,0.08038484742114183,0.0014168181065614854,0.0014168770384891916
doc234,0.0004888855415684949,0.0004888969607721404,0.2711575507518858,0.7014577487960391,0.0004889019522644575,0.025918015997470033
doc235,0.0008505397803625465,0.8197149009071164,0.0008505594033159525,0.17688290996676048,0.000850569100778332,0.0008505208416661404
doc236,0.19359626791883072,0.4491254885984549,0.3168963382475585,0.0006428476122255481,0.03909631361153337,0.0006427440113970574
doc237,0.004425488900506292,0.004425362179103841,0.48675704280490867,0.4955410132289015,0.004425652564201441,0.004425440322378306
doc238,0.0007601130093441178,0.0007600201488593512,0.034646215796276095,0.9623135897114742,0.0007600558056144258,0.0007600055284318808
doc239,0.0023477514982632557,0.002348017137997381,0.0023482891233033956,0.002348103768646234,0.9882602380486114,0.0023476004231783726
doc240,0.0013592372566518806,0.5699689212073523,0.0013590564349027967,0.0013590518658722843,0.4245948487708538,0.001358884464366803
doc241,0.5165761714387922,0.0005248366163404333,0.3324148855722119,0.0449526488105275,0.00052480151962752,0.10500665604250044
doc242,0.0005087564463760333,0.4774494358063816,0.32897811095240576,0.192046207090633,0.0005087552329879651,0.0005087344712156439
doc243,0.0008728688410325006,0.890608705168262,0.10590009774283855,0.0008728361919575311,0.0008727855615156958,0.0008727064943938024
doc244,0.0013778203160537917,0.0013777334229047426,0.0013777117597761714,0.9931115318754191,0.0013776091957808344,0.0013775934300652944
doc245,0.0004174527253516113,0.4004994638602479,0.36450307055188785,0.0004174881879089077,0.2337449572398079,0.00041756743479586905
doc246,0.23348071098611753,0.0012567970752579215,0.16257056420655294,0.6001786775390188,0.001256639542280183,0.0012566106507725383
doc247,0.3377142962375786,0.24890698695255256,0.22227220528191327,0.18915673743396846,0.0009748785339586249,0.0009748955600284657
doc248,0.15579217277770555,0.0017990030516905542,0.4123800710777744,0.4264306926599358,0.0017991801465572263,0.001798880286336605
doc249,0.0022425917761874875,0.0022428689786476216,0.15838711711441592,0.7296474470227647,0.10523727344524599,0.002242701662738248
doc250,0.002732565322413299,0.0027330128719827264,0.002733159980070551,0.3645855404067358,0.6244833728023135,0.002732348616484128
doc251,0.0028913510264139733,0.002891096190506439,0.8129122606741671,0.17552365456513383,0.0028907310671452894,0.002890906476633172
doc252,0.0005417766842378757,0.9142577712540452,0.0005418030803510666,0.0005418321518159615,0.0005418329671456977,0.08357498386240415
doc253,0.001799336497077406,0.0017990067483968995,0.5098778204633299,0.001798827273056471,0.4829261662058797,0.0017988428122595926
doc254,0.0011288319632808378,0.0011289715975039475,0.7423230586022315,0.062281794718276405,0.19200859612803153,0.0011287469906757896
doc255,0.004855426023594855,0.4107636876275791,0.0048562679673658,0.3932240738683376,0.004855051671557264,0.1814454928415654
doc256,0.49039156766308617,0.5067628062122068,0.0007114609612520213,0.0007114147687392866,0.0007114211527422726,0.0007113292419733316
doc257,0.1382107047820795,0.18177538109429886,0.6772507753409157,0.0009210663708928482,0.0009210330350501241,0.0009210393767630147
doc258,0.001650496719450894,0.10665097777578314,0.3888476820948298,0.0016506535545759028,0.4995495430205292,0.0016506468348311718
doc259,0.1852461063006305,0.3647314676704702,0.2877277868830661,0.0005114157127196796,0.16127189348392595,0.0005113299491873609
doc260,0.6696457119378816,0.17132835673537727,0.10407175865966273,0.002526133263580636,0.002526024276468758,0.04990201512702915
doc261,0.3460786669996369,0.056116210392509636,0.5955247452639347,0.0007600710054009685,0.0007602099157827263,0.000760096422735053
doc262,0.0009294927849383333,0.8093349042683597,0.0009297104942288456,0.0009295795659080638,0.1869468131150616,0.000929499771503463
doc263,0.00025610011045248396,0.4463585695176543,0.1995468296354731,0.3533263743175721,0.0002560793435746539,0.0002560470752734532
doc264,0.09925221624778563,0.0015250282649934923,0.0015249044109023194,0.25422191872471533,0.6419513325251067,0.0015245998264964032
doc265,0.0017671100214208314,0.7639675795344774,0.00176710643121983,0.001767172690646125,0.22896417219213397,0.0017668591301020133
doc266,0.0014370358575494647,0.1721512461951006,0.4058680313113429,0.29111640532012434,0.001437135066793437,0.12799014624908917
doc267,0.0011418489445192376,0.0011417414692186927,0.0011417791090497168,0.001141770086152615,0.9942911684915408,0.0011416918995188396
doc268,0.0012257092916139844,0.9938710130886733,0.0012259617562078715,0.0012258872006423445,0.0012258040670363468,0.0012256245958259596
doc269,0.049962471963530077,0.4153100752314972,0.1758887302206237,0.0003590520438414597,0.3581206644690612,0.0003590060714462205
doc270,0.001798912884993919,0.1973079452316309,0.5641142200115218,0.0017990341071052196,0.23318103101359575,0.0017988567511524477
doc271,0.0009045213930833935,0.000904502987590124,0.5951191086975999,0.0009043906865025413,0.40126315005245,0.0009043261827741215
doc272,0.0023478934717815186,0.2244902057402876,0.3578610881854002,0.0023478949392490207,0.4106045164428835,0.002348401220398306
doc273,0.34555527419344945,0.0016505391587349808,0.6478429076714171,0.001650514591040426,0.001650434096429394,0.0016503302889287056
doc274,0.0007542591913860828,0.00075435129325533,0.000754383864329972,0.9751244744582215,0.0007543446949160683,0.021858186497891088
doc275,0.0005897715149359283,0.0005897850430599394,0.2272925114276793,0.7212750653539918,0.049663171365926906,0.0005896952944062066
doc276,0.000829404218922189,0.20000778622107432,0.30043556230870816,0.497068547988489,0.0008293875103901372,0.0008293117524162507
doc277,0.3461753393780512,0.40690212856889685,0.12153632335285422,0.12469063646477407,0.00034778627109212514,0.00034778596433150975
doc278,0.0021015366050534633,0.0021015343479684465,0.4143009534709092,0.5512679947255695,0.0021011883405675728,0.02812679250993175
doc279,0.004855426023594855,0.4107636876275791,0.0048562679673658,0.3932240738683376,0.004855051671557264,0.1814454928415654
doc280,0.0009844717199384483,0.0009845611710770261,0.000984489019572728,0.000984497086655049,0.0009844070341524119,0.9950775739686043
doc281,0.0009844717199384483,0.0009845611710770261,0.000984489019572728,0.000984497086655049,0.0009844070341524119,0.9950775739686043
doc282,0.00376035467744686,0.6739418215299646,0.31101455559553065,0.0037610350453238335,0.0037606912861986998,0.00376154186553538
doc283,0.09154823917195982,0.8279832249372613,0.0009212165544449195,0.07770526317555324,0.0009210986530125265,0.0009209575077680868
doc284,0.05749274339747036,0.1194493401747411,0.0008092987829817828,0.12850452522015943,0.6929349079615839,0.0008091844630633824
doc285,0.0009294927849383333,0.8093349042683597,0.0009297104942288456,0.0009295795659080638,0.1869468131150616,0.000929499771503463
doc286,0.0008505352203034535,0.1113690530068329,0.8852287927704516,0.0008505835764840523,0.0008506186969060156,0.0008504167290219655
doc287,0.34197544719884826,0.0031650786110832977,0.0031652553901644303,0.6453641007462503,0.003164989635764345,0.003165128417889396
doc288,0.06895272027853586,0.68208853025625,0.18986496427166266,0.05847943607816969,0.0003071757119844905,0.00030717340339721737
doc289,0.0010462070651843843,0.4191659187461391,0.0010462860669175741,0.5251183100719972,0.0010462326186126895,0.05257704543114915
doc290,0.09536990708739655,0.08926756458562504,0.0005331790721332421,0.8137628811524853,0.0005333174898450334,0.0005331506125146939
doc291,0.0007659649064614533,0.27915647747931294,0.6065175141496717,0.0007658814861879563,0.11202831074064762,0.0007658512377183971
doc292,0.505694336168591,0.09295928413297432,0.2828927221453967,0.05774411178699354,0.06027197667598472,0.0004375690900597915
doc293,0.0008433726545361048,0.2592449982595448,0.27611600157825095,0.44209828888772673,0.0008433709113208348,0.020853967708620563
doc294,0.11450365825239239,0.638756648603867,0.05447460408785419,0.19171187890064195,0.0002766058793793491,0.00027660427586494396
doc295,0.20740541449085487,0.00034303224459146205,0.15069788923818941,0.6181535305568797,0.00034302737664797993,0.02305710609283651
doc296,0.11169918617878727,0.6282582455497415,0.25765336858624627,0.0007964255134287171,0.0007963091614550333,0.0007964650103410722
doc297,0.12710751092667502,0.0007901283826220168,0.8697322208841342,0.0007900770168504277,0.0007900229181080055,0.0007900398716103232
doc298,0.3978657759614345,0.0008505048381450907,0.47945925618267093,0.12012353802070058,0.0008504753369530821,0.0008504496600956659
doc299,0.003068225697213756,0.0030682048956100086,0.6530749307151512,0.0030686474190254874,0.33465204746482363,0.0030679438081760058
doc300,0.21363621892628482,0.43336540899099274,0.20800690706950326,0.14289901077502506,0.0010463147610450124,0.001046139477148942
doc301,0.03582230460248932,0.0005631848965111077,0.0005632186165355139,0.818566691797891,0.14392145957949856,0.0005631405070746962
doc302,0.0007486412766715172,0.0007487110543986342,0.0007488011986656901,0.9962564973425047,0.0007487002173904952,0.0007486489103691447
doc303,0.0011964151113606815,0.0011963371078635592,0.00119644893414935,0.9769770926544461,0.001196733120944976,0.018236973071235313
doc304,0.0021934183661757507,0.47325749206527,0.0021935598193659612,0.3687211054243695,0.15144114638282097,0.0021932779419977324
