,topics0,topics1,topics2,topics3,topics4,topics5
doc0,0.0009295459441230269,0.0009296445635574408,0.0009295725181020239,0.9953521205407844,0.0009295072512406688,0.0009296091821924156
doc1,0.21877257892779003,0.00038679702694014687,0.00038680748677793515,0.0003867482058331954,0.0003868157065579872,0.7796802526461006
doc2,0.1588643800490844,0.0005696619139244611,0.3636553322488093,0.0005695940838677933,0.0005696067650805179,0.47577142493923347
doc3,0.3666035876911747,0.0017673331884201758,0.37582761160899586,0.0017671550159420659,0.0017670563826171258,0.25226725611285006
doc4,0.0031651406504475915,0.0031656968047242603,0.0031652008489581264,0.003165111855599405,0.5139738015740514,0.47336504826621933
doc5,0.21324747569796,0.0010572757023389276,0.0010572978468614842,0.0010572499371382874,0.46172691614088107,0.3218537846748202
doc6,0.0015246799639949116,0.2635304135101991,0.7303706098966443,0.0015246599176367954,0.0015248836670994847,0.0015247530444254197
doc7,0.9898656413960204,0.0004961429725584818,0.0004962063789602321,0.008149561537966525,0.0004962412581242615,0.0004962064563702537
doc8,0.3921387925624775,0.2676258861007702,0.0005538393079522638,0.017139299805237637,0.20819116248655703,0.11435101973700537
doc9,0.061879440473097236,0.08430744337909729,0.0009044117659919145,0.013645242605602797,0.8383589982147629,0.0009044635614478674
doc10,0.0013409983346224215,0.5062479172576189,0.0013408164677872806,0.06875741751390267,0.4209719669185476,0.001340883507521189
doc11,0.0005331605597490582,0.0005332258512545298,0.0005331872236234274,0.0005331748267430775,0.7006441074793031,0.2972231440593269
doc12,0.0005863505039951989,0.5099353206950132,0.38969461810493694,0.0005865050670034068,0.0005862800449311809,0.09861092558412007
doc13,0.0007114146342600421,0.33087052902389774,0.000711475442095253,0.0007113415036765965,0.13072865171974232,0.536266587676328
doc14,0.08545242254214803,0.11263437907505977,0.0005664290310097112,0.2243189785892917,0.5764613500111488,0.0005664407513417512
doc15,0.0009295459441230269,0.0009296445635574408,0.0009295725181020239,0.9953521205407844,0.0009295072512406688,0.0009296091821924156
doc16,0.0009295459441230269,0.0009296445635574408,0.0009295725181020239,0.9953521205407844,0.0009295072512406688,0.0009296091821924156
doc17,0.4681683181873268,0.0009472559952733719,0.0009472038126829706,0.018540331549565348,0.059318287121897864,0.4520786033332536
doc18,0.05577802394305406,0.2660204146792407,0.42436704011603493,0.0010918385674127229,0.0010918917319977745,0.2516507909622596
doc19,0.06057441054974963,0.00035649661043645094,0.0510152209927779,0.00035644467781234366,0.19468100644031347,0.6930164207289102
doc20,0.35424833998429134,0.23808591457971331,0.28066853471275677,0.0013776058931626897,0.12424175609173702,0.0013778487383388374
doc21,0.0005193714092846381,0.06075434469380684,0.10478674112833804,0.0005192693100947057,0.1059294094555304,0.7274908640029455
doc22,0.002193434884058639,0.002193589133985754,0.5988970353647649,0.11248927864143128,0.0021936935013845142,0.28203296847437476
doc23,0.5968708163265778,0.0006040752032351252,0.04648069717764078,0.0006039439942458182,0.0006040340629995618,0.35483643323530095
doc24,0.36093399896053124,0.4721884577889381,0.0008505460633288593,0.0008505360920689385,0.0008505724005628371,0.16432588869457015
doc25,0.08792043563350646,0.25377059255049117,0.4351574702396584,0.00045964918056043544,0.00045968729898999836,0.22223216509679358
doc26,0.4150764748793994,0.0009845418153443663,0.0009845443611839024,0.0009843580806433551,0.0009846466843852787,0.5809854341790436
doc27,0.0010574548114284476,0.0010573900526180844,0.7183191945271489,0.0187252417752569,0.2597833397677815,0.0010573790657662562
doc28,0.0003738025155638574,0.056026062975177385,0.000373821275702865,0.039027458462203395,0.21196137432941622,0.6922374804419363
doc29,0.1853505214336715,0.000829418613884647,0.000829357989835179,0.06704982595832479,0.19912632013888332,0.5468145558654005
doc30,0.6278434709473644,0.001168546685111633,0.3674823620317616,0.0011685226004413743,0.0011685629243953027,0.001168534810925828
doc31,0.18649399975118186,0.001129031358740141,0.05236232954931741,0.0011287846809674075,0.1464870927017365,0.6123987619580568
doc32,0.43026793105803407,0.07591381097164217,0.0009654480461007984,0.0009653507782976672,0.2972070415580857,0.1946804175878396
doc33,0.0016790683052968671,0.3874790606789876,0.0016791842187624411,0.05530377107951794,0.5521806405933941,0.0016782751240410083
doc34,0.0004140122537080803,0.0004140235854707633,0.00041404271215955143,0.0004140115146170842,0.07050159489698507,0.9278423150370595
doc35,0.0014578996562126113,0.0014582549706090647,0.0014582760028119702,0.001458329352477317,0.9927089530807108,0.001458286937178066
doc36,0.003379033915700261,0.0033797052345262983,0.0033794846634120873,0.0033786266043807555,0.4611059995513599,0.5253771500306207
doc37,0.24595575878040174,0.3221615572831431,0.2618922593877528,0.0013589076674270272,0.16727235576404256,0.0013591611172326264
doc38,0.3741900887903418,0.18719518342936808,0.0008579108073157948,0.0008577313311842812,0.09459514894353158,0.3423039366982584
doc39,0.31768427161586277,0.1928658252485622,0.012504049411468512,0.00024065496606705798,0.25896085922580725,0.21774433953223216
doc40,0.8716085821611392,0.0029769955463668425,0.002976873013536752,0.002976640372468764,0.11648400614007182,0.0029769027664165878
doc41,0.059924014406593513,0.38762052410922876,0.0009383986227727394,0.3222132660973921,0.22836548009617735,0.0009383166678354715
doc42,0.0009563038414844734,0.0009561390081911699,0.000956269445699578,0.35274509493053013,0.6434299764603353,0.0009562163137594964
doc43,0.0017991662356750193,0.34260444968376097,0.0017990521280355186,0.001798974119118125,0.6501991848812725,0.0017991729521378524
doc44,0.25181633506298134,0.0011686041114982188,0.6138199123633428,0.001168330887843953,0.0011684457838839716,0.13085837179044968
doc45,0.14538898075464066,0.0007718370752025355,0.2052429129672115,0.0007716895763182785,0.6053707102715447,0.042453869355082434
doc46,0.001155123166951756,0.0011550353036776804,0.0011550370579314617,0.0011548706502084649,0.2370280403102546,0.758351893510976
doc47,0.8938423977506099,0.03852485708238287,0.0011164929973321977,0.001116699154093745,0.06428315546428903,0.0011163975512923912
doc48,0.2764511153941022,0.03660136422101409,0.42253999955813903,0.0005010995433069225,0.0005011349341890772,0.2634052863492487
doc49,0.00031794202299468774,0.5544480436472813,0.00031796751263382076,0.0003179822136957474,0.10464314005564475,0.3399549245477496
doc50,0.4329438628246875,0.0021011526609828923,0.15143814909895478,0.002101313741389681,0.40931386270984826,0.0021016589641369384
doc51,0.001024719587649882,0.0010246938445636793,0.001024674128929053,0.9948763603620948,0.0010247147416906708,0.0010248373350719806
doc52,0.49585940869017464,0.00099429070388202,0.0009943470564794696,0.02240516954107975,0.000994284856756555,0.4787524991516275
doc53,0.12391842630494068,0.0028095061324027093,0.31783367639349974,0.05444555156619174,0.07448587135718508,0.4265069682457801
doc54,0.1788913735776098,0.002101370315616975,0.17203543608575775,0.00210150869636637,0.002101380650815974,0.6427689306738331
doc55,0.4292661338911654,0.0006731792850958258,0.0006731068975347548,0.0006730697442605614,0.0006731153414734003,0.5680413948404701
doc56,0.1082569864290744,0.000550867237186594,0.0005507937853645513,0.000550750923695048,0.03145469224812941,0.85863590937655
doc57,0.2581311954808035,0.12081596634891216,0.4724716444958956,0.0010461876531910937,0.14648879056654437,0.0010462154546535157
doc58,0.5835945053487872,0.001706977854707382,0.36508948434420774,0.0017068949890258517,0.04619513244738259,0.001707005015889186
doc59,0.1444367270021983,0.0012888468679142274,0.0012889931483097876,0.0012891863820847327,0.5689285017417867,0.2827677448577062
doc60,0.16582949014294587,0.10280235836009145,0.2766441787426411,0.017032167780054966,0.06585989042243905,0.3718319145518277
doc61,0.2734300877049745,0.5100861780565578,0.0766640114356808,0.0010572749589431143,0.13770510616515808,0.0010573416786857043
doc62,0.001024719587649882,0.0010246938445636793,0.001024674128929053,0.9948763603620948,0.0010247147416906708,0.0010248373350719806
doc63,0.0011551118769530856,0.0011550542979602914,0.36229954462468444,0.0011550758980141762,0.0011550456922019099,0.633080167610186
doc64,0.001024719587649882,0.0010246938445636793,0.001024674128929053,0.9948763603620948,0.0010247147416906708,0.0010248373350719806
doc65,0.035197189109773375,0.0007717912023321009,0.6447489092405801,0.04299124374992292,0.0007717876332752272,0.27551907906411616
doc66,0.7533242404440176,0.0007659333722336523,0.0007659491968083316,0.000765777944070038,0.0007659581338728116,0.24361214090899755
doc67,0.559423063781011,0.0011163720680309485,0.00111632658439107,0.0011164095242283721,0.07332697092248329,0.3639008571198552
doc68,0.4210851002459299,0.178549145649772,0.326416958167757,0.0006730811709801031,0.07260255626253247,0.000673158503028488
doc69,0.0021011451976432234,0.0021012264329361434,0.002101282056875081,0.002101089779169963,0.9894939784982607,0.0021012780351148557
doc70,0.9746641923052315,0.001129122329630721,0.0011289868928533381,0.02081931708244686,0.0011292667714492557,0.0011291146183883037
doc71,0.1033854311337927,0.001501797801824417,0.0015018794025755053,0.0015017127645001915,0.0015019089562231835,0.890607269941084
doc72,0.09158597127426937,0.0015979807878214055,0.3755566856932693,0.0015975680318221501,0.0015979869377308318,0.528063807275087
doc73,0.9027182447070017,0.09243793129647165,0.0012109618767107207,0.0012108262632700376,0.0012110103412844267,0.0012110255152613934
doc74,0.0006004344461625215,0.40271634770031517,0.5948821006444425,0.0006003745830511569,0.0006003138634700122,0.0006004287625586422
doc75,0.21700666075331096,0.17289043890726702,0.14720263063518096,0.038660729205332485,0.4235883086396322,0.0006512318592764239
doc76,0.005103044315182511,0.4746117631470209,0.0051030391417756235,0.00510377695853868,0.4021727122839429,0.1079056641535393
doc77,0.001597868692047408,0.001597849337146668,0.001597990259454882,0.0015979559138389623,0.8382919006586845,0.15531643513882754
doc78,0.0011683255821269968,0.21930649870160165,0.0011683820241561343,0.0011684559915092422,0.7760198667714808,0.001168470929125202
doc79,0.27364216541250297,0.0017070152987056421,0.0017073687820769537,0.0017066514071418294,0.7195297690809761,0.00170703001859646
doc80,0.05142951777724693,0.0013230605543727329,0.41489514358394064,0.0013230184349914856,0.0013231897303338993,0.5297060699191143
doc81,0.001901512586434385,0.0019016740096530883,0.0019015185159026219,0.0019013564577444455,0.9465412887962682,0.04585264963399718
doc82,0.01163155988449669,0.0116304843217597,0.011630202951524242,0.011629193430191115,0.9418476356025945,0.011630923809433749
doc83,0.0015978443529075547,0.14833478091707575,0.0015978115116194681,0.0015979439777347403,0.8452737926844819,0.0015978265561807088
doc84,0.0012410194058170996,0.7959126671918215,0.0012410188976776147,0.001240842629015963,0.10666442601012817,0.09370002586553942
doc85,0.6476421487758554,0.0008158404640149127,0.0008158030566048723,0.000815924978196718,0.0008158949213354686,0.34909438780399255
doc86,0.16832758049450677,0.19345336643595298,0.001501896362868439,0.0015017357983319528,0.6337135767112334,0.0015018441971064536
doc87,0.0014370699746681607,0.0014370122972497186,0.0014371131125753207,0.0014371435083149063,0.001437259029180423,0.9928144020780115
doc88,0.001128984040466913,0.6946009972121974,0.22912587085069247,0.0011288758376979658,0.0011288502274434723,0.07288642183150186
doc89,0.0053781452718970404,0.005377526066086269,0.005378200180036351,0.005377877983019303,0.6982772228786704,0.2802110276202906
doc90,0.9653806907827005,0.0008293474682954275,0.000829444218586814,0.0008292584190503306,0.0008295506334714751,0.03130170847789549
doc91,0.1378383711309068,0.0025257736860527357,0.39985684137406236,0.0025255839023047605,0.4547276173642252,0.0025258125424483194
doc92,0.0011419583649908715,0.0011417705366101637,0.22111290549973617,0.0011417671762907803,0.23743725093221843,0.5380243474901536
doc93,0.13597171266977817,0.0015018885141843937,0.14839643580434358,0.05039902163800482,0.2219059439360946,0.4418249974375946
doc94,0.0007901754681573065,0.0007900458712840924,0.0007900709339396258,0.0007900056196538874,0.000790123496333195,0.9960495786106319
doc95,0.0005696475210930264,0.21772996362931799,0.3964433007039295,0.0005695494628327719,0.0005696242319697056,0.384117914450857
doc96,0.0006228237458912191,0.0006228771564733314,0.2182583437218758,0.0006228090411729365,0.6059469170603208,0.17392622927426604
doc97,0.14672161441375312,0.8493012598455393,0.000994324945243325,0.0009941087680668504,0.0009942355729688878,0.0009944564544285388
doc98,0.0006387575281185192,0.0006387261661695963,0.5899442325778613,0.000638658494491457,0.22383170624610482,0.18430791898725418
doc99,0.5949376791631035,0.26798413150154504,0.05778018392622649,0.000488832669629746,0.0004889029440080869,0.078320269795487
doc100,0.3141995825944799,0.0010462643918874852,0.452620066948929,0.0010462685835165393,0.0010462976091898842,0.23004151987199717
doc101,0.6483984994371461,0.0009749636085721794,0.1476266029007193,0.028090804498836785,0.1739342661290034,0.0009748634257222017
doc102,0.3148983735396534,0.002660469247488014,0.002660071035802568,0.002660319259821765,0.4679370601882454,0.20918370672898892
doc103,0.0005062157597343516,0.17383729476293072,0.5092636184517789,0.0005061696617554178,0.0005062438336236607,0.31538045753017685
doc104,0.7981908324183952,0.0011042052811420144,0.0011041381614920892,0.0011039777289328836,0.0011041746222582856,0.19739267178777942
doc105,0.3625158373756193,0.0011040890140245677,0.0011040635426905023,0.0011039194103879173,0.38617353466990967,0.24799855598736795
doc106,0.14338785294581116,0.0012259184854275442,0.6564958061400014,0.001225765998625532,0.02956233431484253,0.16810232211529202
doc107,0.002891020641033109,0.3609650755646105,0.30696914760000193,0.0028907302428272806,0.0028910519813903812,0.3233929739701367
doc108,0.04466598191362947,0.0007166249301788116,0.0007165799356830176,0.0007164986955824829,0.5745606592626347,0.37862365526229164
doc109,0.0053780959878796195,0.005378257750069849,0.0053781142272064,0.10032534744395688,0.6653362158306318,0.21820396876025536
doc110,0.2821267099517442,0.001976881009902894,0.0019767924296267086,0.0019768821412926487,0.5095227809875457,0.20241995347988798
doc111,0.0018319639415548441,0.3370443368908094,0.40096507536608456,0.0018317015031640003,0.12408479111885706,0.13424213117953018
doc112,0.0009562998180426611,0.0009562773428783329,0.000956330586782997,0.9952183141076558,0.0009564156084978119,0.0009563625361424339
doc113,0.0009562998180426611,0.0009562773428783329,0.000956330586782997,0.9952183141076558,0.0009564156084978119,0.0009563625361424339
doc114,0.9059547811945355,0.0012891466811647443,0.07066543649717695,0.019512754661468915,0.0012888357595245683,0.0012890452061292722
doc115,0.21783230073947255,0.0006554775936402494,0.0006555135066919339,0.0006557268009373916,0.000655564544103383,0.7795454168151544
doc116,0.3466411238155062,0.001501687446203521,0.001502017084096112,0.001502006787098333,0.0015018871817242632,0.6473512776853716
doc117,0.0007964531352304382,0.000796419687551168,0.0007963962046143591,0.0007966402424302197,0.0007964375800969053,0.996017653150077
doc118,0.24405879656744736,0.4124016326930911,0.15277693013988808,0.001901417786939582,0.0019017396373412266,0.18695948317529265
doc119,0.0008226831291179019,0.0008225884085995352,0.4848625822213931,0.0008225629491615498,0.10572962361886143,0.4069399596728665
doc120,0.12687970235993376,0.27575147426477825,0.1342665030159574,0.12974360785029146,0.3314569432706253,0.0019017692384139624
doc121,0.6428920590779962,0.002347845825709629,0.002348424824566601,0.0023479971324220465,0.002348158863426268,0.34771551427587927
doc122,0.8445313175485236,0.0013968691877379504,0.1498808843558841,0.0013969134515575945,0.001396935030957079,0.0013970804253397248
doc123,0.0017668967943011888,0.29687716816381077,0.001767074203028313,0.0017669941364519528,0.6960549108227599,0.0017669558796478844
doc124,0.33779683542737754,0.4410684587771292,0.044582684211252784,0.00028939495046627974,0.00028944031333687106,0.1759731863204372
doc125,0.0024043844325733073,0.002404442369315639,0.7850264810857509,0.0024043680838768417,0.20535586009529808,0.002404463933185366
doc126,0.0011551106340865116,0.001155046270658295,0.36794855813752386,0.00115507601232687,0.0011550413528455268,0.627431167592559
doc127,0.9036853206262926,0.0007114198907386499,0.0007114532619183853,0.0007114137326682632,0.0007114277438518973,0.09346896474453015
doc128,0.37277065498489464,0.10905285146390427,0.0005795700912032825,0.055171543025367455,0.128065993274013,0.33435938716061747
doc129,0.0032692710856362514,0.10447084724363595,0.00326884076909553,0.0032684915417634164,0.5551707411734329,0.330551808186436
doc130,0.0017364329119757735,0.0017364487746919283,0.0017364249105673165,0.0017363491206941726,0.6493911376709895,0.34366320661108124
doc131,0.0014581232486369409,0.1634656863464354,0.001458019540535707,0.0014580743382802657,0.8307020438390839,0.0014580526870277852
doc132,0.001080241026194525,0.4550696530030919,0.0010801665013367248,0.0010800976659179765,0.001080394425121768,0.5406094473783372
doc133,0.42028770685486605,0.0012256568951914807,0.12841951076153296,0.0012255793342257082,0.0012258097849770103,0.4476157363692068
doc134,0.0010686345072508424,0.08716782261156907,0.08477007358372261,0.0010687137220149292,0.3211288800590073,0.5047958755164352
doc135,0.04466598191362947,0.0007166249301788116,0.0007165799356830176,0.0007164986955824829,0.5745606592626347,0.37862365526229164
doc136,0.0012726656322780213,0.5360502438051289,0.18207346944717975,0.0012727528652825028,0.2780582187893288,0.0012726494608019908
doc137,0.0005011915797914979,0.16661811645361482,0.028162276726083995,0.0005011168467798559,0.8037161775456826,0.0005011208480472367
doc138,0.0021466831711831314,0.29032347897721716,0.0021462359048576318,0.0021463903240318293,0.7010904774003969,0.002146734222313329
doc139,0.004065718529028027,0.6181810812399983,0.004066136141467245,0.004066270869342078,0.36555430034285996,0.0040664928773044675
doc140,0.2655339621272655,0.27705146074175535,0.002526225905068952,0.0025257185675735807,0.44983661771975125,0.0025260149385853796
doc141,0.0021012674722921927,0.0021012636576631964,0.0021012761386209684,0.002101238731507654,0.0021016579693893768,0.9894932960305266
doc142,0.3534990592465383,0.0015977907529374751,0.4086348786921391,0.0015977007296087142,0.233072699211923,0.0015978713668534153
doc143,0.0021012674722921927,0.0021012636576631964,0.0021012761386209684,0.002101238731507654,0.0021016579693893768,0.9894932960305266
doc144,0.15708643625810542,0.0010800558559206908,0.0010803106174762987,0.0010811453122228348,0.34621990348138404,0.49345214847489066
doc145,0.0015725847858438552,0.11347392677036651,0.7070850066847791,0.0015725803284215004,0.17472324008284057,0.0015726613477485233
doc146,0.20751700465960055,0.0022435197994630316,0.0022429122967008376,0.04017461069308177,0.1776685744019956,0.5701533781491582
doc147,0.21018886100468223,0.49147088980634773,0.0013777550099946085,0.0013777470859192996,0.15648313160033236,0.13910161549272387
doc148,0.0033795850242690573,0.0033795085477231765,0.3777784213192351,0.0033789682654245035,0.0033795477973348194,0.6087039690460133
doc149,0.30985861760984784,0.17063643787598548,0.25206529740904027,0.0013229965603938692,0.07312624876045054,0.19299040178428212
doc150,0.3588255764260463,0.0017071358569404013,0.0017068212229805777,0.0017068764306082493,0.634346644444015,0.0017069456194094659
doc151,0.001767429340057134,0.0017673604427132978,0.1975841786068499,0.0017669995854132873,0.001767367775527549,0.7953466642494389
doc152,0.3353217735495172,0.0008225332806072461,0.000822534030651419,0.012667382437234045,0.0008226034077515697,0.6495431732942384
doc153,0.24174962824551288,0.0013230628763092503,0.11717576545959153,0.0013232311718945268,0.0013229598283125527,0.6371053524183793
doc154,0.1753441829164766,0.0026602346770835906,0.8140147774537541,0.00266019548713126,0.002660468907264728,0.002660140558289627
doc155,0.0004705300958162163,0.0004704772593667693,0.9703557067850235,0.02776230277862441,0.00047045802080682364,0.000470525060362266
doc156,0.37203008471446497,0.0003179264451549818,0.00031793425187882056,0.0003179066064085157,0.0003179297299534735,0.6266982182521392
doc157,0.49082622223741346,0.0016505880098342837,0.44050076742191663,0.0016506035485442667,0.0016505559839606332,0.06372126279833078
doc158,0.6952221187850676,0.0014167474553724254,0.0014168041539854822,0.001416706455123843,0.001416838070182309,0.29911078508026845
doc159,0.43506995361218753,0.22131522103758686,0.0022429220701689085,0.10808472160680309,0.2310442767377723,0.0022429049354814514
doc160,0.0034976392852054377,0.003497265825117324,0.003497134238566343,0.0034968185276079353,0.0034975196195771207,0.9825136225039258
doc161,0.0009655676293670756,0.0009654986012522393,0.3375042798455883,0.0009653844282781821,0.5226752288070277,0.13692404068848654
doc162,0.9955187111947814,0.0008962221969448755,0.0008963141809813973,0.0008962408699814128,0.0008963011256396098,0.0008962104316712439
doc163,0.0007487637895834448,0.0007486903364991574,0.1331896758843349,0.0007485839396868315,0.0007486650630642483,0.8638156209868314
doc164,0.0012109465049718045,0.11713589734000682,0.12820398392223978,0.0012110549687889569,0.7510271539805734,0.0012109632834192685
doc165,0.33279888099482274,0.5410471728703287,0.0010249356162648228,0.0010246891218400665,0.0010249539211696734,0.12307936747557412
doc166,0.0006512074188498612,0.0006511957156309152,0.1140042480472776,0.0006511421740696336,0.3358819602213566,0.5481602464228155
doc167,0.05656623257101976,0.09946147138297813,0.0008653300038573825,0.0008652130338773561,0.0008652641317071763,0.8413764888765601
doc168,0.0008293899723538818,0.06585631812703167,0.0008294397237053053,0.0008297310758675974,0.9308256583423724,0.0008294627586690812
doc169,0.0010041046087107674,0.0010041326977759282,0.0010041452333016145,0.994979282081494,0.0010041768782979225,0.001004158500419663
doc170,0.0010041046087107674,0.0010041326977759282,0.0010041452333016145,0.994979282081494,0.0010041768782979225,0.001004158500419663
doc171,0.0015978598673003917,0.001597734896220171,0.7825057498257091,0.0015976050478526248,0.0015979080678162013,0.2111031422951016
doc172,0.005103058454979806,0.20222000074043758,0.005102520073902142,0.005103057733435309,0.7773674752650251,0.005103887732220136
doc173,0.0019769328336594065,0.0019769410277639503,0.8910811668492337,0.00197663776884352,0.1010114999944724,0.0019768215260271864
doc174,0.304765046622691,0.001340794497274293,0.6898717711460942,0.0013407527443133039,0.0013407064275718843,0.0013409285620551827
doc175,0.4342230246354889,0.0019768600392981134,0.20030435295196247,0.06691009621144704,0.0019769654276362873,0.2946087007341672
doc176,0.6223394157946269,0.2621998649169352,0.0013778542644882806,0.0013776215722711654,0.11132756598762467,0.0013776774640538027
doc177,0.0008226831291179019,0.0008225884085995352,0.4848625822213931,0.0008225629491615498,0.10572962361886143,0.4069399596728665
doc178,0.24784476425517352,0.2879941217738485,0.19241533030926697,0.0016782140866919582,0.0016783077410974204,0.2683892618339216
doc179,0.0020580961802000248,0.0020578005728947002,0.0020580653171187674,0.13207372816022073,0.4708499541771697,0.39090235559239617
doc180,0.0003809005104448332,0.0470089995143129,0.2779703433465741,0.024815140265181408,0.6494436867998912,0.00038092956359542566
doc181,0.3001813459744939,0.1813936921661947,0.0007838524671522188,0.0007837892167448019,0.5160733504292971,0.0007839697461171822
doc182,0.2688737683794888,0.0011549094788092602,0.0011550302978111046,0.0011551947282118055,0.0011549742859177684,0.7265061228297612
doc183,0.1693545168868255,0.4078440997969552,0.000771798804389366,0.0007718269195496607,0.4204858707452537,0.0007718868470266047
doc184,0.5283095967614433,0.46822915800864107,0.0008653655650381688,0.0008651834864496162,0.0008653466414178947,0.0008653495370099103
doc185,0.2584772444774737,0.36501683046254435,0.3077492486421504,0.002732436715368644,0.06329161561899647,0.002732624083466376
doc186,0.13882258814957704,0.0003159380023179699,0.0003159419627253573,0.019358262323384123,0.00031595133656705474,0.8408713182254285
doc187,0.7826801660713765,0.0013058887319157262,0.0013058684322719482,0.0013057122049117257,0.0013057537062327043,0.21209661085329148
doc188,0.0015483638124776911,0.001548422072189247,0.11484632438117437,0.0015484465676595153,0.7742214677170626,0.10628697544943658
doc189,0.0006512074188498612,0.0006511957156309152,0.1140042480472776,0.0006511421740696336,0.3358819602213566,0.5481602464228155
doc190,0.0014372565856376807,0.0014372629605107902,0.08744995541883209,0.0014370813394183734,0.5912115259444253,0.31702691775117586
doc191,0.0013407504044453834,0.0013408575233204334,0.0013407229655208349,0.0013406567265550234,0.2395456705277988,0.7550913418523596
doc192,0.0009296724150029875,0.0009296304347797817,0.0009296446220881063,0.0009294864893164932,0.3295508982060105,0.6667306678328022
doc193,0.0006686696632881966,0.000668680002920333,0.14347951292067676,0.0006686116460779961,0.777760567197582,0.07675395856945465
doc194,0.6491498974966762,0.004238795776926793,0.004237997681010165,0.004238417924415283,0.13614919622965344,0.20198569489131818
doc195,0.002977356246007208,0.002976829854842946,0.0029770682959916637,0.0619472883640336,0.9261447838538298,0.0029766733852947926
doc196,0.0026606422761218723,0.0026601767239727288,0.00266000556418217,0.0026599754715531812,0.9866991107228962,0.0026600892412738802
doc197,0.0014797799630371295,0.08745273191455254,0.0014796482963225516,0.08587894994657623,0.82222923296995,0.0014796569095615547
doc198,0.39592566666674256,0.5963200959016498,0.0019386951053644464,0.0019384934111691936,0.0019384997853188525,0.0019385491297552945
doc199,0.6975320351221944,0.0024636861360618502,0.2926130204194936,0.0024635633840705898,0.002463823474692576,0.0024638714634870338
doc200,0.2603264897958729,0.0008882477185840619,0.09869431333812156,0.0008882507443696176,0.0008884122128823787,0.6383142861901695
doc201,0.8537790381048049,0.0022427417503159204,0.002243051273167504,0.0022427467694392075,0.002242645241666693,0.13724977686060577
doc202,0.5367569551938765,0.45563700226972914,0.00190169114743972,0.0019012402248448496,0.00190141076855283,0.0019017003955569052
doc203,0.3778177742506627,0.0010920333319188711,0.0010920069091184639,0.0010918684296656414,0.3792335885243879,0.23967272855424643
doc204,0.11447325186092114,0.0007600448561869113,0.5921775655953009,0.0007599788277485192,0.0007600477395318072,0.29106911112031086
doc205,0.08878397359185129,0.001736541385661075,0.0017364717008526405,0.0017363854780058328,0.001736489441404735,0.9042701384022244
doc206,0.3353217735495172,0.0008225332806072461,0.000822534030651419,0.012667382437234045,0.0008226034077515697,0.6495431732942384
doc207,0.0014796908095149276,0.07220384703211662,0.0014796582985848134,0.0014795750483417172,0.0014796682105479742,0.9218775606008939
doc208,0.5076997955895888,0.35104330821661295,0.002058291076192044,0.0020585267686140277,0.13508191358109212,0.002058164767900036
doc209,0.4569523585346956,0.0005897610707788182,0.18105955662755885,0.000589754441816157,0.07195275934471765,0.2888558099804328
doc210,0.0008158772212006105,0.19164303365753085,0.501206447908885,0.030449916372632262,0.10647187378067366,0.16941285105907763
doc211,0.0004356404209676551,0.44290099322209636,0.48584871053315626,0.06994343641461373,0.00043558782964207143,0.00043563157952391363
doc212,0.035422626431327014,0.0008578476040983315,0.3244716320597523,0.0008577546703555672,0.000857866346544509,0.6375322728879221
doc213,0.10835301350282107,0.4755486572659629,0.3500667593183195,0.00032205765782239833,0.03284216720785048,0.03286734504722379
doc214,0.002463586000787429,0.0024634133533485048,0.703723541889387,0.002463596046275788,0.0024635060745469596,0.28642235663565435
doc215,0.6480826934271356,0.07233347031182118,0.0010247803744707889,0.0010249012606979443,0.12376132910891105,0.15377282551696342
doc216,0.0013590850347801945,0.001359027329818512,0.7257522225076338,0.0013589644412483769,0.26881159662159376,0.0013591040649252606
doc217,0.0005696269348054864,0.0005696703215744216,0.1667641264608569,0.0005696042515798571,0.000569608860137143,0.8309573631710463
doc218,0.8310171469943591,0.0006731913978805428,0.16629032385310882,0.0006730536910432237,0.0006731309092902935,0.0006731531543179109
doc219,0.49740607958786764,0.0015727244370715653,0.0015728396895970372,0.001572541905861255,0.0015726650537697606,0.4963031493258329
doc220,0.3984631756666114,0.0010920202426555694,0.0010918963368635505,0.0010918627652346466,0.0010920772342403796,0.5971689677543944
doc221,0.0002894224337807808,0.20331421286596663,0.0002894532045483848,0.00028941570239958333,0.00028944282478644216,0.7955280529685181
doc222,0.0011289367348622955,0.5715183349008439,0.001128989073465547,0.0011288174676554192,0.423965994927268,0.001128926895904975
doc223,0.5812355144231315,0.22420746449288412,0.0006347047654101542,0.000634596919967896,0.0006346533167497365,0.19265306608185653
doc224,0.0012109465049718045,0.11713589734000682,0.12820398392223978,0.0012110549687889569,0.7510271539805734,0.0012109632834192685
doc225,0.0053780959878796195,0.005378257750069849,0.0053781142272064,0.10032534744395688,0.6653362158306318,0.21820396876025536
doc226,0.0010041046087107674,0.0010041326977759282,0.0010041452333016145,0.994979282081494,0.0010041768782979225,0.001004158500419663
doc227,0.0010041046087107674,0.0010041326977759282,0.0010041452333016145,0.994979282081494,0.0010041768782979225,0.001004158500419663
doc228,0.000912607522971434,0.20822598643369128,0.0009126397304235984,0.0009127452350080389,0.000912681291495166,0.7881233397864105
doc229,0.7921049245592084,0.2024589270954896,0.0013589975148001127,0.0013590131133385673,0.0013589699647875621,0.001359167752375735
doc230,0.18634839278017376,0.4030756062465792,0.000809299989430713,0.0008091525715376657,0.0008092764628780362,0.4081482719494006
doc231,0.171842798246218,0.0004912638569489022,0.0004913459568655908,0.0004912418530261107,0.257012584604515,0.5696707654824263
doc232,0.527006075012865,0.0012567418667183447,0.10464815162339257,0.0012563800672194423,0.0012567654671598511,0.36457588596264473
doc233,0.6952221187850676,0.0014167474553724254,0.0014168041539854822,0.001416706455123843,0.001416838070182309,0.29911078508026845
doc234,0.00046831993904458246,0.10060250751031309,0.00046831123461876177,0.026398612271562177,0.6648426212231497,0.20721962782131176
doc235,0.0008226831291179019,0.0008225884085995352,0.4848625822213931,0.0008225629491615498,0.10572962361886143,0.4069399596728665
doc236,0.7360881286096107,0.18822855085625395,0.0005932475469128408,0.0005932595139682247,0.000593275955817301,0.07390353751743702
doc237,0.004426578019905019,0.004426145865951243,0.004425745501224011,0.004425507084281705,0.977870060906714,0.004425962621924109
doc238,0.0007375727150455374,0.13200278980581454,0.0007375949989645086,0.0007375791209188776,0.8650468550101307,0.000737608349125936
doc239,0.0022943665288689837,0.0022943650368100112,0.6810185793160983,0.002293744773828815,0.3098046746785528,0.002294269665841034
doc240,0.0015978054933493968,0.09721044576189905,0.6597221117116889,0.001597713299331805,0.0015979359010682113,0.23827398783266251
doc241,0.00046394971763660093,0.000463945018883348,0.039913602260393664,0.07829195852006136,0.11625759299507905,0.764608951487946
doc242,0.0004534175751755002,0.1256794320035194,0.0004534711184627362,0.00045342272355964084,0.0004534314625486441,0.872506825116734
doc243,0.39159414854594216,0.0007658668693730458,0.0007658927630176987,0.0007658037868526815,0.0007658344019651081,0.6053424536328493
doc244,0.0012257184734003198,0.0012258565499148712,0.001225822066467975,0.0012256361546572165,0.9938712272216808,0.0012257395338789226
doc245,0.00039288095297111225,0.000392885467631346,0.9980356809349492,0.0003928215601022414,0.0003928591692967862,0.00039287191504923803
doc246,0.001210991748050793,0.2775707480871884,0.00121097530664205,0.0012109832835031766,0.5083146025105569,0.21048169906405853
doc247,0.10685472083643467,0.000994326439362683,0.0009943087149922884,0.0009942333771671824,0.2252614149422642,0.664900995689779
doc248,0.0018321275053347994,0.6193468515109152,0.0018320432675529845,0.0018318408492267542,0.2203392993139165,0.15481783755305378
doc249,0.21641558633181152,0.17963932709677735,0.0019768232817279885,0.0019768570156454036,0.21122496561702422,0.38876644065701355
doc250,0.03586141624227695,0.0025914711815270414,0.5525685128685097,0.0025907970324303077,0.40379672051194976,0.002591082163306148
doc251,0.15763634623827866,0.2902381172899445,0.0027327798214099395,0.0027328192531862173,0.002733181227894265,0.5439267561692864
doc252,0.0004705300958162163,0.0004704772593667693,0.9703557067850235,0.02776230277862441,0.00047045802080682364,0.000470525060362266
doc253,0.8537790381048049,0.0022427417503159204,0.002243051273167504,0.0022427467694392075,0.002242645241666693,0.13724977686060577
doc254,0.6364084486188204,0.19187212912241589,0.16825452719390316,0.001154820605982209,0.0011549904432645883,0.0011550840156138117
doc255,0.30517974638454776,0.005103402595568268,0.005102979556653534,0.220154607698981,0.45935579906298324,0.005103464701266144
doc256,0.33986897910898534,0.0006266984611881054,0.0006267420698688049,0.000626678320710141,0.0006267619689284246,0.6576241400703193
doc257,0.0009127027697558818,0.21275252325118743,0.19379457949998402,0.0009126669364619841,0.0009126181285327765,0.5907149094140779
doc258,0.201917687358593,0.4025518203848127,0.38993193648987257,0.0018662463690811936,0.0018660122779565684,0.0018662971196838336
doc259,0.20711490934222967,0.19082138278529195,0.0004986607664260296,0.0004985930896544969,0.0004986444335173753,0.6005678095828805
doc260,0.0028910148477085946,0.0028906153994633192,0.0028911684746897744,0.002891756836690822,0.2621611554543529,0.7262742889870945
doc261,0.46599285898264026,0.0007846069855156339,0.0007840473487709464,0.0007838646501302004,0.0007839876604694188,0.5308706343724736
doc262,0.9955977724093814,0.0008804338696603533,0.000880512483545096,0.0008803932507544861,0.0008804576942715625,0.0008804302923869369
doc263,0.31768427161586277,0.1928658252485622,0.012504049411468512,0.00024065496606705798,0.25896085922580725,0.21774433953223216
doc264,0.0015018136370122392,0.09034630290010613,0.9036462093594883,0.001501685481973561,0.0015020548653781522,0.0015019337560418181
doc265,0.2410321276913971,0.12217259775480364,0.6321502703129764,0.001548144395521762,0.0015484543705622798,0.0015484054747389347
doc266,0.48477497034057304,0.2614359261158082,0.0013058568026358538,0.1193537707114698,0.13182358038996617,0.001305895639546885
doc267,0.0014167918730233744,0.001416940148215818,0.6801573153078297,0.0014166964202134964,0.2638586964131272,0.05173355983759051
doc268,0.6888970212355521,0.30648297607462754,0.0011549668102039678,0.0011548883077802726,0.001155000812737337,0.0011551467590988239
doc269,0.0003465937580530022,0.3628276789442316,0.2481572440281895,0.00034656716153264657,0.0003465708399847898,0.3879753452680085
doc270,0.747127762521537,0.0018320196962562116,0.16647747420454936,0.001831822329280299,0.08089878313302291,0.0018321381153542397
doc271,0.37205966442325616,0.1729158581306387,0.4523592776580976,0.0008883293962091556,0.000888456181149268,0.0008884142106489791
doc272,0.3104848763542867,0.4605498430899104,0.2222367476666905,0.0022429634418456267,0.002242625957926591,0.002242943489340575
doc273,0.3412116712901219,0.0015977554393517622,0.0015977218550057464,0.0015975176477685512,0.001597799247520703,0.6523975345202314
doc274,0.0007838933369400899,0.47890722416084786,0.0007838905783699483,0.04837636248277233,0.47036474358203095,0.0007838858590388175
doc275,0.0005863234498710267,0.22211779113686833,0.0005863623008708487,0.0005862329941212502,0.6166671643926386,0.15945612572563014
doc276,0.0008433560755249327,0.9199194464138377,0.000843320687429363,0.0008432784564534507,0.0008434342583993159,0.07670716410835511
doc277,0.2009607376922184,0.0003305476333579044,0.0003305650857242492,0.0003305462022096502,0.1745226208935144,0.6235249824929755
doc278,0.002193555123004564,0.42417992656304987,0.0021935273503302403,0.031775841518327484,0.19664519183079127,0.3430119576144965
doc279,0.30517974638454776,0.005103402595568268,0.005102979556653534,0.220154607698981,0.45935579906298324,0.005103464701266144
doc280,0.0010041046087107674,0.0010041326977759282,0.0010041452333016145,0.994979282081494,0.0010041768782979225,0.001004158500419663
doc281,0.0010041046087107674,0.0010041326977759282,0.0010041452333016145,0.994979282081494,0.0010041768782979225,0.001004158500419663
doc282,0.003760742416783987,0.23876094690327426,0.5274204904717903,0.0037609659397593964,0.0037605557371325304,0.22253629853125953
doc283,0.035422626431327014,0.0008578476040983315,0.3244716320597523,0.0008577546703555672,0.000857866346544509,0.6375322728879221
doc284,0.0008363794602819326,0.0008364238991420016,0.9109287365263282,0.0008362607225850792,0.08572587802416887,0.0008363213674939584
doc285,0.9955977724093814,0.0008804338696603533,0.000880512483545096,0.0008803932507544861,0.0008804576942715625,0.0008804302923869369
doc286,0.5168099145674107,0.07728023493187802,0.2556148317272549,0.0008881823870689185,0.0008883511066659211,0.14851848527972153
doc287,0.0026601206984221857,0.00265989320926166,0.002659830599337297,0.0026600873000595304,0.9867000224542557,0.002660045738663568
doc288,0.06566534994112354,0.0002971837679667312,0.00029717269325628816,0.00029714626364369767,0.0002971826212542409,0.9331459647127555
doc289,0.0009942685257904448,0.08128551334891988,0.0009943188960017902,0.063046465032931,0.48806690554195775,0.3656125286543991
doc290,0.0005332442426002054,0.0005332090706192463,0.0005332318290199365,0.0005331662654960598,0.8693943219203281,0.1284728266719365
doc291,0.703449071787304,0.0007014616439353769,0.09671303122121394,0.0007014009415279802,0.0007014855798004903,0.19773354882621816
doc292,0.000447364853714038,0.04087340996267027,0.07571943476953619,0.00044732970975447725,0.06689086100665945,0.8156215996976656
doc293,0.1566312257545361,0.20223849784777356,0.1031225072964528,0.02557407452532252,0.3138264777463805,0.19860721682953447
doc294,0.21500970744343756,0.00026991451277405987,0.0002698952126426571,0.00026989264122205384,0.10317146567130582,0.6810091245186178
doc295,0.00034658628750464495,0.05551653373743345,0.0003465832849865497,0.0285751673016921,0.44269109155123004,0.4725240378371531
doc296,0.32920935257509776,0.0007838550002464195,0.07063911537621818,0.0007840159910070751,0.0007839210467371021,0.5977997400106935
doc297,0.8484616182839015,0.0008294138577655357,0.000829392174511834,0.0008293496533229142,0.1482207639498341,0.0008294620806641334
doc298,0.11081281241632523,0.0008653629653095679,0.0008652736589309315,0.0008651760009794528,0.1767669547559991,0.7098244202024556
doc299,0.2166120812580041,0.6198275356971328,0.15462977551015805,0.00297653950761625,0.0029770263911408305,0.0029770416359480908
doc300,0.20083929424482896,0.0010248037529314346,0.0010249593085158608,0.0010247112422646554,0.2668621850148616,0.5292240464365975
doc301,0.0005761674727975332,0.29674780506016735,0.0005762124461206775,0.0005761131102532639,0.7009475407836461,0.0005761611270150466
doc302,0.0006965045720847802,0.02897632212865859,0.0006965668957345552,0.0006964966674602187,0.9682375442716349,0.0006965654644268803
doc303,0.001323085741084355,0.1904456132817346,0.0013231301825912857,0.0013233813804874055,0.8042616550139151,0.0013231344001871784
