,topics0,topics1,topics2,topics3,topics4,topics5,topics6,topics7
doc0,0.0016725448652380708,0.0016728449212894238,0.877503283224463,0.0016725464503040206,0.0016727902699956397,0.0016727730118536693,0.0016724807575447585,0.11246073649931129
doc1,0.000510892638466486,0.677312950272427,0.17476630759653317,0.0005108328903310886,0.0005108203925371285,0.00051089579049867,0.14536650448402483,0.0005107959351817865
doc2,0.5623009108070434,0.09012155153810811,0.0008015051305039911,0.2747936161891765,0.0008014761302952045,0.0008014352140194152,0.0008014480486064504,0.06957805694224697
doc3,0.0005441636518947991,0.0005441450111240048,0.00054419385903342,0.7012163165134425,0.0005441884932744795,0.29551849961836785,0.0005442370282461989,0.0005442558246167077
doc4,0.08199175693228734,0.0012079970586974143,0.0012079721992386992,0.12388616416163534,0.0012078955606351154,0.34594156909921725,0.12072689124298394,0.3238297537453049
doc5,0.0007646798206428592,0.0007648901139549564,0.44997268398508533,0.0007648782308829498,0.0007648180796759033,0.4550558066544467,0.0911474846899941,0.0007647584253170651
doc6,0.0015201281347853456,0.0015200798980931974,0.39065902685618886,0.36915382720947376,0.0015200560138936433,0.001520329712098435,0.2325864338839154,0.0015201182915513482
doc7,0.0014755273416907938,0.21449917033745267,0.0014755895016187038,0.0014756506808335144,0.2179772198830442,0.44432525763440356,0.11729622072814909,0.0014753638928075004
doc8,0.0006589229477691564,0.342384905278678,0.0006589677404274326,0.000658986801719502,0.0006588971676476777,0.4835120573331652,0.07257929172657138,0.09888797100402169
doc9,0.0013024336864919301,0.0013023319600154737,0.09339706266878886,0.0013023331196655823,0.0013025384874301214,0.0013027785217143487,0.0013026211521364479,0.8987879004037572
doc10,0.0007765470202501682,0.000776629453673732,0.0007765606363635654,0.0007765594817940447,0.0007765350387300387,0.5182607573927048,0.0007766027044325222,0.4770798082720511
doc11,0.11221906376398226,0.345197622250236,0.08412637177341231,0.0006106213226912475,0.000610672595460525,0.0006106861601261006,0.04103100351209746,0.41559395862199405
doc12,0.0007476087457486804,0.04644841949251144,0.8152005928137622,0.02269205721287753,0.0007475346261383732,0.0007475576588243308,0.000747656774595219,0.11266857267554233
doc13,0.0010226879079133877,0.0010225909339038987,0.0010226695288281557,0.0010227097632474749,0.9928409484406594,0.0010227988889973305,0.0010227752885556165,0.0010228192478947617
doc14,0.0010226879079133877,0.0010225909339038987,0.0010226695288281557,0.0010227097632474749,0.9928409484406594,0.0010227988889973305,0.0010227752885556165,0.0010228192478947617
doc15,0.6773792224086496,0.12568676560363015,0.0011264893230929385,0.0011263865812156748,0.0011263403061568269,0.1913020129315082,0.001126384159713022,0.0011263986860335755
doc16,0.0010022491786059763,0.38461454230286246,0.0010022129390095786,0.14492955721105372,0.001002265291326268,0.0010021896265953545,0.13168080126904277,0.33476618218150395
doc17,0.1550077189116991,0.000747561158362585,0.0007475739701299498,0.5634559611568465,0.0007476762852589962,0.09171278350250342,0.18683308359416123,0.0007476414210382424
doc18,0.6779031784441714,0.10328005652913012,0.0005188469941111027,0.000518846679207166,0.0005188752063642163,0.15807272554403948,0.0005187928132049324,0.05866867778977168
doc19,0.17126415894700858,0.0008946725555355582,0.028763392285249847,0.46093193738127636,0.000894643861059188,0.0008947715288489179,0.33546166599073013,0.0008947574502913443
doc20,0.004588413563042238,0.004587845607294155,0.004587847876785213,0.004587517128452908,0.00458823841641323,0.004587265099009913,0.0045874565219558945,0.9678854157870465
doc21,0.0004634991740665416,0.0004635055725325904,0.14772350187153066,0.7232785899643577,0.000463463727135425,0.0004635564489228381,0.12668034922031296,0.0004635340211412396
doc22,0.0007589229049136684,0.07832216824257446,0.16967739038483515,0.0007589530721908614,0.15828296850634463,0.590681715267667,0.0007589258283655164,0.0007589557931087188
doc23,0.4248199545633478,0.3936672114017619,0.0005215397938617913,0.000521550273082384,0.0005216805414472103,0.1789050525598063,0.0005214897136372973,0.0005215211530552808
doc24,0.07720571250666634,0.1295668255432341,0.0005354452038289068,0.043112845789539875,0.0005354113832689993,0.7003258097389945,0.0005355079405036137,0.04818244189396376
doc25,0.001730692876394235,0.0017306990385800964,0.5688718000143801,0.0017304910535988378,0.0017308171192777844,0.2871416645083707,0.0017305401880392396,0.13533329520135914
doc26,0.2280175089724933,0.00030421532204183535,0.15491771908430416,0.0003041876190234198,0.0375556085053597,0.05521183709401742,0.00030419054188490557,0.5233847328608754
doc27,0.0012081371776946515,0.068531969785646,0.24270318929710147,0.0012079702499787491,0.00120792166846741,0.6827248828424202,0.001208010708888914,0.0012079182698025556
doc28,0.13249103997680664,0.0012379861353086724,0.3042861119062324,0.001237860429937267,0.0012378475474086402,0.0012380164637734324,0.47862399399931915,0.0796471435412138
doc29,0.15756791744645574,0.09333225717059218,0.0009279552073496292,0.0009278318696024555,0.0009278448718085494,0.07296567021296003,0.000927947772393184,0.6724225754488383
doc30,0.0007827007061180468,0.5776498261355512,0.3189178727902002,0.0007827453861213586,0.0007826265681968302,0.0007827316384933705,0.09951877228973659,0.0007827244855823583
doc31,0.0019692890175134754,0.001968942043049338,0.10030346186418276,0.0019688310192709575,0.0019689280339345474,0.19895080333343668,0.001968805482043416,0.6909009392065688
doc32,0.0023369712320372034,0.14957013637096134,0.002336908276792277,0.0023368703715238143,0.0023368346683547403,0.00233703457912428,0.0023369122703486432,0.8364083322308576
doc33,0.001207991454897205,0.0012078623331323232,0.0012080085763428224,0.00120821400388338,0.0012078760576888744,0.0012079932059965665,0.0012081235654492846,0.9915439308026096
doc34,0.00926136203251456,0.8293332288894779,0.00926347721970981,0.11509490432020379,0.009260548962696995,0.009262353093501504,0.009262853199708166,0.00926127228218717
doc35,0.0018944764475801298,0.16845362703624908,0.0018944672176918643,0.0018946848627991125,0.0018943602412113771,0.001894582245055495,0.0018945413794495744,0.8201792605699634
doc36,0.17986933319477616,0.0033570148811613225,0.0033567277339209786,0.003356532317706054,0.003356592778821882,0.0033566934356199026,0.0033565584973371384,0.7999905471606567
doc37,0.3722352675692343,0.002008634256188495,0.002008629777328778,0.002008335863201029,0.002008318632557588,0.002008322176511493,0.002008204467381814,0.6157142872575966
doc38,0.0007764822465856362,0.0007765659134150781,0.0007765873447147604,0.0007765822534033507,0.3654163075046739,0.0007765780149363151,0.0007765142377613418,0.6299243824845095
doc39,0.09361337887721846,0.0011015963025142825,0.001101687649538659,0.5127916728958644,0.0011015722446766395,0.0011015892009566188,0.001101829488205913,0.38808667334102515
doc40,0.04279405971980612,0.0006813487247299597,0.8642955968330379,0.0006813554055313701,0.0006814976480877612,0.04656289946084612,0.04362188322161604,0.0006813589863446571
doc41,0.0016189266731920819,0.0016187254473880063,0.7068050703675111,0.0016183372617184057,0.0016184038900298983,0.15742580405042522,0.1276762214526017,0.0016185108571336185
doc42,0.0007704951769101393,0.0007704794733738401,0.000770481163040138,0.0007705605824306917,0.0007705153027825711,0.0007707542255850924,0.0007705912627759629,0.9946061228131017
doc43,0.004033309209668302,0.9717671813612027,0.004033876954150985,0.004033547079174881,0.004032816600587853,0.004032899014894916,0.00403341801153331,0.004032951768787089
doc44,0.0004371740133401097,0.0004371670760871687,0.3340945160401715,0.000437154667076972,0.0004371550744753399,0.09591202309314666,0.00043716643993030964,0.567807643595772
doc45,0.0016449612817762075,0.0016450036643185268,0.0016451957914061432,0.9884837792470461,0.0016451702530030964,0.0016452180789997281,0.0016452087914230963,0.0016454628920270478
doc46,0.00042965902141823333,0.00042965060325282406,0.03908517831762664,0.6421058919949103,0.0004296318919774354,0.000429701134323726,0.31666063446274956,0.0004296525737412813
doc47,0.0007951126624434804,0.0007951267771493753,0.12595305244068927,0.6921137235010953,0.0007956125498817693,0.17795715248294358,0.0007951104349787997,0.0007951091508183868
doc48,0.0022836303567216943,0.002283488988197539,0.0022836057977105094,0.6562544517870676,0.0022839335003322038,0.17402560518940485,0.15830167086344166,0.002283613517123798
doc49,0.11897939753921764,0.005051163727834619,0.8507082838530867,0.005052257656765061,0.0050511751357297284,0.005053448501502814,0.00505245082211271,0.005051822763750692
doc50,0.0018944368582737698,0.0018944293765235428,0.6589841397159892,0.0018943456170041125,0.0018946967660302021,0.3296492730662134,0.0018942866673699148,0.0018943919325959686
doc51,0.12042417336958386,0.7023805699366537,0.0004745077381172626,0.0004745391504891029,0.00047449769302196235,0.00047451693589237425,0.00047451311568599136,0.17482268206055585
doc52,0.0011935912026199101,0.0011935602223370502,0.0011935526995626256,0.0011936043662654754,0.0011935121611755103,0.001193757576860409,0.8843277889761936,0.10851063279498559
doc53,0.0013739446302166486,0.0013739179863799325,0.6021406238157934,0.0013738238480828747,0.0013739002075044496,0.0013740555847418488,0.0013738835682577254,0.3896158503590232
doc54,0.0025780402659060196,0.0025779015892238902,0.304498659415324,0.28636984851303704,0.0025778731302316545,0.39624127428356415,0.0025786072894194447,0.0025777955132939086
doc55,0.001618606145773706,0.4368475206828674,0.0016185522706661558,0.3035739531189336,0.0016186174034748158,0.0016183782430358356,0.07044591515540993,0.18265845697983854
doc56,0.0034726921993434167,0.10806347631006367,0.003472919982197323,0.8710980147392705,0.0034728103515643273,0.0034734821578616495,0.0034734364052728815,0.003473167854426152
doc57,0.3266080339189019,0.2833200220121301,0.0015200575889462106,0.28896081733758333,0.0015200088798523067,0.0015200622688740474,0.00152005292609673,0.09503094506761527
doc58,0.0013194742090207863,0.0013194632659647462,0.0013197022821624066,0.9907628648020037,0.0013197680588670506,0.0013195072744804593,0.0013196503529991487,0.0013195697545016949
doc59,0.0007104295339018135,0.10799491822051556,0.3531112220958619,0.19961353413445843,0.0007103903814173087,0.2055603272558789,0.0007103985300903988,0.1315887798478757
doc60,0.0012856702310102793,0.0012857988130526056,0.0012856768759466608,0.0012857100362125486,0.0012855456769642686,0.2714027389772892,0.0012857334606247992,0.7208831259288996
doc61,0.0006632899288392948,0.0006633649499784446,0.0006633046149226892,0.0006633295699362973,0.0006633176364114576,0.6313422885947,0.0006633510828232874,0.36467775362238863
doc62,0.37743541875825726,0.261827708058461,0.0011658367626254467,0.0011658671962818995,0.0011656775006664048,0.3549079467171141,0.0011657900442458816,0.001165754962348038
doc63,0.36409249626407014,0.0013739268832863713,0.0013742009936470107,0.0013740516506262639,0.16744715249558428,0.46159014913105306,0.0013740831604721832,0.0013739394212605618
doc64,0.0009636443184885817,0.0009635969957007653,0.0009634992363247583,0.0009638026831582713,0.9932549038915811,0.0009635521927719156,0.0009634710574274385,0.0009635296245472144
doc65,0.0009636443184885817,0.0009635969957007653,0.0009634992363247583,0.0009638026831582713,0.9932549038915811,0.0009635521927719156,0.0009634710574274385,0.0009635296245472144
doc66,0.8170675523521757,0.1767330305579674,0.001033202845524904,0.001033240396012936,0.0010332040367691032,0.001033229200566989,0.0010331843916349228,0.0010333562193479303
doc67,0.0006106080246606169,0.6744570987286953,0.0006106925476052516,0.0006106192654665239,0.0006105716352628975,0.0006106547166635867,0.0006106455925113115,0.32187910948913456
doc68,0.9840141642928876,0.002283729411643631,0.002283489069704908,0.002283645825472895,0.0022837828295029367,0.00228389770312356,0.0022837339335386032,0.0022835569341258396
doc69,0.001319565824259634,0.0013196711754095926,0.29097479236613544,0.10508803022759035,0.0013194216232218633,0.15629290503189927,0.0013196033632681286,0.44236601038821577
doc70,0.0019691959452589384,0.0019690201525523515,0.4089582486479163,0.0019687441293960283,0.3658209058793246,0.001969044855165506,0.0019689979304349783,0.2153758424599513
doc71,0.10682544949037566,0.0009730015011380184,0.16287474638556462,0.0009728981501183791,0.0009729688370489921,0.7254349882774034,0.0009729474791630157,0.0009729998791879409
doc72,0.0009636179862014132,0.0009636437549657947,0.15751258150775443,0.0009637073444308826,0.018540007223722402,0.3732208671336077,0.4468719013673665,0.0009636736819508376
doc73,0.0017611227190133239,0.7867001556760815,0.0017610623828356767,0.001761121514550053,0.0017608928905804588,0.001760925576974215,0.0734835740232455,0.1310111452167193
doc74,0.00304975484750239,0.14579431544624963,0.003050053459471925,0.0030490203215294523,0.0030490306457290244,0.0030504936805095455,0.003048998281165751,0.8359083333178422
doc75,0.0012228999933948633,0.0012229064413566803,0.3545358628429721,0.0012228011962757837,0.0012228247867305348,0.0012228565244801412,0.001222803070856623,0.6381270451439334
doc76,0.0012079921641342756,0.7219851305920396,0.2707666484917146,0.0012079695337373973,0.0012079444161846116,0.0012081876504773886,0.0012081249844836355,0.0012080021672285569
doc77,0.0014976449923625123,0.5323790969318469,0.001497280884202367,0.0014979342500365898,0.0014972647639323118,0.001497308450422934,0.001497357487505194,0.4586361122396912
doc78,0.0010441198647802464,0.5401554224651887,0.18372918475395386,0.001044122548176201,0.0010440181875890455,0.001044225090928329,0.2708948254929395,0.0010440815964441938
doc79,0.0012694333794088567,0.0012693564853152911,0.32815897662205523,0.0012693650805839806,0.1656464573022389,0.0012694227052356525,0.0012692822931078946,0.4998477061320542
doc80,0.5196823978664566,0.0024517902258848544,0.002451872234833402,0.002451917725678698,0.002451726319890112,0.002451804501876113,0.002451653658519193,0.465606837466861
doc81,0.13077118672758276,0.0010228198448244403,0.2030239564451292,0.1595764198513555,0.0010228158027961848,0.3004658484986717,0.0010228343050543553,0.20309411852458595
doc82,0.09773332851473111,0.0020499301249324725,0.0020499477296705452,0.3140773393756112,0.002049493867984345,0.002049573557648626,0.2315337964369525,0.34845659039246923
doc83,0.2604900844350258,0.0012080487103989007,0.0012080256443275216,0.0012081643610942665,0.001207887704018795,0.2673920018088293,0.0012079342554529957,0.46607785308085237
doc84,0.0030493798190500783,0.9786548085198186,0.003049643172794221,0.0030496620837414386,0.0030490566321383274,0.0030491548836804635,0.003049335070445175,0.0030489598183317816
doc85,0.0013372265347117022,0.0013372475065075147,0.21001561871691068,0.0013373672246130585,0.001337232880276173,0.29709733369142177,0.10022320281339171,0.3873147706321674
doc86,0.001374022197926681,0.0013739128243030572,0.13100880188129188,0.0013739996790004681,0.001373861525222777,0.2423471646810459,0.0013739717257912195,0.619774265485418
doc87,0.0023932285258195887,0.002393123812135611,0.3835828123924847,0.1658960054664025,0.0023929383094358275,0.002393147105067052,0.19059179763366885,0.25035694675498577
doc88,0.0035981425936763953,0.0035977450313279895,0.1566315959118671,0.0035978676016483312,0.003597489707406025,0.003598338789834175,0.39884320391454886,0.42653561644969107
doc89,0.05472258892904405,0.001701233863886383,0.0017009056719087935,0.0017008214169147806,0.0017008475126495887,0.001701108980331166,0.0017009349203626564,0.9350715587049026
doc90,0.0027179995505132826,0.002718054746711665,0.002717982618147827,0.0027182222018269616,0.002717743337763666,0.002718176419595202,0.07559378501579475,0.9080980361096466
doc91,0.0010896249468187263,0.14943292446198506,0.33797924239215377,0.0010896011740801328,0.0010895466969029625,0.5071398857102041,0.0010895951102845463,0.001089579507570758
doc92,0.15020320848097474,0.544191553975994,0.002283990490248127,0.0022835691276184298,0.0022834037202913633,0.002283626376292763,0.002283970075407233,0.29418667775317336
doc93,0.0007764822465856362,0.0007765659134150781,0.0007765873447147604,0.0007765822534033507,0.3654163075046739,0.0007765780149363151,0.0007765142377613418,0.6299243824845095
doc94,0.16295348087737802,0.5696412828117571,0.000625904473460542,0.0006259035756535454,0.0006258742683776153,0.0006259297807691219,0.0006258964841617384,0.26427572772844227
doc95,0.8717330347796208,0.0015928993687875734,0.11871006528035771,0.001592780087048827,0.001592874055329308,0.0015926741910243132,0.0015927690859601994,0.0015929031518712425
doc96,0.0012228697525058,0.0012227139711358957,0.0012227947567365024,0.3104016453919234,0.0012226279428001834,0.0012228318321310595,0.68226177579546,0.0012227405573072422
doc97,0.25020397695486557,0.6444099489976121,0.000856421336632226,0.0008563760825046181,0.000856343190280169,0.0008564145332099175,0.10110411825387736,0.0008564006510181727
doc98,0.7773448904175453,0.0008420160731188828,0.0008420076818604329,0.0008419325401810002,0.0008418891080045982,0.21760346608107534,0.0008418807048951864,0.000841917393319316
doc99,0.0014328864397443204,0.0014329038657595386,0.0014329890516383502,0.7180225187820853,0.0014329546428996588,0.0014329019713619792,0.2733799430591224,0.0014329021873885847
doc100,0.000828017860120729,0.08711849044467301,0.8317283922094357,0.000827991762954116,0.0008279279372642356,0.0008280324056843522,0.07701309190669099,0.0008280554731769144
doc101,0.0018594584384919919,0.0018592254038212385,0.2229172157324579,0.7659276092970628,0.0018589900223157753,0.0018590803402042215,0.0018593513795161468,0.0018590693861299356
doc102,0.0007531886661159745,0.0007532397077441128,0.0007531558942283006,0.7561140187919387,0.0007531360921355951,0.0007531987894913322,0.0007532191875857388,0.23936684287076027
doc103,0.0022838511227414216,0.0022838171219020614,0.19375290989862512,0.20901921293556658,0.002284053143153994,0.4115793800468397,0.1765131155088096,0.002283660222361406
doc104,0.0017010116303504802,0.0017009084492539315,0.0017011225242457774,0.7476808965864323,0.0017014951234432096,0.0017009601455750141,0.2421125194741594,0.0017010860665398865
doc105,0.11056347835831672,0.04458987285047722,0.0010227451660647228,0.4448102035047426,0.001022736772603716,0.2511925379556516,0.0010227220236574636,0.14577570336848594
doc106,0.0017611411076419138,0.0017610836525456181,0.0017610432025179658,0.7647855556897972,0.0017608850435541171,0.16740515802617487,0.05900431904328093,0.001760814234487457
doc107,0.0019691959452589384,0.0019690201525523515,0.4089582486479163,0.0019687441293960283,0.3658209058793246,0.001969044855165506,0.0019689979304349783,0.2153758424599513
doc108,0.0006181935439930221,0.36175687538084383,0.6345338582983786,0.0006182165497158193,0.0006181530180275746,0.0006182477668116533,0.0006182644672907147,0.0006181909749387064
doc109,0.0017307417652241554,0.09558435409067852,0.0017305807687664143,0.641208711642316,0.0017306065462933326,0.25455383473997634,0.001730475509098187,0.0017306949376471742
doc110,0.0015437335065365324,0.5668729960881812,0.00154369908345674,0.3090537127690688,0.0015433999022133008,0.001543565936893975,0.0015435319763592566,0.1163553607372902
doc111,0.002718079689920846,0.23953641728894126,0.002718351739783334,0.2499649677250569,0.002718369686148622,0.0027180884610557266,0.25283060855097095,0.24679511685812244
doc112,0.0013373090120037707,0.41095211315124214,0.19216104951724858,0.3189939246661307,0.0013373482587765411,0.001337199419588102,0.0013374844164737117,0.0725435715585364
doc113,0.0022327674199134734,0.0812810442474801,0.0022329702118767114,0.23418162954509894,0.07443462990154953,0.0022325639824901707,0.6011718892159201,0.002232505475670992
doc114,0.001672587928823131,0.001672655763220991,0.2622159948557688,0.5035045053548803,0.0016724672577807362,0.001672814350854824,0.14807786635987258,0.07951110812879854
doc115,0.23440100439104467,0.0017008705696291355,0.0017012289777369833,0.6334237876525075,0.0017011174894790107,0.001701201278449992,0.1236695874979318,0.001701202143220913
doc116,0.03800706709765111,0.000672236558543736,0.1470065314415565,0.33044292005027526,0.0006721338368346661,0.48185455346550393,0.0006722760775133091,0.0006722814721216023
doc117,0.0014752384271819676,0.6439672915489586,0.0014754515712855423,0.2036944657854065,0.0014751487943415688,0.001475644260339878,0.14496128680081377,0.0014754728116720985
doc118,0.0013553630980641107,0.0013553015990237227,0.6997940044264119,0.0013552531015860296,0.0013552645434318853,0.0013554354584069854,0.10875599497371724,0.184673382799358
doc119,0.1564772450180027,0.1843775076002388,0.4816145661087868,0.0007206831800799646,0.0007205621464502158,0.17464813675465052,0.0007206236028746462,0.0007206755889163141
doc120,0.0010663025561038068,0.11055426686742743,0.001066373770731347,0.001066335468779872,0.001066229962694547,0.8830476614742647,0.0010663661428459185,0.0010664637571525127
doc121,0.2738929038126515,0.005619841712147911,0.005618932577570195,0.005618919367146223,0.005618603857115174,0.6923918537207363,0.005619241150419198,0.0056197038022134365
doc122,0.0004790658201363414,0.1594636855271828,0.0004790582110763165,0.000479057052370692,0.0004790407342596013,0.33976510350888184,0.0004790899743455651,0.4983758991717469
doc123,0.13728751413502344,0.0027939471798698145,0.0027942505532776514,0.0027940511398654054,0.12408387906246678,0.4338364708371741,0.0027941714550938526,0.29361571563722894
doc124,0.002578253758472403,0.0025780591060961043,0.002577727018801109,0.1462715817151696,0.0025779132323764855,0.002578107017277936,0.0025780267819069916,0.8382603313698993
doc125,0.0010122674402888053,0.0010122233780546434,0.0010122582708929299,0.001012250747864925,0.9929139469532048,0.0010123088286348538,0.0010122511458012793,0.0010124932352577219
doc126,0.0010122674402888053,0.0010122233780546434,0.0010122582708929299,0.001012250747864925,0.9929139469532048,0.0010123088286348538,0.0010122511458012793,0.0010124932352577219
doc127,0.0018592318647897735,0.34430650203365726,0.0018592838400987204,0.0018593356808434222,0.0018590850418499585,0.24653774457230315,0.3998596212809129,0.0018591956855447866
doc128,0.0017925878492870975,0.09759716174126198,0.3083802448714752,0.2035592245651584,0.0017923810576357345,0.31216423256513776,0.07292155213846378,0.0017926152115800447
doc129,0.0007420267924933984,0.03299667529019282,0.43310307906829176,0.0007419962869014752,0.0007419738739090136,0.0007420029709250943,0.5301902986275167,0.0007419470897696764
doc130,0.010205139001844672,0.5019163765338784,0.01020525540759063,0.43684500627458633,0.01020552742529533,0.010210339067041328,0.010206657506391114,0.010205698783372016
doc131,0.0007950993235767432,0.4062205368476833,0.0007951465378204447,0.0007952073544329321,0.000795158917660239,0.0007951856774605866,0.4004566856681489,0.1893469796732168
doc132,0.7632065827255704,0.23312975921741952,0.0006106123255468344,0.0006105961454286112,0.0006105815539831145,0.0006106006607183493,0.0006105787869054998,0.0006106885844277093
doc133,0.11408553320307592,0.0018253336659959565,0.15218525296379803,0.0018255017510851103,0.337542744509146,0.388884967244943,0.0018253023985982278,0.0018253642633578987
doc134,0.29526630367686546,0.0013932167715356289,0.08103887432708315,0.001393028172366146,0.0013931344458590418,0.001393029407217743,0.0013930522665054157,0.6167293609325675
doc135,0.24477752487827062,0.00044299244517260463,0.0004430101670663915,0.03645384541651834,0.0004429774689295649,0.00044300662826165724,0.0004430138194394249,0.7165536291763414
doc136,0.12831449272474965,0.0013931001660534067,0.5955285673671932,0.0013930524814308584,0.0013929675475728633,0.15851147268201288,0.11207332191141053,0.001393025119576601
doc137,0.09007539097860012,0.4440329523841635,0.00044697465483589004,0.06754957351483146,0.00044692029403719765,0.23573547812784573,0.11871797772836662,0.04299473231731934
doc138,0.000599723861104053,0.0409829675787029,0.0005996701870701806,0.042443371109727145,0.0005996230512133528,0.0005997070330876573,0.028029312855215965,0.8861456243238788
doc139,0.4300435903233574,0.002337137243266583,0.0023372341451223543,0.11546166784662627,0.21927957464188147,0.2258663640922133,0.0023371925237916803,0.0023372391837410606
doc140,0.0014538579597344577,0.0014538069571655842,0.4744110539798121,0.29475982033525944,0.0014537048788508305,0.0014539525929323158,0.0014540071011914174,0.22355979619505373
doc141,0.0005856556081736497,0.31877871703480554,0.037714566850398305,0.0005856882286315872,0.0005855938369016655,0.0005855996832405887,0.040261986636175,0.6009021921216736
doc142,0.10070443237890907,0.0008946449575415933,0.11666003166160599,0.6046858668822435,0.0008946056907259265,0.1743709935357233,0.0008947306949526584,0.0008946941982980192
doc143,0.0009922309141731785,0.0009923356092600265,0.000992405716569175,0.000992319770555671,0.366536019019587,0.6275099507402989,0.0009923959684701089,0.000992342261085907
doc144,0.0014752450169245761,0.0014752328329829256,0.001475391055970478,0.0014752894837456872,0.0014753436392972129,0.9209485046998617,0.0701996610206278,0.001475332250589849
doc145,0.16643712780696635,0.0014974104830442238,0.0014973261611935977,0.0014975996250988814,0.0014972843187826498,0.12897441259182751,0.0014974600731495165,0.6971013789399372
doc146,0.0012856720138364082,0.0012857014115946824,0.36088258518274846,0.0012856255960023279,0.0012855409829341997,0.5053032961716778,0.0012857409740551877,0.1273858376671509
doc147,0.0019312664088011393,0.0019308923039646282,0.0019312168328719612,0.5005791675449084,0.08998453361410898,0.001931107098377812,0.001931220494662049,0.399780595702305
doc148,0.0012854462071133928,0.0012855361607726256,0.001285560428570809,0.001285711154461203,0.0012855855034317944,0.2886676050417521,0.0012856786211410227,0.703618876882757
doc149,0.3288029230866102,0.36183716025258206,0.0014752111150928167,0.0014752587184961284,0.0014750813859767122,0.0014751790767310888,0.0014751289998542873,0.3019840573646567
doc150,0.11195113315207039,0.0011016417016379467,0.001101483021311103,0.0011016660545008423,0.05425531922031208,0.11981282287852624,0.0011014724696432941,0.7095744615019981
doc151,0.0013022607968136352,0.0013023830810336967,0.0013023760556940909,0.0013026007657576141,0.0013022458357859828,0.001302445033161545,0.040562956651918024,0.9516227317798355
doc152,0.0006814108397014406,0.0006813807738030718,0.6912299785351868,0.0006814503112739746,0.0006814995513287089,0.15802802218340345,0.14733473384756107,0.0006815239577417305
doc153,0.00304975484750239,0.14579431544624963,0.003050053459471925,0.0030490203215294523,0.0030490306457290244,0.0030504936805095455,0.003048998281165751,0.8359083333178422
doc154,0.0010896249468187263,0.14943292446198506,0.33797924239215377,0.0010896011740801328,0.0010895466969029625,0.5071398857102041,0.0010895951102845463,0.001089579507570758
doc155,0.0005563491281268297,0.0005563110949769836,0.2884557443566161,0.000556287523112588,0.0005562645578939473,0.5057293900216557,0.0005563153541006804,0.2030333379635172
doc156,0.0007764822465856362,0.0007765659134150781,0.0007765873447147604,0.0007765822534033507,0.3654163075046739,0.0007765780149363151,0.0007765142377613418,0.6299243824845095
doc157,0.6371017993954623,0.3566980755644334,0.0010333661417017753,0.001033334114125442,0.0010333955318085361,0.001033333650821298,0.0010332931924757578,0.0010334024091714542
doc158,0.35131801607312224,0.6137006710966506,0.0012080011402714134,0.028941464561149165,0.001207930688878189,0.001207963861508875,0.0012079638335054713,0.0012079887449139616
doc159,0.0010552115912212524,0.1365108845128493,0.26621414010792394,0.09120413628904046,0.0010551673891019521,0.31699789622350283,0.18590744845005255,0.0010551154363076967
doc160,0.0017611411076419138,0.0017610836525456181,0.0017610432025179658,0.7647855556897972,0.0017608850435541171,0.16740515802617487,0.05900431904328093,0.001760814234487457
doc161,0.0012079921641342756,0.7219851305920396,0.2707666484917146,0.0012079695337373973,0.0012079444161846116,0.0012081876504773886,0.0012081249844836355,0.0012080021672285569
doc162,0.09421391236386506,0.222114500027456,0.09780661373796,0.2160339732051476,0.0010550318668315342,0.13577627122201658,0.23194464285804753,0.0010550547186757861
doc163,0.4571369477556609,0.001373858606417571,0.30553356529015335,0.0013739183383421666,0.0013738444823605102,0.23046013875772656,0.0013738267404276505,0.0013739000289113635
doc164,0.0008014185513252724,0.0008014628964547928,0.0008014611717452124,0.7341586928513189,0.0008013732706760845,0.08085045766670636,0.18098354609509942,0.0008015874966740523
doc165,0.0009110425952233076,0.08270554755866343,0.6090421071718926,0.0009110093255115453,0.0009108936728552644,0.3036973045630058,0.0009110653361332186,0.0009110297767150203
doc166,0.001497463035671797,0.0014972610500068784,0.001497409765870959,0.8211024275901306,0.0014973414579534153,0.0014974827336791698,0.16991324125602364,0.0014973731106636403
doc167,0.002392765829234027,0.002392861925050653,0.002393075851727682,0.9832501541207889,0.0023927805367402835,0.002392818309671353,0.00239271938665851,0.0023928240401286816
doc168,0.0009635694454900453,0.0009636893305905678,0.993254808092155,0.0009637280108729379,0.0009635415667389018,0.0009635502435784077,0.000963555943836225,0.000963557366737787
doc169,0.0022329488909856683,0.00223272138430718,0.002232724747725195,0.0022328801502414404,0.22180466758517964,0.0022324218711433047,0.06900945341131756,0.6980221819591
doc170,0.1514540315927234,0.0004259868152335296,0.22712979609433973,0.00042599199274583695,0.00042594381991134295,0.6192862321460127,0.0004260250612554533,0.0004259924777779417
doc171,0.004588342794773702,0.0045880661026666165,0.004588381140776816,0.1729504959852117,0.0883388383296002,0.0045893503003077395,0.5005099645992057,0.2198465607474575
doc172,0.30025547256622764,0.47749249793103615,0.0018251612297547964,0.08996848731647614,0.0018250595641946372,0.0018249168900507128,0.0018253198899549196,0.12498308461230495
doc173,0.002092672063693697,0.0020927195545700503,0.7933871392810676,0.05391844332280967,0.0020924040078783685,0.0020924705815563538,0.14223150389388153,0.0020926472945426815
doc174,0.0011658640436644245,0.0011658127697861365,0.16146650530812054,0.6183662535128115,0.0011658336883681364,0.001165851036583808,0.08226018323375503,0.13324369640691053
doc175,0.3038622349911571,0.0012533543502518884,0.23270345586237468,0.0012534554971329658,0.0012533977892667228,0.40769978012715147,0.05072082627697695,0.001253495105688341
doc176,0.24406863095446235,0.0003098666644403626,0.12111262903629118,0.00030988874210962833,0.0003098890497219022,0.010993125767129349,0.12423400426617952,0.49866196551966574
doc177,0.0011655777580956142,0.0011656133102303228,0.02394026528344165,0.0011657134002364684,0.001165814527324727,0.0011657456573725645,0.001165895827356554,0.9690653742359422
doc178,0.0013931048525580322,0.19872872070302264,0.16564835791553142,0.001393045335709735,0.0013932731261690411,0.24157596750056873,0.0013929947968497208,0.3884745357695907
doc179,0.0014536742234692007,0.0014537496614551793,0.0014538952418806277,0.0014537033435483109,0.06810470779438267,0.23933864077968553,0.14047561015710885,0.5462660187984695
doc180,0.7552293525329873,0.24110693110595444,0.00061060203262339,0.0006106747330940617,0.0006105731286650563,0.0006106055619375308,0.0006105893631803371,0.0006106715415579272
doc181,0.0014753245176867065,0.0014754259460027497,0.9896729385363933,0.0014751925706080558,0.0014754067456163532,0.0014751164197604697,0.0014753458961072135,0.0014752493678251292
doc182,0.0027942654022918936,0.18120564272622466,0.002793928465773329,0.28943710045642734,0.0027938443735036206,0.0027941797085038527,0.002794136810820608,0.5153869020564548
doc183,0.0010122792323737236,0.0010122858999443772,0.0010123252252109678,0.0010122303129903108,0.9929138921143743,0.0010123277309155969,0.0010122730098470103,0.0010123864743438005
doc184,0.0010122792323737236,0.0010122858999443772,0.0010123252252109678,0.0010122303129903108,0.9929138921143743,0.0010123277309155969,0.0010122730098470103,0.0010123864743438005
doc185,0.0009193841449850202,0.00091937386691343,0.8678308829798982,0.0009193860398172445,0.0009192446462187523,0.12665315860236265,0.0009192436234810855,0.0009193260963236224
doc186,0.003144773588968008,0.0031451703535623956,0.0031449095989073204,0.0031457231297020026,0.0031450523194364688,0.003144967684434728,0.9779845580488312,0.003144845276157755
doc187,0.23556852671862089,0.6201452970614826,0.001179529280653466,0.09096097414142236,0.0011795291885727346,0.04860699652285094,0.0011795811166056614,0.0011795659697913792
doc188,0.000510892638466486,0.677312950272427,0.17476630759653317,0.0005108328903310886,0.0005108203925371285,0.00051089579049867,0.14536650448402483,0.0005107959351817865
doc189,0.0009635694454900453,0.0009636893305905678,0.993254808092155,0.0009637280108729379,0.0009635415667389018,0.0009635502435784077,0.000963555943836225,0.000963557366737787
doc190,0.002451170443713925,0.002451573865414714,0.002451654444798151,0.0024516740398145506,0.0024517496467600297,0.663462879951457,0.3218275635248452,0.002451734083196305
doc191,0.2717169744370339,0.22796571318730185,0.0005563514167670172,0.0005563437219584802,0.02739959435088323,0.07779941907283455,0.3934493102159562,0.0005562935972646155
doc192,0.47176231041439143,0.0023930966552155237,0.32218158079485776,0.002393051555714532,0.0023933731513568995,0.0023931425983185917,0.19409035211653886,0.002393092713606379
doc193,0.001592716904651586,0.8451036194120726,0.0015929109528813083,0.1453400257407381,0.0015926213033425913,0.001592602866043163,0.0015928639829038706,0.0015926388373668932
doc194,0.1895668308971233,0.2510110906676909,0.0024513466522965077,0.0024514405828121883,0.002451310425201471,0.0024515390235441362,0.0024514538395426304,0.5471649879117888
doc195,0.3038622349911571,0.0012533543502518884,0.23270345586237468,0.0012534554971329658,0.0012533977892667228,0.40769978012715147,0.05072082627697695,0.001253495105688341
doc196,0.0009454508207872151,0.0009454911461922218,0.0009454358943775589,0.0009454960427631087,0.0009453381627849496,0.8543451624554204,0.0009453725110300314,0.1399822529666446
doc197,0.001792503183758748,0.0017926300583434645,0.9216649300131818,0.0017923867301720695,0.06758001274141556,0.0017925262742247605,0.0017923166232334446,0.0017926943756700418
doc198,0.10376406538092872,0.17585625775100505,0.0007532372454275542,0.0007531806693198859,0.0931685353620305,0.11375563105272243,0.10814281570110666,0.4038062768374591
doc199,0.41105246206748197,0.1414331436851046,0.0008947024354861514,0.0008946625189604675,0.0008945780773976411,0.44304099891998044,0.0008947131091592553,0.0008947391864296377
doc200,0.2234979054706752,0.0007951727136090068,0.27141997071517676,0.0007951237393879435,0.0007951883728986811,0.40260943652006437,0.0007950795006534249,0.09929212296753463
doc201,0.11854301211657071,0.10720907126842796,0.0010442407635511762,0.0010442196172084396,0.001044014521658947,0.2801540945564318,0.26984810654158453,0.2211132406145664
doc202,0.3639711834389195,0.00039256921441385446,0.2658485562973417,0.0003925553794716497,0.000392539376341144,0.36821745341406265,0.00039254610669180705,0.00039259677275769057
doc203,0.2617855692993202,0.13451237604788543,0.000954767014053326,0.0009544654437168458,0.0009543790128424077,0.0009546040975769983,0.0009544443895416187,0.5989293946950632
doc204,0.205555590290236,0.0018252177046482344,0.07906256319507647,0.0018253058357383068,0.0018254016048076301,0.0018254964351682088,0.0018253691953743335,0.7062550557389508
doc205,0.0013026435116898374,0.001302574161848229,0.0013023146819956424,0.0013022274306019373,0.0013022849752356215,0.0013024654707945314,0.0013021875170260073,0.9908833022508082
doc206,0.13914317029502146,0.0011937375342406906,0.0011936925450529432,0.15224537950042835,0.0011935636448445837,0.001193656342711965,0.0011936380582231575,0.702643162079477
doc207,0.3286616206980353,0.001645300613957264,0.00164521386717391,0.0016454185436141266,0.001645247718693201,0.0016451944038403195,0.06492388238326946,0.5981881217714164
doc208,0.01282150450240001,0.012821333418789436,0.012822499348295772,0.012821549261765082,0.012825141086972181,0.012822646661866593,0.012821808912630999,0.9102435168072799
doc209,0.13125874628855277,0.002232600388056198,0.002232906831118057,0.0022329283348269764,0.0022330780997586257,0.8553439832685082,0.0022330170125847894,0.0022327397765943267
doc210,0.19392333900055053,0.0021374503691072764,0.3101626780761813,0.0021374632663697093,0.0021377361534433356,0.002137137806016693,0.07366556375068735,0.41369863157764375
doc211,0.16292161526498736,0.5548905545227563,0.0005890330466833919,0.0005890436677492209,0.0005890235487524709,0.0005890444437718454,0.0005890371519779153,0.27924264835332135
doc212,0.0013370491190697945,0.0013371325509917396,0.12779768352470003,0.8641792237424505,0.0013370809411099368,0.0013372157448734653,0.001337362751624442,0.001337251625180163
doc213,0.19489530409239672,0.5979394328789518,0.0017305406956785768,0.0017303955064043729,0.0017304692314746052,0.001730444162499774,0.08851763611366704,0.11172577731892708
doc214,0.0018943045116306173,0.0018945053195315717,0.3766541245166352,0.2125922548245417,0.13372619517973663,0.08573329906600616,0.18561070208831743,0.0018946144936006668
doc215,0.08938743962978858,0.001302276598303681,0.057679168652040126,0.0013024897722655358,0.0013023404420636627,0.08264763490350306,0.6136116511530103,0.1527669988490251
doc216,0.4292070086625155,0.1670622379108559,0.0007155167142505953,0.22436193387446246,0.03427321189309762,0.142949099543513,0.0007154954567793211,0.0007154959445256024
doc217,0.0026459747362874374,0.18840200450068953,0.002646241760067081,0.561915455126174,0.002645860470728307,0.002645978425660462,0.23645237329924632,0.002646111681146831
doc218,0.0818953544625759,0.15600750494650462,0.35168273701613156,0.0008419394832491051,0.0008419509367909917,0.0008419827853077378,0.0008419523334504489,0.40704657803598976
doc219,0.7871375905991733,0.04482211159783703,0.07605253459982246,0.0008713279790070349,0.03519271519972062,0.05418104944978779,0.0008713248052527832,0.000871345769398883
doc220,0.001761234091153009,0.7257453904474824,0.001761107341473732,0.0017610608768133128,0.0017608333526834869,0.0017612341399385935,0.26368790556398697,0.0017612341864684496
doc221,0.001730457859008301,0.10462262175595709,0.001730561131818678,0.664715737992733,0.0017305754822931774,0.1338098546110081,0.0017306618460649445,0.08992952932111684
doc222,0.3030252892121867,0.001969091308831171,0.10273957211296944,0.22253277180603628,0.0019687228256705736,0.001969065856121002,0.0019687818117479845,0.36382670506643683
doc223,0.1655951757550241,0.0009731161744594138,0.16630627197696846,0.000973137436592536,0.0009731151432175046,0.4338684204288205,0.0009730328465974888,0.23033773023831997
doc224,0.4050455487660332,0.0007589779425750557,0.1528587283375277,0.0007589025382904101,0.000759063980054351,0.43830096262820784,0.0007589171414849818,0.0007588986658263599
doc225,0.03606348858560285,0.010689477698695798,0.028350375917431732,0.00030146881428881725,0.000301422562901541,0.3750249225118322,0.0003014868615290756,0.548967357047718
doc226,0.0013554381547213415,0.04964665862804303,0.001355427693012815,0.1702765274702217,0.028810610663138246,0.24468188880892783,0.34094545783285324,0.16292799074908168
doc227,0.3361519362242253,0.2083331819039185,0.0037322942041971333,0.0037321330275058547,0.00373242819359139,0.4368530822336625,0.003732318112049877,0.0037326261008494743
doc228,0.0007531886661159745,0.0007532397077441128,0.0007531558942283006,0.7561140187919387,0.0007531360921355951,0.0007531987894913322,0.0007532191875857388,0.23936684287076027
