,topics0,topics1,topics2,topics3,topics4,topics5
doc0,0.0006917007005145193,0.0006917825831243545,0.0006916752785708837,0.0006917978960977722,0.9213535926947,0.07587945084699231
doc1,0.002146406869446946,0.13290318472844437,0.002146250937538708,0.002146404175960353,0.8585114758848149,0.002146277403794733
doc2,0.055023849459204396,0.062385666876906075,0.001168660441619984,0.23981944247683973,0.6404338315350616,0.0011685492103681477
doc3,0.1041462109979363,0.0007269072386645857,0.0007268333658605441,0.3917697685559417,0.0007269540835005679,0.5019033257580963
doc4,0.0007717523667271334,0.5334493541588881,0.0007720587490788814,0.46346322451858823,0.0007718156251715966,0.0007717945815461995
doc5,0.0004913218490069318,0.9268506236761108,0.000491254458627279,0.0004912484287700978,0.0004912467960507462,0.07118430479143423
doc6,0.0013970946776129525,0.6900353630959882,0.0013970700193752037,0.30437636245482413,0.0013971622234049198,0.001396947528794641
doc7,0.0009844362084711097,0.9807198685898078,0.015342011452648057,0.0009847145952508332,0.0009844524810083426,0.0009845166728139068
doc8,0.0012726891568489655,0.3440093337885369,0.0012724368328108986,0.3930187951778699,0.2591540933025316,0.0012726517414019067
doc9,0.001104014788795494,0.0011040229517153086,0.9260055110615303,0.0011039235925754192,0.001103878357577395,0.06957864924780607
doc10,0.001104014788795494,0.0011040229517153086,0.9260055110615303,0.0011039235925754192,0.001103878357577395,0.06957864924780607
doc11,0.09159907491917753,0.06973711238046887,0.00021574124226173742,0.42839953477426473,0.4098327664946719,0.00021577018915533785
doc12,0.05692784259107704,0.0006004226848862175,0.036726959929006125,0.8268859102497417,0.07825847588427004,0.0006003886610188166
doc13,0.0008028142826645849,0.0008027305034770556,0.0008026395816723057,0.3558323492364897,0.000802737208360271,0.6409567291873361
doc14,0.3676988815872892,0.20221589405365542,0.0016504215105361873,0.06291690444609147,0.0016506003239247192,0.36386729807850304
doc15,0.20192580546837877,0.47181193053561277,0.000563154940986737,0.1396962892419516,0.18543962243001919,0.0005631973830509905
doc16,0.7856962290888975,0.20968380728938713,0.0011549877450894607,0.0011550923335547831,0.0011548762868244403,0.0011550072562468636
doc17,0.7324627261714874,0.14189861526529843,0.0004122321344153509,0.09777361415956538,0.0004123213653688541,0.027040490903864508
doc18,0.11479459169236629,0.0005508314178814201,0.0005509110018765837,0.541715301233098,0.0005507894012492104,0.3418375752535284
doc19,0.0006869914057015381,0.15037734640104974,0.0006869750413181793,0.592473401446356,0.25508828164261543,0.0006870040629591925
doc20,0.0013057677528288277,0.3699474610983026,0.0013056147739160112,0.624829461549235,0.0013058192437679305,0.0013058755819494764
doc21,0.24244325674901454,0.1683344732255256,0.0006003224338698652,0.4411697950530668,0.13657379091313002,0.010878361625393181
doc22,0.23296008340144592,0.3929368551591763,0.0006266306002019315,0.3722229776242595,0.0006267197049626756,0.0006267335099536562
doc23,0.11513857947037141,0.0012565861131838929,0.0012564078661544981,0.4408331245202817,0.4402586952454798,0.00125660678452879
doc24,0.31055121038730793,0.19601987016541014,0.24372723751061437,0.11479534429887893,0.13446874795457697,0.0004375896832116494
doc25,0.2852106534623969,0.5928854078480111,0.0005061201155052042,0.0005061942409739361,0.0005061760097956222,0.12038544832331721
doc26,0.00043003602557033466,0.4671588924847509,0.0004299843322224209,0.26573569358863125,0.07320792298415778,0.1930374705846673
doc27,0.0014373043058750821,0.3295356964563344,0.3192363801782379,0.0014372751205537324,0.2775540644209659,0.07079927951803298
doc28,0.002348198867638098,0.41981156426891475,0.0023478477838475256,0.5707959278491612,0.0023482986074781194,0.0023481626229602454
doc29,0.46643552094668717,0.17445118842565666,0.0015016846100634252,0.3546078378989705,0.0015018119643888939,0.0015019561542333158
doc30,0.4396125422885391,0.24198116345334797,0.04557436840148972,0.27057391489745547,0.0011289286929702497,0.0011290822661976256
doc31,0.14842944366119212,0.5780194892118948,0.0015025758460042516,0.16411391804308548,0.10643262766007187,0.001501945577751378
doc32,0.1046309968852867,0.0008027882563619421,0.000802819187390858,0.8921578152173736,0.0008027971351211917,0.0008027833184657554
doc33,0.24540184557173622,0.44213483744423165,0.0015017549127692485,0.0015018739202979936,0.0015018235599769379,0.30795786459098795
doc34,0.6066372064433477,0.0022943343777172545,0.0022939741064028326,0.06979110991952911,0.00229405432355642,0.3166893208294467
doc35,0.060679397503155263,0.7770757662792477,0.000880420174507969,0.0008805069419926382,0.09425854006728432,0.06622536903381213
doc36,0.0004913010156476538,0.9975432376591614,0.0004913794243991015,0.0004913328362304642,0.0004912572128381016,0.000491491851723391
doc37,0.0015728209195196383,0.5991777516525632,0.001572560402577494,0.3407376355698382,0.05536649915677787,0.0015727322987234289
doc38,0.06323366112535313,0.9335293187655512,0.0008092322989979973,0.0008092957059819262,0.0008092383155875128,0.0008092537885282492
doc39,0.0013231708021371573,0.0013230743451369787,0.0013229201656085989,0.9933846692982693,0.0013231335260072115,0.0013230318628406536
doc40,0.0006428224317993767,0.0006428091427545865,0.0006428917635121313,0.9967857784661477,0.0006428508810543148,0.0006428473147318856
doc41,0.2684415182868321,0.2578204753838339,0.000447337482750269,0.2021710164022506,0.27067236084198587,0.0004472916023473814
doc42,0.0005275901811280112,0.9973621456337872,0.0005274866318627095,0.0005276388009675578,0.0005275729050165621,0.0005275658472379108
doc43,0.13874329936952143,0.0007544072910637748,0.0007543094493225218,0.49201665637023456,0.3669769928194795,0.0007543347003782814
doc44,0.0011289569079307666,0.00112886939833498,0.001128818039440616,0.0011289939535548005,0.9943555288132601,0.0011288328874788972
doc45,0.004066520641770542,0.004065671585710527,0.004065150832003703,0.0040653102752491906,0.004065805789184995,0.979671540876081
doc46,0.0009748648593821639,0.843850459904851,0.0009748059167132029,0.0009749503904073086,0.15225004913946685,0.0009748697891795922
doc47,0.0015020432496104295,0.0015020055412335192,0.0015017386483272578,0.37621748991641724,0.6177748516802791,0.0015018709641326322
doc48,0.4171317451243289,0.1623571589141413,0.00040557296768971193,0.00040564724079505206,0.0004056027526176376,0.41929427300042743
doc49,0.2019068275040399,0.0009043655863358,0.0009043532191201619,0.5494848062581001,0.0009043736456448347,0.24589527378675913
doc50,0.14480289239975228,0.0006346783161407161,0.0006345989209555763,0.7238271487183582,0.1294660235580306,0.0006346580867626955
doc51,0.07963444264247331,0.0020166781217223827,0.0020163087485120393,0.002016868521288295,0.002016418892010856,0.9122992830739931
doc52,0.6955746140645666,0.0022940541943807648,0.0022945032124799584,0.0022945266352668347,0.06150748199731964,0.23603481989598618
doc53,0.0010144188974504547,0.1778272125225191,0.0010144113323528098,0.1400422283103058,0.45468258278989043,0.22541914614748146
doc54,0.002464104950552126,0.1269869356650778,0.002463191171477495,0.8631583500455378,0.002463525551166463,0.0024638926161882633
doc55,0.12690325730255816,0.2249399110896212,0.001168441791060737,0.0011684547672377585,0.001168439939570213,0.644651495109952
doc56,0.5430935274186186,0.0024046116909457495,0.0024042562503702783,0.0024043367769000317,0.002404487268736189,0.44728878059442917
doc57,0.6588839405250694,0.0005140675831818835,0.0005139489237670137,0.1449681431318401,0.000513994336776927,0.19460590549936466
doc58,0.001141815602148112,0.17301148658794938,0.06046867848050523,0.15943808557638076,0.0011419415663423537,0.6047979921866741
doc59,0.0007544053102721215,0.19074243883518957,0.0007542540507445706,0.7600307058360998,0.046963905706811776,0.0007542902608823139
doc60,0.5405471135956422,0.0008434202848652625,0.0008433902222891838,0.03370296543283861,0.0008433312655304694,0.42321977919883425
doc61,0.0014797266813421524,0.07700576125462531,0.001479480150711828,0.0014796692392111993,0.18106107581389513,0.7374942868602143
doc62,0.00862298356943915,0.9568873445199729,0.00862147531687712,0.00862240688357224,0.0086232665933645,0.008622523116773983
doc63,0.0011417419910461635,0.8586115870190354,0.1368209337498633,0.0011419422538326022,0.0011419950991740475,0.0011417998870485583
doc64,0.003624158543406351,0.8768175572815136,0.10868375519507166,0.0036244885554701056,0.003625272100510672,0.0036247683240276845
doc65,0.1990820748823547,0.0012259643903034544,0.0012257660937545446,0.796014477663142,0.0012258890649321694,0.0012258279055130112
doc66,0.09764817407055337,0.6631949081817937,0.16996129171364158,0.0017366027641111492,0.06572233573048554,0.0017366875394146054
doc67,0.0007717523667271334,0.5334493541588881,0.0007720587490788814,0.46346322451858823,0.0007718156251715966,0.0007717945815461995
doc68,0.0009749172003822771,0.000974900162986687,0.8889059037730792,0.0009750921336639507,0.000974876494636336,0.10719431023525156
doc69,0.0009749172003822771,0.000974900162986687,0.8889059037730792,0.0009750921336639507,0.000974876494636336,0.10719431023525156
doc70,0.25074361925927213,0.0874955999599279,0.18333608962236717,0.35281586202008425,0.0014581316523074597,0.12415069748604106
doc71,0.41669937462930706,0.0020582271828628934,0.002057828269380833,0.08838542289100869,0.0020580535140769006,0.4887410935133636
doc72,0.558510891056562,0.11038065133979005,0.002101179869602333,0.0021015316894969654,0.0021012681696682026,0.3248044778748803
doc73,0.030204557603146484,0.49819701651169207,0.010478080374526138,0.311589151613523,0.14903507968517793,0.0004961142119343137
doc74,0.0015020175444802552,0.5669858002169706,0.001501680760534985,0.10853143505803715,0.2033749839657299,0.11810408245424725
doc75,0.0027330193387386536,0.6558923060100627,0.0027330637607779584,0.0027328816946929394,0.33317561138467705,0.002733117811050711
doc76,0.023612001517362043,0.0005538533580496913,0.04592031254393315,0.18873386406825893,0.7406261404385399,0.0005538280738562288
doc77,0.0039077779608806505,0.9804620721117393,0.003907004110982317,0.003907056998419639,0.0039070467044339295,0.0039090421135441695
doc78,0.0008578346158691405,0.0008579521472522532,0.0008577277875360113,0.12303857087054507,0.0008580137828911481,0.8735299007959064
doc79,0.27968501787078287,0.5881721779003204,0.0004912037955667394,0.000491275341580324,0.0004912577982823693,0.1306690672934674
doc80,0.05498341813786819,0.5260886936948237,0.0014370740144328314,0.15244933760957313,0.26360424552378703,0.0014372310195151362
doc81,0.10336929224815095,0.03655322022818343,0.0005114713357646326,0.506325577031257,0.0005113677608757182,0.3527290713957682
doc82,0.0008363099177980583,0.7167754523409836,0.04071427623966668,0.07885846003735182,0.0008363451238147001,0.16197915634038504
doc83,0.0020579507465528697,0.16206982764615502,0.002058835471221144,0.8296966717269124,0.0020583067797083666,0.0020584076294501885
doc84,0.0013231708021371573,0.0013230743451369787,0.0013229201656085989,0.9933846692982693,0.0013231335260072115,0.0013230318628406536
doc85,0.5615447489260086,0.0628801893838823,0.0012255735920828873,0.3718976731332679,0.0012257974560044079,0.0012260175087539598
doc86,0.05005953785064754,0.0008093109933802106,0.0008091860796508757,0.0008092903868700888,0.9467034933648365,0.0008091813246146738
doc87,0.07386288612458874,0.0007322786885436769,0.0007321377890941453,0.0007323121880045306,0.799926179714564,0.12401420549520482
doc88,0.0013230824279701508,0.7590848826887467,0.0013230123114748589,0.2356228704442884,0.0013230944108685175,0.0013230577166513187
doc89,0.3459384671137601,0.1335203928441761,0.10903841576525293,0.1485527564215809,0.26184602105741245,0.0011039467978174893
doc90,0.003906658902849501,0.7779928633157436,0.07848585505715697,0.003907662544842601,0.003906905679214636,0.13180005450019258
doc91,0.0037604519451488153,0.08141666339874463,0.0037609297354564268,0.9035413647638292,0.0037604773275478395,0.003760112829273076
doc92,0.0011041285889741403,0.9944792748507771,0.0011040353896908351,0.0011039893697532158,0.0011040272567853801,0.001104544544019338
doc93,0.0009748403761668369,0.9809791535844454,0.01512118614168327,0.0009750372499714293,0.0009748590047348139,0.0009749236429980058
doc94,0.28734878997553914,0.003165302071646996,0.0031655834277192945,0.0031650887753179096,0.0031654949630159947,0.6999897407867607
doc95,0.0013231708021371573,0.0013230743451369787,0.0013229201656085989,0.9933846692982693,0.0013231335260072115,0.0013230318628406536
doc96,0.0006428224317993767,0.0006428091427545865,0.0006428917635121313,0.9967857784661477,0.0006428508810543148,0.0006428473147318856
doc97,0.0034977301863640636,0.0034971525555603324,0.0034966045629799924,0.003496741230694441,0.0034971376816297028,0.9825146337827714
doc98,0.2568980559715073,0.0004106414841588046,0.05355735495951697,0.11938478387315046,0.5693385304214262,0.00041063329024025515
doc99,0.18283788162931378,0.0008433592101879314,0.0008433520848172668,0.529711379116326,0.0008435473473595046,0.2849204806119955
doc100,0.10833216627220578,0.0006469791911843783,0.0006469110589131656,0.3803057978800474,0.0006470445901657364,0.5094211010074835
doc101,0.0006730776921537619,0.0006731646850569289,0.0006730533285779283,0.0006731733059428318,0.8986906766556882,0.09861685433258031
doc102,0.0009942745633922552,0.0009942193089668898,0.0009942331017633195,0.0009943580018215985,0.9950287352805428,0.0009941797435131497
doc103,0.24422824809682644,0.14817216391044474,0.0013587812400078054,0.0013590784573264188,0.001358953490340009,0.6035227748050547
doc104,0.001377873594519467,0.001377817295675591,0.0013775950888386633,0.10515926612864562,0.0013776145444151723,0.8893298333479055
doc105,0.0015978944857229214,0.001597756471924521,0.04200079452440369,0.0015977658571852938,0.9516079820288511,0.0015978066319125796
doc106,0.0017364888094948045,0.0017366193608093715,0.0017363682716565797,0.4729992671730237,0.0017365362934725426,0.5200547200915431
doc107,0.016529834066867796,0.040354662545733104,0.0004888712425172584,0.07544337926275926,0.8666943020481626,0.0004889508339599053
doc108,0.0022426381236407573,0.002242745789468722,0.002242332436223908,0.1537082933973103,0.0022426195784546205,0.8373213706749018
doc109,0.15060446094710817,0.2726395639615904,0.0015482582395639395,0.0015484073917005786,0.0015482854605360899,0.5721110239995009
doc110,0.0007376382158857035,0.0007376086242654825,0.07601536534712341,0.71345925038528,0.2083123894340568,0.000737747993388748
doc111,0.002146507686601587,0.0021466074239547537,0.0021462370334606224,0.002146364048331541,0.9892678607494882,0.002146423058163244
doc112,0.03829461493996276,0.3666147810842822,0.12901919441521956,0.0013589797385720505,0.0013591671658251185,0.46335326265613835
doc113,0.0008506231933051293,0.0008505404323040095,0.0008504568090690186,0.22580886217971,0.0008506341161822015,0.7707888832694297
doc114,0.0011040787669801587,0.10043811131746568,0.11814620110334698,0.5821143431114472,0.19709323330273162,0.001104032398028158
doc115,0.0011040108859281393,0.04886713697371674,0.0011039596153170795,0.21717124913345,0.4848678110332358,0.24688583235835226
doc116,0.7829768020288381,0.08544131490249468,0.025876998715360276,0.0008578689198319822,0.000857791466632688,0.10398922396684228
doc117,0.0008362719686718247,0.8922041884318571,0.000836183986544373,0.0008363445262276374,0.10445066423487151,0.0008363468518275204
doc118,0.0011550024929741648,0.9942252456796258,0.001154880056109716,0.0011549820878578373,0.00115498277180923,0.0011549069116233322
doc119,0.2286333207083572,0.5901812051691211,0.019620540203498033,0.15869068524613725,0.001437126883982712,0.0014371217889037422
doc120,0.2005087997509463,0.7284320602379404,0.03497532516805846,0.0009749835915194466,0.0009749482428801061,0.03413388300865537
doc121,0.0009654472846188379,0.0009655832067109628,0.9951727024754091,0.0009654046046712169,0.0009654620979826222,0.0009654003306073365
doc122,0.0015978822885488954,0.0015977137638475147,0.0015981882311158315,0.0015978210752680415,0.7115173648071371,0.2820910298340826
doc123,0.0009654472846188379,0.0009655832067109628,0.9951727024754091,0.0009654046046712169,0.0009654620979826222,0.0009654003306073365
doc124,0.3560919818020873,0.00037102706428790563,0.10073549601704788,0.44850838535166787,0.09392213920852228,0.00037097055638674964
doc125,0.06508807593224429,0.0007377410004212609,0.0007375315067825528,0.931961327318428,0.000737722751141009,0.0007376014909829819
doc126,0.08500528355022582,0.0010464002680476059,0.001046366399403785,0.0010463580791070834,0.9108092552934184,0.0010463364097974316
doc127,0.0029771642553374335,0.9851162707605156,0.002976474974321621,0.002976745764093784,0.0029768359526596583,0.002976508293072013
doc128,0.08500528355022582,0.0010464002680476059,0.001046366399403785,0.0010463580791070834,0.9108092552934184,0.0010463364097974316
doc129,0.0029766123433625047,0.5380251449799065,0.15692604231761997,0.2961185248686198,0.0029767163698488554,0.002976959120642569
doc130,0.003624307940065716,0.2872655229275154,0.003623944765440318,0.003624040533316568,0.6982380215806067,0.0036241622530554683
doc131,0.00058291132641734,0.13777377570871727,0.0005829235707184342,0.13455800406911567,0.7259194821785993,0.0005829031464321533
doc132,0.0014372803410001174,0.328123048505756,0.0014369337676419455,0.6661283378719983,0.0014371622557091807,0.001437237257894436
doc133,0.0003710156378717674,0.6426806950219026,0.0003709653346928423,0.04772942387302781,0.3084768552002162,0.0003710449322887571
doc134,0.0009127124518673652,0.12450582773110747,0.26109647492803834,0.0009126455756615345,0.1511372182811424,0.4614351210321829
doc135,0.0016782485824840669,0.0016784268191130064,0.0016783928271027746,0.001678125000648456,0.9916081826362261,0.001678624134425644
doc136,0.1481848173052893,0.0934379686372181,0.047473338375445616,0.0010248910677360678,0.001024939836908349,0.7088540447774025
doc137,0.0017672761374377462,0.001767241965662941,0.0017675168677560855,0.6851494412338139,0.0017673250153948932,0.3077811987799343
doc138,0.0009211528292303733,0.8181346224865326,0.07559584339172794,0.10350629335328068,0.0009210137149100844,0.0009210742243184416
doc139,0.002404422616269018,0.0024046564934362565,0.0024046659776354863,0.9879769737808239,0.0024045814469344376,0.002404699684900871
doc140,0.002016639874965993,0.0020168132585164124,0.11950467094338293,0.8724286060937027,0.0020167373331742206,0.002016532496257815
doc141,0.17227221151142813,0.27482243032951403,0.0009948852217886027,0.24634679734751272,0.3045693722286126,0.0009943033611438403
doc142,0.06257671441009906,0.2491179425352733,0.04968835428655191,0.0010574225512390689,0.27881156232525334,0.3587480038915832
doc143,0.17869441365106045,0.2312599158084558,0.0009382152765528309,0.5150143977368288,0.07315479145733586,0.0009382660697662723
doc144,0.22487536000241695,0.0016784712372898932,0.0016784988882690335,0.0016787537204531098,0.0016782506879725726,0.7684106654635985
doc145,0.0026603026374658165,0.9866983708993375,0.0026599644091003425,0.0026601993441159283,0.002660566190559515,0.002660596519420709
doc146,0.0018319724555424825,0.16821732112009094,0.001831851765549165,0.8244552018426494,0.0018318868014275934,0.0018317660147404084
doc147,0.0008728031766916234,0.0008727916033718824,0.0008728460242626372,0.8058558987227463,0.19065289449728676,0.0008727659756408512
doc148,0.0011039328997634512,0.19550692617680068,0.0011039127107577013,0.0011041534205653428,0.4239659053828316,0.37721516940928135
doc149,0.0015248339969560856,0.9176051584179203,0.024562219759551713,0.0015248596729622594,0.0015247813418143522,0.0532581468107953
doc150,0.001397079756312679,0.49338978179561643,0.0013968127821188186,0.0013969231630843318,0.25239580401837913,0.25002359848448863
doc151,0.00033724620040482016,0.00033723048727042154,0.0003372180279707206,0.1686576086492557,0.8299934716423859,0.0003372249927123512
doc152,0.0002998510761983806,0.33388231732416374,0.10651206482318472,0.00029984432860222454,0.558706065498137,0.0002998569497139355
doc153,0.17696262784204567,0.0009125520439565457,0.04909371703867965,0.13647200632524936,0.0009125483058187042,0.6356465484442502
doc154,0.001210900011121269,0.0012108692289753526,0.0012107663876254771,0.6440211227200389,0.35113539495281254,0.0012109466994264192
doc155,0.0013969602211559259,0.0013970009778447568,0.04528042122306601,0.001396890676760503,0.0013968960908983372,0.9491318308102744
doc156,0.3282115718368524,0.047581124654246916,0.00108017178560335,0.32992035238158846,0.027513108452913725,0.26569367088879525
doc157,0.0013779562596469403,0.8764875963713167,0.001377671010686099,0.0013776908718003064,0.11800114787314835,0.0013779376134016679
doc158,0.0009043274572676299,0.06537513723592273,0.015178623504163602,0.000904404052189306,0.000904293944023597,0.9167332138064332
doc159,0.0006387809596205368,0.6196288021473304,0.0006386956508204371,0.15763061874605186,0.08583078459239533,0.13563231790378136
doc160,0.7630779284193528,0.0011551002473947551,0.06722691503243088,0.001155005401972037,0.0011550580303866982,0.16622999286846266
doc161,0.38975154624799074,0.0007217117184453777,0.07481220921355472,0.10150063150014108,0.0007217241412332901,0.43249217717863475
doc162,0.000896226510694997,0.1196953229933061,0.0008962231748684362,0.0008963393491374773,0.6615916273987398,0.21602426057325308
doc163,0.000880508180884807,0.20124343145860174,0.0008803891268392074,0.24298417134755487,0.5531308885490592,0.0008806113370601446
doc164,0.07347731251517176,0.0008362988847049149,0.000836219775655529,0.49053371649375016,0.0008363155080920012,0.43348013682262554
doc165,0.0009561992403037015,0.7139172060697101,0.08766835414655345,0.0009561911839217716,0.06598838264467673,0.13051366671483428
doc166,0.002294363228340621,0.9885288102483684,0.002294079955825616,0.0022943727112262544,0.00229427813105006,0.0022940957251890485
doc167,0.0008962627594627586,0.0008963657195894218,0.0008962063922683443,0.7269841128175462,0.14486561547065235,0.12546143684048097
doc168,0.20288737507140242,0.0010463007169957187,0.0010461611004802065,0.00104626524506219,0.001046243156775843,0.7929276547092836
doc169,0.0006386918575356535,0.5742540948961078,0.0006387737109683385,0.4231910051983847,0.0006387450582567254,0.0006386892787468246
doc170,0.000309122061728692,0.2550084974778485,0.010604028677041277,0.3425983474799033,0.39117089384233,0.00030911046114816173
doc171,0.0006916625759605143,0.21378523585760648,0.142424378719151,0.5443925839718557,0.09801440286128625,0.0006917360141398056
doc172,0.0017990299022162628,0.5627123182135935,0.001798956504330681,0.06009283045860925,0.0017993592771417056,0.37179750564410874
doc173,0.0006077115008967216,0.8731495763119076,0.03337444880814006,0.0006077116442494259,0.09165281403851802,0.0006077376962881753
doc174,0.0020166072239603708,0.0020165329828470222,0.16102934684206688,0.002016662947792262,0.8309043407358048,0.0020165092675286586
doc175,0.0008578481991550597,0.0008577878786083731,0.9957105922760866,0.0008579567896817857,0.0008578704859638855,0.0008579443705043084
doc176,0.0008578481991550597,0.0008577878786083731,0.9957105922760866,0.0008579567896817857,0.0008578704859638855,0.0008579443705043084
doc177,0.0017363655977893641,0.4139093256420114,0.0017364081110433237,0.0017363731448115703,0.12525577450476222,0.45562575299958213
doc178,0.10305577126031866,0.2466608212052465,0.0017363329267863793,0.0017366548679423356,0.5365286276340878,0.11028179210561832
doc179,0.0010920644929817947,0.001092088316932992,0.0010919944906357592,0.37823048596499614,0.6174013483438511,0.001092018390602216
doc180,0.0017672024280934971,0.0017672564684801286,0.0017670000379572967,0.001767167469011354,0.9911642025561154,0.0017671710403424287
doc181,0.0012891023237071753,0.31286999458277165,0.001288829639246327,0.5318557624602165,0.001289105441213691,0.15140720555284454
doc182,0.0010801534344124584,0.0010802568645857742,0.001080088539701221,0.850101928182512,0.14557742049287672,0.0010801524859116844
doc183,0.0018660032614253312,0.0018663067031957122,0.025543658662097596,0.2248231634424394,0.23071636597671977,0.5151845019541221
doc184,0.3070631811827284,0.46102826414617165,0.13318417804538324,0.0018320997136178384,0.001831959298201391,0.09506031761389751
doc185,0.0008505278106764591,0.037155699625824185,0.0008505241950491559,0.8406007687807525,0.11969187499574954,0.0008506045919481578
doc186,0.0016239583047272799,0.2088533612428212,0.0016239976536846854,0.33155582971946995,0.4547188958631903,0.0016239572161067344
doc187,0.11639217796599935,0.8112612258758444,0.0008157599780671182,0.06989916706255626,0.000815810602532088,0.0008158585150007305
doc188,0.0016505627205528613,0.0016505422425103287,0.001650425281036153,0.6260843292859604,0.0016505429123939632,0.3673135975575463
doc189,0.0016237628765122768,0.001623817666506753,0.0016236504885677567,0.0016237089781355283,0.001623747564166008,0.9918813124261117
doc190,0.0008225501841746997,0.24976056614152473,0.07167272824494816,0.0008225601518113694,0.6760990056754433,0.00082258960209774
doc191,0.0014797239589598346,0.0014798043585298483,0.0014795821181666073,0.549098975927228,0.0014797562812058913,0.4449821573559098
doc192,0.3877215055559951,0.25230706172928336,0.0231967230448223,0.07138695689636508,0.0010685757602301041,0.26431917701330415
doc193,0.457558902042056,0.29315308605240714,0.0011683722239096183,0.0011685997473768895,0.001168467983182415,0.24578257195106792
doc194,0.002733459851161793,0.650090208543257,0.0027326758764904127,0.20887610402603415,0.0027327074666421026,0.13283484423641434
doc195,0.0015728363870647808,0.6935707853809022,0.07469224665895685,0.18776520216123646,0.04082613202177084,0.0015727973900689647
doc196,0.4607905181845634,0.001706892209871156,0.14483074739340807,0.09562077255494056,0.0017068856367586406,0.29534418402045814
doc197,0.0016239288837952203,0.6517405597394333,0.12473378252566981,0.0016238983181356725,0.2186539973435247,0.0016238331894413253
doc198,0.2005087997509463,0.7284320602379404,0.03497532516805846,0.0009749835915194466,0.0009749482428801061,0.03413388300865537
doc199,0.0013589805790616024,0.4999161714876914,0.0013589604210868592,0.0013589362535965722,0.0013590298830873971,0.49464792137547625
doc200,0.0022426236269145333,0.8068600355849261,0.0022429159975338704,0.002242733847285996,0.1371537367807525,0.049257954162586985
doc201,0.0019767753830041835,0.788357427268675,0.0019766437229632398,0.2037358552039983,0.0019766518136940417,0.0019766466076652166
doc202,0.0010354794674464957,0.0010355305312862659,0.001035312372253441,0.7534256899823156,0.0010354484347469934,0.24243253921195107
doc203,0.0012725890450006074,0.08742398256238441,0.025129400423021968,0.14024023920477416,0.7446611916760715,0.001272597088747345
doc204,0.0013969602211559259,0.0013970009778447568,0.04528042122306601,0.001396890676760503,0.0013968960908983372,0.9491318308102744
doc205,0.0011040108859281393,0.04886713697371674,0.0011039596153170795,0.21717124913345,0.4848678110332358,0.24688583235835226
doc206,0.08500528355022582,0.0010464002680476059,0.001046366399403785,0.0010463580791070834,0.9108092552934184,0.0010463364097974316
doc207,0.0013588854008939135,0.02496499423526569,0.001358964635373489,0.0013589389092362552,0.001359053064765288,0.9695991637544654
doc208,0.0005193726030923426,0.09933892898339629,0.0005192948200674703,0.18140896304629314,0.6746289320185591,0.043584508528591685
doc209,0.0008362865858824988,0.05063371006469142,0.014101222679913988,0.0008363690303048658,0.0008362429348648949,0.9327561687043423
doc210,0.04363764342399306,0.002146341275749476,0.0021461881928173192,0.3139884125255327,0.05813656522582166,0.5799448493560857
doc211,0.420942055211544,0.14308578604381664,0.0012566740716728328,0.4322021569532918,0.0012567237401148812,0.001256603979559799
doc212,0.0022429099421353827,0.5812288829586252,0.0022426603084618317,0.002242714130357651,0.19171658378381204,0.22032624887660784
doc213,0.3508050223607446,0.0017990686657793228,0.001799114841969147,0.0017994839034881696,0.0017988705296979204,0.6419984396983208
doc214,0.048792798402060154,0.28273912159471737,0.00022856614332738157,0.4940675401943194,0.1739434137679726,0.00022855989760318306
doc215,0.000466073630344032,0.0004661079087062779,0.0004660606309447319,0.30897842128792097,0.6405534719383016,0.04906986460378257
doc216,0.49357742812276617,0.0019385494733088514,0.0019383407679606861,0.00193842763442242,0.4986688453188216,0.001938408682720325
doc217,0.2631023664491616,0.0031653149712472187,0.13547085920698637,0.0031659280643407113,0.10637448203175746,0.48872104927650667
doc218,0.07461556787650232,0.0015976912334840453,0.0015977639399650473,0.6540298750479215,0.2665613261447548,0.001597775757372271
doc219,0.000321017263767142,0.0003210363041550251,0.00032098690958515805,0.00032102287764989917,0.9127633697371362,0.08595256690770658
doc220,0.0004888842885326611,0.12034166107421264,0.0004889902715567517,0.11809441190364205,0.03002774141303185,0.730558311049024
doc221,0.004630143339702106,0.3172363364803282,0.004629690010490018,0.00463066416653349,0.004630558144859578,0.6642426078580866
doc222,0.0009210170178140766,0.18799924878501326,0.000921129536923995,0.8083165599156509,0.0009210406942766098,0.0009210040503212851
doc223,0.0008804336311260154,0.1878540341945013,0.0008804959881394985,0.6399935827298474,0.16951096704171462,0.000880486414671124
doc224,0.0017365480102763267,0.5932083353369526,0.2109657310354413,0.19061590582328408,0.0017368124397955634,0.0017366673542500999
doc225,0.0011684316650983808,0.8942936140132616,0.0011684046739501468,0.10103232812536395,0.001168643234471808,0.001168578287854169
doc226,0.0005828607251057251,0.9970856589455802,0.000582826736625761,0.0005828404514802452,0.000582901888279758,0.0005829112529284017
doc227,0.3138624375732436,0.2957592936526762,0.12678653284741442,0.000843457448099313,0.21834945182140839,0.04439882665715794
doc228,0.0009295083545631439,0.0009295514764563319,0.9953522115592275,0.0009296314057453186,0.0009295712684221302,0.0009295259355857339
doc229,0.0009295083545631439,0.0009295514764563319,0.9953522115592275,0.0009296314057453186,0.0009295712684221302,0.0009295259355857339
doc230,0.0022943141345649364,0.5928288674995481,0.002293898997255444,0.3979945157084739,0.0022941517268712528,0.002294251933286454
doc231,0.0007779187126210212,0.13615187020838837,0.0007777185251917459,0.784244019343723,0.07727064062065624,0.0007778325894196407
doc232,0.0008294028771710666,0.04606440954044545,0.0008293272780506386,0.4565795689765711,0.4948679184150202,0.0008293729127415494
doc233,0.0009383919376294715,0.7553672000919082,0.0009383141406830878,0.24087950381079248,0.000938300115504655,0.0009382899034822292
doc234,0.14519644145951605,0.5779728973998095,0.000563143552512342,0.1998635900217037,0.0005631623369880472,0.07584076522947034
doc235,0.0034974857239014946,0.9825134926785133,0.003496682370793181,0.0034976795790454445,0.0034970080952740038,0.0034976515524725153
doc236,0.0684276773766692,0.4689446970291018,0.0015019661857102354,0.2880831618900648,0.1715406818273442,0.0015018156911097511
doc237,0.1469343792980077,0.8415033503000872,0.0028904669414305906,0.0028905540945455594,0.002890856616838039,0.002890392749091105
doc238,0.45847198082556584,0.0008805390814146165,0.0008805032694218449,0.000880508042455525,0.35861456688075327,0.1802719019003889
doc239,0.10620726714886163,0.6714850014219834,0.1034185751164149,0.0018662099868816538,0.0018661373677091558,0.11515680895814918
doc240,0.0037605410001525855,0.9811977260685524,0.0037599272491120285,0.003760514252119475,0.0037607312743945342,0.00376056015566883
doc241,0.07510631975591227,0.14711950800119963,0.001240919182729264,0.0012409063389962507,0.13778869217335493,0.6375036545478077
doc242,0.21575674999115776,0.02941941120769636,0.0010143707568108444,0.12870606247813826,0.0010143947385064182,0.6240890108276904
doc243,0.3844315803973948,0.10346230926174234,0.06647449140843435,0.002733009324045515,0.11708948761528977,0.3258091219930933
doc244,0.03610928539445518,0.0024042843498960336,0.002404220279664682,0.0024043983111628094,0.7725319344118016,0.18414587725301976
doc245,0.3520909575310514,0.1422828292712117,0.23592515845714374,0.09756055865875733,0.0004865317575382304,0.17165396432429766
doc246,0.538867283880775,0.15502039155523872,0.0005036280694871145,0.1110819521929289,0.0005036269655439241,0.19402311733602615
doc247,0.0010575335817408894,0.10370850115497204,0.07542533013612489,0.8176938343059761,0.0010575068744853166,0.0010572939467005619
doc248,0.0011685885938665674,0.3534226399863227,0.0011683532508361609,0.15902039514577057,0.0011684487551555838,0.4840515742680486
doc249,0.40104818421302263,0.0004888698710454582,0.0004890581225865188,0.0004889143427973838,0.44271622679121925,0.15476874665932866
doc250,0.0012409928692273986,0.330502113607064,0.0012409360961587277,0.29453292201515,0.2789772303711885,0.09350580504121143
doc251,0.0013591556017580773,0.16696557788667912,0.0013589232692358916,0.3570194542111207,0.27528956085039974,0.1980073281808064
doc252,0.48387784444085696,0.197694188731486,0.0008432981207851469,0.0008434306288116204,0.0008433908585490202,0.3158978472195112
doc253,0.04961035074466116,0.9160022778167101,0.03162396278301713,0.0009211342516535441,0.0009211748604720485,0.0009210995434859293
doc254,0.002294194532981838,0.5366674875032612,0.10271451016660255,0.12878537499632833,0.22724424682781463,0.002294185973011559
doc255,0.2646188191232097,0.3005673167808035,0.001524737964023389,0.43023965186968255,0.001524675425897766,0.001524798836383058
doc256,0.0006077434338542734,0.5103107779723925,0.0006077515380389872,0.30102046485240497,0.18684546896609364,0.0006077932372155687
doc257,0.0011290194635421677,0.16450210163453544,0.0011287994620256215,0.8309821222339913,0.0011289621901760772,0.0011289950157293734
doc258,0.000553839236952491,0.13261336867859322,0.06366200118330662,0.6909117032006779,0.11170519008435463,0.0005538976161152109
doc259,0.0010921371311363426,0.1932739632792474,0.14967878336955512,0.0010920365827066425,0.0010920781104646069,0.6537710015268899
doc260,0.4554377399518473,0.44388700583342955,0.09450114382251296,0.002057988882749487,0.002057973218080588,0.0020581482913801445
doc261,0.14074733192420302,0.001866218613798776,0.001865892888367178,0.0018665427228685212,0.2667154293245837,0.5869385845261788
doc262,0.0005828607251057251,0.9970856589455802,0.000582826736625761,0.0005828404514802452,0.000582901888279758,0.0005829112529284017
doc263,0.001678215639890838,0.0016784590020431321,0.0016780024926746186,0.18131081077086697,0.811976036879504,0.0016784752150204483
doc264,0.1102983350041394,0.7896374817841718,0.0010918789052202483,0.09678830572919685,0.001091951225829544,0.0010920473514421328
doc265,0.10936781724061481,0.0008962082090383768,0.0008961128925026892,0.7543344728546073,0.13360914745226404,0.0008962413509727796
doc266,0.0008727446536770006,0.3926759215905209,0.0008729714410045637,0.6038327550176189,0.0008728032125117629,0.0008728040846669314
doc267,0.025217575939790873,0.6084429650720697,0.0004937061448562163,0.000493754410329971,0.0004937718070002027,0.3648582266259532
doc268,0.001416736784772836,0.001416787329238538,0.0014168996407870188,0.8560123591519612,0.1383203770314463,0.0014168400617941075
doc269,0.35186263473331914,0.30665491713153564,0.04004939126963343,0.1387134501540798,0.006644170440809851,0.15607543627062212
doc270,0.0012725801130183724,0.7907196464733925,0.03869610726194995,0.0012726650640177315,0.0012725708904609155,0.16676643019716042
doc271,0.38019036260622946,0.0005795248843078329,0.0005794568292409459,0.0005795271610676888,0.048093924684822376,0.5699772038343316
doc272,0.0010920732140882138,0.2600049394808984,0.0010918053404339787,0.6048295971730423,0.10622785703773834,0.026753727753798646
doc273,0.0007718390021961535,0.0007717958083815352,0.0007719617020228,0.0007718562237820103,0.9413665681516235,0.05554597911199411
doc274,0.0030678794393959935,0.003068397118855511,0.003068507951938743,0.003068412564110569,0.8510179705810601,0.13670883234463896
doc275,0.001736453556255897,0.8162378159288965,0.0017365829696473895,0.001736565031974923,0.001736508581005047,0.17681607393222004
doc276,0.0009654499066713245,0.0009655451590227135,0.00096565501496089,0.18451493263265373,0.8116228945213421,0.0009655227653492329
doc277,0.001678583964392962,0.47244022660185925,0.0016781494088655858,0.20380195621085997,0.31872283621723735,0.001678247596785039
doc278,0.0013778911776053642,0.001377724765698793,0.0013778677032379354,0.9091226704210663,0.08536618496537056,0.0013776609670209676
doc279,0.0011684218060183413,0.0011684665966352323,0.0011684978662430288,0.994157781803997,0.0011683716376482477,0.001168460289458159
doc280,0.0009210170178140766,0.18799924878501326,0.000921129536923995,0.8083165599156509,0.0009210406942766098,0.0009210040503212851
doc281,0.23387621155997942,0.5577279107754155,0.00031100980351124057,0.07273567717679472,0.03282497463803588,0.10252421604626336
doc282,0.0009295083545631439,0.0009295514764563319,0.9953522115592275,0.0009296314057453186,0.0009295712684221302,0.0009295259355857339
doc283,0.0009295083545631439,0.0009295514764563319,0.9953522115592275,0.0009296314057453186,0.0009295712684221302,0.0009295259355857339
doc284,0.418434028607379,0.002404171306734959,0.02289160465743706,0.00240427489835619,0.309653840401189,0.24421208012890375
doc285,0.002463738253961143,0.9012093437525415,0.0024636362683797693,0.002463729206731506,0.00246377179386643,0.0889357807245197
doc286,0.002293912466908258,0.6579371332365113,0.0022938045907682893,0.0022941816585173155,0.33288689238287006,0.002294075664424798
doc287,0.15685154135846324,0.0009043777472221847,0.000904427045622058,0.2030160876725974,0.000904427935707135,0.6374191382403879
doc288,0.13552002167195631,0.17677415102927868,0.0008363190079098807,0.36019834843620363,0.0008363053204816047,0.3258348545341699
doc289,0.002146528649699062,0.16989701123772613,0.00214629113225292,0.0021466933655444552,0.341357544845874,0.48230593076890355
doc290,0.08237238963669956,0.7827051687250091,0.0011416663822334547,0.0011419660174986279,0.13149690039839998,0.0011419088401594187
doc291,0.001141847555742341,0.16147749733204628,0.03663314097812248,0.15575542358230982,0.49368693212255116,0.15130515842922798
doc292,0.3731422977717043,0.0019385608881234038,0.0019382568738859009,0.13896152395945535,0.48208084431002474,0.0019385161968062826
doc293,0.0007839155495064374,0.7861893070462181,0.0007838742551504868,0.0007839154096525549,0.21067498597642553,0.0007840017630469226
doc294,0.4573223308636641,0.06478402548332762,0.0005275441319214472,0.0005276077983844592,0.29259106382805206,0.18424742789465026
doc295,0.0019014377445633502,0.429427288523076,0.001901498621500081,0.07433890753318453,0.0019015812696478154,0.49052928630802833
doc296,0.10504251238184513,0.22243298465644556,0.003268659905504801,0.6168481237293337,0.049138780163477204,0.003268939163393431
doc297,0.0008962547363794883,0.5465253935465832,0.0008962319407830239,0.0008963786929924441,0.4498894714849181,0.000896269598343781
doc298,0.0017672440329764391,0.0017673538020878843,0.001766970572122555,0.8618850948768723,0.1310460243715884,0.0017673123443522748
doc299,0.0013969787997380192,0.14147289387808967,0.12622963575787066,0.0013971004599253399,0.632286250201553,0.09721714090282318
doc300,0.0007269363552177667,0.3472169986992257,0.0007268482137227411,0.13338681079409498,0.0007269311728736526,0.5172154747648652
doc301,0.4191091025552289,0.23757658850507915,0.0019015018202257383,0.0019017429120934898,0.16897675295200304,0.17053431125536964
doc302,0.0012726974787293684,0.31309256940339336,0.0012727487972583195,0.0012726983824634854,0.0012727281227161342,0.6818165578154395
doc303,0.2477139577206351,0.474982711770424,0.0021461097206857353,0.002146492423137679,0.10877753381021421,0.16423319455490315
doc304,0.1557209974522974,0.46440606447358357,0.0010919427449416076,0.00109201725806588,0.26630980401465737,0.1113791740564542
