,topics0,topics1,topics2,topics3,topics4,topics5,topics6,topics7,topics8,topics9
doc0,0.32518867567286724,0.0008622235277498479,0.0008621721481562622,0.5529761213024504,0.03870687194993832,0.07795492423343574,0.00086227734769943,0.0008622119999265288,0.0008622394599219267,0.000862282357854227
doc1,0.0012989890701780036,0.0012990674056132202,0.0012988864706806988,0.1404138632277264,0.001299177924684886,0.1874727296177463,0.15780869488470922,0.0012989986770614538,0.5065105803788943,0.0012990123427053999
doc2,0.0009617281200413757,0.0009617852044000974,0.00096193992329816,0.0009617845987512911,0.0009618124989416184,0.1694015962744157,0.4842346436431522,0.000961684142824345,0.25764951140181647,0.08294351419235882
doc3,0.1807373702838538,0.0007093641504509789,0.000709390525236482,0.136036190936893,0.0768746828568971,0.28539569066694165,0.23472475519944713,0.0007093080536214299,0.08339380245107389,0.000709444875584418
doc4,0.0018521008772148938,0.0018524023015791774,0.0018523664976830756,0.0018520584150161048,0.541190729565917,0.3040892663523141,0.1417543597392108,0.0018522474200669706,0.0018521972953020442,0.0018522715356958854
doc5,0.0003301590254705281,0.00033013930574253515,0.0231226261275303,0.5459722035632218,0.12347697204110755,0.0003301374878948012,0.026835835231520472,0.00033008887412105654,0.15388202537614845,0.12538981296724247
doc6,0.015459821400510878,0.000529256331611711,0.27041093875667915,0.08768645200678629,0.13673181607914595,0.0005292254751576307,0.0005292423594183286,0.000529172742907294,0.11034681765801144,0.37724725718977126
doc7,0.001176713551805355,0.10637892501913275,0.0011768774896273237,0.2429440977932004,0.0011767511469942735,0.0011768202762105246,0.001176731564016905,0.0011766448970666591,0.5283744841942275,0.11524195406771844
doc8,0.2063942686193491,0.0010102461828302646,0.0010103396435042751,0.29757215958002203,0.0010104541845729702,0.0010103466665177811,0.0010103357474131873,0.1676226146774424,0.001010433107248129,0.3223488015910999
doc9,0.001266060768899525,0.05269257399359946,0.0012663271490852442,0.001266135419064522,0.0012660955093854503,0.0012661755531330127,0.001266058108419761,0.001266247829882786,0.46180369896361273,0.47664062670491764
doc10,0.0062521190155749775,0.0062508837713853285,0.006251491200516884,0.006252107336797764,0.006251382930203278,0.006250752966665568,0.26369815546172154,0.006251169504095886,0.4433837269257852,0.24915821088725354
doc11,0.0009526004714861306,0.0009526944205096506,0.06958507180565321,0.000952704236442427,0.000952704114472175,0.0009525908962217508,0.0009526332754416373,0.922793887160258,0.0009525605527246207,0.0009525530667904037
doc12,0.0009092895264738058,0.5115712028880173,0.000909283328343205,0.09448898382088886,0.0009094441990103445,0.0009093291101426089,0.06369606040738553,0.0009093375444572767,0.28925573591386516,0.03644133326141582
doc13,0.0009526004714861306,0.0009526944205096506,0.06958507180565321,0.000952704236442427,0.000952704114472175,0.0009525908962217508,0.0009526332754416373,0.922793887160258,0.0009525605527246207,0.0009525530667904037
doc14,0.0012050846646758484,0.0012052117618612526,0.0012049923181042441,0.001205233601586071,0.0012051149692419699,0.2842136542160537,0.09935403682332028,0.0012051517459268897,0.6079964949603718,0.0012050249388579173
doc15,0.001234891925151087,0.10105566245062743,0.0012348687111791111,0.16287272698090965,0.09666736926495556,0.045219060064212245,0.4847284996950798,0.0012349137633716298,0.0012348463213951559,0.10451716082311847
doc16,0.6146585188877546,0.1703785332149789,0.0008067160293452904,0.12814150577503922,0.0008065818451067274,0.0008066814946303353,0.0008065567571121615,0.0008066077366693137,0.0819816249448462,0.0008066733145172682
doc17,0.0008774780870396484,0.0008774224501658666,0.0008774345721946056,0.13533818138248438,0.4789321584650347,0.0008773761815335362,0.0008774926237143885,0.000877381815293805,0.15469456225483047,0.22577051216770852
doc18,0.005001092489083381,0.005000819496889375,0.005001373557863874,0.005000663292835618,0.005000908144837267,0.43982098398522423,0.005000721498479882,0.0050012328707031255,0.5201712250971194,0.005000979566963892
doc19,0.3900856987829659,0.0008266653448612189,0.0008266135015479164,0.3225963309928744,0.0008266592832506914,0.0008265813886001158,0.0008266238554232283,0.0008266334744448826,0.12786430299200938,0.15449389038402223
doc20,0.10461622038964188,0.001010450970409036,0.0010103396014020803,0.001010382098893588,0.11848104080771611,0.1891111295290838,0.26575090525255957,0.0010104876659504463,0.06878498052742658,0.24921406315691694
doc21,0.14788686524919586,0.014634001553217387,0.0006025928230362151,0.0006026154849583348,0.15292501620717389,0.0942511450856827,0.40084623003294956,0.02158514425651014,0.0006025662731238782,0.16606382303415204
doc22,0.0013701246339319544,0.15537053771744047,0.0013700523898935075,0.0013702374512029915,0.5048046965340042,0.0013705786009480861,0.16998389165447902,0.0013700878705639266,0.0013702462816968153,0.1616195468658392
doc23,0.0005525673243189788,0.020511324265946512,0.9750680866310448,0.0005525945138989014,0.0005525900245263373,0.0005526099342335665,0.0005525426802973698,0.000552528729190491,0.0005525923115668527,0.0005525635849762064
doc24,0.001333686831370946,0.0013336453586323608,0.0013336619161384595,0.00133360713457753,0.3818800507898537,0.11997395180476703,0.19499482285568714,0.0013336434950173663,0.24674960376622174,0.049733326047733804
doc25,0.1827962073968804,0.0006495834670662086,0.0006494552367809798,0.5799778736404301,0.0006495343263085927,0.10734461463767807,0.0006494620167353122,0.0006494523417685212,0.12598424391148522,0.0006495730248666478
doc26,0.2487253930389057,0.0008931261379964813,0.02906909592540025,0.0008931588969293446,0.0008930605108019936,0.0008931064442570776,0.0008930026481947258,0.0008930186507432995,0.000893053454681184,0.71595398429209
doc27,0.0008001942003905919,0.4784960189006426,0.0008001587922173275,0.14080672170185923,0.0008002195998424724,0.2237977585073397,0.0008002106846839163,0.02288215976972176,0.0008002499615206749,0.1300163078817816
doc28,0.001923906964715818,0.001923331392305752,0.05079142998785193,0.0019236581998873382,0.0019240051578485197,0.0019238531072498257,0.001923527468383686,0.0019233187496371991,0.0019239394423340183,0.9338190295297859
doc29,0.0010002132717420436,0.08179152600174125,0.0010002129769765545,0.4058737898264738,0.2761823939531792,0.0010003262367978113,0.0010002223242920587,0.01919453855519634,0.08071199315160826,0.13224478370199252
doc30,0.001176764869197827,0.0011768347841586886,0.0011766558983716403,0.7729797001298886,0.0011769166090429496,0.0011767062579930362,0.001176679165187368,0.0011766027856833952,0.21760636279765264,0.0011767767028238653
doc31,0.12316877876262698,0.14594045312946474,0.1209105800813539,0.17273835119848155,0.1244055037434638,0.0008132495513523931,0.000813118079083716,0.0008131950977055493,0.0008132527901842265,0.3095835175662831
doc32,0.0012661476184719195,0.37021428139604445,0.0012662055286241532,0.15171362603974592,0.0012661797411742564,0.0012663467296477064,0.0012659713230827611,0.0012660357392350813,0.0012661247653154904,0.4692090811186582
doc33,0.1459292998316852,0.3144257851207452,0.0025005218613413367,0.0025008288570824142,0.002500771750359905,0.0025007942011878955,0.06309181522584273,0.03560293391262323,0.2511838626058435,0.1797633866332886
doc34,0.0004696285789390965,0.6896341795724886,0.033941883562824016,0.00046961477126340886,0.024543441391110605,0.19112775686371625,0.05840468889176503,0.0004695269012683154,0.0004696468848068045,0.0004696325818177819
doc35,0.36785868282326445,0.18789625532892273,0.02763571152714976,0.40608036646365064,0.0017547445610625943,0.0017548141582503169,0.0017549688033879542,0.0017547748629874382,0.001754770681003807,0.0017549107903202434
doc36,0.09061651926660387,0.0009902787832068978,0.0009903023527370422,0.000990386289312017,0.0009903517187929986,0.00099032954018045,0.0009903602348061166,0.00099029202710208,0.0009904743245315356,0.901460705462727
doc37,0.0008131916683434945,0.0008132396689852836,0.0008132584579056938,0.013296594245715278,0.0008131972334026393,0.0008133380859277218,0.0008131484684349941,0.0008130701374417382,0.0008131533328324461,0.9801978087010107
doc38,0.000515596345028195,0.1535352619577187,0.0005156732442966732,0.0005155862324287936,0.0005156148108214409,0.000515644913523745,0.0005156089289024344,0.0005155440216002578,0.1762274145644581,0.6666280549812218
doc39,0.001123858628340923,0.11423720610119764,0.041427274990617546,0.17715260688358717,0.0011238848280412427,0.001123839889846108,0.001123847058853382,0.0011239033502295477,0.23928956460593945,0.42227401366334694
doc40,0.0716668120714068,0.0004546617275567768,0.12199305040774971,0.0004546799964417263,0.0004546635197763979,0.06579450619887024,0.16518040755590674,0.0004546019193757716,0.0004546723240922303,0.5730919442788235
doc41,0.001887029580271525,0.23040345581544858,0.7545001360166848,0.001886938681840193,0.0018870411570244047,0.001887035216333189,0.0018872559185089627,0.001887091441271395,0.0018870744786718219,0.001886941693945235
doc42,0.0005883401724182626,0.0005883542459814052,0.0005883384445759323,0.0005884142109216569,0.0005883561485668508,0.0005883962483050002,0.0005883253872813366,0.08536620000304776,0.9099268810505831,0.0005883940883188036
doc43,0.0007354840668542229,0.3118704033304896,0.0007354613731104418,0.05985688452925701,0.3213940688175811,0.14372357198433128,0.0007355416420424037,0.0007354125742395426,0.000735543635570232,0.15947762804652427
doc44,0.4459373875834219,0.002174398500907784,0.002174253659863616,0.002174510451334566,0.0021742544291357096,0.21150110598470945,0.32734129943055484,0.002174064510831071,0.0021745108277859207,0.0021742146214550396
doc45,0.001000247175052963,0.0315040737140022,0.0010003299949790528,0.0010002191713527615,0.0010002889194990897,0.607574492220181,0.0010002580563942408,0.0010002116655377373,0.18418484742387453,0.17073503165912643
doc46,0.001755016463594669,0.0017548941586572437,0.0017546982409954702,0.0017550326162163936,0.2759889643281902,0.6016388997239039,0.0017546830546788905,0.0017544434102830383,0.11008820100602047,0.0017551669974596546
doc47,0.053270925620626464,0.09423321436482655,0.05927901605474529,0.06582665325452028,0.39356798436311646,0.2538516879402566,0.0004878922340036737,0.0004878551961839153,0.0004879462420765049,0.07850682472964421
doc48,0.17451776927891563,0.001282397885081073,0.31318809475539294,0.0012825316236364662,0.14594339818028612,0.001282559359814181,0.02826270317669558,0.001282225769880188,0.0012824950653643461,0.33167582490493347
doc49,0.81071605014825,0.0009902468269707735,0.0009902878919591776,0.0009902352549805607,0.0009902129790118138,0.0009904211904838518,0.18136182979554444,0.000990197218343333,0.0009902430607242163,0.0009902756337318353
doc50,0.14210203011315362,0.0018522776465331665,0.0462213886545531,0.0018523968344391372,0.12348045640703506,0.2861968383156172,0.39273766755420053,0.0018524480254903462,0.001852235027450713,0.001852261421527166
doc51,0.0015388105957558945,0.19979046792701846,0.027648945388652587,0.0015388243241911646,0.0015388098660737643,0.3010309014931116,0.4077022922178443,0.001539025581756623,0.0015389225750530081,0.0561330000305426
doc52,0.2060747965177496,0.0014709721969419643,0.001470980898552885,0.0014709882137878077,0.2289165824487354,0.2976892417148588,0.11261880647877723,0.0014707388959569623,0.0014710023211455445,0.1473458903134938
doc53,0.0009806187828638715,0.0009806174580381179,0.0009806774537156084,0.06094540302718596,0.0009805953782354153,0.0009806682949098638,0.0009805379615803196,0.0009804247177999507,0.9312097644095733,0.0009806925160976232
doc54,0.0012503734826993745,0.6764643313431987,0.0012502414058831455,0.105891980427993,0.11480238007050476,0.0953396905809197,0.0012503283906085086,0.0012501310673471609,0.001250332031281095,0.0012502111995646252
doc55,0.10945683352714154,0.10272987233851336,0.0009093653055059042,0.27418199217534256,0.09306650316911401,0.4160181843504968,0.0009092962112366357,0.0009092323903949329,0.0009093512664598948,0.0009093692657944058
doc56,0.0034488264678122597,0.0034489244458719365,0.37003474555985255,0.003448772644537505,0.003449268651011293,0.0034490209961761434,0.09351358684563728,0.003448542082800892,0.41315534274282967,0.10260296956347051
doc57,0.0006099646579388991,0.00060987348316401,0.0006099553406659705,0.0006099389174101895,0.06407664274000356,0.0006099164782614123,0.02524029211606619,0.0006098495505038348,0.40340182631624644,0.5036217403997395
doc58,0.00312592351682964,0.0031259711021549234,0.0031255861855307007,0.003126068613320916,0.4270193699362049,0.24633038072611183,0.30476931560618964,0.0031260888106028357,0.0031255395001470398,0.003125756002907689
doc59,0.0005849400057716055,0.05686967053916843,0.0005848745946331565,0.22021620825810467,0.377082405684651,0.3423221856459791,0.000584935555773726,0.000584882820509194,0.0005849791200882863,0.0005849177753207347
doc60,0.1294754068900537,0.002382347249515212,0.002382246055388432,0.0023818455055643747,0.0023814356075318502,0.002381647343748736,0.0023813113388489017,0.002382097900062793,0.002381420782750784,0.8514702413265351
doc61,0.19254919078419844,0.0005954067745472714,0.0005953404941232061,0.3005802752470554,0.0005953582294409498,0.0005954059508744934,0.0005953920817535281,0.14684152740004552,0.11967810909524598,0.23737399394271533
doc62,0.0014289745984335366,0.0014288468160693609,0.07130485159189448,0.0014288642918049985,0.0014289750223819195,0.0014289060599032221,0.0014289182288248384,0.0014289397300811734,0.0014290256383712398,0.9172636980222353
doc63,0.0033343349541214923,0.0033340567974388755,0.0033338134742356574,0.003334122335532435,0.0033342613337900636,0.003334021235444646,0.5906882182481799,0.13140789317779944,0.0033339557843188004,0.2545653226591387
doc64,0.0009176408920222598,0.0009177438532077753,0.0009177527751303984,0.0009176521622217002,0.0009176545788915744,0.0009176154866238157,0.00091785752078732,0.9917407384530069,0.0009176649964488129,0.0009176792816594161
doc65,0.0013702157142770316,0.27009308240017943,0.04891053559178618,0.0013702875113750194,0.0013701405301525453,0.33174075724645974,0.0013701217832088847,0.0013704499164037898,0.34103437088717603,0.0013700384189813401
doc66,0.0009176408920222598,0.0009177438532077753,0.0009177527751303984,0.0009176521622217002,0.0009176545788915744,0.0009176154866238157,0.00091785752078732,0.9917407384530069,0.0009176649964488129,0.0009176792816594161
doc67,0.002439630731409894,0.0024399717760191534,0.1284523622806943,0.17159710914652632,0.29732131128690353,0.38799127457227406,0.0024394684821368363,0.0024397606715405077,0.002439495652822826,0.002439615399672608
doc68,0.170965913413731,0.07183786981012887,0.0007248590807189716,0.0007249133148321304,0.0007247876829459361,0.0007248453933124057,0.0007248455312906082,0.0007247808181540199,0.7521222627982632,0.0007249221566229552
doc69,0.47862563381915435,0.001064212986576082,0.0010640362977183539,0.0010641664094199347,0.51286124038454,0.001064210982351125,0.0010641319832445598,0.0010640601974729181,0.0010641426838877532,0.0010641642556348343
doc70,0.1528039362755433,0.0007093262049923433,0.0007093063971000654,0.15641332960683743,0.10286164317696571,0.078152158342924,0.0007093770424330338,0.0007093542025423046,0.3448792585939595,0.16205231015670243
doc71,0.0006290494462786513,0.21028854298430827,0.0006291601748760243,0.000629191050559218,0.0006290620146464893,0.0006291094704840115,0.0006290442872113499,0.0006290457377394643,0.0006291420515452262,0.7846786527823513
doc72,0.001887216601180747,0.001887399389959896,0.0018871193916834973,0.13996045166642954,0.40239174299612024,0.2654176015972897,0.18090662945963726,0.001887488860393544,0.0018871283373873093,0.0018872216999180848
doc73,0.3900856987829659,0.0008266653448612189,0.0008266135015479164,0.3225963309928744,0.0008266592832506914,0.0008265813886001158,0.0008266238554232283,0.0008266334744448826,0.12786430299200938,0.15449389038402223
doc74,0.005556510759008455,0.0055560889071846024,0.0055569592235240745,0.005556917628925432,0.005556772941327247,0.00555631429955273,0.0055573300257899805,0.005556296292160834,0.12660234417771957,0.828944465744807
doc75,0.0023262300753829966,0.09843764683759618,0.002326167264526286,0.0023260567538327093,0.002326243426471167,0.2892745133089985,0.0023258451512070915,0.04701101908514395,0.002325944846752832,0.5513203332500883
doc76,0.0007301599043228304,0.5260233120577162,0.0007301109241186477,0.0007301591934463946,0.46813563394652685,0.0007301726043883742,0.0007301693092240802,0.0007299930649922419,0.0007301309442517389,0.000730158051012403
doc77,0.0020003295647650107,0.4388278905932229,0.0020008256033417385,0.0020004329588424207,0.00200029080587152,0.002000646465427819,0.25655041246351207,0.03362340284140846,0.25899522932364427,0.0020005393799637284
doc78,0.16092236280780406,0.0007354738793515636,0.0007355353424147161,0.0007355475779538906,0.0007354826489106604,0.12070353924432434,0.0007354779950796606,0.0007353927640842424,0.3860689430097449,0.32789224473033185
doc79,0.3544974392782631,0.0014707180610507313,0.001470742051358269,0.001470857305193146,0.07901328572757699,0.0014708409186501646,0.5561938154424599,0.0014707322306428063,0.0014708275696533855,0.001470741415151579
doc80,0.0020411581119011116,0.38149306389521287,0.0020412384384813184,0.0020413701862063154,0.26104221921584697,0.1615408991358676,0.0020412183644735846,0.002041131911839717,0.18367622538455655,0.002041475355613799
doc81,0.001961245796546257,0.0019613783750993207,0.0019612129966731055,0.0019612309047382995,0.0019614228156936025,0.0019613557194871458,0.26421222163872565,0.17512756665547016,0.11060176429910192,0.43829060079846455
doc82,0.03536600102389642,0.7002129723335863,0.0014496987700853656,0.0014495762575062673,0.0014495706835781872,0.0014496480795127113,0.0014496672574317703,0.0014495630926308876,0.07495523963994578,0.1807680628618264
doc83,0.10861633920195002,0.15252983570881345,0.0014929234100914028,0.0014929354303931692,0.0014930997947608148,0.0014927939611816068,0.09769565934080299,0.001492902602074467,0.6322005375994524,0.001492972950479617
doc84,0.0004566800612258255,0.0004567717329274024,0.9958897380289237,0.0004566988484485061,0.00045669772229951896,0.00045671393089998755,0.00045666897692781943,0.0004566526282525602,0.00045669881455377855,0.0004566792555408479
doc85,0.000862348786400774,0.07869245502043042,0.0008623603108950961,0.0008623310814300629,0.15267280303304673,0.08293834164261515,0.0008622770365904976,0.0008621989539454687,0.1819836655608043,0.49940121857384157
doc86,0.0007875937949374085,0.7076771894892379,0.0007877381794898196,0.286021709909837,0.000787717489357742,0.0007876696934719984,0.000787562597351733,0.0007874546886476805,0.0007877491947238025,0.0007876149629448552
doc87,0.0011365815225163492,0.5140466135717916,0.47686112916094253,0.0011365381246173584,0.0011365192857430173,0.0011365575137625046,0.0011365046584259414,0.001136445589144364,0.0011365555107721397,0.0011365550622840562
doc88,0.0007813584413516543,0.21617006100046207,0.0007813912845733126,0.40811886804692193,0.2548556456940967,0.0007814240300236237,0.00078136893118906,0.0007813591489038433,0.0007814817976636756,0.11616704162481423
doc89,0.10082900396444847,0.038147956404081154,0.00106407667377364,0.10997590452138906,0.07237197654643449,0.00106418452417411,0.0010640636645002242,0.0010639961857091035,0.0010641174463581788,0.6733547200691317
doc90,0.07940561982250108,0.45376904875824503,0.09618375850506142,0.00181861585846423,0.08953950290601739,0.001818794426912989,0.055144965032456514,0.0018185152461996567,0.2186825123288893,0.001818667115252456
doc91,0.0012659874833452988,0.0012661345890112954,0.03772783444356636,0.0012661602507571326,0.001266106348030481,0.0012661412750229375,0.001266217630681758,0.0012659496198114055,0.5455125938215899,0.4078968745381834
doc92,0.03410537450344261,0.34477820141864063,0.0017546949178260146,0.0017547640979023239,0.0017546836477961053,0.001754783524557897,0.0017546270429702388,0.001754678461111654,0.0017548833587927221,0.6088333090269598
doc93,0.002500711904418848,0.2394188361696202,0.002500478863722123,0.0025008138100002407,0.002500445409207159,0.37414746051722664,0.0025009801134198172,0.00250015710124221,0.0025008437012262854,0.3689292724099165
doc94,0.09610844984928772,0.08235707246079925,0.0009806223170547685,0.0009807291876878339,0.0009806327154517403,0.000980835118375157,0.038689012321355916,0.0009805528212995702,0.0009806600765209738,0.7769614331321671
doc95,0.0016129792118566135,0.11482036294413575,0.8305242906654521,0.0016129991926827761,0.0016130235056954856,0.0016133054331491947,0.0016130706884304909,0.043363878967488154,0.0016130536860076907,0.0016130357051016486
doc96,0.0013701534163875113,0.0013703019424064018,0.0013702723123394738,0.0013701959413028823,0.001370275217574475,0.0013702836810150735,0.670653452551931,0.001370052986424079,0.18104640133135125,0.1387086106192678
doc97,0.0021280437005806526,0.0021281289133801722,0.20941988702933598,0.002128008001535267,0.0021279089648608097,0.0021283040119234563,0.6467600165595817,0.0021283433247317584,0.002128417317509181,0.128922942176561
doc98,0.0004856062508061604,0.5074676422220922,0.00048558607693751293,0.0004856220693885393,0.0004856215491161309,0.0004855821629761501,0.00048558420511525877,0.00048563689306648693,0.000485607450699204,0.4886475111198024
doc99,0.0557768141475342,0.0005619307615831236,0.33319963683786424,0.044491435369791665,0.2404448516184285,0.0005619202298115567,0.09635356293831902,0.0005619359368854301,0.0005619588675685314,0.22748595329221363
doc100,0.0020007522438861792,0.002000405654895872,0.002000573624172346,0.0020003353844397585,0.0020004355884845585,0.2095899467930183,0.6340979601087353,0.002000209854299402,0.14230885534565327,0.002000525402415202
doc101,0.0022229944475616096,0.002223000505622714,0.002223301775553465,0.6148088992993124,0.002222677842510518,0.14164520449111956,0.002223003835800563,0.08666864647504031,0.1435392051337299,0.0022230661937491297
doc102,0.002500902887399123,0.002500999450468043,0.1416039727400194,0.0025009373763366944,0.2766837644658931,0.46178477842116356,0.0025006909399624432,0.0025001073226421796,0.0025006277888953753,0.10492321860722001
doc103,0.81071605014825,0.0009902468269707735,0.0009902878919591776,0.0009902352549805607,0.0009902129790118138,0.0009904211904838518,0.18136182979554444,0.000990197218343333,0.0009902430607242163,0.0009902756337318353
doc104,0.8013169730042217,0.0007876142750893315,0.000787599795033682,0.000787632944922482,0.0007876136886081966,0.19238220686332203,0.0007875864426552475,0.0007875266432326209,0.0007876390306976299,0.0007876073122171404
doc105,0.0030308754181237025,0.0030310830112544253,0.13377448373844886,0.0030306941729953767,0.0030309872946421065,0.0030307405255843374,0.09632728255100717,0.0030305789312311407,0.003030808950328505,0.7486824654063843
doc106,0.0012990321311170678,0.0012989757379451856,0.0765222026432955,0.0012990087728512192,0.013485521067441641,0.15021309363914137,0.7519851632813946,0.001298792517454842,0.0012991459725542392,0.0012990642368042181
doc107,0.0020006032030581095,0.13587805921789325,0.12395952097351555,0.0020005527805706646,0.0020005320083557447,0.002000572044185277,0.44806107409994556,0.0020002623023718923,0.28009830337966474,0.0020005199904391917
doc108,0.0010419580589897013,0.03242557369456405,0.0010418816559421577,0.0010418991934002559,0.0010420575045853747,0.5029222761833806,0.3324974465968427,0.0010419409737213701,0.12590304870804367,0.0010419174305301277
doc109,0.12837145282083925,0.6118312732337361,0.0004785976411722479,0.00047859928099282603,0.0004786768297427149,0.0004786022461712266,0.06528518681528926,0.02764354512785244,0.10956699453510073,0.05538707146910311
doc110,0.0011365368700471242,0.7022378860493088,0.0011367269888636492,0.0011366555880358573,0.09624593957417364,0.0011367512199630034,0.0011366285961372533,0.001136520281976529,0.0011366923279568287,0.19355966250353718
doc111,0.13258939825704114,0.0006667898811279575,0.000666755190176175,0.0006668493580475878,0.6428034011223484,0.0006667979233672734,0.09177384809838807,0.0006667866734248252,0.12883248935612204,0.0006668841399565779
doc112,0.0030305464927059644,0.0030306991852664267,0.0030314205665189966,0.00303061887420874,0.0030312142754811222,0.0030305729628608705,0.1403060259026049,0.0030308193974989137,0.0030314134049095605,0.8354466689379446
doc113,0.4662321774070795,0.0012197502181170094,0.3469725944057426,0.00121991708575022,0.10379314876200746,0.001219926895836996,0.0012197413042184828,0.0012198191927367391,0.001220254414246727,0.07568267031426437
doc114,0.07264940544397051,0.0009011161428184411,0.0009010800168762379,0.0009011359019652114,0.45905699941227374,0.14422871840062262,0.296388143030412,0.023171123481458937,0.0009011034616851248,0.0009011747079171184
doc115,0.0018186550551923548,0.16529713490552794,0.0018189049365018941,0.214554914130502,0.0018186286997680272,0.39082626730476233,0.0018187700741987124,0.001818278407944267,0.21840989662786894,0.0018185498577335812
doc116,0.002381560689845062,0.002381606459017291,0.002381620557406491,0.002382740106729125,0.0023814356389807757,0.00238176506961888,0.39078279997074816,0.002382649844286491,0.5901607735307387,0.0023830481326290297
doc117,0.0005884465136329108,0.5587865266277807,0.0005883371896171218,0.0005884156228952835,0.0005883989204076604,0.0005884103612027475,0.0005884770768468773,0.0005883162252542087,0.43650628216431087,0.0005883892980514668
doc118,0.10154536711364755,0.0003449085927449649,0.00034493502501926497,0.5120052782016663,0.13860949619662027,0.2198373845799125,0.02627784436610888,0.00034490241173041876,0.00034493164387669576,0.0003449518686727977
doc119,0.12326594751436477,0.002222915667747484,0.0022225667944515645,0.2549800109342828,0.0022230563198747384,0.002222766031897466,0.0022225105843797686,0.00222276494237462,0.002222903118035036,0.6061945580925918
doc120,0.0008266426618240536,0.43290181581361786,0.0008267418453504196,0.0008266592543612959,0.0008265957825365106,0.0008266521157137849,0.0008266063619748127,0.0008265438342762521,0.0008266569466437227,0.5604850853837012
doc121,0.0028580542507197107,0.00285740634154816,0.1619466405346721,0.2126380241123249,0.0028580413502724417,0.30016147487272804,0.002857800038589661,0.09785426829560699,0.002857916172928845,0.2131103740306091
doc122,0.002439575114210569,0.00243958622347554,0.0791757122925539,0.00243956776417898,0.1257401349172457,0.1823343489301329,0.002439854620289472,0.10915430509184296,0.002439920477587652,0.4913969945684824
doc123,0.0014289745984335366,0.0014288468160693609,0.07130485159189448,0.0014288642918049985,0.0014289750223819195,0.0014289060599032221,0.0014289182288248384,0.0014289397300811734,0.0014290256383712398,0.9172636980222353
doc124,0.0003907432900846715,0.0003907225399639658,0.012005580249067341,0.0003907380852762731,0.000390735209985848,0.018424397300895935,0.0003906749375281215,0.00039067754714991476,0.4562410839438874,0.5109846468961605
doc125,0.000980644612812376,0.0009808467297280673,0.000980595836842433,0.0009805823075328818,0.0009806181364010555,0.0009806717189654653,0.000980644352731851,0.9911741550709511,0.0009806710206473712,0.000980570213387413
doc126,0.000980644612812376,0.0009808467297280673,0.000980595836842433,0.0009805823075328818,0.0009806181364010555,0.0009806717189654653,0.000980644352731851,0.9911741550709511,0.0009806710206473712,0.000980570213387413
doc127,0.13258939825704114,0.0006667898811279575,0.000666755190176175,0.0006668493580475878,0.6428034011223484,0.0006667979233672734,0.09177384809838807,0.0006667866734248252,0.12883248935612204,0.0006668841399565779
doc128,0.0015630562043548095,0.12457362180014406,0.10267169042542562,0.0015629877913468887,0.18484942935201024,0.001562991006789772,0.026035425194529272,0.0015627644198508183,0.2608705233081467,0.2947475104974018
doc129,0.001250295823375409,0.08793302427500704,0.23683795826704346,0.0012503505356284863,0.0012502335293698935,0.0012503593247703358,0.0012503258090338872,0.0012502172478513708,0.47531154314609797,0.19241569204182227
doc130,0.0012660376988071996,0.1337693200718582,0.0012660898282483447,0.001266153946726194,0.44704709172548823,0.0012661771837420642,0.4103205748891707,0.0012664761520803482,0.0012659605517701036,0.0012661179521086421
doc131,0.0013891897757520564,0.0013891553398767936,0.0013890876482078153,0.0013893759914955334,0.0013893547469414468,0.1530810580321443,0.0013892302374555689,0.02466185898155553,0.38829056306294824,0.4256311261836226
doc132,0.0015387081529064477,0.7074142603411755,0.0015390091136769897,0.0015386936019663928,0.0015387568431929526,0.0015387260874643724,0.28027582738624335,0.0015385989443647498,0.001538858997079966,0.0015385605319291867
doc133,0.0012502692547879384,0.4700128803416259,0.0012505285733904767,0.0012503883551145392,0.0012503050513499253,0.001250287245205118,0.0012502528591213447,0.0012502630727757825,0.26491995999580165,0.2563148652508274
doc134,0.3900856987829659,0.0008266653448612189,0.0008266135015479164,0.3225963309928744,0.0008266592832506914,0.0008265813886001158,0.0008266238554232283,0.0008266334744448826,0.12786430299200938,0.15449389038402223
doc135,0.46326450003808417,0.001111385218447936,0.001111356604012285,0.0011113656624585587,0.14627513378472884,0.18529399486165843,0.19849796417587176,0.0011113684281319422,0.0011115505387885281,0.0011113806878175019
doc136,0.6488671886223677,0.1906559686450463,0.14380583963419274,0.0023815494653397712,0.002381442239518461,0.002381665764577876,0.0023817485424216856,0.0023812828080307102,0.0023815888196953242,0.00238172545880953
doc137,0.0017861202926198756,0.0017861718710358145,0.1671395367203508,0.0017861642354830907,0.001786434039119371,0.0017863261891505105,0.3083836694195093,0.0017862390127808242,0.5119730599951164,0.0017862782248340566
doc138,0.00028496764768789465,0.37044141707517164,0.0002849723591159273,0.010527621912431107,0.00028498820481991864,0.00028497305038687956,0.0002849586519657043,0.00028494399741151364,0.058216051083558006,0.5591051060174514
doc139,0.7967668696734532,0.0007938655480538676,0.0007938514578630159,0.0007938854382997187,0.0007938656985162465,0.19688229587277697,0.000793837900061629,0.0007937778653148603,0.0007938908066548688,0.0007938597390054948
doc140,0.02944976515712901,0.00036373772179334297,0.08266705617126258,0.581439803755679,0.00036374665042765577,0.0003637036432498924,0.0003637172010381444,0.00036375664392613005,0.0003637305979268604,0.3042609824575673
doc141,0.10502191332620424,0.05037234257191886,0.0015154401624471235,0.13659486942326418,0.0015154751666654202,0.0015156422250260735,0.0015154501109530924,0.0015154844243513393,0.0759289784047509,0.6245044041844187
doc142,0.0018869603090961788,0.4527468683104078,0.18630906296826477,0.0018872159461513366,0.001887290386012657,0.0018872619103313703,0.0018875729642783812,0.0018869786257760203,0.34773333017608327,0.001887458403598182
doc143,0.0004566800612258255,0.0004567717329274024,0.9958897380289237,0.0004566988484485061,0.00045669772229951896,0.00045671393089998755,0.00045666897692781943,0.0004566526282525602,0.00045669881455377855,0.0004566792555408479
doc144,0.002000582116685568,0.0020002640567793046,0.0020007549378232873,0.002000460982766832,0.0416786080754938,0.002000450290354126,0.002000371889293851,0.0020012785195568953,0.0020005018889301465,0.9423167272423162
doc145,0.0009715024126320501,0.15548222126267353,0.17558409505391598,0.0009711669832513387,0.14303162968280417,0.0009711995143940231,0.0009710781917195888,0.0009709824510647669,0.3958861828933289,0.1251599415542155
doc146,0.15229929571243955,0.049504455061581194,0.0026325799764475677,0.0026321182880120948,0.32941235641706157,0.002632294587548199,0.002632292835547163,0.0026318777403900556,0.002632260000786766,0.4529904693801858
doc147,0.0013161823679131632,0.05281524521564742,0.0013162671647850852,0.1724614613568881,0.06506649206430291,0.0013160734967809773,0.0013161746431063477,0.0013160239129227657,0.22449698405032928,0.4785790957273239
doc148,0.2604951854283243,0.07700970113493694,0.003031284248604449,0.003031183738254178,0.003032035330633513,0.003031018317560424,0.0030308504967230835,0.19662608361509049,0.0030309492233677304,0.4476817084665048
doc149,0.0017244927351804426,0.36264497953169245,0.0017246408063271354,0.16023522172599902,0.0017249012722337005,0.001724518178599494,0.0017246004071201913,0.0017243378803885254,0.0017245555358941028,0.46504775192656483
doc150,0.43174889655060333,0.0010754535354159486,0.0010754207804872778,0.001075487922557775,0.0010753717371816106,0.0010754993554975103,0.001075439851418018,0.01728531498716065,0.0010755465692080975,0.5434375687104699
doc151,0.10156151342069827,0.002273402316941531,0.0022729243414048397,0.002273671865983411,0.30570996433610276,0.21002876604320772,0.2909335075978483,0.08039980321410324,0.0022735166242395,0.0022729302394704316
doc152,0.4040811888383353,0.0013159915846912415,0.10321865374301975,0.05248846058088472,0.0013160261897014877,0.0013160395774705917,0.0013160613628437174,0.04820771191026228,0.24293551416740367,0.14380435204538733
doc153,0.0011367862880457035,0.28525868857023556,0.001136564807760804,0.0011367110092270055,0.0011365821741804634,0.001136669175881431,0.0011365060932711118,0.0011365540397464552,0.15056242374240938,0.5562225140992422
doc154,0.0027033893748118145,0.002703411422798009,0.3100914097864534,0.0027033239066778453,0.35549260697764246,0.0027032366063974153,0.0027036025649926827,0.002703104370927937,0.0027030321959485904,0.31549288279334986
doc155,0.000813150810851401,0.15156743686422372,0.0008131968760390238,0.0008131998400381032,0.3720716272047014,0.0008132669892389251,0.47066849869927174,0.0008131506375005372,0.0008132323780052377,0.0008132397001298983
doc156,0.0012990321311170678,0.0012989757379451856,0.0765222026432955,0.0012990087728512192,0.013485521067441641,0.15021309363914137,0.7519851632813946,0.001298792517454842,0.0012991459725542392,0.0012990642368042181
doc157,0.0020006032030581095,0.13587805921789325,0.12395952097351555,0.0020005527805706646,0.0020005320083557447,0.002000572044185277,0.44806107409994556,0.0020002623023718923,0.28009830337966474,0.0020005199904391917
doc158,0.0014709193261678373,0.0014708352263243167,0.0014709746566141319,0.0014709299402319105,0.20263342488763336,0.001470859147365896,0.6259444922913746,0.0014709954553372123,0.0014708606438014408,0.16112570842514923
doc159,0.4450007443704734,0.0026319236332057456,0.002632192171701139,0.0026322464852757423,0.20436651537358352,0.0026319201254789543,0.00263205247425949,0.002631880859485765,0.2925894360588854,0.042251088447650804
doc160,0.81071605014825,0.0009902468269707735,0.0009902878919591776,0.0009902352549805607,0.0009902129790118138,0.0009904211904838518,0.18136182979554444,0.000990197218343333,0.0009902430607242163,0.0009902756337318353
doc161,0.002222702601004682,0.8018194262529785,0.0022228598159651698,0.0022233091869159646,0.00222261284030184,0.1803980085713618,0.0022228373273563647,0.002222843616797564,0.002222741776556098,0.002222658010761984
doc162,0.002381446944963243,0.002381794836254285,0.0023815699213394566,0.002381564120268015,0.0023812894012912008,0.0023816398111053687,0.0023812665758596798,0.04458080222353679,0.8488084019347214,0.08994022423066053
doc163,0.055531895202801725,0.002000457407493137,0.0020006924189630328,0.0020006195773222273,0.0020005914493627748,0.0020006118493977863,0.6779496378252517,0.0020007997805456786,0.1221505831101518,0.13236411137871004
doc164,0.0007144557539395791,0.0007144498643922341,0.0007145553624418247,0.0007144404920834309,0.13422852748343098,0.0007144417810808809,0.777084345345075,0.01005977960033343,0.0007144819187211031,0.07434052239850164
doc165,0.0010419580589897013,0.03242557369456405,0.0010418816559421577,0.0010418991934002559,0.0010420575045853747,0.5029222761833806,0.3324974465968427,0.0010419409737213701,0.12590304870804367,0.0010419174305301277
doc166,0.001492857128010478,0.1535459521875543,0.001493060781204106,0.0014927656456882776,0.31733044015312023,0.21837647018637152,0.0014928081545090462,0.0014927406464933656,0.0014928294697839556,0.3017900756472648
doc167,0.001724590879335214,0.0017246311513653225,0.0017242943095091988,0.3090941091732151,0.6771095860489941,0.0017245976481913262,0.0017244564893211598,0.0017245248223329173,0.0017244674392997148,0.0017247420384361007
doc168,0.0010418598361955753,0.2784715420198764,0.08849785491746763,0.0010418824981194696,0.19520049496356862,0.0010418886050224862,0.4315788065540413,0.001041824612150386,0.0010418975895147174,0.0010419484040433888
doc169,0.0014087592703511495,0.0014086966279373615,0.0014086140150707028,0.0014086350509576906,0.001408736791751586,0.8979716768357003,0.0014086481416899234,0.0014085283870679736,0.09075905282853003,0.001408652050943331
doc170,0.0029415423690114287,0.002941977017920313,0.2638614524026431,0.0029413880443293224,0.0029423881132264623,0.0029419641357360366,0.2017732260012453,0.0029414846870877347,0.31210273965751806,0.20461183757128235
doc171,0.0010643407401497032,0.0010641178774898322,0.0010641467565185756,0.025387597029861066,0.08752445548943816,0.07285466674049447,0.1956763342207234,0.0183696307339101,0.0010641041697272609,0.5959306062416874
doc172,0.0019611774541616746,0.0019613360864698293,0.07830577085867593,0.001961126889084238,0.13260003097270864,0.0019611343616378206,0.5398364134366361,0.001960967522665613,0.2374907221195345,0.0019613202984255554
doc173,0.14652982246556617,0.014289449128865836,0.014293618448522763,0.014287205483560512,0.014290772989032093,0.014287044310676095,0.014288501517391234,0.014286735028434147,0.014290334563399417,0.7391565160645517
doc174,0.10413410105788112,0.002127984422645233,0.0021281372893894313,0.0021279637576830926,0.002128013756018653,0.12500038183651935,0.002127945713634163,0.0021279492273139793,0.0021279787957826247,0.7559695441431323
doc175,0.0020840118171956213,0.0020839886960980084,0.11690576042597989,0.0020839123763084677,0.0020839426938851725,0.0020840608370105546,0.0020841179123029722,0.0020844618901138005,0.3528333049233018,0.5156724384278037
doc176,0.0010102153640485956,0.0010101720444495436,0.001010142837695033,0.0010102190024388821,0.0010102198002837183,0.0010102149036852835,0.0010101721113547448,0.9909082281251008,0.0010101966747839664,0.0010102191361593361
doc177,0.0008698019086585354,0.722265523465197,0.001434518539639647,0.0008696771263148704,0.0008697476051313516,0.0829764565228048,0.0008698546959991201,0.0008697383325660533,0.000869843589150417,0.1881048382145381
doc178,0.0010102153640485956,0.0010101720444495436,0.001010142837695033,0.0010102190024388821,0.0010102198002837183,0.0010102149036852835,0.0010101721113547448,0.9909082281251008,0.0010101966747839664,0.0010102191361593361
doc179,0.0020836633410189335,0.0020839515270116528,0.0020837226709971342,0.23156956801124826,0.5644424217554661,0.0020838289135387935,0.002083990413367982,0.0020834950822912774,0.0020839577718364324,0.18940140051322346
doc180,0.0997411323211615,0.09122372699003557,0.12580492663534523,0.08189405540240592,0.14104437538763034,0.32905558279461267,0.0007938657930276407,0.0007936991981760251,0.12885477014107388,0.0007938653365314436
doc181,0.0008550959530405303,0.0008549522087108311,0.0008548619688152285,0.4389829859885693,0.21083003058680896,0.13906018353512165,0.0008548773697660701,0.0008548053183925076,0.09556280774423671,0.11128939932653818
doc182,0.0009348468117440762,0.000934859509625068,0.04824869792677914,0.0009348944219269569,0.0009348331850144275,0.8722906197302577,0.0729166773466477,0.0009348528491502164,0.0009348990785545955,0.0009348191403001988
doc183,0.14455997294610828,0.4534324847512202,0.002857799517636298,0.0028575151490447055,0.0028576915288990984,0.0028581619527859314,0.002858023371582851,0.0028573103901549913,0.38200315206102253,0.0028578883315449996
