,topics0,topics1,topics2,topics3,topics4,topics5,topics6,topics7
doc0,0.2061514520891677,0.0006955168134388486,0.000695563874547618,0.08501789631884688,0.6698391210906147,0.0006954689790910324,0.036209417487693574,0.0006955633465995297
doc1,0.0021369749204469845,0.002137062744163632,0.11646668759488833,0.0021373316208399685,0.8707104269734951,0.002137237171748421,0.002137161153687915,0.002137117820729717
doc2,0.001179493869750321,0.0011797541283121741,0.048586177686888006,0.0011796160847296487,0.888815407708802,0.0011795196296712335,0.05670040133323265,0.0011796295586139862
doc3,0.11901587133610327,0.0006955126006697495,0.0006955989175642869,0.0006955927785998468,0.0006955958840127775,0.0006955227045728149,0.46085945305059967,0.41664685272787755
doc4,0.0007531982484008612,0.03466297635817096,0.27125604470111736,0.41590275359457196,0.10710878513314817,0.0007532303652766859,0.0007531826217800707,0.1688098289775339
doc5,0.0004883671354959251,0.000488385776103604,0.5908655612403625,0.33849600163550636,0.0004883624717337073,0.0004883705999035989,0.06819657718504006,0.0004883739558543404
doc6,0.12565435312689122,0.0014130226342958694,0.5621460428225648,0.18752663707316852,0.0014129434952719006,0.11902138703487816,0.0014127083345811583,0.0014129054783482788
doc7,0.0009730446223929857,0.01564843888171163,0.5883480825565786,0.39113859876498236,0.0009730027294248508,0.0009728894607671703,0.000972964345879115,0.0009729786382632884
doc8,0.001208165761348478,0.0012079072310873318,0.5868246820866007,0.0012080672807354134,0.2953299689533946,0.11180483488758566,0.0012081065566698283,0.0012082672425779964
doc9,0.0011014903993557094,0.9031775162210155,0.001101543132876043,0.0011015822434251867,0.0011014351765590198,0.0011014373714689964,0.09021346983713625,0.0011015256181633132
doc10,0.0011014903993557094,0.9031775162210155,0.001101543132876043,0.0011015822434251867,0.0011014351765590198,0.0011014373714689964,0.09021346983713625,0.0011015256181633132
doc11,0.10747051985055632,0.00021611863640319282,0.031124980445836697,0.06464778324660994,0.5541201254382164,0.00021613800272923063,0.021677400534578936,0.22052693384506927
doc12,0.1928187621511304,0.034991142323677046,0.2161918224419979,0.0005890879902690398,0.2118210585914156,0.0005890695829115978,0.0005890495894844819,0.342410007329114
doc13,0.4090856774436832,0.0008562793338780082,0.0008563072151839907,0.0008563933926585525,0.0008563641318154029,0.0008562855502831504,0.3329279022434488,0.25370479068904894
doc14,0.0016726961291897659,0.0016724997529171744,0.2737479039591175,0.0016728011182412126,0.0016727511573504023,0.10483700478662214,0.4835075817094695,0.13121676138709232
doc15,0.0005625987920702101,0.000562522733715428,0.5755890726811539,0.0005626152101777057,0.24611225058710423,0.0005625685679719663,0.021144012842652667,0.1549043585851538
doc16,0.0010895239571993855,0.0010895286296963324,0.25143306436808854,0.00108968088324571,0.001089506501201146,0.0010896662323225592,0.13246461241056603,0.6106544170176802
doc17,0.0003956481056507643,0.00039559758039428117,0.180661173712315,0.0003956826086642271,0.0003956751546605666,0.03357326367775691,0.14964987826328735,0.6345330808972708
doc18,0.6092218053744418,0.0005625572524522379,0.10533906179668688,0.026119723286811936,0.0005625622234252963,0.0005625762149382709,0.0005626007339030168,0.2570691131173406
doc19,0.24422638306447025,0.0006769382549864384,0.2054311919479497,0.057004042163460715,0.4029481139130793,0.0006767966260904985,0.0006767438793847966,0.08835979015057838
doc20,0.5329904412752906,0.001285440685495767,0.0012856392313422566,0.23076768294326122,0.0012857240101831035,0.0012856249854192234,0.0012855759720124397,0.22981387089699537
doc21,0.0006033004602920464,0.0006033158852081766,0.166695229205331,0.12341381809427839,0.1713988146890533,0.0006032785878057383,0.0006033523359143671,0.5360788907421168
doc22,0.0006106668555415182,0.0006105675552995347,0.7867165513337959,0.0006106455873757659,0.0006107038031946901,0.0006106773422857,0.0006107082576186264,0.2096194792648884
doc23,0.0012694112009739094,0.0012691741113141934,0.0012696945078573732,0.0012694761491110344,0.8726842138064752,0.001269565230962545,0.0012694711365837201,0.11969899385672206
doc24,0.00045298363911475456,0.00045294683690333935,0.10575730577750593,0.00045304682492796364,0.16405765200291522,0.5062399525525203,0.07474484832252397,0.14784126404358858
doc25,0.07408126937619124,0.0004955932566226387,0.4438722962615826,0.22019301129670302,0.0004956404805904668,0.0004957145964851379,0.1615316249948119,0.09883484973701309
doc26,0.08295938204725006,0.0004259913929965802,0.0004260185283773969,0.5648492050117937,0.1010788816479718,0.00042598254375781274,0.08543440895026645,0.16440012987758623
doc27,0.001454072638811649,0.14708108806398928,0.0014540487824390212,0.2721372577285781,0.2028581368165863,0.31220583991051465,0.06135549577564611,0.0014540602834347462
doc28,0.0021838862562995384,0.0021838748888191543,0.0021841287096609455,0.20737211928030747,0.24248309294689507,0.0021838768020518563,0.002183885734992827,0.5392251353809732
doc29,0.0014539363395049457,0.0014537131108704568,0.24279374285329314,0.060187664340991515,0.0014538124321409466,0.0014538548071122712,0.001454027879173793,0.6897492482369127
doc30,0.0010022158604138809,0.0010022525972060749,0.28283074875214026,0.0010022828753627456,0.0010023024246117462,0.3670234559407012,0.07737036936148393,0.26876637218807997
doc31,0.051760535509650124,0.023587660628617432,0.3247463227340037,0.34042131701352524,0.001520331254339221,0.0015202590051527013,0.0015201879429024292,0.25492338591180924
doc32,0.0008212197384737274,0.02181207155141873,0.12901209898889945,0.0008212615182411364,0.29628608505309334,0.0008213001259838598,0.0008213487324640329,0.5496046142914258
doc33,0.17510488938180224,0.0014329369151589346,0.22624441969561862,0.20789948867036961,0.0014329357572703443,0.0014329415968358662,0.2265871577623448,0.15986523022059965
doc34,0.0021838826530134105,0.002183660579774442,0.0021843132280763805,0.0021839185300589676,0.002183807277023976,0.48974182223210405,0.49715446510460093,0.0021841303953477474
doc35,0.07968087130830635,0.000878863251364905,0.48246827719684293,0.36215622917704726,0.07217870593307639,0.0008790303346655325,0.0008789781080069172,0.0008790446906896987
doc36,0.0004722494857744437,0.017977318050729437,0.8978328396091063,0.08182860150834959,0.00047222170204821914,0.00047220842196917147,0.00047231916016563544,0.00047224206185712776
doc37,0.19408833089571198,0.0015434531795625057,0.5381983984519657,0.14916172428601185,0.11237696537605779,0.0015436060382936492,0.001543693534807768,0.0015438282375887637
doc38,0.08110346779627484,0.0008145555861818622,0.4632590231036693,0.4515648527524278,0.0008144896531302721,0.0008145239935656893,0.0008145329636123968,0.0008145541511378444
doc39,0.0013553077799582924,0.001355299568762997,0.0570093351043746,0.0013552770768725856,0.3532531273691247,0.4437590570542646,0.001355360972067314,0.14055723507457488
doc40,0.0005961425137627959,0.058266697787840264,0.0005960503542585932,0.0005961238935600361,0.2479612469351514,0.0005961234946115438,0.0005960950397397498,0.6907915199810757
doc41,0.03996588620502948,0.00043909848443342075,0.3515295807496481,0.00043909772739057865,0.41216474302082345,0.19458341034470583,0.00043906308378806466,0.00043912038418110884
doc42,0.000532608379164895,0.0005325580204326738,0.6855519067457563,0.31125239746088995,0.0005326643384939349,0.0005325799553326693,0.0005325839046478889,0.0005327011952816912
doc43,0.24653187025464895,0.0007531574981686066,0.0007532261302084441,0.10583850853514432,0.3904956345094334,0.0007531914285342506,0.0007532022314935148,0.2541212094123683
doc44,0.0011263972007746856,0.0011262976896063395,0.0011263193600678165,0.0011263306997755951,0.9921155815979357,0.0011262506561854596,0.0011262881919704025,0.0011265346036841224
doc45,0.004033093773359047,0.004032336032406652,0.004032552387498361,0.004033575496081624,0.004032828376396943,0.004032544422867926,0.9717703350397933,0.004032734471596213
doc46,0.0009635859892998003,0.0009635507495398757,0.43353396636128716,0.4572559825772182,0.10439218675343502,0.0009635466000759817,0.0009635768301644613,0.0009636041389794736
doc47,0.0016451656773155568,0.0016450387622234755,0.15762888087481716,0.001645013532855051,0.640264085546983,0.0016452465026871254,0.0016451815649857473,0.19388138753813292
doc48,0.0004052527183263244,0.000405237102448188,0.31311999728413437,0.0004052754804267322,0.00040527500485273684,0.0004052972882170078,0.5692575318561118,0.11559613326548285
doc49,0.0008789399210919637,0.0008789339499487472,0.0008790167591799591,0.00087893307648798,0.38148187244350135,0.0008789983014246573,0.5337933078896308,0.08032999765873458
doc50,0.0006106238521389818,0.0006105960118991316,0.16292556572504063,0.0006106358197424377,0.37096806820980005,0.0006106674511498011,0.0006106919165119772,0.463053151013717
doc51,0.0020497487861561615,0.002049363900687743,0.002049858787954631,0.20469589580314518,0.002049535116100064,0.0020501155069850108,0.7830054040012424,0.0020500780977287633
doc52,0.00239316528578047,0.002393181362982349,0.002393220495290162,0.0023925972398937323,0.002393107929590992,0.399747559658801,0.44865358102869746,0.13963358699896375
doc53,0.19184638864092451,0.0010021998802918982,0.1828891402086278,0.001002317812870181,0.47859362901087427,0.0010021612306924464,0.142661820764193,0.0010023424515259085
doc54,0.0023369957870417045,0.0023366174095510537,0.11774787179493704,0.1604944863494072,0.002337433908955145,0.0023368416980518772,0.0023375533799727126,0.7100721996720832
doc55,0.0011936332176715064,0.0011935435825780835,0.2527751952514252,0.001193711869107499,0.0011935338685657988,0.0011936666209530118,0.7400631860970639,0.0011935294926350409
doc56,0.1476024877476177,0.002336915726338047,0.0023370202273427154,0.0023369645000019383,0.002336987704964012,0.4459904816855366,0.3947220561852412,0.002337086222957818
doc57,0.0005006303288534417,0.0005005679445406817,0.08581570258722504,0.0005006727021536062,0.0005006238651628998,0.0005006425969269866,0.39557168506341955,0.5161094749117178
doc58,0.0011393325159214345,0.0794384536446646,0.19515180954747519,0.0011392977506193532,0.18793301807112114,0.0011392692920735258,0.5329196504038841,0.0011391687742405303
doc59,0.0007156070294817081,0.000715476786742076,0.21445564317384147,0.000715507280032837,0.19261581776913342,0.0007154619683047604,0.0007154907143259428,0.589350995278138
doc60,0.0008564503397125954,0.0008563519764953226,0.0008564031756905116,0.0008563910256034854,0.0008563788078995275,0.5418828643112588,0.4529788383733344,0.0008563219900053333
doc61,0.0014974815217270593,0.0014971591397014408,0.0014972689134021442,0.43612162124638226,0.16509277547437576,0.0014972008432161154,0.3912991509102109,0.0014973419509843112
doc62,0.1889912844874624,0.008475384681241547,0.7601523057711632,0.008477240816965112,0.008476104731664059,0.008476174036801716,0.008475607406620508,0.008475898068081366
doc63,0.0011658158398087568,0.11041075857628806,0.811759938348786,0.0011658417595228321,0.0720004706724208,0.001165785647432892,0.0011657496797778922,0.00116563947596285
doc64,0.17983037490736753,0.07980981614498096,0.0035985885591814106,0.7223695982447714,0.0035981273001420137,0.0035977742625292134,0.003597937657140882,0.0035977829238864915
doc65,0.0011795497444070104,0.0011795888693773855,0.24699575879976768,0.0011795662837269657,0.1386661075367476,0.001179564200051556,0.1730444254652326,0.43657543910068924
doc66,0.0017305903953753732,0.15206446027860124,0.7005883381520315,0.0017306028668920652,0.0017306780386866566,0.0017306297321802494,0.1386942626628913,0.0017304378733415003
doc67,0.0007531982484008612,0.03466297635817096,0.27125604470111736,0.41590275359457196,0.10710878513314817,0.0007532303652766859,0.0007531826217800707,0.1688098289775339
doc68,0.0009636202544209587,0.9932545059637884,0.0009636256299545325,0.0009635762275415993,0.0009636225731907142,0.0009635796906374658,0.0009638379221654755,0.0009636317383009962
doc69,0.0009636202544209587,0.9932545059637884,0.0009636256299545325,0.0009635762275415993,0.0009636225731907142,0.0009635796906374658,0.0009638379221654755,0.0009636317383009962
doc70,0.001453786962596515,0.0014536774519338022,0.13381728246937855,0.001454006589206955,0.0014538638007915057,0.4590514989484354,0.26110868100791557,0.14020720276974172
doc71,0.001700997499097698,0.0017007992747610186,0.0017012244882820228,0.0017012578891207844,0.0017010502910125445,0.17897588897475764,0.5164677384844897,0.29605104309847863
doc72,0.00200841273015355,0.00200825776792688,0.0763474375869879,0.0020085319006289066,0.00200837502727258,0.4427090926922203,0.4709013250381313,0.0020085672566784933
doc73,0.0004883880994625604,0.0004883182839285767,0.7054514824536696,0.0004883861041722145,0.2390372226111095,0.05306939539458229,0.0004883640501196323,0.0004884430029556969
doc74,0.3864263315371947,0.001519937532225738,0.0015200525576760833,0.5433989848910188,0.0015201825340503434,0.0015200328176659993,0.0015200765714684895,0.06257440155869981
doc75,0.5563550262885797,0.0027940043094110177,0.002793967052769289,0.4268806515840584,0.002794434399015382,0.0027936827583190577,0.00279385986305398,0.0027943737447932546
doc76,0.0005412730296936423,0.04899930012847913,0.0005412988600604567,0.0005413430451130325,0.8303473586196469,0.000541284719620327,0.0005412818272790448,0.11794685977010737
doc77,0.19560381407188857,0.004033071836477608,0.5157249602725529,0.2685043740791807,0.004033151388542658,0.004033258458231287,0.004034579652420858,0.0040327902407053294
doc78,0.0008420093286647881,0.0008418540861289647,0.0008420742739989937,0.0008420168968847709,0.042881293760209875,0.0008419338082030104,0.9520668509541904,0.0008419668917191362
doc79,0.06605690750773066,0.0004789774868858855,0.4231293994151044,0.22907048220670387,0.0004790214166031706,0.000479091039921898,0.17264783740539755,0.10765828352165259
doc80,0.0014329575049674787,0.0014331224800685518,0.7167343640615685,0.0014330182047211425,0.2746671886655043,0.0014331897479050067,0.0014331280213361877,0.0014330313139287612
doc81,0.6140174539744042,0.0005214835454162048,0.14512032859706409,0.0005215589261707467,0.0005215034830689244,0.0005215078918356382,0.0005215454730833022,0.2382546181089569
doc82,0.0009028611719430603,0.05798958487534284,0.6466622049691603,0.10947055230215826,0.0009028360491276375,0.0009028037346897098,0.18226633287855562,0.0009028240190226268
doc83,0.002049959664100421,0.07987706892430764,0.4691179785269282,0.0020496087552142384,0.09642707728486116,0.0020498302447798464,0.09479892720045341,0.2536295493993551
doc84,0.0013553077799582924,0.001355299568762997,0.0570093351043746,0.0013552770768725856,0.3532531273691247,0.4437590570542646,0.001355360972067314,0.14055723507457488
doc85,0.0011795679976393384,0.0011793033859444607,0.0011795121665867082,0.1525377572081256,0.001179618713032362,0.0011795672545001168,0.0011796854120091121,0.8403849878621622
doc86,0.0008080237297796676,0.0008078658207958479,0.09381630133645531,0.0008079636024625707,0.9013360344843131,0.0008079418004578163,0.0008078888626292152,0.000807980363106437
doc87,0.20131352126117133,0.0007364408404757032,0.0007365373644937516,0.03015762962041556,0.6530721794579059,0.0007365607972626228,0.11251051571457478,0.0007366149437003356
doc88,0.0013552707799633352,0.001355435296176618,0.0013554930965078709,0.7355018759958281,0.0013554264721014153,0.0013552732599822583,0.0013553052807533292,0.2563659198186873
doc89,0.0011137957665925651,0.0011137304914762061,0.16853610831227667,0.0011139341822224817,0.26847887293504186,0.3358354372579342,0.0011138080060166995,0.22269431304843937
doc90,0.09971000479657617,0.0038790766589245976,0.38567075729683226,0.495233286774454,0.0038765982390289258,0.0038764797737065536,0.0038770400425907504,0.003876756417886649
doc91,0.003877197330903571,0.0038779772738833755,0.168873447192103,0.0038766671845976873,0.6106299482940772,0.003877045455756302,0.0038768334164856256,0.20111088385219328
doc92,0.0011139228335853148,0.0011138279421226787,0.5915843575465654,0.40173275301764844,0.0011137949130438436,0.0011137234557006285,0.001113794435881935,0.0011138258554516365
doc93,0.0009636710658351894,0.015420924941620624,0.5880926539326288,0.39166840563700606,0.0009636297148202208,0.0009635185681717314,0.0009635931246543239,0.0009636030152630763
doc94,0.292936698232185,0.0031463214605651235,0.0031454626078635936,0.0031455444669954585,0.003145340829627616,0.0031456604656963246,0.5389526624563041,0.1523823094807627
doc95,0.0013553077799582924,0.001355299568762997,0.0570093351043746,0.0013552770768725856,0.3532531273691247,0.4437590570542646,0.001355360972067314,0.14055723507457488
doc96,0.0005961425137627959,0.058266697787840264,0.0005960503542585932,0.0005961238935600361,0.2479612469351514,0.0005961234946115438,0.0005960950397397498,0.6907915199810757
doc97,0.00347289414898501,0.00347228351506971,0.003472540418971006,0.0034731157876804783,0.0034726977195229567,0.003472495636429241,0.975691393597374,0.0034725791759675985
doc98,0.0004020252275165871,0.0004020045420276619,0.00040203864703902063,0.0004020520441750752,0.6235832005608739,0.24275134920450603,0.02945873648843718,0.10259859328542455
doc99,0.0008212134332354856,0.0008211925307494472,0.0008212690599183474,0.0008212000460801573,0.399012774361139,0.0008212542139069245,0.5215649439053985,0.0753161524495721
doc100,0.11883362702453835,0.000625875003761915,0.0006259477776665531,0.0006259537094367417,0.0006259727275303502,0.0006258877993098925,0.47545353265635065,0.4025832033014055
doc101,0.1918217094614412,0.0006721438902565825,0.0006721872449348792,0.09787248710228202,0.6454244697982198,0.0006720992659628188,0.06219268061908881,0.0006722226178139594
doc102,0.0009825544599554503,0.0009824573142399216,0.000982515124983245,0.0009825022532186317,0.9442151144465901,0.04988975513599048,0.000982457846757971,0.0009826434182642074
doc103,0.001337376445562399,0.0013370366746839344,0.0013371539566069445,0.41704020967612504,0.0013371539170986078,0.0013372412717699313,0.4094954900387828,0.1667783380193705
doc104,0.0013739336985257836,0.0013738361710778277,0.0013740448681605554,0.2790632649523332,0.0013739995338641643,0.0013742452074112183,0.7126924045432087,0.0013742710254185488
doc105,0.0015434850205711594,0.0015435432024928763,0.0015435243378182455,0.0015435055096340057,0.9078369957788917,0.08290185414090663,0.0015435835995662676,0.0015435084101191867
doc106,0.20524741958042012,0.001730432319968992,0.22941966460525864,0.0017306661304288457,0.15526309576151415,0.001730554931242799,0.40314738447045234,0.0017307822007140935
doc107,0.26877961317741156,0.0004907948135793902,0.0004908652138170498,0.0346049658030812,0.6941612956956208,0.0004907807916022095,0.0004908765531246996,0.0004908079517631542
doc108,0.3089142236016397,0.0022833566639460737,0.002283711772073912,0.002283526590877821,0.002283485461353741,0.00228374906709347,0.677384381621804,0.0022835652212112086
doc109,0.08634552161085389,0.001567635794937173,0.2860720217819034,0.00156785062480246,0.0015676364749012525,0.0015677703055459902,0.6197437563030387,0.0015678071040171001
doc110,0.16364133312791854,0.1356630856387075,0.0007420218984976586,0.0007419794197978027,0.4588719024474479,0.0007421017583230379,0.0007420222610758928,0.23885555344823162
doc111,0.0022330576627683564,0.0022324770298884104,0.0022325458438606865,0.002232589018996306,0.9843716129616819,0.002232396045893197,0.0022327072560870487,0.0022326141808243025
doc112,0.0013553487990759065,0.0013552658925143554,0.0013554087007559214,0.4503185101111481,0.0013553661113026626,0.184984193760664,0.35792062989206136,0.0013552767324776557
doc113,0.40034529176976985,0.0008563047896230034,0.0008563616856548733,0.0008564077461928157,0.0008564484753334675,0.0008563150299626027,0.5187056802904869,0.07666719021297644
doc114,0.220606415594214,0.11709574190313772,0.001101716562194384,0.18753653335343612,0.3119385808367826,0.0011016126165941612,0.0011015645078681507,0.15951783462577293
doc115,0.20361102725466082,0.001089547346461581,0.0010895494716393265,0.2092596105911797,0.5816815164265631,0.0010894622827439633,0.0010896535947772386,0.0010896330319742067
doc116,0.0008491242399194713,0.0008491074954118961,0.06520112748514409,0.0008491327368986695,0.0008490459026737916,0.5375775104487124,0.14485527632739656,0.24896967536384298
doc117,0.0008564465326074859,0.0008562244791859058,0.17992235431090534,0.7823650416535549,0.033430826730122855,0.0008563430933642496,0.0008563762125477133,0.000856386987711473
doc118,0.0011522211845887574,0.0011522208341501396,0.5719262824396837,0.4211601392658972,0.0011523206443439186,0.0011522527068348165,0.0011522634038098935,0.0011522995206914367
doc119,0.189552662068408,0.01975129113829171,0.3760784084101255,0.23119205019855674,0.0014127101375086585,0.0014128811659973207,0.00141268414124886,0.17918731273986327
doc120,0.0009826770125566473,0.0387769590681185,0.4565135873549385,0.3464124209393458,0.0009826399312704301,0.1543663196031948,0.0009826901040676792,0.0009827059865075993
doc121,0.0009635077598659889,0.9932548762454949,0.0009636609612533639,0.0009636629048445272,0.0009636298917815152,0.000963501040250759,0.0009635669063735238,0.0009635942901353492
doc122,0.0015435140411836636,0.0015435809266501203,0.001543444715374134,0.0015434898146680501,0.6935153402801966,0.0015435677470605263,0.29722364411261804,0.0015434183622488494
doc123,0.0009635077598659889,0.9932548762454949,0.0009636609612533639,0.0009636629048445272,0.0009636298917815152,0.000963501040250759,0.0009635669063735238,0.0009635942901353492
doc124,0.0003451250758416054,0.012661604833663881,0.04828044635170789,0.0003451261750857997,0.17546089822167488,0.36869994003679296,0.0003451115834201114,0.39386174772181304
doc125,0.000715454707954406,0.0007153825631007976,0.19826552984491955,0.000715464776386212,0.20639473807603517,0.0007154979633441266,0.0007154474363678186,0.591762484631892
doc126,0.0010440985540817913,0.0010439168928273559,0.001044207567938856,0.001044110677138461,0.9348146271967486,0.058920781457713726,0.0010441424713180253,0.0010441151822332916
doc127,0.002959124299218002,0.0029589661959568887,0.9792868278931974,0.0029591600530307375,0.0029589844188152126,0.002958981729912101,0.0029588764550820914,0.0029590789547874648
doc128,0.0010440985540817913,0.0010439168928273559,0.001044207567938856,0.001044110677138461,0.9348146271967486,0.058920781457713726,0.0010441424713180253,0.0010441151822332916
doc129,0.0030494897322772803,0.24980082299841264,0.0030496302761865305,0.5094897552939109,0.22546198528447378,0.003049613837365865,0.0030491682309680794,0.00304953434640495
doc130,0.0035978348546403115,0.0035978987536615555,0.003598131872684932,0.5034905704794821,0.4749209997034599,0.003598130542902554,0.0035982468959219003,0.003598186897246749
doc131,0.20030244864229377,0.0005961634269921332,0.10976557398624637,0.0005961224469781084,0.6869514262229124,0.0005960585037033988,0.0005960877550608811,0.0005961190158130189
doc132,0.001433066757171845,0.001432828233807224,0.0014330529537556812,0.46306787291211743,0.132868590914585,0.0014330558568387804,0.001433255712702667,0.3968982766590214
doc133,0.06773436426157475,0.00037912070480792615,0.19858089307907137,0.4733562021588044,0.25881189259462856,0.00037916395158672073,0.0003791694752978896,0.0003791937742283917
doc134,0.49917468316519703,0.06991942071737314,0.0009193519551594637,0.0009193933408247624,0.0009193201659550901,0.28364345356980936,0.14358501745169047,0.0009193596339906244
doc135,0.0016451004642777888,0.0016451771785357648,0.0016453219956950428,0.0016462028590929771,0.8690128314708742,0.12111480513439674,0.0016455592132283326,0.0016450016838991804
doc136,0.40999098025250386,0.0009921705615727663,0.0009924334964949363,0.0009923450873584492,0.0009922899423347455,0.2050104983290489,0.3800369950362969,0.0009922872943893919
doc137,0.0017305292460780468,0.0017305380428189402,0.0017307238519296685,0.0017305480654812946,0.5572734500819371,0.001730422885691724,0.3051680976827305,0.12890569014333275
doc138,0.000902702355680857,0.09068381590069151,0.24701197876535877,0.5897272914468568,0.0009027809477841938,0.0009029044609793776,0.0009027726648510972,0.06896575345779744
doc139,0.002336927314341366,0.0023373904275021,0.2699228408896555,0.0023371358050503,0.17274040655729048,0.002336927878520369,0.0023374194900624974,0.5456509516375774
doc140,0.0020085990922196905,0.1868623737427114,0.0020084062019240646,0.08058059706413424,0.25015062233264307,0.0020084122891411114,0.0020083942446798295,0.47437259503254664
doc141,0.09596455183312494,0.0009922018532358635,0.3343362335642542,0.0009923672334068779,0.29255283141259586,0.028766889212881636,0.0009923722995386316,0.24540255259096214
doc142,0.10689893508007013,0.0011015079769517535,0.18360421246740075,0.0011016747022235807,0.23956486815771985,0.10555545300788927,0.3610717557351346,0.0011015928726102787
doc143,0.000927883137494797,0.0009277566044907681,0.3608424586326559,0.0009278830445097186,0.09390390089186987,0.0009279509430507684,0.0009278942942235737,0.5406142724517047
doc144,0.001592873714550113,0.0015926732182436974,0.0015927649214893776,0.0015927941939716877,0.0015927876833042324,0.00159274440892923,0.9888505377702458,0.0015928240892658485
doc145,0.002718105558412262,0.0027178571134539244,0.5238861756779412,0.45980547113074055,0.0027181988256067616,0.0027179760693319703,0.0027182685010685944,0.002717947123444721
doc146,0.0018592928260595578,0.001859150215718746,0.25146364712296004,0.010928209423898511,0.0018593302950508214,0.0018591954877207554,0.0018590671162054362,0.7283121075123861
doc147,0.14584946281982894,0.07668174644463574,0.0008564872733683836,0.0008563962976352846,0.5815505197076155,0.0008563976862995966,0.0008563431692125639,0.19249264660140394
doc148,0.6374742866723324,0.001101445140443661,0.0011016340213396642,0.07444833979364125,0.28256969857829034,0.0011015531240306084,0.0011015777300013181,0.0011014649399207416
doc149,0.0015929737112118818,0.025693690952613236,0.4850954307595226,0.4085205059911171,0.0015927517619220817,0.0015927070379687213,0.07431921895586249,0.0015927208297819115
doc150,0.0013740191095589118,0.001373771684979614,0.1842743197433463,0.5199766188124323,0.17085448558693056,0.001373876630989089,0.11939899356324704,0.0013739148685161916
doc151,0.24666759744219566,0.00034042482757617185,0.0003404376943831557,0.00034044044594440224,0.7512897727395488,0.0003404181200646798,0.0003404316829652252,0.00034047704732202943
doc152,0.06716024719101459,0.06367264648128142,0.05280427857930254,0.24196772970674083,0.4695835802591902,0.10421754599514114,0.00029699451353714827,0.00029697727379202933
doc153,0.28013428361780657,0.03212726548024431,0.0008866984080909908,0.0008866521869347918,0.0008866490814046601,0.0008867795693320413,0.570018070536444,0.11417360111974267
doc154,0.00125350627565719,0.0012533004009034575,0.001253372749984015,0.0012533801195942558,0.6608735676927234,0.08412204328141658,0.0012534603020315728,0.24873736917768957
doc155,0.0014125952230755938,0.001413472200919708,0.0014126438893286271,0.0014126797073092362,0.001412720823952065,0.001412602570468391,0.9901106086196135,0.0014126769653327667
doc156,0.0011016405372888548,0.0011017752198306963,0.0011016651205604912,0.0011016113805670407,0.10437484460493536,0.1389541494417193,0.4729535213867811,0.2793107923083173
doc157,0.3679584221332623,0.0014127777847286623,0.24709944342969214,0.37787811271001415,0.001412764251636556,0.0014128352231425293,0.0014129336445981948,0.0014127108229253563
doc158,0.0009454009157562141,0.0009456646862952985,0.035555543273755666,0.0009454767756342213,0.0009453773875730878,0.0009453556123533311,0.9587718160361038,0.0009453653125282953
doc159,0.1743968195103288,0.0006379165360793637,0.24992480552449015,0.3726818849996862,0.10329259216712801,0.0006379161761980455,0.09256659101282289,0.0058614740732665415
doc160,0.0011263020172784621,0.0011262296521897493,0.0011264256288712937,0.0011264478062789829,0.0011263893783292822,0.2879366509203578,0.21588080394198947,0.49055075065470505
doc161,0.0007206923944234969,0.0007205623826883377,0.0007206869321428095,0.0007206738537256065,0.06920350588746407,0.294762267970245,0.5250598812672164,0.10809172931209432
doc162,0.20740163748894647,0.0008866891928440818,0.0008866802199455991,0.31611375954248544,0.47205106328859225,0.000886656935909661,0.0008867705070839288,0.0008867428241926266
doc163,0.0008637524754289062,0.0008636873866985214,0.0008637548469164924,0.2748536915124703,0.5003445455709223,0.0008637159615583313,0.0008637622162624361,0.22048309002974284
doc164,0.0008419939490523728,0.0008418465850418829,0.0008419231810625405,0.0008420138919978908,0.19440868429404723,0.0008419142873676222,0.6216614461028303,0.17972017770860022
doc165,0.0010124987856955864,0.001012327035452391,0.35382159398439705,0.38019375770248953,0.040120398528206654,0.1090556414781524,0.11377147056820369,0.0010123119174026943
doc166,0.002577881298709099,0.0025782309615254087,0.8056707989225974,0.17886108801185951,0.0025779146514945984,0.0025779601908433297,0.002577938816875114,0.00257818714609551
doc167,0.0008946499161782723,0.0008946054605378912,0.0008946073630417294,0.0931191264372627,0.4173329622290989,0.0008945726802585802,0.1079312750150076,0.3780382008986144
doc168,0.0010440249682519874,0.0010439648824996828,0.001044203829025946,0.001044216093508678,0.0010440917668039407,0.0010441118660998487,0.9926911776970824,0.0010442088967275959
doc169,0.0006338501012151758,0.058541813406872624,0.19125253344835186,0.47103295916354454,0.1825882756356019,0.0006338046690216909,0.0006338248023766775,0.09468293877301567
doc170,0.0003060955458322489,0.012549359488289885,0.31068621545054537,0.09834879005345054,0.5194968103381905,0.0003060668871969251,0.0003060973123806135,0.058000564924113915
doc171,0.0006722567526597237,0.21601689358940324,0.14125680064874374,0.2371892562764868,0.31383931841346135,0.0006721967047708834,0.0006722082435749455,0.08968106937089937
doc172,0.13128442416252242,0.0016724564519265213,0.5181751978201222,0.09428187993784584,0.0016729119626531707,0.0016725700264801952,0.24956792801538685,0.0016726316230627045
doc173,0.0006182569635731537,0.06225939304155765,0.03830838247613485,0.8963409862894837,0.0006182566844647175,0.0006181996316734328,0.0006182544774014771,0.000618270435710901
doc174,0.2336049999222062,0.11017965820708003,0.0018942594005637553,0.0018942053953639184,0.6467440737253899,0.0018942025837307233,0.0018942316234066136,0.0018943691422588292
doc175,0.0008563466611227022,0.9940054433233249,0.000856312777727091,0.0008562938285709516,0.0008563616840917525,0.0008564624717032505,0.0008564232439611317,0.0008563560094982884
doc176,0.0008563466611227022,0.9940054433233249,0.000856312777727091,0.0008562938285709516,0.0008563616840917525,0.0008564624717032505,0.0008564232439611317,0.0008563560094982884
doc177,0.25877109671536747,0.0017305214626898997,0.0017304447203674372,0.60533292547172,0.0017306635951652059,0.0017303564442529842,0.12724366593192077,0.0017303256585162437
doc178,0.0017009469267187881,0.0017008343346190844,0.23538195187535563,0.04172537952890072,0.543425919943412,0.0017011528969340984,0.17266272108827854,0.0017010934057810957
doc179,0.34865807752194394,0.0010778677699439822,0.001077980831213328,0.05006333725124446,0.5958890622130764,0.0010779383364410793,0.0010778596318872973,0.0010778764442496206
doc180,0.06787895940640777,0.0018250490876350548,0.0018250718713687796,0.0018251289455831713,0.9211703881645626,0.001825005037081589,0.0018251775705234998,0.001825219916837442
doc181,0.0012856480436619056,0.0012855166330302096,0.0012856838466032002,0.4115351303115953,0.1522777836933632,0.0012856691296256443,0.11760043540619501,0.3134441329359256
doc182,0.06342791556287984,0.0010664173732577167,0.13111531075805782,0.0010663562120466997,0.6635767946487634,0.0010664403593357177,0.0010663800461329196,0.13761438503952583
doc183,0.1769887562724641,0.0017932743814429565,0.001792682566733693,0.16290699300062203,0.3067315452815734,0.0017929913100209072,0.3462012010010219,0.0017925561861210425
doc184,0.17855243150121242,0.1294719409684361,0.285658482730407,0.19772826519423617,0.0017304976693760217,0.0017304727574263396,0.001730706807539089,0.20339720237136696
doc185,0.0008350180827306335,0.015575122916947126,0.000834944727757021,0.045923425394709394,0.529581412117171,0.1420241537166071,0.0008349972516043494,0.2643909257924733
doc186,0.0015678236458484733,0.0015679547745494813,0.43977597265914425,0.0015678069777485212,0.5508167548439833,0.0015677349404968812,0.0015679542626026366,0.0015679978956264127
doc187,0.0008212094205264636,0.0008211367433210664,0.2438012655548158,0.5977513236404726,0.0008212258859869334,0.0008212291452487482,0.0008212074880125129,0.15434140212161587
doc188,0.0016186839223667547,0.0016184053364736108,0.0016184638547636315,0.0016186878529254355,0.47315020150443504,0.0016184653956329382,0.5171384533250148,0.0016186388083878145
doc189,0.0016184741161723406,0.001618324658281822,0.0016184763546497679,0.001618722194713568,0.0016185453373600625,0.0016183538073544306,0.9886706384592239,0.0016184650722441958
doc190,0.0008015647844714814,0.07329240590710015,0.33568064166357225,0.09351506068980589,0.494306005730299,0.0008013968369965098,0.0008014800765809168,0.0008014443111739204
doc191,0.46322872127973225,0.001520182908060424,0.0015200964125635637,0.23542922115943593,0.0015202214673986348,0.0015199797312142375,0.001520098424985119,0.2937414786166098
doc192,0.11722005946123405,0.001055454265838944,0.18574996646734776,0.001055196091027817,0.0010550450406517492,0.21676582175430253,0.32113465814396813,0.1559637987756291
doc193,0.0011659691803147455,0.0011656412964347886,0.12388193256543206,0.2141635087862207,0.0011657375849203897,0.0011658884080412801,0.2957262275027709,0.3615650946758653
doc194,0.30117018956781083,0.002717771121219807,0.6825217575516318,0.002718452010940058,0.0027177898488375193,0.0027179543350849297,0.0027180823907931345,0.0027180031736819305
doc195,0.0015928096931738394,0.12176329389682353,0.27942880401735126,0.36527319183070883,0.0015927349099179365,0.0015926907272929523,0.0015927685932891037,0.22716370633144256
doc196,0.0016727953221589533,0.0016724357083750165,0.0016727356844958078,0.0016725844694684669,0.0016726592376962062,0.504817244030408,0.48514681948451643,0.001672726062881268
doc197,0.09428828796793436,0.03451325704237671,0.20149147535183923,0.2910948538724221,0.10246583733118515,0.2728559925008709,0.0016451552495688722,0.0016451406838025814
doc198,0.0009826770125566473,0.0387769590681185,0.4565135873549385,0.3464124209393458,0.0009826399312704301,0.1543663196031948,0.0009826901040676792,0.0009827059865075993
doc199,0.2772700459520171,0.0013371805292326565,0.12789535794242046,0.33356574144760875,0.001337178643318463,0.001337235903414034,0.2559201654293025,0.0013370941526860247
doc200,0.002137986977836259,0.0021372762139121493,0.8023658922844348,0.002137689078846373,0.18480795161658997,0.0021384709978776676,0.002137597599996405,0.0021371352305064235
doc201,0.16308747416268268,0.0019689368220459635,0.7134461322610878,0.1136218917474647,0.001968837995498574,0.001968982027478048,0.0019687840044373267,0.0019689609793049163
doc202,0.8370781736914811,0.0010549485833310647,0.001055296139679956,0.0010552258280413502,0.1260298902947434,0.03161608023375165,0.0010551915200963857,0.001055193708874932
doc203,0.22972228658194993,0.02268711715024359,0.1185414433817015,0.0012534069357245299,0.6240356333923167,0.0012533312199065377,0.0012533828571152704,0.0012533984810419794
doc204,0.0014125952230755938,0.001413472200919708,0.0014126438893286271,0.0014126797073092362,0.001412720823952065,0.001412602570468391,0.9901106086196135,0.0014126769653327667
doc205,0.20361102725466082,0.001089547346461581,0.0010895494716393265,0.2092596105911797,0.5816815164265631,0.0010894622827439633,0.0010896535947772386,0.0010896330319742067
doc206,0.0010440985540817913,0.0010439168928273559,0.001044207567938856,0.001044110677138461,0.9348146271967486,0.058920781457713726,0.0010441424713180253,0.0010441151822332916
doc207,0.4014934775455205,0.0013553525854401208,0.0013552364544759863,0.09851975965729945,0.0013553074200595354,0.0013551395643502705,0.49321052037190743,0.0013552064009468255
doc208,0.0005108880679618857,0.0005108093938610685,0.11949556371435974,0.06097052178585396,0.7718456905518456,0.0005108300453953746,0.0456448115868009,0.000510884853921439
doc209,0.0008867397235333754,0.0008869485471543939,0.000886892446538515,0.00088682488675465,0.0008867174020634616,0.0008867109971675288,0.9937924175346113,0.0008867484621767595
doc210,0.3276010905854492,0.002137050237713141,0.0021371416683646856,0.002137156339563246,0.15012368476945384,0.002137504721127464,0.5115888535912876,0.002137518087040831
doc211,0.0011937225104284228,0.001193718001393256,0.4196201892189541,0.001193557620666317,0.161145699775341,0.0011936116991531698,0.0011936205096922425,0.4132658806643715
doc212,0.2927060173616231,0.0022326082253611187,0.0022328207130987393,0.5456227315878909,0.002233035138672804,0.002232728931335023,0.1505073411797611,0.002232716862257233
doc213,0.001859125158456044,0.0018590197011850258,0.0018592723262075062,0.03583117903989747,0.0018590726412818649,0.24912554362284073,0.705747729485119,0.0018590580250123518
doc214,0.23831312951718672,0.00022952307429052624,0.4180558284481941,0.0002295096153620321,0.1435139684170017,0.000229510477828402,0.00022950360777002445,0.19919902684236643
doc215,0.2030822352318124,0.0004656556834516445,0.00046567337995247915,0.00046570249912944873,0.7941237122191701,0.00046561362481988987,0.0004657439853089011,0.00046566337635505503
doc216,0.0019689841480342533,0.0019688645346778587,0.0019688863593329167,0.0019688859569479424,0.16503821259409482,0.8231481433456396,0.0019689866131888055,0.001969036448083794
doc217,0.0032470597460612254,0.0032482987313094706,0.0032477180228839943,0.0032474105230164015,0.31897091220335266,0.0032477861572533387,0.6615426283916674,0.0032481862244554517
doc218,0.22670401612230293,0.0015927505833134258,0.0015926134109143638,0.0015927322997644924,0.7637394058624248,0.001592832021522076,0.001592813997576635,0.0015928357021812321
doc219,0.2888820638160346,0.0003238932833076823,0.00032395587293868375,0.04704862087601564,0.6624496869096599,0.00032391518470304954,0.00032393719913599,0.0003239268582044124
doc220,0.2464566302968607,0.0004933675054852183,0.0004932340699463707,0.24366917842571154,0.0004932685644608232,0.0004931952313933578,0.507407860313291,0.0004932655928510117
doc221,0.4542415583542729,0.004587220850462183,0.004587724743298287,0.5182308769338253,0.00458819611645836,0.004587697950667232,0.004588622970773712,0.004588102080242057
doc222,0.0009109463929748229,0.07970936452608231,0.03939867618715903,0.1159194951959992,0.48529409541795787,0.12863518196809204,0.0009109478545957385,0.14922129245713886
doc223,0.07658939645172579,0.0008790730487950937,0.000878955051943914,0.3336856164586766,0.5853301811716527,0.0008789085069012872,0.0008788986212631021,0.0008789706890415564
doc224,0.001761157609413273,0.21955911298226813,0.46391729954725536,0.1474002731260555,0.16207910590455055,0.0017609347140367165,0.0017610638948473518,0.0017610522215730181
doc225,0.001165887224807304,0.0011657441277227168,0.3931169255728746,0.4866078459310878,0.1144462705338706,0.0011657411849929163,0.0011657894080555756,0.0011657960165885114
doc226,0.0005722492964176122,0.0005721521830183947,0.7079082901267647,0.2886585373894738,0.0005722236112027664,0.0005721610146404841,0.000572218033673948,0.0005721683448083538
doc227,0.0008419610718137599,0.0008420859299607313,0.06926632929333527,0.1351649453384405,0.00084198708240287,0.6409262114869394,0.15127453453765077,0.0008419452594567065
doc228,0.0009277517291695628,0.9935053860645032,0.0009278240890080666,0.0009278490889734581,0.0009278006876615479,0.0009277181798133389,0.0009277960134132468,0.0009278741474575158
