,topics0,topics1,topics2,topics3,topics4,topics5,topics6,topics7,topics8,topics9
doc0,0.053826658423449324,0.00046308779571730096,0.0004630480322139107,0.0004630608305803272,0.0004630722796179072,0.0004630333777807326,0.0004630490383375664,0.05138081647348683,0.4268983636266086,0.4651158101222075
doc1,0.001852312309174557,0.001852396308505005,0.00185222241145949,0.0018522995154256101,0.001851985920415863,0.874697337037725,0.0018520592795379398,0.0018522011148904387,0.0018522926645039867,0.11048489343836213
doc2,0.0032264907129955695,0.003226715027998924,0.13214767953372625,0.1177669039172613,0.003226991025249803,0.0032262577060270946,0.12853109987990913,0.43733103788628724,0.003227062844539184,0.16808976146600554
doc3,0.07509377262650986,0.0016133439036631234,0.0016134816307148256,0.07179781800384456,0.001613258260599406,0.0016132176141714421,0.0016134633430596504,0.0016133044867659163,0.5791235261360488,0.2643048139946224
doc4,0.05249995272060012,0.00033013957841836644,0.0003301172719675481,0.03586503180304558,0.0003301196607076419,0.0003301042475169447,0.0003301027424418471,0.14361596737911864,0.7660383318702244,0.00033013272595899107
doc5,0.09137135715761632,0.0004855909561227976,0.00048555126404758813,0.00048560550672324725,0.01855656871712574,0.00048553850160361193,0.010609982774125863,0.7670785887337636,0.00048561518702612034,0.10995560120184505
doc6,0.29093353549762124,0.0041683121818509635,0.06473457584778793,0.004167772404042427,0.004168367410706856,0.004167996239386817,0.004168483001950314,0.6151553947638102,0.004167809808784737,0.004167752844058525
doc7,0.1813425241468862,0.0008931460076291352,0.0008930735385013947,0.00089313380794759,0.11993770290142106,0.0008930880882879994,0.0008930922189839876,0.0008930291725351252,0.0008930545275119148,0.6924681555902956
doc8,0.21981706436367582,0.0008852801608933671,0.0008851656555148387,0.0008851172688546745,0.0008852418069785332,0.0008851920883948291,0.00088522499033742,0.0008855016286293502,0.21337672536556823,0.5606094866711531
doc9,0.15709857492307736,0.45992186345157593,0.0017548242167380933,0.0017549179053733411,0.0017551044258769318,0.0017549490422490645,0.20897798092341432,0.0017550113158019726,0.04767298103022973,0.11755379276566322
doc10,0.25586321450512045,0.5131909491233297,0.0011238853707781432,0.0011237787839412127,0.06860146428615864,0.0011238240466320472,0.0011238203534439176,0.0011240631400710002,0.0011238918427140187,0.15560110854781067
doc11,0.41615565269184035,0.000585014962174025,0.5791650246078257,0.0005849128048452808,0.0005848893309561753,0.0005848891789048823,0.0005848629995625405,0.0005849572191611787,0.0005849342506987784,0.0005848619540309557
doc12,0.08422726869582935,0.0008477497551908307,0.1517841015846266,0.0008475920242894049,0.015999340935510923,0.7429032723105793,0.000847649213104408,0.0008476679163248054,0.0008476185842156169,0.0008477389803287127
doc13,0.0009092840733616944,0.0009092285819500129,0.0009091763559758488,0.0009092659783731841,0.0009092497652070111,0.0009093537670025971,0.9918167135237818,0.0009092332394792897,0.0009092269401495667,0.0009092677747190028
doc14,0.0009092840733616944,0.0009092285819500129,0.0009091763559758488,0.0009092659783731841,0.0009092497652070111,0.0009093537670025971,0.9918167135237818,0.0009092332394792897,0.0009092269401495667,0.0009092677747190028
doc15,0.2779856653340476,0.34492131897474076,0.0023260788107174607,0.002326130166017584,0.0023260169360774566,0.17235223360587482,0.002325890661777124,0.002326144242099384,0.002326218047791282,0.19078430322085657
doc16,0.0007754638378209187,0.1087640433651728,0.0007754442239786019,0.2475914294263455,0.2726913215718643,0.0007754050122851803,0.0007753326049676327,0.0007753800694393977,0.12852598059279638,0.23855019929532917
doc17,0.0008198922923876177,0.16601423251515568,0.0008198252019327,0.0008199251013777128,0.0008198737322834214,0.0008199410333486892,0.0008198229962877524,0.0008198488856769626,0.6311633660083334,0.19708327223321595
doc18,0.3213372386764195,0.15375886362046504,0.23452534462029614,0.07934578422786323,0.16386653233138412,0.0009094024718782513,0.0009094388621682263,0.0009093473506541066,0.04352863382031707,0.0009094140185543989
doc19,0.23542236589924936,0.000565154522372974,0.17264044948229398,0.24301672953405995,0.27322665052930933,0.000565063623194798,0.0005650736110888949,0.07286834591359016,0.0005650733338422462,0.0005650935509982993
doc20,0.0034495207137929217,0.8024378209759581,0.16997078611528127,0.0034490082513665117,0.0034487909940493482,0.003448830164548392,0.003448385192787663,0.0034491756095814553,0.0034486054962755775,0.0034490764863587806
doc21,0.001429104558987416,0.30221386330550426,0.0014289064353433334,0.25790647930549654,0.23170081843329646,0.0014288178211410926,0.0014289720456379998,0.0014288951384578133,0.06517596280707565,0.1358581801490593
doc22,0.003030894201247214,0.8735389556421974,0.003030923323108992,0.0030309863310724566,0.0030305168591087455,0.10221565516459032,0.0030305227803507566,0.0030304685811209883,0.003030604905539725,0.003030472211663447
doc23,0.0008697968497313962,0.04965746616124812,0.0008697492242370466,0.02575448746383778,0.0008697114255597279,0.8693982905525665,0.0008697333303415413,0.049971110804454016,0.0008697891003257157,0.0008698650876981465
doc24,0.001639831286171357,0.0016399217902561595,0.0016398391563812885,0.09491450862713983,0.0016396368378418019,0.8557523949308176,0.037854592221367285,0.0016400295515862262,0.0016396248351326099,0.0016396207633059612
doc25,0.40176294993992745,0.5685989147369549,0.003705013415440858,0.0037045796685836246,0.003703919577148888,0.0037049727626467426,0.0037042152516266447,0.0037052379552186612,0.0037051829106038658,0.0037050137818484268
doc26,0.20360978852110737,0.001219858992291227,0.0012197804400056608,0.0012198227104598398,0.0012197381572198972,0.19393568496268263,0.0012198743633332152,0.5939156634897531,0.001220021959981102,0.0012197664031660487
doc27,0.1475024250265559,0.0010419440592643622,0.05163935978472127,0.0010419612471706653,0.0010418762401740518,0.17154734673137825,0.0010418656327606632,0.4677073824962245,0.0010418667719040056,0.1563939720098465
doc28,0.002500491936700001,0.002500594725609032,0.2947827074920725,0.0025007358260189932,0.0025004770739668627,0.27479529453663654,0.002500965636980572,0.2515843015006856,0.16383364413391335,0.0025007871374165135
doc29,0.0025644711962898073,0.0025646475931479433,0.002564445473955168,0.0025644511439937598,0.0025644903846828307,0.0927770564961414,0.002564525247706408,0.2701686399794796,0.61910258900997,0.002564683474633093
doc30,0.0004525762423418275,0.00661540087969979,0.7993803912094287,0.0004526251655544095,0.00045262011535228256,0.049767981856633066,0.025365104198738005,0.00045263665946681825,0.11660806107123001,0.0004526026015552184
doc31,0.04686688605188215,0.0004879466717020454,0.22689919063808767,0.3088171672587255,0.0004879260488232981,0.27404881035594536,0.0004879065544354683,0.14092829485236127,0.0004879064514615056,0.00048796511657570404
doc32,0.0010528567722135674,0.23305023089206978,0.0010528287390757247,0.06218167931208538,0.359335791642412,0.18668925996199695,0.09366283348279805,0.0010528495126763593,0.0010528985198080616,0.060868771164864326
doc33,0.0011498433612381102,0.0011498477094884928,0.0011497238945897836,0.3005835794033865,0.15016043482526262,0.0011496004848968924,0.0011495386679017821,0.5412080447756902,0.0011496645133193528,0.0011497223642263621
doc34,0.0004855869387582862,0.00048553241190353954,0.0004855730914309088,0.00048555060881477085,0.0004855254157187744,0.9197409214233079,0.00048552343788061585,0.07637465734188997,0.00048555769121600806,0.00048557163907929905
doc35,0.11589152207338416,0.10405489581391437,0.1544737758866892,0.0012503074711960858,0.0012503437721198092,0.00125045157773578,0.0012503096332927663,0.08928155526914851,0.30037793227723164,0.23091890622528768
doc36,0.0012991676779514861,0.001299095673678492,0.0012994486986152595,0.18491874826693727,0.05803537755376116,0.0012991832899561693,0.0012993461797439017,0.14724749728467454,0.3545947801267175,0.24870735524796417
doc37,0.0008267307547918777,0.0008266976606757445,0.17997600367029046,0.30999841879643997,0.041753312812526346,0.0008267208920396987,0.0008265796962741314,0.46331219335192847,0.0008266625740017583,0.0008266797910315562
doc38,0.16410861571226573,0.4438740303219975,0.0008697970742121768,0.0008697763107429432,0.05401250239608726,0.27074440631309016,0.0008699653815860594,0.0008697587073677311,0.06291140927391717,0.0008697385087330895
doc39,0.002632322818450612,0.0026321451041166383,0.0026321695284104597,0.16465198835492217,0.002631884419707964,0.7225321037018859,0.09438995272989084,0.0026322126010628467,0.0026329036329367657,0.0026323171086157808
doc40,0.4243117629617122,0.0015388692775866397,0.18595984524150444,0.2647957395124824,0.001538868763281867,0.001538851403684639,0.0015391290473521703,0.0015388589684645025,0.0015387668326557855,0.11569930799127541
doc41,0.19855316311026172,0.09655024585906122,0.18828888792232215,0.164693812786809,0.17382530579456396,0.000621263687852093,0.0006211755895905078,0.03523969560897314,0.1409852239239219,0.0006212257166441979
doc42,0.0011367766796523983,0.24757027489657332,0.0011366581573783654,0.3444259501800451,0.0011367620855687107,0.0011366570923382875,0.0011365113693069333,0.001136648586049828,0.0011366184880251848,0.4000471424650619
doc43,0.0005406329536434041,0.7160555894741308,0.0005406301308077279,0.0005407260957056524,0.23114890606910568,0.0005407197763975414,0.049010727509239974,0.000540659818382875,0.0005407014814158578,0.0005407066911704604
doc44,0.0010755692764816257,0.0010756101010170852,0.16989819144067259,0.0010754784152519105,0.0010754665266535556,0.0010754793348207357,0.0010754689911577427,0.6887320754676388,0.1338411821852436,0.0010754782610621994
doc45,0.002083871928784654,0.0020837627485463623,0.7761902269162254,0.0020837128092548317,0.1170919786714446,0.0020836907926852777,0.09213142873594878,0.0020839580100920213,0.002083670831718096,0.002083698555300124
doc46,0.16123363162408802,0.0018524536405039053,0.0018522120150441228,0.07998676163977635,0.0018521923377610458,0.1321466782696839,0.0018521462735406162,0.49282658840266313,0.0018526955198008347,0.12454464027713805
doc47,0.41615565269184035,0.000585014962174025,0.5791650246078257,0.0005849128048452808,0.0005848893309561753,0.0005848891789048823,0.0005848629995625405,0.0005849572191611787,0.0005849342506987784,0.0005848619540309557
doc48,0.0017244394456853317,0.4335885424594444,0.001724427502236478,0.001724480546442481,0.0017246721023260944,0.0017246252308465344,0.001724287039135308,0.11408491396298891,0.44025516605472875,0.0017244456561656863
doc49,0.3721357654831011,0.22201298105010475,0.22889841892484453,0.06981405146427438,0.0010872795977193528,0.08325774846937098,0.0010872050542383431,0.0010873484374548385,0.001087367838614588,0.019531833680277198
doc50,0.0009093468947560758,0.0009092691497970783,0.0009094100196402328,0.246923325468612,0.0009091797424074154,0.0009092575741710677,0.0009091567648940772,0.0009092722139916993,0.24503359434286182,0.5016781878288685
doc51,0.0008002036601388723,0.5226352475027957,0.000800205996560057,0.0008001762794929188,0.0008002487640181106,0.0008001511829382472,0.0008002845847577125,0.0008001650794482761,0.0008001807849263985,0.47096313616492375
doc52,0.41062111635257764,0.10048747177853681,0.015344863984557793,0.0005000950537706275,0.0005001338980395859,0.0005001445932106775,0.0005001532825157232,0.41497935502731276,0.016993936536855006,0.03957272949262331
doc53,0.0013701529060136549,0.0013702853057556783,0.001370043151435812,0.16947684417109726,0.0013704813867941941,0.0013702281050208124,0.047678201450181854,0.0013702342654218222,0.0013704170580278222,0.7732531122002512
doc54,0.22163529147425287,0.0002667354004885442,0.43802741312672855,0.09423152410600788,0.0002667522920668085,0.00026674146524685295,0.019839626078675343,0.1603377904673331,0.019153172916573882,0.04597495267262616
doc55,0.3031637193359375,0.280104848634244,0.0012990781074240787,0.0012989636662721438,0.0012993140179577117,0.1504972745045414,0.04304592708418252,0.21669283026332678,0.0012989729766808018,0.0012990714094333591
doc56,0.0005716019609250509,0.0005715761115652767,0.000571550859587842,0.14691760162072237,0.0005715571235957532,0.2542625895373341,0.0005715219024860027,0.567693220469327,0.0005715885613512768,0.02769719185310517
doc57,0.0010756234976330684,0.001075586342130392,0.001075572917244077,0.0010755897142022083,0.434404841912275,0.001075502335866733,0.0010753691779174302,0.0010755376936601104,0.14869756034824763,0.4093688160608232
doc58,0.0007694339392178961,0.15028148347982156,0.030044448444040996,0.0007694493921160005,0.0007695272383857712,0.0007694866723344325,0.0007695033066619539,0.0007694909791958411,0.814287726584547,0.0007694499636786908
doc59,0.0030313939279907488,0.0030312849750820715,0.003030800120830115,0.003030831659523861,0.003031379576497804,0.003030890442297765,0.0030314755976061578,0.20732606279794244,0.7684247340320077,0.0030311468702213765
doc60,0.23008012003792166,0.3815601612926068,0.0017246249933562934,0.001724384389291507,0.0017247594062765352,0.1479363545796215,0.001724696568230073,0.23007574700328023,0.0017245715272583531,0.001724580202157038
doc61,0.0009527772705535212,0.0009527038822840032,0.0009526615426601253,0.0009526824181246287,0.06047693603140518,0.0009525672574118149,0.0009526465361934295,0.0009526593700243922,0.8367634244428768,0.09609094124846608
doc62,0.5089548105282873,0.0017247074946370384,0.0017244950054180971,0.09948325458944579,0.0017246996465630296,0.0017244045361951388,0.0017244352428444699,0.0017245914541714955,0.22900146024416676,0.15221314125827098
doc63,0.00135159360027757,0.0013517474763873978,0.031888714814578195,0.0013517856345567991,0.6310842906769989,0.0013518554990473483,0.0013517526816400657,0.0013516208858336113,0.22724790099009565,0.10166873774058449
doc64,0.0011495627053705456,0.062348439557012324,0.0011497245608942904,0.001149668687468859,0.001149640727883153,0.0011495446266752943,0.0011497265804410182,0.001149608375867207,0.001149587806649442,0.9284544963717378
doc65,0.1813425241468862,0.0008931460076291352,0.0008930735385013947,0.00089313380794759,0.11993770290142106,0.0008930880882879994,0.0008930922189839876,0.0008930291725351252,0.0008930545275119148,0.6924681555902956
doc66,0.5875682555184982,0.00031162253696826185,0.00031158393467614837,0.1416585485885651,0.012171304668317992,0.07328502211855081,0.00031162516992715324,0.14264116574991595,0.0003116256544145666,0.0414292460601657
doc67,0.0009092840733616944,0.0009092285819500129,0.0009091763559758488,0.0009092659783731841,0.0009092497652070111,0.0009093537670025971,0.9918167135237818,0.0009092332394792897,0.0009092269401495667,0.0009092677747190028
doc68,0.0009092840733616944,0.0009092285819500129,0.0009091763559758488,0.0009092659783731841,0.0009092497652070111,0.0009093537670025971,0.9918167135237818,0.0009092332394792897,0.0009092269401495667,0.0009092677747190028
doc69,0.00250051046231747,0.0025004297207980226,0.002500885974135857,0.09643840421203052,0.002500657583176967,0.8835563557117624,0.002500648238497515,0.0025008129620232317,0.00250057006447022,0.002500725070788051
doc70,0.2030707767652524,0.2608989416650545,0.13256629818575208,0.002439260314853779,0.0024394990509044425,0.388826569874382,0.0024397359118759026,0.0024396707972983746,0.0024396537300559384,0.002439593704570622
doc71,0.20417741081821175,0.3463568970429996,0.0023261829643525427,0.002326038222330667,0.0023263888806986563,0.0023261423479856358,0.002325844680051701,0.11019375058004728,0.3253153897875124,0.0023259546758096837
doc72,0.0009177056876275691,0.10357805134658171,0.0009177159273377584,0.05747419544139324,0.0009176520435111398,0.05479059097400524,0.0009177124905573624,0.5185544877370625,0.0009177039276433856,0.2610141844242801
doc73,0.0008266401946882767,0.2745547909336354,0.09259627085945998,0.1794736180787397,0.0008267159141681498,0.0008265648746697435,0.0008266823502049808,0.32911197392877384,0.0008266290054006466,0.1201301138602592
doc74,0.0021746963442501456,0.0021746708978421024,0.0021745083058766997,0.28130062742043144,0.002174669490469016,0.0021742992769892525,0.0021742995325585105,0.7013028099569382,0.002174877484259523,0.0021745412903851425
doc75,0.4458772774726255,0.3434891309804365,0.050178652974737226,0.06587140032779291,0.0011366332316836583,0.0011367814507186713,0.0011364846552431626,0.0011366896174195827,0.08890021882544888,0.0011367304638939533
doc76,0.0011239807023897207,0.0011238914602800802,0.17989982826072054,0.0011238023680084188,0.0011238665801508432,0.10565220467235728,0.001123710594415933,0.24596550690301958,0.46173924743527606,0.0011239610233816507
doc77,0.0018872576484311257,0.00188720831341286,0.001887191151301138,0.19133428085238333,0.0018873510668425604,0.6603427684070177,0.0018870404243019286,0.0018872792924409067,0.0018872736750170276,0.1351123491688514
doc78,0.4784784082953577,0.1697808973090197,0.0008066278746631981,0.0008067032637912497,0.0008066958858066826,0.0008066334731120056,0.0008066378434632895,0.16020169075694704,0.1866990390049235,0.0008066662929156149
doc79,0.0005378007879067649,0.0005378083381474783,0.4189271180624996,0.14938969537262253,0.0005377896425084636,0.0005377448214974238,0.0005378185240469302,0.13168369710603745,0.29677274296240586,0.0005377843823272968
doc80,0.001923687457635294,0.29467543370044,0.0019234263275463139,0.0019233767370648574,0.0019238516878754813,0.0019234622395459652,0.001923444443469505,0.6899361074109367,0.0019235030772410272,0.001923706918244742
doc81,0.0026322318479754993,0.2400108598459876,0.002632535822610562,0.0026321474679043737,0.0026320005550284813,0.28867802105640183,0.0026319202004536674,0.00263203129406203,0.0736379698918206,0.3818802820177553
doc82,0.0008931654023751381,0.6238735454367467,0.0008930748630142126,0.000893159171524017,0.0008930448883764304,0.0008930405470874002,0.0008930729968182842,0.0008930321478639034,0.368981826515052,0.0008930380311419444
doc83,0.15293764136764948,0.0017549173107631072,0.0017548294374280364,0.001755006661697706,0.0017549874101128284,0.00175476060177242,0.0017547131077691113,0.0017549256211738618,0.3586604264051614,0.4761177920764721
doc84,0.0014497599960164177,0.0014497874085792506,0.0014497044288255068,0.0014495493114038028,0.0014496371789553823,0.0014496006813157593,0.14514226123830942,0.17739702917501254,0.6673130247648619,0.0014496458167199545
doc85,0.1407598774809257,0.16430369849302362,0.0007144486743385089,0.0007144898201128545,0.0007144845214887999,0.0007144443507899751,0.0007143815689532142,0.6045565074854952,0.0007144362981633025,0.08609323130670878
doc86,0.2851504352179042,0.001961327994940024,0.24088265210295615,0.11188730420469585,0.0019611787511592802,0.001961296703391884,0.001961103559659105,0.18752984799932945,0.16474353900052216,0.0019613144654419103
doc87,0.24854151620586368,0.2165025948759017,0.001282476399913844,0.001282387175407818,0.0012823093792405525,0.0012822700821602559,0.001282287219006109,0.5259792888800475,0.0012824025114436385,0.0012824672710148616
doc88,0.0020416437862948137,0.16130369308513678,0.28220620562929566,0.3313882864909321,0.002041329115505424,0.0020414929791598454,0.0020410450822339475,0.21285345975639589,0.002041574088048866,0.0020412699869966936
doc89,0.6632753951247925,0.0011238474963693817,0.05570671149550663,0.0011238496656117848,0.0011239481270435528,0.0011238943934536046,0.0011238377564099446,0.09012730948514029,0.08886625236329973,0.0964049540923726
doc90,0.001666990271655338,0.1406746431837481,0.11124787923979175,0.0016669925035844254,0.3301600311328548,0.20272657585421433,0.20685560011191945,0.0016673393306948627,0.001666867318976444,0.0016670810525604436
doc91,0.0005849118485553442,0.0005848904612097872,0.0005848621425801745,0.9947361308478719,0.0005848530769035679,0.0005848898690770069,0.0005848411387563171,0.0005848600604818066,0.0005848975854126172,0.0005848629691514221
doc92,0.4404205935052201,0.40228459917187454,0.15232912463658702,0.0007093529970094517,0.0007093557827345519,0.0007093452097232686,0.0007095260636246221,0.0007093556229404066,0.0007093923880335021,0.0007093546222524845
doc93,0.0006624524438702009,0.2686736266481742,0.0006624175211578445,0.000662402870066399,0.0006625030563556993,0.12417816457917823,0.023943548981196546,0.0006624302362986856,0.466476208835456,0.11341624482824608
doc94,0.4630724303593437,0.11641652445665855,0.3732729555305765,0.0007814312202415954,0.04254903212036427,0.0007819277726750432,0.000781395618221885,0.0007814487841348687,0.0007814210063255232,0.0007814331314580596
doc95,0.0005406329536434041,0.7160555894741308,0.0005406301308077279,0.0005407260957056524,0.23114890606910568,0.0005407197763975414,0.049010727509239974,0.000540659818382875,0.0005407014814158578,0.0005407066911704604
doc96,0.006251331487450124,0.9437373903511453,0.006251018610239923,0.006250796626770364,0.006250562510085716,0.0062518686397932165,0.006250811064601704,0.006252550133199331,0.006251970585814306,0.006251699990900077
doc97,0.0004855869387582862,0.00048553241190353954,0.0004855730914309088,0.00048555060881477085,0.0004855254157187744,0.9197409214233079,0.00048552343788061585,0.07637465734188997,0.00048555769121600806,0.00048557163907929905
doc98,0.1627746736204248,0.21856361099469865,0.0008198911087303281,0.0008199073064863582,0.12926847836867722,0.0008199261930381548,0.0008197583634044305,0.000819799298270634,0.0008198368182152379,0.4844741179280541
doc99,0.0014497471032659235,0.0873661152340908,0.4262481562785571,0.0014495982394467238,0.001449503071707428,0.0014495415004247903,0.0014495813245843934,0.0014495366144747603,0.47623842481993245,0.0014497958135157032
doc100,0.07180891838015574,0.29182585634752606,0.0005264347955618152,0.4940756558848873,0.05732807643716085,0.0005264049444664463,0.0005263895631665934,0.0005264272614079963,0.024826834093595977,0.05802900229207134
doc101,0.1763841240827867,0.18974362091260347,0.000934906183517016,0.16616002322743295,0.0009349069519007735,0.0009348970531739983,0.0009347350820247179,0.02763052360546229,0.3229202655290274,0.11342199737207075
doc102,0.2585574306018736,0.001562842900848685,0.49019655879989854,0.0015628351175897782,0.0015628751178811992,0.00156296976772143,0.0015634854231039426,0.24030544906640303,0.0015627635399094782,0.0015627896647703414
doc103,0.053826658423449324,0.00046308779571730096,0.0004630480322139107,0.0004630608305803272,0.0004630722796179072,0.0004630333777807326,0.0004630490383375664,0.05138081647348683,0.4268983636266086,0.4651158101222075
doc104,0.0008198922923876177,0.16601423251515568,0.0008198252019327,0.0008199251013777128,0.0008198737322834214,0.0008199410333486892,0.0008198229962877524,0.0008198488856769626,0.6311633660083334,0.19708327223321595
doc105,0.001333703070587397,0.09675756668343131,0.5371912737257637,0.0013337003021296006,0.0013337985771951029,0.0013336540107581024,0.001333659650476487,0.0013337997817800236,0.35671513157150986,0.0013337126263682883
doc106,0.36250240008808404,0.0034491755175530127,0.0034490594949429733,0.06463561043675488,0.0034491655569327513,0.5487172997317156,0.003448617343788236,0.003449703940062424,0.0034490004682602533,0.0034499674219059017
doc107,0.0003788578272491607,0.1166942884291846,0.020336481837700194,0.44768940908316507,0.0003788868273133807,0.00037889511345061953,0.0003788720959022196,0.09827190847794054,0.008324438109901714,0.3071679621981923
doc108,0.06545607409869787,0.001020751465373936,0.0010207481937794438,0.0010206143461922287,0.0010207183039765255,0.001020597442249929,0.0010205033475746959,0.2746422330954932,0.0010206070169871298,0.652757152689675
doc109,0.26749793568950747,0.0009436565211414262,0.5177796216939053,0.04085859529788898,0.0009436589376428345,0.0009436108927135285,0.0009437691190563872,0.0009436379794476617,0.16820185173263544,0.0009436621360609744
doc110,0.0006758277112416469,0.0006758455016821965,0.0006758718722768292,0.6357201488578469,0.000675788598067487,0.14459203850191132,0.0006757915365920369,0.21495702277650433,0.0006758264328392416,0.0006758382110381249
doc111,0.5305529037796517,0.00035221377348710063,0.0003521995600391083,0.19930639712285672,0.06286780145647362,0.0003522156501596741,0.017426244084205303,0.16782155568835377,0.00035223062617053543,0.020616238258602385
doc112,0.00243970279577393,0.36028006902225135,0.1142736355542146,0.0024395843034358657,0.0024395600425276384,0.0024392419869002494,0.002439197271509125,0.0024393783609034042,0.5083699466320608,0.0024396840304230717
doc113,0.0014711150164422849,0.32371691260001983,0.001470894537185036,0.11006003247926427,0.16528157340793195,0.0014708863292057157,0.0014708158362579137,0.001471025181870968,0.11513868173470637,0.27844806287711565
doc114,0.0006897845641278254,0.29884695492397073,0.0006898409271973241,0.0006898358173609545,0.0006898446456860863,0.0006898336628402164,0.0006897978952126959,0.0006898978098988772,0.5608624756416968,0.13546173411200846
doc115,0.0020413191075482223,0.002041289846966095,0.002041188737141743,0.002041413884491614,0.12712209509187797,0.002041202232273398,0.002041119898510028,0.0020413350824827784,0.31376097622970905,0.5448280598889991
doc116,0.4109123227484842,0.003030874495182657,0.0030308317103394642,0.0030309857207295836,0.003031191659512303,0.0030310584722160945,0.0030311697320356376,0.003031328570576536,0.26081104292995133,0.3070591939609721
doc117,0.0027782508147792375,0.0027784295812225586,0.002778178109248396,0.0027780655966886908,0.0027784307800816773,0.0027790177869541767,0.09888571090117115,0.002778350326514838,0.3566707310258797,0.5249948350774596
doc118,0.25740119993544236,0.5611052144386934,0.0020839148620943925,0.0020838124185561103,0.0020834984874974964,0.0020843645505792467,0.002083694415742307,0.0020836184865558652,0.1669065811521611,0.002084101252677608
doc119,0.0007355187777704061,0.3589729536666225,0.0007354554695805985,0.10184085891119052,0.0007356470396871741,0.0007355167731298646,0.0007354625641341488,0.060485668138136384,0.14453674474686473,0.3304861739128836
doc120,0.0037044397904753335,0.3704490020457719,0.0037046698465740043,0.0037050365715669653,0.003704267464123253,0.5999156604768473,0.0037038946715284766,0.003704033365338371,0.0037040564972927524,0.0037049392704814575
doc121,0.9975866341338594,0.00026816582466616793,0.0002681437178255063,0.00026815028156098605,0.00026813238213402584,0.00026816998738726165,0.00026815158957139995,0.0002681484209433335,0.0002681612913065689,0.0002681423707452723
doc122,0.5250150770493139,0.0014290391599298899,0.00142898155340046,0.001428899377737706,0.001428942794536406,0.3983999614015364,0.0014288322340772503,0.0014289184547990178,0.0014288267654320984,0.06658252120923672
doc123,0.0009437969079306511,0.000943585280441232,0.0009436047221161397,0.0009435503297512294,0.0009438657968454852,0.0009436053938787985,0.9915074265480698,0.0009435794429748809,0.0009434707473983149,0.0009435148305934419
doc124,0.0009437969079306511,0.000943585280441232,0.0009436047221161397,0.0009435503297512294,0.0009438657968454852,0.0009436053938787985,0.9915074265480698,0.0009435794429748809,0.0009434707473983149,0.0009435148305934419
doc125,0.2754758981193936,0.0014708917672377525,0.0014713019667543384,0.13947529154493926,0.001471419737234763,0.0014708893130211452,0.025663641781975197,0.0014710886973216752,0.0014709990273718053,0.5505585780447505
doc126,0.001266122828796872,0.0012660765455531143,0.0012660977800420313,0.0012661604960628493,0.09984105427456341,0.0012660757342830159,0.0012661844046743976,0.05131445602020968,0.23554144701444957,0.6057063249013652
doc127,0.0018524961256120753,0.0018522177653882128,0.0018521533836096432,0.0018522495942064846,0.0018522433692713038,0.0018522800737460693,0.001852095625252202,0.29934885033498887,0.6858332108356514,0.0018522028922738248
doc128,0.002222789056317905,0.002223037287568281,0.0022229946756358314,0.0022232593091083236,0.0022231830751860875,0.0022227611452484554,0.0022228019060391057,0.05714349141555194,0.22441741067532014,0.7028782714540239
doc129,0.0012660724531998496,0.0012660826598980578,0.04507544703620967,0.2488472092091185,0.0012660424083263454,0.6549484812667324,0.0012660681265223165,0.0012661390721949073,0.0012662092014676842,0.04353224856633008
doc130,0.15805843242642553,0.0018874382421197444,0.0018873099886785834,0.0018870568194694248,0.16761155241067566,0.4051912271997303,0.03603177691230902,0.2236710076350429,0.0018871023953361999,0.0018870959702126128
doc131,0.0009805858039291363,0.0009806459573700765,0.0009805279294586495,0.000980607746520524,0.0009805634007665058,0.00098049578224438,0.0009805203040000896,0.000980576726300898,0.7110999242153948,0.2810555521340148
doc132,0.0013518123818618353,0.32289363031159923,0.0013515813254625366,0.0013516993364674319,0.048125115647020794,0.03244818376460306,0.0013515178459801447,0.550342495432728,0.03943222459577058,0.001351739358506634
doc133,0.0014288449778378164,0.0014288516230424055,0.0014290231811491612,0.0014287752072230768,0.09615956231641415,0.5601343228578841,0.0014288945079714344,0.2920335795593653,0.001428982875353493,0.043099162893759146
doc134,0.1446109576261782,0.17087432811292264,0.0010206821611994654,0.21253697565103027,0.0010207336873781338,0.0010206981784414682,0.0010205420970902054,0.0010207181691893185,0.0010207120737676602,0.46585365224280273
doc135,0.11580092348045613,0.0008198455028208066,0.0008198284999378024,0.0008198582013404059,0.0008199149225128654,0.0008198739904861659,0.09029985568167499,0.17726290384131513,0.6117171211392242,0.0008198747402314503
doc136,0.2845574382679703,0.0015390042789992606,0.41644170576359024,0.0015388642532363885,0.001538903932919348,0.0015388681041951892,0.0015387809033193132,0.25063490450120274,0.0015387963779808919,0.03913273361658632
doc137,0.12934341146914943,0.0011497499926302905,0.4125776361265134,0.1669201103139856,0.0011495641471584192,0.001149798915980436,0.001149675053606838,0.1688850910972544,0.0011496307707545732,0.11652533211296662
doc138,0.1693890110801602,0.001587718518615355,0.39163862698954244,0.0015879130130001355,0.0015876430758646942,0.33891157720563,0.001587419751651723,0.06481674894560523,0.027305603816884634,0.0015877376030455097
doc139,0.3887874699849434,0.0012347927832522705,0.0012348742699975729,0.0012349657842051786,0.34606926900192986,0.0012349415356086295,0.0012346612720114112,0.0012348216011160479,0.16228699550984546,0.09544720825709035
doc140,0.46137402687750234,0.002381747638913578,0.5195736746622621,0.002381404028906811,0.002381984849342128,0.002381385293688417,0.002381411291139981,0.0023815774119279034,0.0023814548382094384,0.0023813331081073124
doc141,0.0013161789736067405,0.0013162046570433206,0.0013161137509797587,0.0013160918245170108,0.0013160555296195405,0.0013161107336433643,0.08726376116362097,0.6257849654468437,0.2777385840245643,0.0013159338955611802
doc142,0.20417741081821175,0.3463568970429996,0.0023261829643525427,0.002326038222330667,0.0023263888806986563,0.0023261423479856358,0.002325844680051701,0.11019375058004728,0.3253153897875124,0.0023259546758096837
doc143,0.0011239807023897207,0.0011238914602800802,0.17989982826072054,0.0011238023680084188,0.0011238665801508432,0.10565220467235728,0.001123710594415933,0.24596550690301958,0.46173924743527606,0.0011239610233816507
doc144,0.0013893516963937999,0.001389273479779614,0.0013891631937807845,0.0013891269116671362,0.0013896747035730887,0.0013891587414908571,0.0013891395676826534,0.9874964758765078,0.001389438393124339,0.0013891974360000041
doc145,0.0012825014425379942,0.41251103546962176,0.0012823056190972323,0.0012825178952953317,0.08493969765089218,0.001282496353115723,0.18141760438240678,0.0012824659974433206,0.001282442347995368,0.31343693284159435
doc146,0.23878379620633497,0.48329666231680923,0.2673106281563221,0.001515359461770917,0.0015154870114488985,0.0015154102708219326,0.0015158829139095883,0.0015158919368309127,0.0015153826786751022,0.001515499047076319
doc147,0.0005650697648401411,0.0005650702414852354,0.0005650385296545349,0.0005650386846287128,0.9949146595154824,0.0005650086688451143,0.000565023351120836,0.0005650222667308969,0.0005650349480151909,0.000565034029197073
doc148,0.0018872576484311257,0.00188720831341286,0.001887191151301138,0.19133428085238333,0.0018873510668425604,0.6603427684070177,0.0018870404243019286,0.0018872792924409067,0.0018872736750170276,0.1351123491688514
doc149,0.001266171201936661,0.0012662519991905664,0.3266606263797412,0.15455030738466105,0.0012662446615322705,0.0012661315065193618,0.028246589774122442,0.2784645240659491,0.17995999049740102,0.02705316252894608
doc150,0.21702593485631444,0.0009437054344774315,0.000943685117134503,0.23067061063724875,0.07267466674184088,0.0009437570448795242,0.000943684478932463,0.0009436686304583165,0.0009436956500798979,0.4739665914086339
doc151,0.37127834297720996,0.14003515002728284,0.0021746922978352397,0.002174491558453607,0.1954571164385135,0.17309160424765882,0.002174321859591774,0.0021744637630934384,0.10926558339447583,0.002174233435884981
doc152,0.002500863122903709,0.22038435590129749,0.002500450401917355,0.002500565686294538,0.0025003007454821166,0.0025007922099512347,0.002500448086603209,0.7596108906604248,0.0025005969019011327,0.0025007362832244855
doc153,0.0029417514854034182,0.002941686919617437,0.19732739901348795,0.28791950317109605,0.002941627621864618,0.002942192427449445,0.00294183659731005,0.4941598210803352,0.0029421959788650254,0.0029419857045708607
doc154,0.0014929886565501935,0.20822646663994332,0.001492814200513736,0.1396947926162558,0.0014929405539610779,0.0014928596755912486,0.0014927957977306722,0.6416284745403642,0.001492933710358539,0.0014929336087314109
doc155,0.0019236778279603094,0.0019237686067120363,0.001923395721557386,0.001923891506710343,0.001923305475948178,0.03082346988758223,0.0019232177767154587,0.928079045148424,0.027632828827032434,0.001923399221357695
doc156,0.00250051046231747,0.0025004297207980226,0.002500885974135857,0.09643840421203052,0.002500657583176967,0.8835563557117624,0.002500648238497515,0.0025008129620232317,0.00250057006447022,0.002500725070788051
doc157,0.05143255344292819,0.0013702045799701983,0.32920401248372605,0.0013702642809392807,0.1699150289750111,0.44122714942579,0.0013700580654521118,0.0013703143652993217,0.0013702229710207943,0.0013701914098630977
doc158,0.06669193495315212,0.25410222800157284,0.002174215057245764,0.002174048727112488,0.002174145534005719,0.0021741886697387433,0.002174108564907936,0.6183585473148155,0.002174729919272844,0.04780185325817585
doc159,0.47741076116002135,0.19150216696630243,0.0014928343825125398,0.001492918985745942,0.07941374774791854,0.022257688625865853,0.0014937217596209256,0.22195039362210117,0.0014928797984606222,0.0014928869514508234
doc160,0.00038922033203906786,0.10433680582207816,0.12575958515892863,0.5070764574730644,0.00038921283062988795,0.0003891621569342614,0.00038916212864142295,0.00038920586460422903,0.0003892110315861801,0.2604919772014939
doc161,0.0011237720660543836,0.0011238737903009068,0.39359875406713446,0.09998761942250524,0.0011239918435442613,0.42345700816050597,0.0011239577259523324,0.0011238773709521697,0.0011238129270733138,0.07621333262597679
doc162,0.5543517523034817,0.00045466921080483696,0.00045463125039150505,0.12392198593601685,0.007935180244224302,0.0004546840221424949,0.00045468531614584006,0.0216710696494849,0.15431621322919475,0.1359851288381129
doc163,0.0009176520085503609,0.00091760688168692,0.5016783095769181,0.3945818177990407,0.06391874029289632,0.0009177245125914708,0.0009176650206667152,0.0009176106385756972,0.000917595373918942,0.03431527789515481
doc164,0.2608604211420358,0.0009092813769948575,0.0009092816663317044,0.0009093091683631054,0.0009093072651732445,0.0009092929435156427,0.00090926125484844,0.0009093022992735403,0.0009094526103100014,0.7318650902731537
doc165,0.0004927683965291551,0.04528133040164016,0.39707662606024585,0.0004927460789994157,0.0004927192624822617,0.5541929560725531,0.0004926989290459285,0.000492752663044974,0.0004926806280269163,0.0004927215074323045
doc166,0.00043678161396808,0.00043682066971026834,0.00043681442030195773,0.26380725602209587,0.0004368040050236209,0.00043675481552632884,0.0004367397428788693,0.5471001918804463,0.0004367939672308926,0.1860350428628177
doc167,0.0005619259728623944,0.0005619253426804924,0.8722113233017306,0.000562013175711383,0.0005619007033516091,0.0005620723576818586,0.0005619118173790803,0.0005619260146109852,0.12329305873756538,0.0005619425764262231
doc168,0.001786385852098731,0.001786034902683324,0.1804135074233069,0.09966338926394662,0.022538755245795968,0.001786310790824646,0.03063042871514903,0.65782282855352,0.001786101873982785,0.001786257378691787
doc169,0.0009093939564240591,0.0009092891128699623,0.0009093434902589364,0.000909392822596781,0.0009092572451610022,0.0009092747592151771,0.000909185971217149,0.5038826443926845,0.4888428330451904,0.0009093852043822417
doc170,0.0010003477766888156,0.0010003134304165378,0.5754716666689089,0.10697526965221307,0.0010003248648572656,0.1367280095225946,0.001000128355069532,0.0010003529315634064,0.15069481875224694,0.025128768045440897
doc171,0.005264239687575109,0.7012913251207017,0.2565971841090256,0.005263463202886722,0.005264151861487972,0.005263890643289378,0.005263518981446813,0.005264005736278176,0.005264393231849409,0.005263827425459091
doc172,0.0010872397628866738,0.0963767412744981,0.0010873658315735154,0.0010872954805307778,0.0010873933653226526,0.0010873777595391467,0.028142284899191183,0.0010872594434971799,0.0010871447033107202,0.8678698974796499
doc173,0.0013894264440467011,0.19915691552057982,0.0013891873741539314,0.0013890923691000866,0.03450444066395121,0.0013892179477632079,0.0013890706872428835,0.7201766444499688,0.03782674075307734,0.0013892637901161342
doc174,0.17282397574316666,0.23526217224683457,0.001111427830333007,0.0011114354392368394,0.0011114306451955622,0.09866566136747128,0.0011114097129961136,0.0011113427688108992,0.16888881753405252,0.3188023267119025
doc175,0.4232293681875242,0.3572370379807747,0.0006946182419441308,0.09215562032565783,0.0006946374123546035,0.12321029583660073,0.0006944842338965347,0.000694627416285644,0.0006946257525861851,0.0006946846123754131
doc176,0.16952633096991498,0.000540676704314062,0.0005406499273713566,0.045759972344534494,0.0005407628013075081,0.0005406378676446405,0.000540636031823977,0.7809289859550085,0.0005406757231767606,0.0005406716749038576
doc177,0.0009091729998556967,0.0009093598722098889,0.0009091548844875778,0.0009092786621825741,0.0009093254910102023,0.0009091967527962506,0.9918164381211,0.0009091792653147065,0.0009096808167258439,0.0009092131343173888
doc178,0.0009091729998556967,0.0009093598722098889,0.0009091548844875778,0.0009092786621825741,0.0009093254910102023,0.0009091967527962506,0.9918164381211,0.0009091792653147065,0.0009096808167258439,0.0009092131343173888
doc179,0.001449850564811855,0.28871922139236467,0.001449819920861329,0.0014498013912716686,0.0014495023802997531,0.0014497576932273554,0.0014495153136330412,0.0014496613667190452,0.6996829924123887,0.0014498775644226653
doc180,0.22119404354026517,0.0015390988582367295,0.0015390513302711946,0.33408610281936046,0.2315004296429206,0.15094172191241653,0.0015385547039460366,0.0015388396667160846,0.054583135361585974,0.0015390221642811544
doc181,0.3881699928553195,0.49853729385239914,0.1087162312167564,0.000653756256588136,0.0006537601717756497,0.000653796446217345,0.0006537314497539898,0.0006538827369800466,0.0006537377776415561,0.000653817236568403
doc182,0.0003559425553069253,0.00035598173374434697,0.00035597661685588905,0.00035598128583614913,0.00035613340246226156,0.000355951960415798,0.00880121130701599,0.0337132675576739,0.912407803248983,0.04294175033170573
doc183,0.0004927683965291551,0.04528133040164016,0.39707662606024585,0.0004927460789994157,0.0004927192624822617,0.5541929560725531,0.0004926989290459285,0.000492752663044974,0.0004926806280269163,0.0004927215074323045
