,topics0,topics1,topics2,topics3,topics4,topics5,topics6,topics7,topics8,topics9,topics10,topics11
doc0,0.13648931158888813,0.002033076168209888,0.0020327734835545374,0.0020329846038941906,0.3875744635554271,0.14419512436219165,0.0020333408518634767,0.002032785070286119,0.002033114307660288,0.0020328346633107348,0.002033021724182971,0.31547716962053096
doc1,0.0009508872703426022,0.14691565041038027,0.15738627230640864,0.08616237913902676,0.0009507956506743676,0.0009508553657303007,0.0411046528144953,0.0009508145198675672,0.11131733463798082,0.0009508344938896537,0.2033465507135317,0.24901297267767206
doc2,0.0003570124516955846,0.00035698771793862567,0.0003570050181954365,0.0003569970913985238,0.28376500977246244,0.030679558340576122,0.3842883709017133,0.00035698944521355254,0.19650010147758099,0.10226799665580671,0.0003570112176432745,0.00035695990977540563
doc3,0.049061665732897664,0.0003234768911548692,0.316531857511337,0.17959382595781465,0.17266398792649656,0.1605388885832556,0.0003235146362999144,0.005777826041544961,0.07673046740049477,0.0003235059048504474,0.03780746824605332,0.00032351516780012283
doc4,0.0006984861901688264,0.19779113169600868,0.0006985444009599462,0.0006985076771913348,0.05107446160671582,0.0006985267574233647,0.04245301634014079,0.0006985099709177433,0.7030934776133836,0.0006984224552872652,0.0006984632051216974,0.0006984520866808783
doc5,0.0006937208223930445,0.0006937242241500437,0.10536763173863535,0.16194115996114863,0.0006936562730359737,0.034381790651741725,0.3758955729738163,0.0006935968952624782,0.31755822055023597,0.0006936073796291023,0.0006936643944978086,0.0006936541354536336
doc6,0.06866595974709849,0.0011341406134774002,0.3213052082463667,0.25182059542357477,0.0011341187219056463,0.0011341294840708804,0.0011341120298571962,0.001134268759331981,0.2644197201036561,0.0011341008039826947,0.08584951847000102,0.0011341275966770697
doc7,0.0016613833494124046,0.0016613005286342595,0.08282001617181155,0.001661504337848613,0.5510568206576797,0.149974359685447,0.14817076837154822,0.001661426923326295,0.001661696180562718,0.0016614221538293473,0.0016615635594095343,0.056347738080490366
doc8,0.0008608669851893817,0.0008607844174023659,0.0008608654715246661,0.18789892312823123,0.49368453918363336,0.000860830794668325,0.16111765181310655,0.0008607012547381949,0.06183061212896183,0.0008609266632423431,0.0008608617000402366,0.08944243645926145
doc9,0.009804162694377826,0.00980473171349388,0.0098042248140268,0.009804541804320638,0.2685555974799296,0.009804693468375555,0.009804563085760247,0.6333982855289787,0.009805377095522268,0.009804981752201852,0.00980427144656461,0.009804569116447937
doc10,0.006580753007496083,0.006579426892900375,0.00657920766394994,0.006579325398085064,0.5428172639552853,0.006579526018182969,0.006579256506227349,0.006580072026677872,0.006580984486389592,0.006579260801487639,0.006579843290758103,0.3913850799525595
doc11,0.016131029160709753,0.0161304319740675,0.01612988184123729,0.33869526023893876,0.0161309185502086,0.016129594729300683,0.016130141799244258,0.4999980114365938,0.01613007820374625,0.016130835504516487,0.016131962351090347,0.016131854210346363
doc12,0.5665724138330621,0.0034255064091723796,0.25501150662106525,0.0034254653491851157,0.0034255220068445595,0.003425084088461668,0.003425629677918369,0.0034253824112841697,0.0034255904265441148,0.003425375656736864,0.14758717037636293,0.0034253531433624785
doc13,0.008197615826990487,0.008196982915515315,0.008196721312811572,0.008196862802686182,0.008198686708394997,0.008197429330909669,0.008196891379478866,0.00820003042615503,0.008197227582986494,0.008197381071644456,0.008197040700464654,0.9098271299419622
doc14,0.0005612589516537679,0.05718088152549113,0.0005613015523893779,0.0005613009742028015,0.10378032429636812,0.0005613630502418319,0.03832118101818847,0.0005612570518095149,0.7621471719977158,0.0005612703391630114,0.034641366390273,0.0005613228525033236
doc15,0.05328501333557464,0.0011089488292339896,0.0011089263563795718,0.0011089500079478672,0.001108884678969412,0.0011089414062085319,0.0011088151803898226,0.0011087755402581746,0.0011089159685828698,0.001108786521793792,0.9356261943315958,0.0011088478430656124
doc16,0.00035827740637469827,0.00035823955521528217,0.0003582734580656485,0.08516382205311786,0.00035830792469338977,0.011271538152135992,0.0003582486540057814,0.009603692030572302,0.6590474984591713,0.00035824483991433656,0.23240558557432123,0.0003582718924121653
doc17,0.22577178082704374,0.000860729836169908,0.0008608841879143452,0.24820731678407035,0.217037542671044,0.04582497614254192,0.0008607319211940954,0.0008607370299714977,0.25713293852012536,0.0008607266428051973,0.0008607519569463219,0.0008608834801732287
doc18,0.6723316190570077,0.0016615363583627949,0.0016614536837369755,0.0016617745768601015,0.001661793133566918,0.16568803509278782,0.0016616766511887017,0.0016612454297560027,0.0016615414112577083,0.0016615046764882834,0.0016616474775601412,0.14702617245142693
doc19,0.15431263597498784,0.001216768153533554,0.0012169291105079666,0.001216817339561678,0.06872715039747632,0.0012168772613532235,0.0012169829981844356,0.11198973588499052,0.5783016981352526,0.07815064905176725,0.0012170152611445857,0.001216740431240033
doc20,0.23744980468907936,0.000558265037767774,0.0005581857931900995,0.026938937618620554,0.0523034091157053,0.0005581682617200326,0.6049104046282355,0.000558129043732642,0.0005582212854475709,0.0005581313608734143,0.07449017913810042,0.0005581640275273856
doc21,0.0013301939530138429,0.0013301543798356758,0.0013301519875724187,0.3587079752071975,0.0013303227033160101,0.28528197748083595,0.001330227328078762,0.0013300803808248966,0.2292054160300584,0.0013299977153899128,0.0013300614726435348,0.11616344136123324
doc22,0.0011087881691393751,0.001108941410925649,0.001108950745076519,0.001109021254157665,0.6631272715433904,0.0011089266374708724,0.11494103629815497,0.0011087805894033765,0.09626664582477507,0.1167939542980847,0.001108818260585513,0.0011088649688359468
doc23,0.8259346227015864,0.0013126941538538603,0.05735872222248928,0.0013126297774070947,0.04592783023641481,0.0013125865242472748,0.0013127110557084978,0.0013127521509326882,0.0013126745993601366,0.0013125214783505025,0.060277454521042224,0.0013128005786072702
doc24,0.025477486937174956,0.09280509161022939,0.1136472257087117,0.10046668651109057,0.001216807580189094,0.0012167597923205425,0.0012169055971058653,0.0012166522292908588,0.5470905806201785,0.03124677108395374,0.08318214812222494,0.0012168842075298374
doc25,0.0011738966244996222,0.0011738416234919925,0.001173918753726496,0.3236894480679752,0.5285476496052408,0.13719770702510778,0.0011739624014194749,0.0011738792281511827,0.0011739410407133792,0.0011738449423868455,0.001173849295580943,0.0011740613917062019
doc26,0.0005841828786006577,0.0005841613261637248,0.9935741261807762,0.000584173391973022,0.0005841823044878017,0.000584175025929011,0.0005841873264687013,0.0005841427737513238,0.0005841845714679297,0.0005841624480388644,0.0005841631349799231,0.0005841586373630166
doc27,0.2762486410076946,0.05252753296354044,0.002427899379557899,0.002427664927997027,0.11965312787177501,0.002427489891649584,0.0024275784565682555,0.0024280712987118386,0.5321489075302395,0.0024275518555161844,0.0024275621154289614,0.002427972701320606
doc28,0.0018453417703344797,0.001845416784619343,0.0018454670831711687,0.0018453258730792435,0.001845380503567673,0.0018453979967485888,0.20062765467282842,0.0018451362591815157,0.7809180774304851,0.00184532095311993,0.0018460299406156725,0.001845450732248837
doc29,0.07940273474052871,0.000969210816740297,0.0009692848199286964,0.19714678188624474,0.0009693147066579046,0.0009693707112411515,0.0009692756968731962,0.07565656076009296,0.6400399571269567,0.0009691846290352098,0.0009691766534663675,0.0009691474522339367
doc30,0.0008606847253754956,0.0008606859476829656,0.0008606959013735969,0.0008607151066299495,0.0008606894217283172,0.9905323739046675,0.0008606946396054542,0.0008606950995690461,0.0008607045920431091,0.0008606700092214872,0.0008606838365846808,0.000860706815518364
doc31,0.12196403500971041,0.000598241652446675,0.07622125043618637,0.07011255809162573,0.0005982314840982845,0.0005981833268354105,0.0005982410018675394,0.0005981781061905348,0.0005982698334672473,0.5930696397521148,0.13444495405462079,0.0005982172508361737
doc32,0.0007135239665129567,0.01585211318855225,0.03788319214596729,0.0007134805011275011,0.0007134187654426194,0.0007134691724144354,0.000713395756714333,0.0007133467069838039,0.7489156147713235,0.0007134151987431858,0.1514836148157043,0.04087141501051391
doc33,0.0005258648742028168,0.009522859072236262,0.000525896110246477,0.0005258959545437102,0.11456086473279575,0.0005258866441547233,0.1408505024403122,0.009423876396035152,0.7219607107688529,0.000525941003965864,0.0005258799194357124,0.0005258220832185115
doc34,0.0007926795048594491,0.0007925291444146823,0.18930797098453028,0.0007926253210872349,0.0007926607608703452,0.0007925892646467983,0.0007926087476172525,0.0007927672708210371,0.05030665890944597,0.6152636183399894,0.13878068607472643,0.0007926056769910007
doc35,0.3363531107461072,0.0007237901912165593,0.24121891840105078,0.0007237730046847973,0.0007237821600007871,0.0971355202144181,0.000723786558054741,0.03485767333797158,0.0007238112854729889,0.11402487154296376,0.1132016212872985,0.059589341270760356
doc36,0.0013480032449116285,0.0013480571906759435,0.001347949742765704,0.0013479673060861075,0.11279134791943005,0.40244991046045736,0.0013481448569258138,0.0013479407422227775,0.23102423742086917,0.08673372042141198,0.15756464338511253,0.0013480773091311502
doc37,0.07849280353874855,0.0007682656778425231,0.0007683211356969773,0.0007683055916038538,0.03833066686860756,0.0007682319602791139,0.2466279189601718,0.0007681946876807141,0.0007682649063464514,0.0007682706992740715,0.6304024703803778,0.0007682855933705822
doc38,0.00044028340059803757,0.034888079782059045,0.00044026394189831085,0.19487432115022488,0.1219629605495548,0.08056901349655926,0.09452109076810059,0.0004401856354270976,0.47054308589876126,0.0004402048226993697,0.00044025749029395436,0.0004402530638233765
doc39,0.0017800193768223419,0.0017796278294586534,0.12147727321075397,0.0017797959702545714,0.0017798448318126368,0.0017796608890367199,0.0017797985517147116,0.0017798985321264517,0.18936088453281566,0.46977087110771293,0.20515252695507294,0.0017797982124184535
doc40,0.0010184758429543528,0.0010184128030719713,0.0010185308889637448,0.0010186156714699411,0.0010184962836997755,0.0010185451819635424,0.0010184687660500286,0.9887959880765935,0.0010185346002682372,0.001018752735562456,0.0010187853770138662,0.0010183937723885668
doc41,0.0010184758429543528,0.0010184128030719713,0.0010185308889637448,0.0010186156714699411,0.0010184962836997755,0.0010185451819635424,0.0010184687660500286,0.9887959880765935,0.0010185346002682372,0.001018752735562456,0.0010187853770138662,0.0010183937723885668
doc42,0.1945407106511703,0.0012629686423004222,0.0012630432977590912,0.07770897069862447,0.13897140250649856,0.0012630853641449064,0.5264046598623492,0.0012628677493960396,0.053533489786523836,0.0012629481619285052,0.0012629643173526265,0.0012628889619522915
doc43,0.0006445412464856559,0.0006446122424647584,0.0006445016106067887,0.0006444634154311098,0.0006444663230913912,0.0006444590121843596,0.5936551127636795,0.0006444327375587886,0.22479864615336073,0.1757458710755379,0.0006444277302863516,0.0006444656893126167
doc44,0.0010084089235739536,0.001008293415040969,0.06043480401386826,0.001008352786782058,0.0010083075930874988,0.0010083568718607207,0.001008277543706805,0.0010083257838323352,0.056853605252645725,0.7432963034944353,0.11022383023169564,0.022133134089470635
doc45,0.3491301084666345,0.07630647447254661,0.0633254965378774,0.0016343509508637483,0.13085116237861374,0.001634431598263169,0.033093961254460416,0.001634128909710428,0.001634377582751999,0.0016343163874188826,0.33748701394738717,0.0016341775134719005
doc46,0.2764476739215393,0.0010618064665520368,0.03740635778343338,0.0010617863513895818,0.0010619649493527668,0.1829290806695882,0.001061807848772096,0.0010618096477751613,0.4146748924116107,0.001061800356827591,0.0010617688938781107,0.08110925069928088
doc47,0.0009507047460397913,0.0009509215438337174,0.000950930665290936,0.000950838995869755,0.0009508030981613853,0.0009508182427285016,0.0009507322434814612,0.9895411224408509,0.0009511152257933113,0.0009506417952867429,0.0009506436831547148,0.0009507273195087199
doc48,0.0009507047460397913,0.0009509215438337174,0.000950930665290936,0.000950838995869755,0.0009508030981613853,0.0009508182427285016,0.0009507322434814612,0.9895411224408509,0.0009511152257933113,0.0009506417952867429,0.0009506436831547148,0.0009507273195087199
doc49,0.0013125701985702673,0.0013125988012040756,0.0013129723207349234,0.0013125834784959824,0.001312452366641382,0.0013125078023837904,0.001312555181742391,0.0013125602202260353,0.0013125616241630408,0.0013125560823747076,0.001312764813192865,0.9855613171102706
doc50,0.05604556144545582,0.0008760137837340791,0.0008758730791861797,0.000875901488661556,0.0008758919566523657,0.0008759147484650669,0.8108251271158151,0.0008761033748382729,0.0008759398131722205,0.1252459080615142,0.0008758764227602574,0.0008758887097449845
doc51,0.0006887991413317624,0.0006889109285320992,0.0006888724106809945,0.000688906827048443,0.11763229923901508,0.24740872395612393,0.5911080207359422,0.0006887763092894403,0.0006889017118051787,0.03834009721896168,0.0006888695410222865,0.0006888219802470916
doc52,0.0006571295887836891,0.09774443168397706,0.163184950015499,0.25758622841827655,0.000657236542785393,0.0006572015233099937,0.0006571386890319261,0.0006571280301001862,0.1401010455471956,0.0006571945713636831,0.0006571593035128359,0.33678315608616405
doc53,0.0012791019090710365,0.23093298310356514,0.0012790550027012586,0.0012791067655447427,0.37640713115178903,0.0012791880699837624,0.001279253125813716,0.0012792606602051852,0.0012790227611105928,0.08876156860144181,0.29366513319402876,0.0012791956547449884
doc54,0.0010732876079672367,0.0010731983914532316,0.0010732595864030299,0.001073276903264376,0.0010731285723133259,0.0010731682116143417,0.7773239135822284,0.0010732482257421047,0.0433105233980415,0.16970666408468463,0.0010731477399837808,0.0010731836963039827
doc55,0.0947477211263958,0.0011339606887449608,0.0011341372781726144,0.0011341010802199828,0.0011341477076290646,0.04742258434881435,0.7337547994801266,0.0011338942325885804,0.0011340022629003738,0.001134188526212453,0.0011342734766186392,0.11500218979157645
doc56,0.30934387939146013,0.0017186811975375325,0.0017185187895208051,0.0017185951735872484,0.0017188079658498258,0.12773557631900578,0.0017185321548152796,0.057846280553975345,0.49132532512998006,0.0017188894938891263,0.0017184868152689188,0.0017184270151099736
doc57,0.5919887626512043,0.0016080033786141459,0.0016081101536160759,0.0016079095310634552,0.08001995475828791,0.13092516238077317,0.0016082967682663827,0.0016079141242602989,0.184201610840164,0.0016079787468310707,0.0016082141013880147,0.0016080825655312818
doc58,0.0017486271795211904,0.0017485414771112432,0.0017486077198908569,0.0017485801807593528,0.001748587897418197,0.0017488705992977616,0.04189478737850733,0.001748621570694871,0.9406186786307431,0.001748563594488247,0.0017488465359505787,0.0017486872356171743
doc59,0.009804162694377826,0.00980473171349388,0.0098042248140268,0.009804541804320638,0.2685555974799296,0.009804693468375555,0.009804563085760247,0.6333982855289787,0.009805377095522268,0.009804981752201852,0.00980427144656461,0.009804569116447937
doc60,0.006580753007496083,0.006579426892900375,0.00657920766394994,0.006579325398085064,0.5428172639552853,0.006579526018182969,0.006579256506227349,0.006580072026677872,0.006580984486389592,0.006579260801487639,0.006579843290758103,0.3913850799525595
doc61,0.016131029160709753,0.0161304319740675,0.01612988184123729,0.33869526023893876,0.0161309185502086,0.016129594729300683,0.016130141799244258,0.4999980114365938,0.01613007820374625,0.016130835504516487,0.016131962351090347,0.016131854210346363
doc62,0.008197615826990487,0.008196982915515315,0.008196721312811572,0.008196862802686182,0.008198686708394997,0.008197429330909669,0.008196891379478866,0.00820003042615503,0.008197227582986494,0.008197381071644456,0.008197040700464654,0.9098271299419622
doc63,0.024701335514695142,0.0007343486672713233,0.0007344638174574744,0.0007343756230954288,0.21957282857211033,0.22273448284666397,0.0007343684909733837,0.0007343434303906328,0.28507628796331647,0.04116320975287499,0.20234558407797223,0.0007343712431787525
doc64,0.5921794146492376,0.0026183561591268745,0.002618267449656184,0.002618323468284567,0.0026182464450712076,0.08437878538030692,0.0026184116617552705,0.002618204616899386,0.19191909809380198,0.0026193038423194177,0.002618692273310409,0.11057489596023007
doc65,0.0005371943831298442,0.03642894113550618,0.0005372563515582101,0.2478244843196556,0.0005372432595144812,0.0005371895049332466,0.0005372609751192026,0.0005371295162942494,0.3694794888974841,0.0005371855765336339,0.0005371779531663066,0.34196944812710484
doc66,0.0018453435830452078,0.45166488105775704,0.001845502944544924,0.0018454130652362762,0.001845615567716158,0.0018453051083220538,0.2494165539525452,0.0018451831472732101,0.28230962373902785,0.001845678880410751,0.0018455743862849491,0.0018453245678364404
doc67,0.0008835389090399771,0.11396114915123753,0.0008835671355343094,0.029663515566063364,0.0008835367209501771,0.000883600831138899,0.5576804117757753,0.0008836411604269638,0.0008835834718718674,0.20328986185212458,0.0008835872110195396,0.0892200062148177
doc68,0.0005911525724146607,0.0005911778545860515,0.0005911195908415995,0.0005911544886930248,0.5238898795595792,0.2737733152405567,0.0005911688610811544,0.11383559167927475,0.000591152300458471,0.08377196490295863,0.0005911357965949721,0.0005911871529607968
doc69,0.001073185979192578,0.0010732105769117577,0.0010732814748484075,0.0010733327252211164,0.7232404466014043,0.0010731686953127499,0.18380316897428164,0.001073125692314932,0.0010732738711389082,0.0010733640666911713,0.0010732814813264103,0.08329715986135598
doc70,0.0014883582823194822,0.0846696397728116,0.0014883359924610677,0.00148840728161154,0.13828160540135112,0.17951296467073374,0.0014885022376330665,0.0014883480661349523,0.2970826937951247,0.29003396580460644,0.0014886094397974234,0.0014885692554148376
doc71,0.0009693532768690261,0.0009691909878058393,0.13800531981530853,0.18047943739068234,0.0009693163257974925,0.0009693381144428804,0.0009692556153799243,0.0009691780394948186,0.3518481740005126,0.0009691944374657793,0.0009691963342705243,0.3219130456619702
doc72,0.0008391162566991965,0.000839085753316017,0.07019253663222108,0.0008391650612530084,0.0008391943099187366,0.2744871382755876,0.451226517935102,0.0008392534779132479,0.17268741006892543,0.000839099058821322,0.02553230666677572,0.0008391765034667247
doc73,0.0005841828786006577,0.0005841613261637248,0.9935741261807762,0.000584173391973022,0.0005841823044878017,0.000584175025929011,0.0005841873264687013,0.0005841427737513238,0.0005841845714679297,0.0005841624480388644,0.0005841631349799231,0.0005841586373630166
doc74,0.0027630578915416567,0.0027629244727889074,0.0027629938809989704,0.0027629232895245016,0.1362836672586684,0.002764506868012302,0.002763517503541449,0.002762730744088918,0.43031713826668383,0.0027633261615810844,0.0027633305196613123,0.4085298831429087
doc75,0.0016616844563024859,0.0222190483725556,0.054783021910055185,0.001661486708105814,0.0016616588270136731,0.001661848832634976,0.05856445337091928,0.0016612903994020797,0.8511407556081685,0.00166169405167806,0.001661393095385708,0.0016616643677786786
doc76,0.0009508027871293394,0.000950708306867105,0.0009508606990699717,0.0009509113302070578,0.0009507981819759704,0.0009509239629920951,0.8169971029619845,0.0009508187532413733,0.13697140421664827,0.037474162662659516,0.0009507750671329249,0.0009507310700918265
doc77,0.0013125488967896772,0.0013127128004887358,0.001312534618475573,0.0013125213377598428,0.2056117242641264,0.0013127322191254591,0.001312510564313892,0.0013125779694159393,0.6476352607060761,0.0013127168525587927,0.05237029735806414,0.08388186241280539
doc78,0.12319515744996308,0.0035465862293925852,0.003546880700214109,0.0035464719627197627,0.003546840338674152,0.0035468723158467506,0.003546825693005332,0.003547179589882652,0.41713726928613887,0.003547189407774228,0.0035473240728863525,0.4277454029535021
doc79,0.0012629652565790482,0.0012629433812198364,0.0012629033206606264,0.0012629745762162967,0.001262875558660969,0.08048730802297356,0.0012630860268970521,0.0012627953873676706,0.8743112449234944,0.0012628896683129045,0.03383510229217697,0.0012629115854408523
doc80,0.04044684082372048,0.0007343853669457523,0.000734376900997161,0.0880229558722287,0.0007344431320757716,0.0007344536959056177,0.0007344998195460846,0.0007343557375543782,0.8649205194746249,0.00073437702763597,0.0007344078544454348,0.0007343842943198498
doc81,0.0008606847253754956,0.0008606859476829656,0.0008606959013735969,0.0008607151066299495,0.0008606894217283172,0.9905323739046675,0.0008606946396054542,0.0008606950995690461,0.0008607045920431091,0.0008606700092214872,0.0008606838365846808,0.000860706815518364
doc82,0.2878152864808044,0.09750403209583654,0.002164863910873029,0.0021650576969718736,0.0021647599072639663,0.0021649174005942324,0.43464513125805676,0.002164794470490402,0.0021653057435601013,0.1627156097025511,0.0021650943951776716,0.0021651469378197673
doc83,0.0016079852369999049,0.0016078900218992667,0.0789982793684242,0.0016080723782110264,0.5292045082445845,0.14329329853318748,0.17343552340440604,0.0016079968026324724,0.0016082694784458485,0.0016080056128473133,0.0016081352931503784,0.0638120356252115
doc84,0.0018452066089220634,0.9797007055528646,0.0018455193629507481,0.0018454527387196519,0.0018454336944882079,0.001845338505259738,0.001845394561286325,0.0018455129290251677,0.0018456019267050893,0.0018452705747874988,0.0018454652067081774,0.0018450983382827465
doc85,0.0009691536660412091,0.000969131868615246,0.0009691871171738346,0.0009692587793189226,0.0009692025657944829,0.1884483051069294,0.658756304816653,0.0009692712169546559,0.0009692340450814531,0.14407262370927246,0.0009692061820676683,0.0009691209260975072
doc86,0.003206346212896024,0.26860359311552107,0.0032053886020905736,0.0032058295986056155,0.0032057421078370407,0.00320523664772333,0.0032061855650285004,0.0032062915930854098,0.6993375504421666,0.0032059474883991213,0.0032059002437643297,0.003205988382882351
doc87,0.39150725581877205,0.00191618022957383,0.0019165358158161317,0.0019165588521747724,0.0019164359776588423,0.0019165167602053122,0.0019160416740056235,0.0019165260115416652,0.001916279286665924,0.03421868395289656,0.5570268147683548,0.001916170852334552
doc88,0.5480399320153274,0.0010966849469346578,0.08261983672433479,0.0010967062661483712,0.0010968525902944064,0.0010968654630867229,0.16232790339658645,0.001096619921409467,0.19823845470998933,0.0010966306844931422,0.0010967786165861323,0.0010967346648090017
doc89,0.0006936493378018806,0.000693682768789056,0.0006936528909956684,0.0006936751757657468,0.0006936472777731819,0.0006937752648755137,0.44431750557736366,0.0006935736615723002,0.517720574775412,0.03171896462732535,0.0006936032344321392,0.0006936954078934504
doc90,0.0008760807009631137,0.2815283896534789,0.0008760728145020759,0.5573276713383859,0.0008759021789762533,0.0008758669539195839,0.0008760685412368553,0.0008757893014261473,0.0008759335527175109,0.0008759200133486474,0.15326043860775704,0.0008758663432879292
doc91,0.08220350169522231,0.0008320329949138966,0.11217149848455356,0.0008321784686032722,0.27196209807956634,0.0625687699871472,0.0008321459668675249,0.0008320782659310741,0.000832103628452416,0.0008321972957537185,0.4250200117792735,0.04108138335371524
doc92,0.6739477236195298,0.001510947248333696,0.0015109345170405462,0.00151089263916017,0.001511232132619961,0.043251161086688444,0.0015109561240899954,0.0015107834976123028,0.001510929644861874,0.0015108078030474836,0.26920286127553716,0.0015107704114785884
doc93,0.6394387491113396,0.0012627945879993584,0.0012628268738081496,0.0012628216612977404,0.0012628647981030676,0.0012628056499254083,0.0012632710752785937,0.0012628164242514464,0.21897611725186159,0.0012629870155341546,0.13021907827264181,0.0012628672779588749
doc94,0.0010731479142276062,0.24476344089470278,0.0010732226394615748,0.056236486422985614,0.001073264582744131,0.0010732155371251284,0.0010732409137848857,0.0010732358965978477,0.0010732067560723154,0.0010731722321477084,0.6893411476623456,0.0010732185478048357
doc95,0.0005774635155277164,0.0005775150776940193,0.17041700268104573,0.000577552423041273,0.26288513667051894,0.09527256656006951,0.0005775489131236414,0.04715808336685907,0.0005774889414320701,0.0005774857027436895,0.31287316241770685,0.10792899373023769
doc96,0.0006529373145849244,0.14585603912727715,0.0006529362443617106,0.03746649533448011,0.0006529511524774714,0.0006529575456956568,0.07612652017532864,0.0006529275631443632,0.13030176301126684,0.6056786806739726,0.0006529165337547923,0.0006528753236557784
doc97,0.0019536119419462134,0.001953600274602905,0.0019535274085961,0.0019536342006402914,0.001953951467036431,0.0019534708541338384,0.23500386753008046,0.001953264948132982,0.5060426532049576,0.001953741754364427,0.0019536983735073416,0.24137097804200155
doc98,0.0014049821059900144,0.0014047020898576375,0.001404784244407189,0.0014047827294878816,0.0014048349136921345,0.0481664611842172,0.45717922973354114,0.0014046652413448896,0.4820111195415725,0.0014047498965818863,0.001404847901909093,0.0014048404173983046
doc99,0.0013663669166219506,0.0013662366601262443,0.0013663334966643162,0.0013662766774920792,0.0013664920302065798,0.16067135115901474,0.8256643438436385,0.0013668647074018916,0.0013663667896672996,0.0013663688433206854,0.001366670147697404,0.0013663287281483528
doc100,0.0018453632152110667,0.00184557688606514,0.08180388276430464,0.00184534084879039,0.0018452582663657981,0.0018452557304007953,0.0018453139418664612,0.0018455373226206988,0.21858425148948402,0.08451818726771783,0.29823625956137767,0.3039397727057956
doc101,0.4135757276752373,0.0019533444940572843,0.0019533832199234826,0.001953594111756426,0.0019535144732505815,0.001953435361595978,0.566889686303053,0.001953342591747865,0.001953393277741509,0.0019533334142947346,0.0019538960094907395,0.0019533490678510027
doc102,0.0009243313775399465,0.0009242853799215357,0.0009244557145557395,0.0009247066836593162,0.000924420440242341,0.0009243302661001941,0.0009243876417988537,0.9898314085061625,0.0009244050315844777,0.0009244361694562851,0.0009244397201055178,0.0009243930688733745
doc103,0.0009243313775399465,0.0009242853799215357,0.0009244557145557395,0.0009247066836593162,0.000924420440242341,0.0009243302661001941,0.0009243876417988537,0.9898314085061625,0.0009244050315844777,0.0009244361694562851,0.0009244397201055178,0.0009243930688733745
doc104,0.0035469048059397932,0.0035474711309744613,0.0035475348417878176,0.4174628903400416,0.0035473985377548266,0.0035470986900758526,0.003547917265556249,0.003546503153996656,0.003547177209052985,0.0035475693111463634,0.0035472855235219158,0.5470642491901514
doc105,0.0007988802239124769,0.0007988776244769514,0.000799007112651121,0.000798886413553255,0.5778499003742074,0.18319448680649397,0.16537275952673336,0.0007988138648448715,0.0007989829580136106,0.06719173608935193,0.0007988646924909834,0.000798804313270239
doc106,0.25406627111706104,0.001174045782287212,0.001173972707240391,0.0011739081045622787,0.0011741542657427238,0.0011739835636849012,0.0011741504458921371,0.0011739858348832502,0.6713200302118234,0.001173879766048962,0.06404769602364355,0.0011739221771302154
doc107,0.0017187576995631201,0.001718767030537985,0.0017184848081129164,0.0017186444584753624,0.4070598606153104,0.4416016716386018,0.13587102518856284,0.0017185471609119055,0.0017184952171926152,0.001718519491825319,0.0017186573046216237,0.0017185693862842466
doc108,0.0011213324123803756,0.0011212423119268521,0.031438693725221616,0.1583160019749694,0.11558534728743483,0.0011213167797048506,0.0011214063393063178,0.0011212917578754431,0.001121403503843791,0.001121276517159908,0.6436258416484912,0.04318484574168541
doc109,0.5874814263986063,0.0017185774977746934,0.0017187502262287677,0.0017187636396795308,0.0017186324268185223,0.001718642548788101,0.10676452496450042,0.0017186000937560962,0.2902861170015448,0.0017184579946770773,0.0017187204358366354,0.0017187867717888476
doc110,0.0015108594990120858,0.0015110410506962951,0.0015108768191148887,0.0015108703057867532,0.001510847286071872,0.0795895224747809,0.0015109423373197892,0.0015108810971236034,0.0015109468701502635,0.4396155426974073,0.46719685431129837,0.0015108152512379109
doc111,0.13545537141382938,0.00031631662998054714,0.0003163475326381791,0.04261408750253541,0.0003163572869805821,0.0003163795903639486,0.03013926840613407,0.00031631122802526225,0.7892606268232847,0.000316293810775847,0.00031633830737244476,0.00031630146807981125
doc112,0.0010397118505836081,0.0010398262647204955,0.0010397168172388692,0.07409128921079705,0.06694586972129023,0.03012120437894919,0.0010398184682866639,0.001039983516909406,0.8205233432766419,0.0010396785183278943,0.0010398895522134458,0.0010396684240413692
doc113,0.008928915985438733,0.008929236019932915,0.008929183025726359,0.008929253753637179,0.008932208996303618,0.008929235941020588,0.008929094300070859,0.9017743423497964,0.008930937002610582,0.008929552422982887,0.008928903971452904,0.008929136231026763
doc114,0.006580753007496083,0.006579426892900375,0.00657920766394994,0.006579325398085064,0.5428172639552853,0.006579526018182969,0.006579256506227349,0.006580072026677872,0.006580984486389592,0.006579260801487639,0.006579843290758103,0.3913850799525595
doc115,0.016131029160709753,0.0161304319740675,0.01612988184123729,0.33869526023893876,0.0161309185502086,0.016129594729300683,0.016130141799244258,0.4999980114365938,0.01613007820374625,0.016130835504516487,0.016131962351090347,0.016131854210346363
doc116,0.008197615826990487,0.008196982915515315,0.008196721312811572,0.008196862802686182,0.008198686708394997,0.008197429330909669,0.008196891379478866,0.00820003042615503,0.008197227582986494,0.008197381071644456,0.008197040700464654,0.9098271299419622
doc117,0.9395496424112174,0.0054972193392781536,0.005495385928133735,0.0054950756045565215,0.005496063959191798,0.005495402065444758,0.0054949801947244276,0.005495650024449826,0.005494965949954566,0.005494835821151764,0.005495676547254976,0.0054951021546419815
doc118,0.5416127056141603,0.0022125043827862434,0.0022127503250456123,0.0022126621774785854,0.002212565554804106,0.0022125139828980895,0.00221287956572481,0.002212693016959051,0.002212714268986829,0.002212620274430228,0.4362607271937896,0.00221266364293649
doc119,0.2923446308711086,0.0017489694549866115,0.0017486090386027767,0.0017487098563936673,0.0017485026448421602,0.0017486605932494495,0.0017488950131079228,0.0017485153884872777,0.48344747437629043,0.0017492366295847846,0.0017487725957702194,0.20846902353757615
doc120,0.002262966346928381,0.002263342661275152,0.0022631094336699117,0.30128651804652634,0.23624945754078625,0.0022629479546989652,0.0871280074121235,0.0022630107218913256,0.35723173982853074,0.002262880528882382,0.0022631498434473344,0.002262869681239772
doc121,0.0014047829773463987,0.001404683721142983,0.0014048065275743661,0.0014049078562140302,0.4077763282242948,0.4390527588189867,0.0014049444774863553,0.017821709259126215,0.0014047497524724182,0.030897187988051134,0.0014049392200161102,0.0946182011772886
doc122,0.0006243771942003549,0.10342231492566947,0.0006243922081908628,0.12977200779634207,0.05171044248744179,0.0006243467172316713,0.0006243650407671031,0.0006244350705657948,0.6495863211485976,0.0006243291656759571,0.061138260274841046,0.0006244079704763242
doc123,0.0008052357066358779,0.0008053979205311528,0.0008054079414767618,0.0008053914192604855,0.36650980374687553,0.000805362708915423,0.0008052818876931562,0.0008052595116102985,0.2752704458518797,0.0008053044437958352,0.0008053084537051295,0.35097180040762066
doc124,0.07118712957288649,0.001634485336148523,0.15578522504589623,0.0016343370745276347,0.12533226544076737,0.0016345074704005457,0.00163452212468452,0.1273450539804145,0.3861347773046246,0.1244088430695482,0.0016344124414740203,0.0016344411386274291
doc125,0.0019537687206369844,0.001953631454802122,0.001953564716308759,0.001953595837616294,0.001953599521677235,0.11217090951530147,0.6151976177555516,0.00195337151660823,0.2550493858314096,0.001953502366677795,0.001953739437160217,0.001953313326249789
doc126,0.001582622057639198,0.14772424629802505,0.15352238791436315,0.15937104329623406,0.0015827844908166664,0.13471774644815182,0.04216774064077402,0.0015828333808475758,0.35300062496004786,0.001582648894918191,0.0015826039936253401,0.0015827176245571143
doc127,0.001634678237741799,0.09503700695196368,0.0016344854959374263,0.001634456746454052,0.0016343251212761058,0.0016342113106910874,0.0016342281852405602,0.0016341296868736194,0.8886198235806406,0.0016341021843305629,0.0016342861761488854,0.0016342663227016038
doc128,0.06623553468232546,0.3092040604436171,0.0012023670626152955,0.0012023146732345349,0.02614642031211568,0.001202160639247045,0.0012022128656379188,0.0012020122502911955,0.5154766391969529,0.001202096829611502,0.07452192083517738,0.0012022602091739504
doc129,0.5389898396029158,0.000883540330876785,0.0008836350624505229,0.0008835690299006497,0.04661051399409448,0.0008835953506055334,0.05801005501571379,0.0008836172126786159,0.3493209942544953,0.0008835778760865018,0.0008835728675023379,0.0008834894026795547
doc130,0.09261889565145213,0.0011740667049365441,0.16332213005329116,0.30259654779555334,0.06638422253753183,0.08089151807491209,0.18648910180250178,0.001173877500076677,0.10182763661661828,0.0011739468559838781,0.0011740067189617723,0.0011740496881804997
doc131,0.0005841828786006577,0.0005841613261637248,0.9935741261807762,0.000584173391973022,0.0005841823044878017,0.000584175025929011,0.0005841873264687013,0.0005841427737513238,0.0005841845714679297,0.0005841624480388644,0.0005841631349799231,0.0005841586373630166
doc132,0.0017794919999049217,0.0017796696851351693,0.0017796271293557594,0.0017796740523568862,0.001779599778107608,0.037036277202208326,0.9451675009494122,0.0017796207762661815,0.0017798705927723807,0.0017796232262324268,0.0017795719317436167,0.0017794726765044567
doc133,0.0012629423678475725,0.0012628872757274917,0.0012629859087785109,0.10658264257609487,0.7650782579237871,0.0012627219697566613,0.11697316196615423,0.001262760557553827,0.001263132040373216,0.0012627773787488733,0.001262955854062035,0.001262774181115555
doc134,0.002842275820186869,0.0028415193848888914,0.0028420105101040274,0.0028416080609910068,0.3137068966804379,0.1258264783107912,0.0028415436935384374,0.002841436710930117,0.377340339669254,0.0028413138525676495,0.16039323531926097,0.0028413419870488565
doc135,0.04386158421639436,0.0008118697544132993,0.0008118421880630362,0.0008118551233709905,0.037338883904601154,0.06911614652264426,0.2882461275567173,0.043372272628784694,0.21631139926544385,0.0008119020443310842,0.0008118618986491481,0.29769425489658685
doc136,0.046647217091994,0.0007343863900176215,0.0007343767192358366,0.08799687690247626,0.0007344345099876912,0.0007344552957074256,0.0007344929933189591,0.0007343554463679146,0.8587462524703898,0.0007343766706016385,0.0007344028822443092,0.0007343726276585091
doc137,0.0008606847253754956,0.0008606859476829656,0.0008606959013735969,0.0008607151066299495,0.0008606894217283172,0.9905323739046675,0.0008606946396054542,0.0008606950995690461,0.0008607045920431091,0.0008606700092214872,0.0008606838365846808,0.000860706815518364
doc138,0.0020336827347749342,0.0020330409395661283,0.002033400422890005,0.251040285933207,0.1687515509816925,0.002033776121775486,0.4204513302914867,0.002032871055857349,0.002033124371755361,0.0020334286275153,0.14348995034189563,0.0020335581775836322
doc139,0.0013125701985702673,0.0013125988012040756,0.0013129723207349234,0.0013125834784959824,0.001312452366641382,0.0013125078023837904,0.001312555181742391,0.0013125602202260353,0.0013125616241630408,0.0013125560823747076,0.001312764813192865,0.9855613171102706
doc140,0.614016697135263,0.0010185102381477635,0.0619146682120573,0.0010184920135668774,0.00101851572589551,0.0010185225004105869,0.18577296295743834,0.0010185004649710882,0.10192941937775485,0.02923657869269287,0.0010185392283679241,0.0010185934534339873
doc141,0.0014666140576627751,0.07974871222179386,0.001466697823849715,0.7030451856902098,0.0014665668058170664,0.11169854918632147,0.001466687672387371,0.0014668406337090304,0.0014668141531918705,0.0014665806569534152,0.0014667857306014357,0.093773965367502
doc142,0.0012791019090710365,0.23093298310356514,0.0012790550027012586,0.0012791067655447427,0.37640713115178903,0.0012791880699837624,0.001279253125813716,0.0012792606602051852,0.0012790227611105928,0.08876156860144181,0.29366513319402876,0.0012791956547449884
doc143,0.06670777042346503,0.0019928880803167927,0.001992623323074694,0.001992708914492338,0.6517433665284904,0.11830536069358351,0.001992697864317654,0.0019924351411464833,0.001992709732890947,0.001992763733863174,0.0019927634617127135,0.14730191210264615
doc144,0.0012628913888787742,0.0012628572083607887,0.001262803455077347,0.001262855768977201,0.07973662802953609,0.001262885518181981,0.5747828219539372,0.001262833841348454,0.0012628920051226341,0.0012628871765506828,0.33411475374865107,0.0012628899053779743
doc145,0.0006129563353193729,0.0006130293628983765,0.0006129022962233485,0.0006128728334176575,0.0006128714611129928,0.0006128668961702554,0.5891477042213016,0.0006128406927724539,0.19759003237931308,0.2077462050076226,0.0006128362519609951,0.0006128822618874604
doc146,0.001029123716011147,0.0010289983417281646,0.0010290429919768244,0.0010289868652756926,0.001029023960525892,0.0010290103646016437,0.44808312164010683,0.0010289426887191621,0.4114910719881905,0.131164677825609,0.0010290309271101265,0.0010289686901451588
doc147,0.0006529720812367111,0.0006528918725049128,0.050464421288774215,0.0006529282734805621,0.0006528874665962094,0.000652960054802876,0.0006528816843409457,0.0006528551930977143,0.04058446794165085,0.6162058080953217,0.2875219907249832,0.0006529353232101431
doc148,0.3269147814590092,0.0004112310584990741,0.00041126027052473726,0.000411285664789466,0.0004112906700859653,0.0004112918568870721,0.11200453651032304,0.0004112366020657193,0.4247439873321609,0.00041125391231717286,0.133046541116319,0.00041130354701869387
doc149,0.0009507665131703892,0.0009507880371381823,0.0009507924225485339,0.18599925308214096,0.0009508334995303335,0.0009507426967907049,0.7018684336187004,0.0625760496163378,0.0009508318856450754,0.0009507718661733921,0.04194984250335746,0.0009508942584668419
doc150,0.0026190478661072955,0.0026183952809233865,0.002618699601667299,0.002618764519299292,0.0026184612752778937,0.0026186762648035683,0.3736498833013765,0.0026181755354706244,0.32402628769907804,0.0026182736579809635,0.0026193328822180207,0.27875600211579715
doc151,0.10013411407019936,0.0008607803365139313,0.0008608459497682547,0.16861860724557723,0.0008609017861329008,0.0008607719373194835,0.4522620097496424,0.0008608292913775546,0.0008607907729727918,0.0008607228612214886,0.14867852182488944,0.12428110417438516
doc152,0.001689443425042663,0.0016896920354321856,0.001689604730451738,0.05364673957199109,0.0016896486426184495,0.0016900721777895068,0.0016897623144628727,0.001689323026723729,0.0016895887873947725,0.00168933935822084,0.929457318045836,0.0016894678840361443
