,topics0,topics1,topics2,topics3,topics4,topics5
doc0,0.2037648221055546,0.0006964931868432115,0.0006964998231101035,0.07503055841444409,0.7191151576181322,0.0006964688519158446
doc1,0.002146249001439629,0.0021463015092784204,0.002146539850481215,0.07576332646808344,0.9156510660107814,0.002146517159935803
doc2,0.0011824424896997492,0.058687459583518835,0.051457058897251794,0.05137250340901509,0.8361180430404045,0.001182492580110158
doc3,0.7972802756206026,0.000696466248053672,0.19993361676035576,0.0006965448631334192,0.0006965612523503126,0.0006965352555044082
doc4,0.0007543245500012176,0.03005908466237857,0.4813811217420387,0.4258894059982678,0.06116178295228387,0.0007542800950298619
doc5,0.0004888882295281188,0.0004888909141705539,0.10838770630246433,0.8896567736938205,0.0004888320085073301,0.0004889088515092243
doc6,0.0014167589410898943,0.0014168982274172725,0.618245635383887,0.37608696747597736,0.0014168671418710462,0.0014168728297573312
doc7,0.0009748820973585712,0.01601394544719533,0.04868236799850816,0.9323790755158936,0.0009749075559587289,0.0009748213850856206
doc8,0.0012110656713665777,0.0012108269293795162,0.5408196854990233,0.21420371856618944,0.24134368397993936,0.001211019354101898
doc9,0.0011040676291553721,0.9944797704139804,0.0011040223886277375,0.0011040489608856413,0.0011038920619982344,0.0011041985453524527
doc10,0.0011040676291553721,0.9944797704139804,0.0011040223886277375,0.0011040489608856413,0.0011038920619982344,0.0011041985453524527
doc11,0.16928133875927903,0.00021621152963818258,0.15479624731680636,0.00021623959283884796,0.6752737308367855,0.0002162319646519069
doc12,0.19189890466912124,0.04314872727269374,0.4820458606193774,0.0005897604440818434,0.28172698733114043,0.0005897596635855284
doc13,0.8270195775518105,0.0008577704435816206,0.08921401049492644,0.0008578099269150225,0.08119294625369121,0.0008578853290751727
doc14,0.0016783208869140666,0.001678102806368029,0.07435384897362554,0.2853928526159062,0.0016784566039254507,0.6352184181132607
doc15,0.04215465680745062,0.0005631623166007614,0.439597580157196,0.291765669772759,0.22535571831009202,0.0005632126359015284
doc16,0.0010919914333714508,0.0010918151447532626,0.8783220920897739,0.0010920561057873703,0.0010918884399143641,0.11731015678639992
doc17,0.02575660414457967,0.00039590962519279977,0.7578034963385553,0.0003959927535251995,0.03816071070426823,0.17748728643387895
doc18,0.6037523569652916,0.0005632826322738092,0.39399464905132026,0.0005632530908733924,0.0005632325164044503,0.0005632257438365152
doc19,0.0006776990064100595,0.0006778716356635323,0.5446153593507344,0.07995769759834509,0.3733937597520972,0.0006776126567496432
doc20,0.0012890648125288189,0.0012888318448728531,0.5237999417698695,0.31547764507903886,0.15685559396908788,0.0012889225246021027
doc21,0.2161001137274548,0.0006039764141835693,0.47779729753436817,0.09967482186808899,0.20521979884062755,0.0006039916152768172
doc22,0.0006114066739766077,0.0006113112818924224,0.8527344582094954,0.14481996980786072,0.0006114144144342595,0.0006114396123404896
doc23,0.0012725729700319717,0.001272407641985373,0.0012726923450737185,0.0012726011023529713,0.8377010515794249,0.157208674361131
doc24,0.0004534191867071859,0.00045336065144645373,0.07198292517596439,0.08090812697049217,0.19629289875051198,0.6499092692648779
doc25,0.09501223337629529,0.000496079323673091,0.19283705664266632,0.5682195066495558,0.0004961347452074542,0.14293898926260196
doc26,0.00042639319110879536,0.0004263331160611869,0.13061365649178103,0.5741838194172704,0.2939234325988101,0.00042636518496840583
doc27,0.0014581878621225328,0.14911632404289227,0.001458434725919922,0.33134745056325926,0.20363623291832697,0.312983369887479
doc28,0.0021937204203421263,0.0021934296846529053,0.525666539471394,0.0021938774588345796,0.4655590601165847,0.0021933728481915
doc29,0.2784763855811263,0.0014579404838699743,0.7156911317169441,0.0014581906478129169,0.001458115128943084,0.0014582364413034629
doc30,0.0010043434829423972,0.0010041885777016782,0.604374347099105,0.001004332607590547,0.0010043439101351866,0.3916084443225253
doc31,0.07114438570224935,0.017766351095436075,0.2056535241265641,0.5526226295349326,0.15128818218657217,0.0015249273542456753
doc32,0.000822604281341721,0.01333907969383881,0.6810938105801385,0.0008225501615462646,0.3030992795813401,0.0008226757017945815
doc33,0.20707080074064155,0.0014371037366637408,0.24467166840309407,0.5439460568974882,0.0014371059517329816,0.0014372642703794132
doc34,0.002193607706046957,0.0021932181855496857,0.09469269894230595,0.0021937283507592015,0.0021933465418952397,0.896533400273443
doc35,0.12453606808453693,0.0008803958785138599,0.10081122961647723,0.7720111571385763,0.0008805455581709242,0.0008806037237249321
doc36,0.00047271117903788376,0.011905209836412722,0.2050014430437411,0.7816752594464741,0.0004726703696720124,0.00047270612466231165
doc37,0.0015484523967834063,0.0015482422836517469,0.45826125231267123,0.4209482350065874,0.11614538931892583,0.001548428681380387
doc38,0.0008159093013182237,0.0008158527364732437,0.08858175050072742,0.9081547289760132,0.0008158491841147428,0.0008159093013532392
doc39,0.0013590249401717114,0.0013589437523671697,0.7703031725280204,0.001358916411921397,0.22426095400625357,0.001358988361265724
doc40,0.000596844400249616,0.03099803244501545,0.25224382989475197,0.0005968271020912275,0.7149676697693574,0.0005967963885342547
doc41,0.00043947227592974357,0.00043947849457904887,0.31935505921466323,0.061535927100507135,0.41728675407188104,0.20094330884243986
doc42,0.0005331427518904694,0.0005331032668958113,0.23667257761004798,0.7611948515969414,0.0005331787277010619,0.0005331460465232402
doc43,0.2466944228698862,0.0007542948139630596,0.08011033950969021,0.060830572073081714,0.6108559582331491,0.0007544125002297897
doc44,0.0011289844315732404,0.001128827534969962,0.0011289473980579648,0.001128839986143303,0.9943555937193722,0.0011288069298833231
doc45,0.9796713024697578,0.004065191155462158,0.004065655739266668,0.004066035089905099,0.004065578052160657,0.004066237493447704
doc46,0.0009654576812046716,0.0009654748158789067,0.0009655757282998501,0.872066002485537,0.12407205693835673,0.0009654323507227778
doc47,0.0016506010351598022,0.0016504561477351989,0.37664400233180656,0.0016505134797696595,0.6167538597988871,0.0016505672066416564
doc48,0.0004056310614418713,0.0004055758622613982,0.3096512233685546,0.00040564615669925547,0.000405634916323506,0.6887262886347194
doc49,0.19560755417663042,0.0008804797286727442,0.3837851133826306,0.0008804520535791116,0.14892932031689124,0.2699170803415957
doc50,0.0006113957483964988,0.0006113302683240023,0.5457971333306759,0.0006113736879213179,0.4517573217757186,0.0006114451889635884
doc51,0.3270316056735811,0.0020578793608277404,0.002058312428273184,0.43779328622670766,0.0020579845686661898,0.2290009317419442
doc52,0.002404456626919487,0.0024046188356757524,0.0024047447042543166,0.002405395706232465,0.0024046775811173452,0.9879761065458006
doc53,0.15683334729017423,0.0010042846055432853,0.0010043166682881166,0.2640032990036641,0.5761504352751787,0.0010043171571514917
doc54,0.002348077580300032,0.002347564175185357,0.941495697691517,0.0023481446243312173,0.0491125210529711,0.002347994875695266
doc55,0.30834592867884386,0.0011963930832767946,0.001196452701664384,0.001196576593861714,0.0011964265231606689,0.6868682224191927
doc56,0.23720653254297658,0.0023478855083964305,0.0023479600173699315,0.002347999267225255,0.002347942516146338,0.7534016801478854
doc57,0.19897818639518466,0.0005010629371589215,0.495313500450516,0.0005011913256106915,0.0005011608187701363,0.3042048980727595
doc58,0.574041734945885,0.0914972261870312,0.04634567883906939,0.2858315973947387,0.0011418935760684687,0.0011418690572072405
doc59,0.0007165320857603221,0.0007164490478372846,0.5890265217608065,0.0007165706742405157,0.40810745018991107,0.0007164762414443346
doc60,0.000857889197163001,0.0008578134915982266,0.0008578432277511243,0.0008578762845401123,0.0008578311782267961,0.9957107466207207
doc61,0.39638577717371665,0.0015016475970647627,0.0015017323398550185,0.5177338192767105,0.08137530063771711,0.0015017229749359406
doc62,0.008622443364957356,0.00862189895729095,0.44948390392448107,0.5160263025947278,0.008622600304952712,0.008622850853590148
doc63,0.0011684055164036266,0.13866827651089328,0.2744626702642496,0.5833635549553441,0.0011685989560504958,0.0011684937970589961
doc64,0.08844442241162023,0.09875307595935957,0.003623935948912581,0.8019298934434735,0.00362477559292714,0.003623896643706905
doc65,0.0011823752590276381,0.0011823373111080613,0.6037093981172846,0.0011823556596947124,0.3915611079814718,0.0011824256714131815
doc66,0.00173656477857267,0.16613514389667414,0.06770833277935444,0.46155868068675804,0.0017365503080435396,0.3011247275505971
doc67,0.0007543245500012176,0.03005908466237857,0.4813811217420387,0.4258894059982678,0.06116178295228387,0.0007542800950298619
doc68,0.0009655036830677297,0.9951725253371818,0.0009655586543774962,0.000965470122100753,0.0009654875227794301,0.0009654546804925869
doc69,0.0009655036830677297,0.9951725253371818,0.0009655586543774962,0.000965470122100753,0.0009654875227794301,0.0009654546804925869
doc70,0.0014579469851695203,0.0014578646295018043,0.41186423588915255,0.0014582119992343516,0.001458018808948315,0.5823037216879936
doc71,0.0017070290765721398,0.0017066126540758245,0.6304957846205038,0.0017070842257058275,0.0017070001564032451,0.3626764892667393
doc72,0.0020166669170506987,0.0020163310968452433,0.0020168808799906693,0.1325355981374232,0.002016448247809809,0.8593980747208804
doc73,0.0004888509336751189,0.0004888013675815417,0.695186102969383,0.12423495726880933,0.15579343006470117,0.02380785739584984
doc74,0.38132549022944806,0.0015246086232385107,0.0015248498285012101,0.5594517974387724,0.054648385465496996,0.0015248684145428987
doc75,0.22103831988946673,0.0028098711685254456,0.0028098772431990908,0.7677225144916915,0.0028100279303620054,0.002809389276755376
doc76,0.0005418576082769807,0.04311146856682151,0.16191777118421607,0.0005418676769599655,0.7933451860246732,0.0005418489390523923
doc77,0.004065680071755884,0.004065752847640872,0.004065950183106908,0.9796701393780909,0.004065874911924218,0.00406660260748126
doc78,0.5410560775617862,0.0008432857596052904,0.000843461272115475,0.000843396889438385,0.0008434541030605593,0.4555703244139942
doc79,0.09249283379140269,0.000479431115818176,0.20805210798093807,0.5647230043327975,0.00047948347375060505,0.13377313930529294
doc80,0.0014370772383064596,0.0014371613975091091,0.4279226972725427,0.21734535280618242,0.16193053420066214,0.18992717708479714
doc81,0.6060116326470478,0.0005221095659326725,0.3919000027163008,0.0005221011817543503,0.0005220790685836045,0.0005220748203806548
doc82,0.1370662680990787,0.07161448348218145,0.22985398895765605,0.5596563953513664,0.0009044370897391713,0.0009044270199783683
doc83,0.002058080879101361,0.0787170776716274,0.814925284550065,0.0020581812178585234,0.10018323789389746,0.002058137787450255
doc84,0.0013590249401717114,0.0013589437523671697,0.7703031725280204,0.001358916411921397,0.22426095400625357,0.001358988361265724
doc85,0.001182414860694904,0.0011820983185181512,0.7822494652463877,0.09182796415958318,0.1223756764042148,0.0011823810106012821
doc86,0.0008092479897730088,0.0008091961239586363,0.07074564628212883,0.0008093284253915733,0.9260172682207428,0.0008093129580051194
doc87,0.1492908321679329,0.0007375304875916963,0.0007376248520489548,0.06553898579746605,0.7829573232054424,0.0007377034895180004
doc88,0.0013590479185322732,0.0013590408829190644,0.3085768061818826,0.685987002516351,0.0013591771598888615,0.0013589253404262965
doc89,0.0011163251644345608,0.0011162091262934032,0.3818150897461155,0.0011164382842877591,0.276534924471567,0.3383010132073017
doc90,0.003909269176966186,0.1558676039291894,0.003907829448302682,0.8284996062276356,0.003908141716629205,0.003907549501276802
doc91,0.003907371079706438,0.003908047895889846,0.2895152628049182,0.0039077093184305455,0.6134509732371821,0.08531063566387284
doc92,0.0011164454868721543,0.0011164036597760925,0.16144699022274822,0.8340875338453276,0.0011163010517323503,0.0011163257335434907
doc93,0.0009654723790579592,0.015791884799993185,0.046191706261359045,0.9351200248825733,0.0009654979278280112,0.0009654137491884354
doc94,0.7584284228184661,0.003166782621329909,0.0031650894906641333,0.0031653698072144345,0.00316529282664586,0.22890904243567944
doc95,0.0013590249401717114,0.0013589437523671697,0.7703031725280204,0.001358916411921397,0.22426095400625357,0.001358988361265724
doc96,0.000596844400249616,0.03099803244501545,0.25224382989475197,0.0005968271020912275,0.7149676697693574,0.0005967963885342547
doc97,0.9825139092040218,0.0034966355408244713,0.0034970381309128765,0.0034974927162367197,0.0034969949019970155,0.0034979295060071232
doc98,0.054182322964475615,0.00040232478694553664,0.000402374395333013,0.0004023592883930815,0.6430485249144614,0.30156209365039127
doc99,0.2159144044283815,0.000822542878913108,0.29767616221242965,0.0008225297076318329,0.23243888750503744,0.2523254732676065
doc100,0.8231344823279821,0.0006266504774945863,0.17435865357794741,0.0006267308795416129,0.0006267501671799165,0.000626732569854231
doc101,0.21922591180501003,0.0006730533147015593,0.0006730731778206593,0.09177101327547246,0.6869839086622318,0.0006730397647635873
doc102,0.0009845129120796539,0.0009843772640540224,0.0009845000674921689,0.0009844184236942968,0.969148919086471,0.026913272246208784
doc103,0.3188580057827704,0.00134057480357089,0.0013408557404330907,0.5013851525009789,0.0013408052463654316,0.17573460592588125
doc104,0.3449280351522818,0.0013776542017848248,0.001377930242148768,0.5321757346298512,0.0013778805215292735,0.11876276525240406
doc105,0.0015483264109487631,0.001548372291569348,0.0015483034441985937,0.0015482532025296292,0.8651924565671038,0.12861428808364994
doc106,0.18266577539414003,0.0017365927631596038,0.41295847021199633,0.0017366696212697916,0.2513036387027924,0.14959885330664183
doc107,0.1487991597732042,0.0004912803589739834,0.0004912786395823115,0.029680028088671213,0.8200469821301637,0.0004912710094047686
doc108,0.43648702510225884,0.0022938199650425002,0.002294461278807785,0.002294167943200159,0.0022940901710210445,0.5543364355396698
doc109,0.31201553019941974,0.001572576045341578,0.0787742131167431,0.11698298321725871,0.0015726064200254019,0.4890820910012115
doc110,0.11060269114628134,0.11977527667546722,0.2177258051853904,0.0007430790096834136,0.5504100581115071,0.0007430898716705729
doc111,0.002242731925693481,0.0022425038391494572,0.0022424711110564702,0.002242558656653094,0.9887872511467596,0.0022424833206880013
doc112,0.1367463590527055,0.0013589599016986297,0.0013590124945745583,0.5408669467849289,0.0013590336979808083,0.31830968806811155
doc113,0.6921576136329674,0.0008579466952058874,0.000857894330324152,0.0008578848153265597,0.12522840901739224,0.18004025150878375
doc114,0.1473791621312242,0.12667816606743193,0.13586939790101984,0.09268429054473784,0.4962849582313957,0.0011040251241904232
doc115,0.2745295406609131,0.0010919509544629307,0.0010918888928671498,0.13833767258887833,0.5838570611583629,0.0010918857445155806
doc116,0.07076335705698793,0.0008505198920942776,0.20627243939825468,0.0008505763235209092,0.0008504752880709049,0.7204126320410713
doc117,0.0008578655277560447,0.0008576990794731286,0.09268574185468209,0.8086794836539609,0.09606141128792844,0.0008577985961992856
doc118,0.0011549476624180199,0.0011548960254760684,0.1060356371773284,0.8893445347990778,0.0011550261051450207,0.0011549582305547066
doc119,0.26670903783267397,0.019980411483271458,0.2870413980004734,0.4234356214758279,0.0014167456552034055,0.0014167855525497794
doc120,0.0009846103179382004,0.03898331449214557,0.3583520341079104,0.5495507239096505,0.0009845471451985462,0.05114477002715682
doc121,0.0009654387309666818,0.9951727230752554,0.0009654274539986072,0.0009655183279897427,0.0009654837652821297,0.0009654086465074787
doc122,0.0015484277498504283,0.0015483205001384434,0.0015482601010469916,0.001548883407612422,0.675374180951665,0.3184319272896867
doc123,0.0009654387309666818,0.9951727230752554,0.0009654274539986072,0.0009655183279897427,0.0009654837652821297,0.0009654086465074787
doc124,0.0003453822015807512,0.008242405750929232,0.5048278573239238,0.0003453649121841909,0.2016746378328844,0.28456435197849755
doc125,0.0007164718970748152,0.0007163853886661007,0.7554702941709274,0.0007164801136457968,0.24166389464032814,0.000716473789357814
doc126,0.001046313317098608,0.0010461032732411247,0.0010463232655248103,0.0010463871508033782,0.8850227609694414,0.1107921120238907
doc127,0.0029768260151687223,0.0029765120995117137,0.838212827133619,0.1498804329772114,0.0029767428016309167,0.002976658972858249
doc128,0.001046313317098608,0.0010461032732411247,0.0010463232655248103,0.0010463871508033782,0.8850227609694414,0.1107921120238907
doc129,0.0030681456705022423,0.2601933580499751,0.29366401274586007,0.43693796435003085,0.0030686311335215042,0.0030678880501102362
doc130,0.0036240839406090158,0.0036239696937535666,0.0036244654746235908,0.5867588458724003,0.39874414396427216,0.0036244910543412816
doc131,0.11991765905286794,0.0005968667432487668,0.000596846892438036,0.10436771768316601,0.7739241116484901,0.0005967979797890622
doc132,0.0014372312187816796,0.0014369227401997272,0.07184220193762365,0.3909867453185639,0.5328596338389717,0.0014372649458593036
doc133,0.029442075490421386,0.00037941687676440147,0.06943453506276122,0.6065485464318919,0.29381598471324333,0.00037944142491762724
doc134,0.47688331730676214,0.08422683373964394,0.0009209692296258747,0.08331408000997222,0.0009210139187338466,0.353733785795262
doc135,0.0016505416417522325,0.001650550509365186,0.0016504909581182513,0.028934955745275152,0.8348245138542125,0.13128894729127674
doc136,0.6013090056687977,0.0009941538243228314,0.000994294461918114,0.09939678371675874,0.0009942760988733903,0.29631148622932924
doc137,0.18800856685255424,0.0017365264672045946,0.16442245401125308,0.0017365161158682508,0.6423592397555887,0.0017366967975312698
doc138,0.0009044185827485861,0.08969608539306718,0.13041400685669277,0.748933534997211,0.000904415043852266,0.029147539126427983
doc139,0.0023478790987577908,0.002348219357222037,0.4496188857289378,0.0023480350659179183,0.5409889835812369,0.0023479971679274646
doc140,0.002016605535126889,0.16123774469599136,0.00201671444855841,0.0020167946716039753,0.8306956909185336,0.002016449730185863
doc141,0.0009944172235797056,0.0009941774892844291,0.21400808950684677,0.2226061786346201,0.478602554328527,0.08279458281714203
doc142,0.3547646906896545,0.001103953826057598,0.0011040387974115022,0.21607454267553527,0.22554154934743934,0.20141122466390177
doc143,0.0009296072527402089,0.0009295110955059899,0.7689045225511337,0.0009296747387453075,0.22737701613916655,0.0009296682227082366
doc144,0.5244561668050185,0.0015977829604304074,0.001597840517892058,0.0810894620047963,0.0015979009234928807,0.3896608467883698
doc145,0.0027328833902309515,0.002732643788362163,0.14015313917119074,0.8489155094724268,0.0027328777535706545,0.0027329464242186875
doc146,0.0018661313963060325,0.0018661068025541845,0.49299338394099174,0.1268113104321707,0.37459702644594217,0.0018660409820351006
doc147,0.0008579052853664561,0.054720904528948205,0.27181569204582556,0.0008578143734731059,0.6708898280852347,0.0008578556811520132
doc148,0.47199556076474636,0.0011039280634902143,0.0011041769116175366,0.26010116319893284,0.2645911580217646,0.0011040130394483968
doc149,0.0015981931795492539,0.03212884124376824,0.16524791962136692,0.7978293414915769,0.0015978367372737868,0.0015978677264648464
doc150,0.001377878441836268,0.001377583853631897,0.0013777534535469405,0.7462460684356664,0.18991834508636907,0.05970237072894936
doc151,0.08906044504283284,0.00034066927095948503,0.0003406809367570031,0.00034067614102381035,0.9095768676710928,0.0003406609373341977
doc152,0.0002971676557738371,0.06059334447701622,0.00029716523538938453,0.34750012038115896,0.4846822765342879,0.10662992571637354
doc153,0.7004793279755142,0.08982873825410154,0.0008883582632134224,0.0008882363571803064,0.000888260706502325,0.2070270784434883
doc154,0.0012565820480854326,0.0012564267483354489,0.20968944764818478,0.0012565171966982102,0.7852844624921915,0.0012565638665044693
doc155,0.5003479385779156,0.0014171236648613749,0.0014166107715570385,0.0014168411826932276,0.0014168945880830032,0.49398459121488975
doc156,0.028915181411300735,0.0011039725036872282,0.388147433355747,0.0011039711157607354,0.1329781263338774,0.4477513152796269
doc157,0.2372884440015314,0.0014166495959163884,0.0014167488574274541,0.7570444917610435,0.0014168412258427788,0.0014168245582385933
doc158,0.3456368009613122,0.0009472851135187018,0.0009472491566670071,0.0009472601659745451,0.0009472075438593912,0.6505741970586683
doc159,0.11785090355886886,0.000638727262536959,0.2491783359616613,0.5350595099365043,0.09663377355122803,0.0006387497292004946
doc160,0.001129013577599446,0.0011287698772793904,0.43949630834531844,0.001128916098542178,0.001128904782969236,0.5559880873182913
doc161,0.3043834645499201,0.0007215972509573436,0.06295392201754914,0.0007217178275746338,0.05521878845258529,0.5760005099014135
doc162,0.0008883866390297834,0.0008882504608186199,0.000888294208608165,0.3175962512162296,0.6788505427751589,0.0008882747001547754
doc163,0.000865266550231843,0.0008651712307754762,0.000865339672145077,0.2529423848982582,0.7435965834461202,0.0008652542024691807
doc164,0.0008434381051562476,0.0008432722929911588,0.000843437176052282,0.0008433849968360499,0.47084353579578747,0.5257829316331769
doc165,0.0010145812531122294,0.001014396243781409,0.0010144809161406242,0.7780474355403111,0.04928426990908369,0.16962483613757104
doc166,0.0025912994016832657,0.0025912027214050394,0.6097588514507677,0.37987610664744614,0.002591234200752151,0.0025913055779457515
doc167,0.0008963403235685671,0.0008962259424191608,0.000896317057270417,0.08869242239103454,0.9077223862053104,0.0008963080803969488
doc168,0.34953240362271926,0.0010461520725005202,0.0010462618131453268,0.0010462633065634577,0.001046267840661561,0.6462826513444101
doc169,0.0006346750137763142,0.06367341598180178,0.11891445765208387,0.4640820165945859,0.35206081781066867,0.0006346169470834525
doc170,0.0003062553942468399,0.011651109933678738,0.3451920286691153,0.1623366763299406,0.48020767667239345,0.0003062530006250375
doc171,0.0006730880487517015,0.19269708151243417,0.3229052843977219,0.20411298066350153,0.2789385079954076,0.0006730573821831509
doc172,0.1618449335309009,0.0016781444103083501,0.3472139768172431,0.4859062305914492,0.0016783657302082407,0.0016783489198902075
doc173,0.06400157178719829,0.0464185213379683,0.0006190354674807261,0.8877228443074812,0.0006190269355440596,0.000619000164327506
doc174,0.06022810573389132,0.16321594188379204,0.001901596725387201,0.0019014632231046495,0.7708513147786441,0.0019015776551806918
doc175,0.0008578536606669955,0.9957107746233324,0.0008579204933297451,0.0008577714150125091,0.0008578197588229592,0.0008578600488354412
doc176,0.0008578536606669955,0.9957107746233324,0.0008579204933297451,0.0008577714150125091,0.0008578197588229592,0.0008578600488354412
doc177,0.2057668937777847,0.0017365825270083738,0.0017363231342285325,0.7872869912200524,0.0017367279734945035,0.00173648136743135
doc178,0.0017069163817227378,0.0017066725932153649,0.0017069942465547903,0.17816506031398519,0.5363183976197191,0.28039595884480284
doc179,0.21231469580109857,0.0010801744472697375,0.0010802286371168605,0.05619808679852891,0.7282465863350888,0.0010802279808970671
doc180,0.0018321021803571996,0.0018317401806405404,0.0018317259905338338,0.0018317936001879444,0.990840906328144,0.0018317317201365104
doc181,0.0012890877569484021,0.0012888104196861045,0.0012890798686205458,0.336255511978822,0.5251505778051576,0.1347269321707654
doc182,0.0010686723311523103,0.0010686155052060118,0.4118612984819434,0.0010686300448371044,0.5838642000744206,0.0010685835624403928
doc183,0.35429784308001555,0.0254271353861873,0.17689167946796774,0.26991607351142194,0.17166809358844642,0.0017991749659609741
doc184,0.1528287729551921,0.12211261947312493,0.4175633871940478,0.30402224969667335,0.0017365063127671714,0.0017364643681946365
doc185,0.000836390879531468,0.0008365045909439979,0.4149775801076326,0.036261771977517225,0.5462514352734337,0.0008363171709411186
doc186,0.0015727907358588946,0.001573159807518748,0.3113205961580435,0.131258261739664,0.5527023479565935,0.0015728436023214833
doc187,0.0008226144461899424,0.0008224793658355089,0.24473027513704584,0.751979421347121,0.0008225904174583899,0.0008226192863492305
doc188,0.001623900125178784,0.0016236893860115786,0.001623873111102426,0.001623792941942674,0.6141442500795702,0.3793604943561944
doc189,0.18724474620617296,0.0016236010640447236,0.0016236723597104657,0.0016240131527863707,0.0016238718147695143,0.806260095402516
doc190,0.0008028015707181252,0.07701095640528659,0.07940511632563038,0.2721069636666471,0.5698714450252985,0.0008027170064194308
doc191,0.6304451290794106,0.0015247786144793895,0.23682095016476684,0.12815966160652872,0.0015248352972754935,0.001524645237538797
doc192,0.0010573941462677227,0.0010575860127804335,0.27327435092174873,0.2042932678435977,0.0010572920517153367,0.5192601090238901
doc193,0.10978154761479855,0.00116835434565621,0.1335940759342565,0.31599936796155575,0.0011684995023781796,0.43828815464135473
doc194,0.16117111429230116,0.002732715496228926,0.486096904024257,0.34453379950298596,0.002732706968066399,0.0027327597161605544
doc195,0.0015979328029747262,0.1253153690160498,0.3005241870123523,0.5693667531822795,0.0015978745627466945,0.0015978834235969117
doc196,0.0016784232123768907,0.0016780352492216184,0.0016783348187535796,0.0016782068740931037,0.0016783218179540222,0.9916086780276008
doc197,0.0016506797011829413,0.0324266894586571,0.16857370124288312,0.4836357162434518,0.09765190915841974,0.21606130419540534
doc198,0.0009846103179382004,0.03898331449214557,0.3583520341079104,0.5495507239096505,0.0009845471451985462,0.05114477002715682
doc199,0.2604758639236188,0.001340835819879864,0.0013409180658621193,0.7341605430909748,0.0013408152958173235,0.0013410238038471952
doc200,0.0021463671435579205,0.0021465691777735733,0.26638288710099917,0.7250311870134044,0.0021466642549666415,0.0021463253092983323
doc201,0.0019766588445838157,0.001976785844901698,0.3890535843358063,0.6030395288899026,0.0019766774087752554,0.001976764676030398
doc202,0.0010574117539197331,0.0010572298307940946,0.31162427493055017,0.10401357849071084,0.27812509398911206,0.30412241100491305
doc203,0.0012566693539564809,0.0012570745435760984,0.19002633453572126,0.025635118124915555,0.7805683038127383,0.0012564996290922628
doc204,0.5003479385779156,0.0014171236648613749,0.0014166107715570385,0.0014168411826932276,0.0014168945880830032,0.49398459121488975
doc205,0.2745295406609131,0.0010919509544629307,0.0010918888928671498,0.13833767258887833,0.5838570611583629,0.0010918857445155806
doc206,0.001046313317098608,0.0010461032732411247,0.0010463232655248103,0.0010463871508033782,0.8850227609694414,0.1107921120238907
doc207,0.8082327069499673,0.0013592283322421792,0.0013589158346883979,0.186331142569657,0.0013590031495255104,0.0013590031639196783
doc208,0.0005114151296800652,0.0005113366372782051,0.08020119055226911,0.13811810201757552,0.7801465679027042,0.0005113877604928475
doc209,0.39637981868904815,0.0008883865782147509,0.0008883598824480752,0.0008883557955989174,0.0008883160804331183,0.600066762974257
doc210,0.26793884335426543,0.0021462784212671064,0.0021465111254275176,0.0021463701296658587,0.4373559173670456,0.2882660796023285
doc211,0.0011965295757557016,0.0011965912333474743,0.7381886410279092,0.001196456344055098,0.2570253264085743,0.0011964554103583108
doc212,0.348918766646916,0.0022427471582750227,0.002242829282834876,0.6421098170355006,0.002243072444397986,0.002242767432075501
doc213,0.0018665034869380795,0.0018660273922111322,0.0018664259377251804,0.10617341382002485,0.0018664795963355366,0.8863611497667653
doc214,0.15836144953020367,0.0002296263313955739,0.5638425214938296,0.029293578542475288,0.24804321002273896,0.00022961407935704408
doc215,0.08515027530399036,0.00046608386173754894,0.00046616400738698575,0.023326162224205266,0.8901252273954181,0.0004660872072618026
doc216,0.0019767905310897134,0.0019766203081516614,0.0019766856047503767,0.001976716028913352,0.0608901787088648,0.9312030088182301
doc217,0.0899451638191861,0.0032694743420117675,0.0032690435842488395,0.0032686134952040133,0.46186701853167106,0.4383806862276783
doc218,0.0015981356918677346,0.0015978462489884683,0.0015978275557403327,0.0015979307213844277,0.9920102778902871,0.0015979818917319125
doc219,0.2714512616971409,0.0003241110974494297,0.0003241241191709609,0.04026895099160228,0.687307430857885,0.0003241212367515279
doc220,0.3678321675447846,0.01191999233832115,0.000493740968006233,0.5397241144035502,0.07953628373870426,0.0004937010066336259
doc221,0.40074964262282164,0.004629708537538325,0.004630683579319136,0.5807288069604638,0.004630738770254368,0.004630419529602501
doc222,0.0009126040663949553,0.05935680813433122,0.33586366682500257,0.10742647995178245,0.4955277810564634,0.0009126599660253876
doc223,0.0008804837153261637,0.0008806438601702022,0.0008805281010884415,0.23284053719244874,0.7636373563605061,0.0008804507704603312
doc224,0.0017672861548246376,0.22878264621256877,0.3565026977963444,0.2999617754652471,0.11121837498504988,0.001767219385965271
doc225,0.0011684404385331726,0.0011684527949745633,0.0011686108851123958,0.8322164871315506,0.16310956604820492,0.0011684427016244012
doc226,0.0005728603586845196,0.0005728158325669161,0.01765001262632152,0.9800585753789101,0.0005728391516436215,0.0005728966518734249
doc227,0.0008433656364400353,0.02622115158980381,0.0008435221557331235,0.18677700386475984,0.0008434443594424432,0.7844715123938207
doc228,0.0009295291114618873,0.9953524056890908,0.0009295178107795944,0.0009295416441569456,0.0009295429967392723,0.000929462747771602
doc229,0.0009295291114618873,0.9953524056890908,0.0009295178107795944,0.0009295416441569456,0.0009295429967392723,0.000929462747771602
doc230,0.0022943577402634555,0.0022939347734300237,0.32817333371489094,0.5582671436544855,0.10667685661808546,0.002294373498844601
doc231,0.0007717982610729497,0.0007717269967741806,0.6033899696090371,0.000771836857432705,0.39352286135103726,0.0007718069246457094
doc232,0.0008225586439306228,0.0008225251336163596,0.17315449639890354,0.000822636115611409,0.8235552350460867,0.0008225486618513482
doc233,0.0836254067996806,0.0009126643103518946,0.21171633220480998,0.7019202977350066,0.0009127008674469367,0.0009125980827039554
doc234,0.0005632530946504439,0.0005631637067328516,0.49249097159477956,0.5052562462991138,0.0005631841936665559,0.0005631811110568241
doc235,0.0036240603107862753,0.0036233638987543952,0.9818805267894631,0.0036244096150135604,0.003623692557811262,0.003623946828171508
doc236,0.1779348244700326,0.0014374343988627033,0.25611569718580524,0.343134885875433,0.2199401241188484,0.0014370339510181426
doc237,0.003165133150883033,0.003164823862938215,0.984174065269961,0.0031655241243975733,0.003164998654016458,0.0031654549378038023
doc238,0.05832887787061753,0.0009043556552151497,0.0009044310206312827,0.08998636884588743,0.0009044414541119015,0.8489715251535367
doc239,0.002016839232645389,0.09296424235633603,0.4125551437183667,0.3034906012821769,0.002016546273644541,0.1869566271368304
doc240,0.0037603766831048944,0.0037599895842457616,0.3633591004245526,0.6215994711314263,0.003760530589235805,0.003760531587434721
doc241,0.32047481238711356,0.0012410067179012701,0.001240934807373315,0.41295630050245474,0.00124111561638739,0.26284582996876965
doc242,0.6620109136469399,0.0010354113496822597,0.0010354706464134433,0.09068676968713166,0.0010355280203995561,0.24419590664943316
doc243,0.002591397012976819,0.0025913276641834964,0.0025914019795232825,0.15520216891027064,0.30238842899261803,0.5346352754404277
doc244,0.2102817933242574,0.0024042601471329487,0.002404222056267011,0.07350785661131073,0.6233575531827238,0.08804431467830805
doc245,0.0004889017112222442,0.02000512099841096,0.176205605867874,0.0004889103109227939,0.03637850392018409,0.7664329571913859
doc246,0.2820765390386365,0.000506182230671975,0.3852928003489031,0.0005062363011462573,0.0005061869353440688,0.33111205514529807
doc247,0.032303628294940205,0.09884905194512054,0.7618616210567676,0.0010686163900914044,0.10484849270876258,0.0010685896043175717
doc248,0.1046489961817577,0.0011416741402751373,0.26821494730987794,0.6237106059068637,0.0011418080419496983,0.0011419684192758481
doc249,0.0004913318830725738,0.000491273759775377,0.0004912812780573148,0.0004912842998222129,0.0004913311648000921,0.9975434976144725
doc250,0.1217677413758303,0.0012257609504713388,0.29409913194909554,0.2049326556767736,0.37674889308831455,0.0012258169595148005
doc251,0.08883637399116888,0.0013589292167322934,0.2273940488814807,0.22327622186250629,0.45777543868674436,0.0013589873613674742
doc252,0.3626937426243475,0.0008091738384066575,0.5089906423426713,0.12588787985909036,0.0008092534249616856,0.0008093079105225098
doc253,0.06444828487506432,0.034613249201501474,0.26259960479535416,0.636577824119004,0.0008805537231961172,0.0008804832858799941
doc254,0.0028100449359876193,0.19695644443548052,0.002809901221545848,0.4402991124289337,0.3543146931091873,0.002809803868865006
doc255,0.001501959319409859,0.0015020081652416435,0.5438136729196849,0.25280045121469624,0.1988800065278363,0.0015019018531310328
doc256,0.01605400763940923,0.0006039140016431778,0.5172708110231672,0.3391478894193924,0.08985926403363993,0.037064113882747954
doc257,0.00110407355815195,0.001103895323683807,0.7898760185861445,0.0011040653511852944,0.2057078956840631,0.0011040514967711507
doc258,0.3478694237150471,0.06367596750641553,0.5868202214223693,0.0005448039104155559,0.0005448373544326762,0.0005447460913197318
doc259,0.35904279900849695,0.0010920516627265001,0.0010918840494528932,0.41758915152967113,0.0010920449661347461,0.2200920687835178
doc260,0.0020580399956758263,0.002058510248364073,0.002058123364418295,0.3803038882873316,0.002057994472385522,0.6114634436318248
doc261,0.45614232613753963,0.0018659191320063379,0.001866198383063598,0.08824898945396166,0.20830549228107778,0.24357107461235095
doc262,0.0005728603586845196,0.0005728158325669161,0.01765001262632152,0.9800585753789101,0.0005728391516436215,0.0005728966518734249
doc263,0.0017673021867967216,0.0017669738489469145,0.22569758066548443,0.24116491326464634,0.5278360374218695,0.0017671926122560491
doc264,0.001091958932231968,0.0010918836492929058,0.37858159523966967,0.617050508974283,0.0010920414396061123,0.0010920117649162642
doc265,0.00087286500230896,0.0008726650815285459,0.0008729088104354077,0.0008727697060350967,0.9956358888678275,0.0008729025318644792
doc266,0.0008293718824824802,0.06370241026404064,0.6224696416662524,0.22123714864854202,0.09093208015762118,0.0008293473810611862
doc267,0.18945472627527463,0.000501136954487455,0.0005011498092622763,0.7195290936753304,0.034139223026090924,0.05587467025955421
doc268,0.0014372542675348667,0.001437128785614766,0.27440038560024904,0.0014370843064492247,0.7198510263411926,0.0014371206989594505
doc269,0.00026213228734862275,0.016709248091678373,0.2246140901714882,0.31389321323055197,0.05132583935872881,0.393195476860204
doc270,0.09665270760984465,0.0633553432747321,0.0013059974774459885,0.8360740078061727,0.0013059380486954459,0.0013060057831092218
doc271,0.7104039611945654,0.0005761179099604628,0.0005761851276856539,0.0005761891172031288,0.04433128854632411,0.2435362581042612
doc272,0.001014452774322427,0.0010143211575929115,0.45650072231541067,0.2205357992302094,0.3199202896432034,0.00101441487926121
doc273,0.0007659233733215368,0.000765934667336316,0.0007659283828873914,0.0007659551459198007,0.9135376264019437,0.0833986320285914
doc274,0.0030683624055216885,0.0030685219766830806,0.0030680724271821905,0.22792110282742173,0.7598060030343057,0.003067937328885603
doc275,0.06783517988171968,0.0017366753276024994,0.0017365616290255992,0.92521829519434,0.001736614872364197,0.0017366730949479774
doc276,0.0009749771137375655,0.0009750510519125183,0.0009748862778756734,0.0009749368441045896,0.9463415654774708,0.049758583234898776
doc277,0.0017365878146985735,0.0017364327431541658,0.07293540192593653,0.4440602812080459,0.47779482969678333,0.0017364666113815089
doc278,0.0013969137696276544,0.08023786814702971,0.7094464552760467,0.0013969180057577782,0.20612483298087833,0.0013970118206598186
doc279,0.0011822360176727581,0.0011823754307257496,0.3081916845403529,0.0011823226985733252,0.6870790566388069,0.0011823246738683825
doc280,0.0009126040663949553,0.05935680813433122,0.33586366682500257,0.10742647995178245,0.4955277810564634,0.0009126599660253876
doc281,0.32042551917243006,0.00031198983749145703,0.06315448456665615,0.545941400931597,0.06985459426886577,0.00031201122295973667
doc282,0.0009295291114618873,0.9953524056890908,0.0009295178107795944,0.0009295416441569456,0.0009295429967392723,0.000929462747771602
doc283,0.0009295291114618873,0.9953524056890908,0.0009295178107795944,0.0009295416441569456,0.0009295429967392723,0.000929462747771602
doc284,0.002526604402503245,0.002525987985583844,0.0025256206710693478,0.0025258145277384236,0.002525872387629096,0.987370100025476
doc285,0.002463616138194492,0.0024636790039964706,0.002463671649213278,0.8240967771094007,0.002463649066375735,0.16604860703281935
doc286,0.0022939138287380563,0.0022937725962594016,0.08453273765714303,0.6269606250809301,0.2816249793655017,0.00229397147142777
doc287,0.2924833544597157,0.0008884014827568938,0.29088880535474826,0.000888308646586015,0.000888371997575526,0.41396275805861765
doc288,0.0008506373729040808,0.0008511725463840391,0.45449986961404915,0.41177178119143404,0.13117597779541984,0.000850561479808897
doc289,0.7954170247917524,0.0021934175768915367,0.0021934952426064984,0.19580893574277097,0.002193756417798302,0.002193370228180553
doc290,0.22178720551389594,0.0011416757808611767,0.0011419129285890352,0.7736454414104204,0.001141887621805226,0.0011418767444283664
doc291,0.001141833405485247,0.0011416703462337743,0.0011417596587847826,0.31106019703951665,0.44140742235383357,0.24410711719614603
doc292,0.3665325703200169,0.0019382316006365777,0.001938568780368596,0.001938416807541956,0.0019384086439504522,0.6257138038474855
doc293,0.10556200328512351,0.0008158969099267329,0.000815887902074057,0.7449901882342348,0.14700018518856325,0.000815838480077559
doc294,0.08713324675703173,0.0005360230894723588,0.23778730430922107,0.0005360678523167705,0.3292084577814359,0.344798900210522
doc295,0.17598062332991435,0.0019384121323750784,0.10547944752929322,0.7127245146533296,0.0019385867936666803,0.0019384155614210895
doc296,0.002890796361330103,0.0028912463196708754,0.4462332791685552,0.24448469396007605,0.3006087367368896,0.002891247453478283
doc297,0.0008963004898606736,0.0008962349805992582,0.21789014629255873,0.35595709944812304,0.4234639863141284,0.0008962324747299013
doc298,0.0017674315305696627,0.0017670439723537162,0.0017674070185977595,0.0017674618990271235,0.9911633398489177,0.0017673157305340282
doc299,0.045498150032216654,0.13702834834225247,0.0014371570098044492,0.15915309398723287,0.6554460463098016,0.0014372043186917862
doc300,0.3928611791528444,0.0007322093379827874,0.0931082037171241,0.5118338204500225,0.0007323619624347502,0.0007322253795915218
doc301,0.2380374431588689,0.0019766123622770534,0.1043880838560362,0.2097950666925636,0.1731172027405087,0.27268559118974545
doc302,0.28358229414335173,0.001272512013721787,0.001272654495672002,0.30685691597942943,0.00127264955456212,0.405742973813263
doc303,0.3824215203498641,0.0021010437358374833,0.1850695380443777,0.42620513693074163,0.0021014147144860144,0.0021013462246931413
