,topics0,topics1,topics2,topics3,topics4,topics5
doc0,0.27965298785018433,0.0008433269151765003,0.7169734907190941,0.0008434025919943033,0.0008433984406363711,0.0008433934829143515
doc1,0.001340824067158089,0.01860710967329001,0.34101755861984856,0.0013408490203623052,0.35288160719450073,0.2848120514248403
doc2,0.0009296020860843247,0.0009295335239330725,0.5575236709311884,0.000929748107224271,0.4387578385497038,0.0009296068018660678
doc3,0.08924154573178536,0.000677588453741112,0.7365735385807616,0.0006777135983405834,0.09665166913498814,0.07617794450038338
doc4,0.0019017387092300794,0.001901516306607704,0.4991575790684447,0.26221611166125186,0.23292150894976024,0.0019015453047054607
doc5,0.15668032351225505,0.0003327117670788104,0.08637519693823958,0.0003327683755141525,0.0003327805261900845,0.7559462188807223
doc6,0.2393798275845014,0.0005331063865659642,0.0005331566146447859,0.0005331874260521077,0.5092853973145175,0.24973532467371806
doc7,0.17026796810332578,0.0012108667297732625,0.0012109965113886543,0.36834839207560305,0.0012110514774827461,0.4577507251024265
doc8,0.5613397133991376,0.28514024896185836,0.0010043025315538856,0.0010041870293662856,0.1505071857123834,0.0010043623657004994
doc9,0.044174472605905964,0.0012725111405186929,0.0012723867861758693,0.0012724761641677348,0.5936220574587747,0.358386095844457
doc10,0.5983938293546668,0.004630384621795731,0.004630992920416117,0.004630583059746417,0.0828695491315945,0.3048446609117804
doc11,0.0009382162781967374,0.9356796186262778,0.0009381984756502051,0.06056753777649774,0.0009382149274445699,0.0009382139159330214
doc12,0.0010043655714216933,0.0010042818086649255,0.0010043648858051506,0.5877964512491012,0.042964867333920485,0.36622566915108673
doc13,0.0009382162781967374,0.9356796186262778,0.0009381984756502051,0.06056753777649774,0.0009382149274445699,0.0009382139159330214
doc14,0.0012410711366248957,0.02242170523651398,0.3506347132389527,0.10635845322171392,0.26640466208107044,0.25293939508512403
doc15,0.14333235578557485,0.0012726260591295017,0.42972043405816734,0.13863851397148957,0.28576339235359055,0.0012726777720480221
doc16,0.7474685293521186,0.0008293522731531382,0.00082931157090668,0.08140821431368825,0.04937865067076126,0.12008594181937211
doc17,0.13982507306588582,0.0008965185125095892,0.36163007922074375,0.0008963038167835396,0.233613014847939,0.26313901053613836
doc18,0.3589157500016604,0.0046312754840777005,0.004630651901803027,0.5144506913111112,0.11274118861864232,0.004630442682705318
doc19,0.9959537350007135,0.0008091925246025995,0.0008092627133108266,0.000809260795245993,0.0008092438456355758,0.0008093051204917324
doc20,0.1995236446211949,0.0010573670777787045,0.385057508135798,0.0010574519111449664,0.41224664012180595,0.0010573881322774644
doc21,0.25628695781700017,0.02277899088704467,0.44208961931589996,0.0006077309119576097,0.27762897746101267,0.000607723607084805
doc22,0.0014166696276017446,0.0014165654876979906,0.4960569212342841,0.03605606491721188,0.15904851296566871,0.30600526576753556
doc23,0.0005220041520209705,0.0005219474853469779,0.0005219845545929811,0.9973900369827189,0.0005220294092131261,0.0005219974161071043
doc24,0.0012726509873623158,0.0012726528884747436,0.3143878073037624,0.0012726457481478481,0.4706517664883125,0.21114247658394014
doc25,0.5438058222667602,0.0006554657729921889,0.000655456997862616,0.0006554559477037789,0.0006554555637871774,0.4535723434508942
doc26,0.3002713642751769,0.0008728726008173279,0.0008728508525417876,0.0008727915104316926,0.3364576194068039,0.3606525013542282
doc27,0.0007965047356564158,0.0007965282260421945,0.0007964482787373209,0.3631117523274503,0.07579661097028123,0.5587021554618326
doc28,0.07474959297473996,0.05269616548844034,0.001866471319556307,0.00186597124215395,0.8669556501912162,0.0018661487838932582
doc29,0.0010145071886404771,0.02188024753785399,0.11916171235912688,0.06825756715317285,0.0714148484109005,0.7182711173503054
doc30,0.16382627004692857,0.0012256203628371865,0.0012257571627902956,0.0012257565248627322,0.0012258219295784788,0.8312707739730028
doc31,0.10974995169186315,0.0008652084172809203,0.0008652348977503375,0.03280564991480916,0.2460348552743861,0.6096790998039103
doc32,0.0559005998678013,0.0013230076147262458,0.0013229460148223547,0.0013230843260258506,0.27611545856414893,0.6640149036124754
doc33,0.3933025934040795,0.056319788138872194,0.11823840645359102,0.23978410287939173,0.18989124721873632,0.0024638619053291336
doc34,0.0004473584540567399,0.00044728176136226414,0.13316716372747922,0.7330431928718055,0.0004473624338417729,0.13244764075145443
doc35,0.001799165331027206,0.0017992179842617024,0.20092288287894935,0.0017992876164267416,0.2320022476710931,0.5616771985182418
doc36,0.0010920761069530076,0.0010919789978886128,0.0010918788493873813,0.001091853869561071,0.48423971073217925,0.5113925014440307
doc37,0.0008363437752374534,0.0008362367139764048,0.0008363142996667564,0.0008362039323625634,0.7807094859225475,0.21594541535620923
doc38,0.01861672836421781,0.0005193039906425415,0.0005193236339221093,0.0005193738008197785,0.5068406703926119,0.4729845998177859
doc39,0.09143054345484201,0.05363254329281528,0.001035417059632487,0.046716099276455654,0.1911079286179932,0.6160774682982614
doc40,0.09804836707477849,0.00046611461120025377,0.05023626564522957,0.033755031016375774,0.7914249182932619,0.02606930335915397
doc41,0.0017364918608361135,0.0017362315599540558,0.0017362706230821291,0.9913181720357715,0.0017364432950123041,0.0017363906253437637
doc42,0.0005508016025271659,0.0005508240470317536,0.0005507714887434331,0.0005507711680991388,0.0005507656122262566,0.9972460660813723
doc43,0.05139703510186973,0.0006965013403038304,0.10174011512119459,0.13048768921411572,0.0006966180384095453,0.7149820411841066
doc44,0.002146631951854371,0.002146024497423311,0.9892681449310532,0.002146606499110863,0.0021461584817933374,0.0021464336387649685
doc45,0.12902951953295028,0.0009296284315726669,0.01890327501174278,0.27188413687425395,0.4590724009913704,0.12018103915810976
doc46,0.00205815801916538,0.002057745663569236,0.2118150627963178,0.23532606179387036,0.0020580077464710253,0.5466849639806062
doc47,0.21077662118856424,0.0004704144653324271,0.09930873677583996,0.07830427734373963,0.14294471392659272,0.468195236299931
doc48,0.22506553971151783,0.04047781886148066,0.08427551948761111,0.00132322272120555,0.5402710931942742,0.10858680602391073
doc49,0.0009749520232298316,0.0009747693285448263,0.9951258593495751,0.0009748006011463226,0.0009748212542388194,0.000974797443265142
doc50,0.422260430603306,0.0016239488130713388,0.43023722040066886,0.1426307930309039,0.0016237427002651493,0.0016238644517847084
doc51,0.0015726306798062666,0.0015727524618696482,0.39243264563473695,0.24980694420083363,0.353042361962054,0.001572665060699548
doc52,0.23807805487640352,0.0012889288628170534,0.18962777608550122,0.0012890281008095536,0.3876797343660989,0.18203647770836978
doc53,0.18648103694229237,0.0011161628945885493,0.11515216621282792,0.368567621062446,0.11474330129061101,0.21393971159723402
doc54,0.001256587420088235,0.0012564584863267384,0.06874086643804904,0.3513181506001531,0.0012565245151228085,0.5761714125402602
doc55,0.6617353579584561,0.0009209238474925554,0.0009211250786116142,0.11117440293355946,0.0009210003832080842,0.22432718979867217
doc56,0.0033788477342378736,0.0033786559576232185,0.2678072373411242,0.16212407491842007,0.5599320379452948,0.0033791461032998973
doc57,0.04686833021222909,0.0006113340286262413,0.0006114374832728947,0.0006113698882828758,0.35560767631798174,0.5956898520696073
doc58,0.002976986351796644,0.0029771238868787596,0.7298244767019306,0.00297703659570497,0.25826754343594915,0.0029768330277397245
doc59,0.07073196501283405,0.000586279425609709,0.6555459210872766,0.1087373229987989,0.0005863450736532566,0.16381216640182755
doc60,0.0024636597736884223,0.11770514375855855,0.0024637441221803708,0.0024636238626834736,0.5822344359070165,0.2926693925758727
doc61,0.38682637152553334,0.3150924557248396,0.0005538683803903842,0.0005538380848367901,0.0005539115648203189,0.29641955471957965
doc62,0.0014582260666314965,0.33457948940050847,0.0014581016737691662,0.0014580424031878092,0.6595879538199775,0.0014581866359254802
doc63,0.07684452549654312,0.2538817281716065,0.15283588062133022,0.0031655100170384586,0.5101067740827784,0.0031655816107034537
doc64,0.0009295027820724277,0.9953522976954291,0.0009296397100061918,0.0009295277734444285,0.0009295167107746124,0.0009295153282733184
doc65,0.3291684973427004,0.001397037752016607,0.0013970340196986304,0.6652436273342627,0.001396843825512308,0.0013969597258092366
doc66,0.0009295027820724277,0.9953522976954291,0.0009296397100061918,0.0009295277734444285,0.0009295167107746124,0.0009295153282733184
doc67,0.2590324571477187,0.002348408224485607,0.3715582706511226,0.22585889510167767,0.0023481083994027754,0.13885386047559264
doc68,0.6737793235529141,0.000732250849780637,0.00073233156515219,0.0007322471381549824,0.0007322972233695833,0.32329154967062856
doc69,0.11163129247226786,0.0010573387622462983,0.5304252679234039,0.0010572809584206944,0.09988631534425242,0.25594250453940876
doc70,0.35225710985324665,0.0006965060341749108,0.24361096243717145,0.0006965033086249951,0.2093439422866387,0.19339497608014347
doc71,0.0006427940123092087,0.0006428159319678538,0.000642752648086869,0.1617566491051382,0.659857629107628,0.17645735919486985
doc72,0.13979506401554734,0.052973945928163214,0.5292862614833088,0.0018661467627995136,0.0018660410027229399,0.27421254080745816
doc73,0.9959537350007135,0.0008091925246025995,0.0008092627133108266,0.000809260795245993,0.0008092438456355758,0.0008093051204917324
doc74,0.004425372894065706,0.0044251639069662185,0.00442530114598001,0.0044253622605265955,0.9778735139048138,0.004425285887647609
doc75,0.1099109946639193,0.14256798817706065,0.002348115194518879,0.1327325298285991,0.6100921940285902,0.0023481781073118866
doc76,0.0006685977914496463,0.0006685309670554289,0.15169986508964717,0.2684545113658274,0.0006685723589381707,0.5778399224270823
doc77,0.12940912246381026,0.02979498240361988,0.22867660642908294,0.4934217674759407,0.11679574240677282,0.001901778820773455
doc78,0.3771041307559752,0.0007600018379081879,0.0007600915126482801,0.0007601347674523708,0.38605327505294035,0.23456236607307568
doc79,0.0013777384129247052,0.0013775485990310187,0.9931120555818954,0.0013775903710749556,0.0013775283107081825,0.0013775387243656217
doc80,0.0018320547908370671,0.0018319358328468254,0.0018322143463696487,0.5054609028931072,0.0018319370810072468,0.4872109550558321
doc81,0.1582531238149213,0.3110409890130084,0.12390769047802443,0.0017991594263322352,0.40319994676631904,0.00179909050139453
doc82,0.0014371046486652231,0.0014369549993708845,0.0287511407687813,0.7405942937801986,0.22634339113793683,0.0014371146650470458
doc83,0.4052210583890098,0.0015725537237835834,0.07234352365959944,0.0353582355943554,0.20898693457271172,0.2765176940605401
doc84,0.0004263192126287287,0.00042627766696868105,0.00042630452382872846,0.9978684567377496,0.00042632786733810905,0.00042631399148618915
doc85,0.04868209728868209,0.000850500488525841,0.14655923615443753,0.0008505926146110893,0.2794377654588458,0.5236198079948976
doc86,0.0007838806024003176,0.0007837369488129302,0.0007838947607417191,0.36086187582635887,0.0007838321610763335,0.6360027797006098
doc87,0.0010920662559569289,0.0010918500126819964,0.0010919061892833758,0.5791718408125418,0.2890445592066184,0.12850777752291745
doc88,0.0007900640624488606,0.000789984551337035,0.0007900642594581614,0.07388261939711588,0.0007901253167560048,0.9229571424128841
doc89,0.09312605283629546,0.02244267056017497,0.04383539593903545,0.0010687230151982259,0.5070223431282128,0.3325048145210831
doc90,0.0017070368582625074,0.0017068926113689752,0.3537089921244925,0.4830246664268547,0.0017069944483662088,0.15814541753065514
doc91,0.0012565961608221302,0.0012564463736635893,0.0012567996722683732,0.0012566184379159942,0.6116240209667305,0.38334951838859954
doc92,0.0341959253105288,0.04867395693361689,0.0016782380283099124,0.24408502661137885,0.456244467977116,0.2151223851390496
doc93,0.2539761844226877,0.0025254325823822537,0.11266386003053397,0.2511755795694083,0.3771331058021419,0.0025258375928460075
doc94,0.27995931481085884,0.13062052132954766,0.0010354242781863694,0.043472546510336094,0.3963143032318639,0.14859788983920721
doc95,0.0015725331494213692,0.0015725111388501041,0.0015724218622201296,0.9921373866647143,0.001572649118495823,0.001572498066298226
doc96,0.20486160588244973,0.0014802706604586954,0.4805624854140762,0.06881503146609796,0.2428008015364453,0.0014798050404720767
doc97,0.002057982512187049,0.0020580129698068005,0.23410939917611717,0.0020584411609935577,0.7576583202366397,0.002057843944255901
doc98,0.0004937152101536378,0.0004937924928062658,0.0004937376494453472,0.5451342236418069,0.45289075056569456,0.0004937804400933513
doc99,0.0004889026772121129,0.0004889286678486152,0.11533676407784436,0.5336690314135744,0.20400919297737694,0.14600718018614367
doc100,0.0020168088275746756,0.0020163081891250343,0.47387548563846693,0.0020167455403329337,0.5180581352699934,0.002016516534506996
doc101,0.39481945417209635,0.15998264938838444,0.002294308401140867,0.002294281402201843,0.002294423017147524,0.4383148836190291
doc102,0.23505740053691965,0.0025253631860644764,0.4188599285924808,0.20211080021979433,0.13892043820774524,0.0025260692569954216
doc103,0.0009749520232298316,0.0009747693285448263,0.9951258593495751,0.0009748006011463226,0.0009748212542388194,0.000974797443265142
doc104,0.9662043760428026,0.0006730468634228267,0.03110329697614032,0.0006730655537155315,0.0006731044612294293,0.0006731101026892609
doc105,0.0027326339300166474,0.002732464935177298,0.0027333467193686694,0.002733245019913966,0.9863356809128551,0.0027326284826683055
doc106,0.07888534427692408,0.0013228309204715058,0.6148518698705823,0.0013230701403960567,0.3022938843415643,0.0013230004500618393
doc107,0.20310886955441573,0.0021935105450124107,0.20645290538300917,0.23623929369303445,0.34981168510931315,0.002193735715214948
doc108,0.0010463103443123626,0.001046177787018843,0.821897765877384,0.12561987395759908,0.04934355747424048,0.001046314559445348
doc109,0.1865506665189615,0.03618780992194851,0.07246416807980784,0.49052717441976523,0.0777909015085116,0.13647927955100536
doc110,0.0011964535781334724,0.001196526714736871,0.0011966753695341848,0.5214271554457184,0.18788564997444007,0.287097538917437
doc111,0.2973118893471378,0.0007113669372977183,0.47267125202649574,0.0007114192433691089,0.0007114608217531575,0.22788261162394646
doc112,0.002890369962855828,0.0028917762535073895,0.0028908829192662074,0.0028907094239907978,0.9419854251524751,0.046450836287904716
doc113,0.6743068211588547,0.0012409526757561214,0.0012410921061733228,0.0012411319383278804,0.32072891430557576,0.0012410878153123349
doc114,0.0008226208652784272,0.030099978924039487,0.6115777937043756,0.0589508349197815,0.15002457593144164,0.14852419565508324
doc115,0.3700387053178821,0.0018315614821844298,0.0018322525002051975,0.21499594740496597,0.0018320648099602065,0.4094694684848021
doc116,0.49125841875765086,0.002242932964006767,0.4130942489546973,0.002242904096279658,0.002242793760482198,0.08891870146688347
doc117,0.0006040424460093803,0.0006039759388900245,0.0006041004533448253,0.641295148408248,0.03073166037116091,0.3261610723823468
doc118,0.27971212391470557,0.00035392063950323425,0.24991361501316658,0.0003539351646893085,0.0003539521767226796,0.46931245309121256
doc119,0.12300774162381264,0.25998567525444444,0.002294088812860898,0.0022941306440035013,0.10868991161418244,0.5037284520506962
doc120,0.00083631743145974,0.000836248504836988,0.0008362357628038859,0.2626956480325735,0.6160792329977615,0.11871631727056438
doc121,0.0031656782259361534,0.22199268137556996,0.6326720054596835,0.0031654032110592463,0.13583852983856995,0.003165701889181189
doc122,0.0025913461532216207,0.1093470867116058,0.091368221444593,0.0025914676155903635,0.5980931012683597,0.1960087768066295
doc123,0.0014582260666314965,0.33457948940050847,0.0014581016737691662,0.0014580424031878092,0.6595879538199775,0.0014581866359254802
doc124,0.07117742248508527,0.0003837754575493831,0.0003838251952682882,0.00038380603729026624,0.3952406768947802,0.5324304939300266
doc125,0.0009747992903973278,0.9951258331215626,0.0009748025489983758,0.0009749204776085199,0.0009748190639076226,0.0009748254975255894
doc126,0.0009747992903973278,0.9951258331215626,0.0009748025489983758,0.0009749204776085199,0.0009748190639076226,0.0009748254975255894
doc127,0.2973118893471378,0.0007113669372977183,0.47267125202649574,0.0007114192433691089,0.0007114608217531575,0.22788261162394646
doc128,0.0013970745366666103,0.0013971487067698718,0.09747719399908311,0.0627746109287875,0.09790162120943594,0.739052350619257
doc129,0.0012725678536756888,0.0012724854655382714,0.0012726929022739866,0.0012727768044147251,0.6959809329016532,0.29892854407244424
doc130,0.0012408787872906148,0.031921891924612096,0.6550286848022236,0.204112483719142,0.0012411347426926264,0.10645492602403912
doc131,0.0013590903967138743,0.025695619124727266,0.0013591676162936035,0.0013589552795279524,0.6448316487758897,0.32539551880684753
doc132,0.0015724494424148529,0.0015724362456432824,0.0015727035393330044,0.9921371880384287,0.0015726261343876886,0.0015725965997925619
doc133,0.0012725601930487925,0.0012725547717298581,0.0012724944580534093,0.3652546586250664,0.45639830846062984,0.17452942349147177
doc134,0.9959537350007135,0.0008091925246025995,0.0008092627133108266,0.000809260795245993,0.0008092438456355758,0.0008093051204917324
doc135,0.001068750027432588,0.001068560581853034,0.591356466945658,0.0010687351043128688,0.0010686446327329256,0.40436884270801055
doc136,0.47118280356923375,0.0022940611531271863,0.12867787052824942,0.00229434611741733,0.3932565959191145,0.002294322712857784
doc137,0.001767393359682656,0.0017670472262514946,0.2546533827696624,0.27660835984440596,0.4634365212012601,0.0017672955987374105
doc138,0.0002845008454767217,0.0002844656384805106,0.0002844776125599234,0.2007464901899679,0.41766235122215856,0.38073771449135624
doc139,0.9658818848485395,0.0006776074639294708,0.031407544733188304,0.0006776260948981774,0.0006776655460631546,0.0006776713133814079
doc140,0.3250909934047952,0.00036963880650005553,0.0003696263942461709,0.0003696621504527185,0.13586266162909122,0.5379374176149146
doc141,0.3603881286357218,0.0013777091218204196,0.0013776461042892198,0.0013778761496085312,0.42669008108727075,0.20878855890128936
doc142,0.0017989611084429466,0.0017987231646057322,0.001799072135578952,0.543533924118547,0.35559859939961247,0.0954707200732131
doc143,0.0004263192126287287,0.00042627766696868105,0.00042630452382872846,0.9978684567377496,0.00042632786733810905,0.00042631399148618915
doc144,0.0019768329951776083,0.09349496599200824,0.001976799990706004,0.0019766255961503345,0.6131289704420784,0.2874458049838794
doc145,0.2703244967659493,0.0009653644609483432,0.08964996530885022,0.3692274490247091,0.26886716915505293,0.000965555284490091
doc146,0.0023480485310219163,0.002347793586688724,0.0023482947353331823,0.0023481033407415424,0.6772559261729254,0.31335183363328933
doc147,0.0013777741435872719,0.02655490686922043,0.001377943977935681,0.001377820025217469,0.4395682683623555,0.5297432866216836
doc148,0.5665715023227412,0.17269066562991028,0.0028097209633174657,0.002809503924625914,0.002809768631621185,0.25230883852778374
doc149,0.07156187958157059,0.0016780303716503085,0.001678415401100157,0.0016785114631323037,0.30495232345973666,0.6184508397228099
doc150,0.26165256794147557,0.07998759772220258,0.001035491906875855,0.001035379495647639,0.6552534349658217,0.001035527967976663
doc151,0.25377106548273914,0.09007684478404149,0.648761109225526,0.002463972320745462,0.0024634154264263413,0.0024635927605216102
doc152,0.8726807587816873,0.04403085690838308,0.0012408763600829358,0.0012409990870287668,0.07956549992286856,0.0012410089399492053
doc153,0.08654631091428228,0.001141719709008342,0.0011417705828277419,0.10357940315638575,0.4826868726864924,0.3249039229510034
doc154,0.0030684772486861125,0.0030686521878557694,0.0030682811136534226,0.43969891528664806,0.5480272487760764,0.0030684253870800365
doc155,0.0007717298369352677,0.0007717429249080746,0.7223553461441105,0.13730770884360272,0.13802168234939874,0.0007717899010448549
doc156,0.07888534427692408,0.0013228309204715058,0.6148518698705823,0.0013230701403960567,0.3022938843415643,0.0013230004500618393
doc157,0.20310886955441573,0.0021935105450124107,0.20645290538300917,0.23623929369303445,0.34981168510931315,0.002193735715214948
doc158,0.0016236262513236333,0.033787523345866224,0.6439765496367239,0.0016237777589890017,0.3173647151793247,0.0016238078277726
doc159,0.6895700640657113,0.002591065059091838,0.002591675186776075,0.0025910452697424694,0.0025914449001596786,0.3000647055185186
doc160,0.0009749520232298316,0.0009747693285448263,0.9951258593495751,0.0009748006011463226,0.0009748212542388194,0.000974797443265142
doc161,0.0021014993784014445,0.0021013561016491587,0.26339315541701647,0.7282012126792551,0.002101254403041275,0.0021015220206365903
doc162,0.4766722690696142,0.033760438528560234,0.0022425387683118053,0.2479272023380407,0.07337138572838664,0.16602616556708655
doc163,0.0018662791346278486,0.05016838062908047,0.4866572592113895,0.0018663745512787068,0.4575756357328686,0.0018660707407549138
doc164,0.0007777871894266012,0.0007779713990785116,0.8654126842538751,0.02252225851804237,0.10973152135246626,0.0007777772871111578
doc165,0.0010463103443123626,0.001046177787018843,0.821897765877384,0.12561987395759908,0.04934355747424048,0.001046314559445348
doc166,0.00152477486309168,0.001524539079561414,0.4360917496522213,0.0015249752829102653,0.1860289698076502,0.37330499131456507
doc167,0.0017365053199575305,0.0017363173589292004,0.31899973761906375,0.001736351920234929,0.0017364867912802965,0.6740546009905342
doc168,0.000994274548880319,0.000994244189564335,0.4554726717920441,0.5405501850902104,0.0009943463877302259,0.0009942779915707576
doc169,0.9924914161219385,0.001501558164602661,0.0015016874826674913,0.0015017289865939865,0.0015017075773223188,0.0015019016668748402
doc170,0.0030682046841890398,0.0030676695016029257,0.14232807668979988,0.003068229990727159,0.8453993081698793,0.003068510963801657
doc171,0.15446102432629102,0.040500084636503994,0.21279506026340192,0.001057367047233554,0.4726446638633507,0.11854179986321874
doc172,0.0021466452399307875,0.002146145283512568,0.465824459609384,0.08926988581893863,0.4384663091214365,0.0021465549267973495
doc173,0.017863922567323377,0.01786067477068001,0.017858478330667445,0.017860952149357328,0.017863170741043828,0.9106928014409279
doc174,0.35949410779552576,0.1432724080214776,0.002016811565170119,0.0020165286347047185,0.22687080931823073,0.2663293346648911
doc175,0.002058092502129065,0.0020581423023694153,0.002058143698680059,0.002058216191174913,0.6320708519659404,0.3596965533397063
doc176,0.0009653062393569197,0.995173417412913,0.0009653250601658735,0.0009652896357312317,0.0009653217565074871,0.0009653398953255736
doc177,0.0008728683470083406,0.0008727108227609753,0.000872756757184669,0.7059610833700942,0.29054782654224076,0.0008727541607110695
doc178,0.0009653062393569197,0.995173417412913,0.0009653250601658735,0.0009652896357312317,0.0009653217565074871,0.0009653398953255736
doc179,0.3618843664481776,0.0020577062185081325,0.1708582030083047,0.0020580436054876434,0.0020583856452633504,0.46108329507425866
doc180,0.4364704790810517,0.0007322100786581126,0.0007322768976164598,0.3292655968790671,0.0007322126231108256,0.23206722444049582
doc181,0.20551956502326396,0.0009125128089629719,0.16474830339068997,0.0009125334127744278,0.0009126314415919289,0.6269944539227168
doc182,0.9956735702127022,0.0008652012919387126,0.0008653583314758907,0.0008653401478233303,0.0008652853100560643,0.0008652447060036464
doc183,0.0028909267319767364,0.0028904327628837857,0.0028912331472823283,0.6281262858664812,0.3603099993615312,0.002891122129844766
doc184,0.0010043399537851341,0.0010041975885497845,0.0010042594974042176,0.6760381802069564,0.25196209128071123,0.06898693147259324
doc185,0.8726807587816873,0.04403085690838308,0.0012408763600829358,0.0012409990870287668,0.07956549992286856,0.0012410089399492053
doc186,0.006411345086227907,0.006410333114256408,0.006411146783311529,0.006412005544046593,0.9679428953601563,0.006412274112001242
doc187,0.001832000456589567,0.0018318619770205885,0.1825084183690641,0.0018319247378304254,0.17714598824040678,0.6348498062190886
doc188,0.0025259739901289735,0.0025259368707027754,0.18639009133458545,0.5377206561002178,0.0025257397720221315,0.2683116019323428
doc189,0.0008158305550512499,0.0008159421444353572,0.27996834127143944,0.48751454959838886,0.0008160286259420142,0.23006930780474316
doc190,0.07953030225584869,0.004237615025536835,0.649013668775523,0.25874195614163703,0.004238302478411628,0.004238155323042912
doc191,0.7083177852343132,0.00048175143584635287,0.09679961409215179,0.0004818118583989307,0.1934372137099435,0.0004818236693462244
doc192,0.0012890556909531063,0.0012891288999653597,0.001288894741035628,0.6682092574167712,0.0012890706353073913,0.32663459261596733
doc193,0.00040894507557440033,0.0004089700174299014,0.0004089364658489459,0.23768641257147413,0.0004089393977485584,0.7606777964719241
doc194,0.0013057436442093678,0.0013057308585091069,0.35119541606740146,0.0013058093813397634,0.6435815530767245,0.0013057469718156876
doc195,0.0004263192126287287,0.00042627766696868105,0.00042630452382872846,0.9978684567377496,0.00042632786733810905,0.00042631399148618915
doc196,0.0016785139332120658,0.001678227525987731,0.0016784542820757612,0.12076291039034609,0.4355187113188244,0.438683182549554
doc197,0.14776717117148674,0.07960280285691826,0.0016507665302709948,0.0016507462605460624,0.767677794471516,0.0016507187092619229
doc198,0.38176785040576644,0.0011289121951278817,0.07986238796998468,0.0011289499873379566,0.3222784230104301,0.21383347643135286
doc199,0.0015247052790121208,0.0015244708351058072,0.3245444257929553,0.2128910854718111,0.45799056242005376,0.0015247502010620139
doc200,0.32483346547106956,0.0020578408745916105,0.1866102731952472,0.0020579030279118705,0.10660479724074744,0.37783572019043227
doc201,0.0009473306588701679,0.2902382716602366,0.0009474338526421143,0.0009473643567007897,0.7059723922404388,0.0009472072311114539
doc202,0.0009748336704336026,0.0009747056692661441,0.0009747968792486098,0.14088993449705162,0.739011784818255,0.11717394446574508
doc203,0.36663988172655865,0.07623794477649876,0.0017366629448491225,0.0017366077710296965,0.24101473525257222,0.31263416752849144
doc204,0.5892744816315861,0.0014797614204459099,0.03181068699756847,0.37447591843701433,0.0014795318328390452,0.0014796196805461142
doc205,0.0011548986268916297,0.0011549518230445685,0.5108549106678587,0.0011551136766055497,0.4845251529978976,0.0011549722077019912
doc206,0.0021013334108917156,0.002101469002511421,0.0021011961820353196,0.32326884362301644,0.5104609501044168,0.1599662076771283
doc207,0.00040894507557440033,0.0004089700174299014,0.0004089364658489459,0.23768641257147413,0.0004089393977485584,0.7606777964719241
doc208,0.6647440710142912,0.002525665068684484,0.0025260588837800243,0.0025260604207197183,0.0025257331492801426,0.3251524114632446
doc209,0.37090691848685087,0.00143713732028913,0.3262028089905037,0.0014370953720150529,0.27825190563434216,0.021764134195999135
doc210,0.07924747438755271,0.0022937311018000053,0.002294197644302643,0.12134828266576363,0.6455150755474776,0.1493012386531035
doc211,0.002890369962855828,0.0028917762535073895,0.0028908829192662074,0.0028907094239907978,0.9419854251524751,0.046450836287904716
doc212,0.0006040424460093803,0.0006039759388900245,0.0006041004533448253,0.641295148408248,0.03073166037116091,0.3261610723823468
doc213,0.0007838810311445901,0.0007840717674228392,0.86375558577666,0.022588589243525085,0.11130399875568231,0.0007838734255651744
doc214,0.43545473397067913,0.0023479055301454306,0.14423215119462912,0.0023482064777797158,0.4132689168409169,0.0023480859858497436
doc215,0.11776460405346514,0.0007838786732826171,0.21972289002942247,0.0007839484585858647,0.4034454860618979,0.2574991927233461
doc216,0.002058249172338351,0.0020581121810270423,0.25501326407834596,0.7367540672872704,0.0020580205100695637,0.0020582867709484907
doc217,0.07277072072562352,0.11918531539974472,0.18735765175907296,0.06479311509656864,0.4871987937765938,0.06869440324239648
doc218,0.0021935616592419554,0.002193260565230646,0.27828082918743796,0.37420502173746284,0.07803171218853412,0.2650956146620926
doc219,0.11020993011301006,0.0011416923768314486,0.00114178409444688,0.0011418270345480142,0.7422605064557161,0.1441042599254476
doc220,0.00390748965826314,0.0039071166735637815,0.003907934112146492,0.7282235740741546,0.256146831333169,0.003907054148702984
doc221,0.0015018168051734045,0.0015019255055098654,0.6045616279590942,0.001501965322850965,0.0015020267751033808,0.3894306376322682
doc222,0.0024635326093350074,0.002463213213773736,0.002464083333694048,0.7795249772017316,0.21062065852351927,0.002463535117946288
doc223,0.0013778692060764668,0.0013778571367498837,0.001378005131326744,0.46517236203545353,0.17913452982218367,0.35155937666820974
doc224,0.6968309734618402,0.00047943565923692265,0.00047951184015039816,0.00047950889538529707,0.00047949025979129395,0.30125107988359606
doc225,0.46582445249353127,0.0009382093012046068,0.17796780208631222,0.0009382638280149621,0.0009382783542879482,0.3533929939366491
doc226,0.0008805317234940531,0.0008804327913357283,0.05428325368979648,0.19735827697433717,0.45979619823291557,0.286801306588121
doc227,0.6589552982880028,0.00033719834361792657,0.00033724144601330995,0.0003372871076251594,0.0003372421902861975,0.3396957326244546
doc228,0.0028909267319767364,0.0028904327628837857,0.0028912331472823283,0.6281262858664812,0.3603099993615312,0.002891122129844766
doc229,0.0012725231921176636,0.4572404837634343,0.0012724706582759222,0.0012724829406645889,0.5376693977585,0.0012726416870076807
doc230,0.12632415402766894,0.0009295979048627951,0.0009296031580472376,0.0009296370052025817,0.615001775479269,0.25588523242494937
doc231,0.002058247927827238,0.002058039818763381,0.0020581661354944283,0.0020580707731628917,0.8342187333951562,0.15754874194959578
doc232,0.0009653062393569197,0.995173417412913,0.0009653250601658735,0.0009652896357312317,0.0009653217565074871,0.0009653398953255736
doc233,0.029672716161758463,0.0006640672684694805,0.0006641941570115233,0.5890246310074119,0.000664198481929469,0.3793101929234193
doc234,0.0009653062393569197,0.995173417412913,0.0009653250601658735,0.0009652896357312317,0.0009653217565074871,0.0009653398953255736
doc235,0.9906696560820387,0.0018657805314978163,0.001866238531005555,0.0018662190662243484,0.0018660299343945452,0.0018660758548389737
doc236,0.11871319605741576,0.0015981802779840276,0.7020910884829074,0.1457972957977902,0.001597813984177729,0.030202425399725005
doc237,0.0012409431987135556,0.0012408315648871184,0.2429001401697563,0.7521360233136261,0.0012410563450787999,0.0012410054079381924
doc238,0.4071446593022881,0.0011289102259132763,0.19735491004825573,0.0011289936080000284,0.0011288485133869265,0.3921136783021559
doc239,0.0015018168051734045,0.0015019255055098654,0.6045616279590942,0.001501965322850965,0.0015020267751033808,0.3894306376322682
doc240,0.000491299975649421,0.0004913379398471782,0.0004912810145079708,0.0004912532336101711,0.0004912626944292251,0.997543565141956
doc241,0.1612536662016804,0.0010572021143983735,0.15949303678813156,0.16374719780795285,0.0010573455442047669,0.513391551543632
doc242,0.32029675042510886,0.0004227684942923236,0.2609263821491536,0.0004227725047489908,0.301710182182714,0.11622114424398221
doc243,0.32847627084069203,0.0015727146294984896,0.0015728958107548655,0.0825673400150554,0.001572822250843318,0.5842379564531558
doc244,0.0009748927799046618,0.0009750557464439961,0.13192928345747426,0.6552943055061157,0.0009748666742601112,0.20985159583580132
doc245,0.5126908994584766,0.2487030346646496,0.0022939682843933305,0.06926696488300246,0.1647507920761078,0.002294340633370298
doc246,0.0015247052790121208,0.0015244708351058072,0.3245444257929553,0.2128910854718111,0.45799056242005376,0.0015247502010620139
doc247,0.000331612850511791,0.00033161742041035375,0.00033164183718302725,0.00033162674091080494,0.00033161140283044196,0.9983418897481536
doc248,0.15858741149619754,0.0016782117215615147,0.2419668535368982,0.24387336981483543,0.001678116726424872,0.3522160367040826
doc249,0.0011823595127954446,0.0011822305591820267,0.23614986977275265,0.0011823400386928387,0.2922202320662917,0.46808296805028526
doc250,0.041838624411467254,0.3025314310028207,0.13424465782880796,0.0011964565152996268,0.0011965907854633393,0.5189922394561411
doc251,0.11739401615353331,0.017131870058476075,0.2804845970236248,0.001035635336968771,0.001035474935228556,0.5829184064921684
doc252,0.23296696643673945,0.010181847219493279,0.0007216389858540892,0.1544655291727983,0.09917500843114875,0.5024890097539663
doc253,0.11020993011301006,0.0011416923768314486,0.00114178409444688,0.0011418270345480142,0.7422605064557161,0.1441042599254476
doc254,0.0013776639268314023,0.00137752256913911,0.0013776133887117702,0.5600570902733223,0.4344323213147364,0.001377788527258987
doc255,0.000696630436508494,0.0006964626974583396,0.505814074311676,0.4262686420667174,0.06582760043246597,0.0006965900551737614
doc256,0.017863922567323377,0.01786067477068001,0.017858478330667445,0.017860952149357328,0.017863170741043828,0.9106928014409279
doc257,0.001706800373577635,0.029314462721099065,0.0017068828839266947,0.0017069224976650394,0.6689613590902237,0.296603572433508
doc258,0.001501803042601981,0.04626821665455545,0.0015016396882971002,0.001501739121178726,0.9477245941147073,0.00150200737865936
doc259,0.1069993453908783,0.00115489516353338,0.00115509399203047,0.0011548642655889296,0.8883808122581569,0.0011549889298120488
doc260,0.481285256783735,0.0017989196415114492,0.3357375744592365,0.0017989561306066242,0.0017991049309769016,0.17758018805393333
doc261,0.0010573334475173668,0.0010575904034835488,0.34236794285058203,0.024934966126005445,0.6295247668462909,0.001057400326120608
doc262,0.0011041648263200696,0.001103896754964392,0.4806378984743536,0.0011040223132630462,0.0011039724252630422,0.5149460452058358
doc263,0.7337212968902755,0.0018660224137275448,0.001866143198662113,0.2588142203858301,0.001866035545162545,0.0018662815663421967
doc264,0.0017365307231010487,0.001736480281147564,0.18965501487129058,0.6075560251628412,0.0017364329405630224,0.19757951602105656
doc265,0.3618843664481776,0.0020577062185081325,0.1708582030083047,0.0020580436054876434,0.0020583856452633504,0.46108329507425866
doc266,0.0020579517926000773,0.029022225618578878,0.11428666547278431,0.7498016648641886,0.10277354999145182,0.002057942260396407
doc267,0.002193615622393595,0.0021933756463805815,0.44771719250327735,0.11023202950381931,0.31951856870894757,0.11814521801518171
doc268,0.0011685351519781435,0.0011682746078096086,0.21977755266585006,0.4712897148146389,0.3054275564027685,0.0011683663569549245
doc269,0.9952187113599176,0.0009562191937760347,0.0009563312620439401,0.0009562282495654498,0.0009562300398872798,0.0009562798948098977
doc270,0.2149796040858444,0.005102143488287535,0.005105272494651959,0.005103649153954256,0.7646061201465671,0.005103210630694708
doc271,0.0009653062393569197,0.995173417412913,0.0009653250601658735,0.0009652896357312317,0.0009653217565074871,0.0009653398953255736
doc272,0.0010574316285866193,0.0010573478619457434,0.001057345638238916,0.6230072881297425,0.3079774751602083,0.06584311158127791
doc273,0.32678023141186213,0.0025911415393419044,0.002591733030173799,0.3842561053789701,0.28118917373735364,0.002591614902298298
doc274,0.0008963299442726979,0.0008962742995857816,0.5562193158874057,0.0008963844440539276,0.11110783129572602,0.32998386412895586
doc275,0.9955586110853061,0.0008883780837556397,0.000888257278378756,0.0008883025907628097,0.0008882513978856342,0.000888199563911194
doc276,0.0013590123011817028,0.0013588942634545885,0.42347177260448265,0.25678755530929637,0.3156637656949596,0.001358999826625206
doc277,0.48498299123596145,0.0016784774879279479,0.47028762119246753,0.0016784843895934795,0.03969407937183855,0.0016783463222111636
doc278,0.23590888621995476,0.0008803803143484716,0.000880489077724919,0.0008806189710293027,0.1353424830708428,0.6261071423460998
doc279,0.0012725231921176636,0.4572404837634343,0.0012724706582759222,0.0012724829406645889,0.5376693977585,0.0012726416870076807
doc280,0.0009653062393569197,0.995173417412913,0.0009653250601658735,0.0009652896357312317,0.0009653217565074871,0.0009653398953255736
doc281,0.0009653062393569197,0.995173417412913,0.0009653250601658735,0.0009652896357312317,0.0009653217565074871,0.0009653398953255736
doc282,0.5195777289936868,0.001004145478828983,0.09437013820330789,0.0010042049990050908,0.018814541508480335,0.3652292408166908
doc283,0.001976863419290314,0.001976487663650568,0.0019771242086723947,0.8501460877117184,0.001976808807880317,0.14194662818878792
doc284,0.0007544054466341554,0.000754332079551661,0.3072266401841206,0.0007544214944293281,0.0007543960360678549,0.6897558047591963
doc285,0.0008728305345737056,0.0008728184574364734,0.05067694955685691,0.0008728401880516478,0.9458317941048211,0.0008727671582602308
doc286,0.5438058222667602,0.0006554657729921889,0.000655456997862616,0.0006554559477037789,0.0006554555637871774,0.4535723434508942
doc287,0.00219318522245529,0.0021934135032677026,0.11421145398600756,0.8770152126322778,0.002193306185925275,0.0021934284700665285
doc288,0.3572504550742162,0.0016238822146097817,0.13172616760211125,0.054393448820895474,0.11831208288527272,0.3366939634028945
doc289,0.0005507668932647118,0.0005508549465354305,0.0005507646805397682,0.0005507478953810252,0.000550755169527,0.9972461104147521
doc290,0.0013058079887665424,0.0013055747395082737,0.001305756906838118,0.0013058479031432665,0.9934712425886767,0.0013057698730671976
doc291,0.6995942590752084,0.0017988765703225947,0.10311139029141068,0.1918976445602097,0.001798877093741427,0.0017989524091071877
doc292,0.9955586110853061,0.0008883780837556397,0.000888257278378756,0.0008883025907628097,0.0008882513978856342,0.000888199563911194
doc293,0.0037619154079430155,0.2125590751977641,0.003760053008389672,0.00376006647664076,0.5444570643903089,0.23170182551895352
doc294,0.0005761996861128756,0.0005762061204000783,0.4245242963910081,0.5084625461448952,0.0005761661310044101,0.0652845855265793
doc295,0.002193615622393595,0.0021933756463805815,0.44771719250327735,0.11023202950381931,0.31951856870894757,0.11814521801518171
doc296,0.000331612850511791,0.00033161742041035375,0.00033164183718302725,0.00033162674091080494,0.00033161140283044196,0.9983418897481536
doc297,0.001799066134399053,0.0017988916911715449,0.46001828054211574,0.5327855665363319,0.001799069113921229,0.0017991259820605715
doc298,0.3354604134682727,0.0010356045596021434,0.0010355196886388542,0.001035388850971912,0.18785373836594324,0.4735793350665712
doc299,0.25245636763910784,0.0009125357044480947,0.0009126679802862812,0.09571268866583904,0.2278825060422906,0.4221232339680282
doc300,0.15761580513086698,0.035239266365968656,0.0013059529811764925,0.0013057991477184215,0.09877327906006214,0.7057598973142074
doc301,0.343663000820278,0.000822502328207702,0.07538910006346573,0.0008227219888219681,0.0008226195160534491,0.5784800552831731
doc302,0.0010573245834587753,0.0010573834103409833,0.029852230663481628,0.11877064109967826,0.15691742812361978,0.6923449921194206
doc303,0.1069993453908783,0.00115489516353338,0.00115509399203047,0.0011548642655889296,0.8883808122581569,0.0011549889298120488
doc304,0.3884470132840526,0.13829518620032547,0.1541805570099134,0.0013409098432079789,0.0013407123952058125,0.31639562126729476
