,topics0,topics1,topics2,topics3
doc0,0.0007175011039036755,0.0007177741766435362,0.9242141044190655,0.07435062030038718
doc1,0.0020665024343774945,0.002066569616071085,0.8703054562046215,0.1255614717449299
doc2,0.06626147523634573,0.001185306192579839,0.8691364255641569,0.06341679300691747
doc3,0.0006926191487263576,0.39219784121389595,0.5869517833690023,0.020157756268375415
doc4,0.10411040702840395,0.0007976016620898936,0.32690462197063114,0.568187369338875
doc5,0.0004917537907591381,0.0004917885305206345,0.0004917186766825108,0.9985247390020378
doc6,0.11614084104084132,0.229787348766281,0.026270362483443437,0.6278014477094342
doc7,0.023746434792355362,0.0009863755498803666,0.000986502495430699,0.9742806871623336
doc8,0.001275982768174165,0.07870250177632378,0.49769768170897993,0.4223238337465222
doc9,0.9346940738122076,0.06309296991701865,0.0011063989402741762,0.001106557330499471
doc10,0.9346940738122076,0.06309296991701865,0.0011063989402741762,0.001106557330499471
doc11,0.00021537205670121718,0.0381112894215724,0.8789694083844141,0.08270393013731225
doc12,0.06983979779247265,0.0006084518020484537,0.9289432757863826,0.000608474619096266
doc13,0.0008105248738627607,0.5042107120981865,0.4941681340615688,0.0008106289663820062
doc14,0.001655906475326344,0.740995418443752,0.0016561202213168805,0.25569255485960474
doc15,0.0005366029033041606,0.05213770598166709,0.36633157882800577,0.580994112287023
doc16,0.001144428921489348,0.7992737218732382,0.0011444154807131574,0.19843743372455924
doc17,0.0003931155815662982,0.7651548825361927,0.0809807156690785,0.1534712862131624
doc18,0.022163002332071243,0.3190374114943453,0.4350762797754637,0.2237233063981198
doc19,0.0647277157298587,0.0007023893797638776,0.7419882253162083,0.192581669574169
doc20,0.0013625969672162509,0.0013626440058774163,0.5683066016819159,0.42896815734499044
doc21,0.0005870049024694589,0.17989509872001058,0.6297284006102472,0.18978949576727283
doc22,0.0006235565971661916,0.3000910334062936,0.21355716173009962,0.4857282482664406
doc23,0.0012596779659867709,0.09022406631971149,0.9072564841323335,0.001259771581968154
doc24,0.00043597504067433506,0.6834993327864942,0.16119134741502633,0.154873344757805
doc25,0.000517130307521178,0.2773545774338539,0.0005172020819618432,0.7216110901766631
doc26,0.0004360014761110673,0.0004360585093863382,0.35824206872842473,0.6408858712860779
doc27,0.14411590971212734,0.3663703157911384,0.1674882532931169,0.3220255212036173
doc28,0.0023592199538043654,0.0023590363197534777,0.6536275954590973,0.34165414826734475
doc29,0.0015062491228362437,0.45455198165808314,0.3010752080277561,0.2428665611913246
doc30,0.00098661554460301,0.6625635594177856,0.1449084360616225,0.19154138897598888
doc31,0.021646511538632316,0.04980757761811029,0.20725413712534568,0.7212917737179115
doc32,0.0008042442183791404,0.10380473461063187,0.8945869181866539,0.00080410298433506
doc33,0.0014840261904722238,0.4321813275415738,0.00148421343727267,0.5648504328306814
doc34,0.0022032804945177394,0.9933901487730393,0.002203186632046,0.002203384100396999
doc35,0.0008898092798972918,0.0008899507187769781,0.08334482380814202,0.9148754161931837
doc36,0.012145887216059666,0.0004917768098165018,0.0004917744396255762,0.9868705615344983
doc37,0.0015775596472273243,0.001577855797038601,0.3973136815688658,0.5995309029868683
doc38,0.0008239134085232648,0.0008240546923652275,0.0008239495854350893,0.9975280823136764
doc39,0.058093624782498535,0.0013092261428409298,0.9392878726365957,0.0013092764380647382
doc40,0.06327122794895769,0.0007024701516327425,0.935323884048268,0.0007024178511414917
doc41,0.0004497723416290144,0.22599179339794565,0.4938473346701207,0.27971109959030455
doc42,0.0005365447896262951,0.0005365899483091496,0.0005366561991328493,0.9983902090629316
doc43,0.0007498063765612357,0.0007498752395122213,0.9843538132513121,0.014146505132614357
doc44,0.001106341827821578,0.001106375997911274,0.9966808949403567,0.0011063872339103337
doc45,0.0044644329789320725,0.9866043154383272,0.004465262552510322,0.004465989030230303
doc46,0.001016445998051425,0.0010164455620165478,0.10250724310877714,0.8954598653311548
doc47,0.0014839226314912488,0.0014840493682051043,0.9955479733424972,0.0014840546578063732
doc48,0.00039783190866795134,0.840180416302182,0.00039787163964146425,0.15902388014950863
doc49,0.0008520480009582746,0.5537222069973055,0.4445737421147944,0.0008520028869419673
doc50,0.0006235440615782092,0.09490199569905461,0.9038508480644822,0.0006236121748849329
doc51,0.0018728615541208663,0.5827543931211951,0.0018730816932322715,0.4134996636314516
doc52,0.0022529553165585065,0.9932410851995944,0.002253217675088466,0.0022527418087586216
doc53,0.0010164553289256884,0.0010165810856119209,0.6972249812873919,0.3007419822980705
doc54,0.0027476047824667566,0.47243359178182914,0.28469045856924,0.24012834486646403
doc55,0.0011712230675459026,0.7818827631671654,0.00117120572541828,0.21577480803987031
doc56,0.0022031592484007354,0.9933899360805123,0.0022031580788856825,0.0022037465922012723
doc57,0.0004893112787852887,0.8170102934664317,0.12039168032811098,0.06210871492667203
doc58,0.11522055288208398,0.24657081116942195,0.22074137074606578,0.4174672652024282
doc59,0.0007670227607453481,0.0007670790286458882,0.7958202650846979,0.20264563312591072
doc60,0.03119067074969968,0.861321937550368,0.0008171693948800361,0.10667022230505221
doc61,0.0014838267968293728,0.0014840876476637569,0.3861634397460736,0.6108686458094332
doc62,0.010640375163283373,0.01064118327124786,0.010641209083131912,0.9680772324823369
doc63,0.25333891471585,0.0011576575065481258,0.0011577269317690556,0.7443457008458328
doc64,0.10317353749108621,0.00365048686172542,0.003650839772890981,0.8895251358742974
doc65,0.0012441979891139343,0.14386512360775391,0.8536464879009572,0.0012441905021748796
doc66,0.17869678955827714,0.26631666403673715,0.0017127342003318657,0.553273812204654
doc67,0.10411040702840395,0.0007976016620898936,0.32690462197063114,0.568187369338875
doc68,0.9970109001914783,0.000996430243791999,0.00099634173268642,0.0009963278320432322
doc69,0.9970109001914783,0.000996430243791999,0.00099634173268642,0.0009963278320432322
doc70,0.0014623769735492157,0.8022025859533425,0.0014624092661471493,0.19487262780696107
doc71,0.0018387014857475644,0.9263962213341114,0.0018387010387462778,0.06992637614139477
doc72,0.002024778784758105,0.9311233018952679,0.0020247364111115685,0.06482718290886245
doc73,0.0004941466567348098,0.03935873408715439,0.4305580718418054,0.5295890474143055
doc74,0.00168373280707728,0.0016839106398399588,0.37188602103259216,0.6247463355204905
doc75,0.0028256498412334665,0.0028255030164337546,0.20288814086537235,0.7914607062769604
doc76,0.042038643833364114,0.000563878988799098,0.9568336382398316,0.0005638389380053069
doc77,0.00409914455535349,0.004100798145901766,0.00409928112783042,0.9877007761709143
doc78,0.0008667066696932083,0.9973995596302633,0.0008669020954168775,0.0008668316046266571
doc79,0.0004990645300155739,0.28848851914768325,0.0004991320660161719,0.7105132842562849
doc80,0.0014414438059764778,0.17170315701556163,0.3025113411421937,0.5243440580362683
doc81,0.017661839553694415,0.33573341663841477,0.4076527124084817,0.23895203139940907
doc82,0.11527994741897578,0.09753859230962415,0.0008744173031199999,0.78630704296828
doc83,0.11446731591630344,0.002024949403654521,0.6468204371109877,0.23668729756905435
doc84,0.058093624782498535,0.0013092261428409298,0.9392878726365957,0.0013092764380647382
doc85,0.0011186663387326096,0.6012789445065424,0.2872735810743668,0.11032880808035817
doc86,0.0008104953823350337,0.0008105766419122498,0.9975682903973384,0.0008106375784142283
doc87,0.000727877017517297,0.0007280343026363888,0.9334014918268821,0.0651425968529642
doc88,0.0013092858807421319,0.001309413360602719,0.23100667885174686,0.7663746219069084
doc89,0.001094264599962302,0.38887866637979046,0.4517691316446317,0.1582579373756156
doc90,0.16581967839782272,0.003938133860102348,0.003938499112430613,0.8263036886296443
doc91,0.003522632571873728,0.003522126946494691,0.8950063736473138,0.09794886683431768
doc92,0.0011189267788815774,0.0011188356049492447,0.0011187928438334792,0.9966434447723358
doc93,0.023211862011034017,0.000976743672016631,0.0009768169270052357,0.9748345773899442
doc94,0.003290734547691836,0.6638995829832879,0.3295190957233964,0.003290586745623938
doc95,0.058093624782498535,0.0013092261428409298,0.9392878726365957,0.0013092764380647382
doc96,0.06327122794895769,0.0007024701516327425,0.935323884048268,0.0007024178511414917
doc97,0.0037879934507844986,0.9886340912936004,0.003788658112007209,0.0037892571436078624
doc98,0.00041091851283321526,0.38849074532178135,0.6106873927028178,0.00041094346256762346
doc99,0.0007976731128126312,0.5220286535756427,0.476376026945435,0.0007976463661097447
doc100,0.0006235297053800546,0.38245315973724275,0.5962673344234621,0.020655976133915094
doc101,0.000692652887676248,0.02619150172583654,0.8872134238561294,0.08590242153035772
doc102,0.0009579685000174049,0.06367968046203613,0.9344043202285169,0.0009580308094296289
doc103,0.001344224336697815,0.3986139177384938,0.0013444784318480433,0.5986973794929603
doc104,0.0012921662743850554,0.4327394468553708,0.0012922903058430113,0.5646760965644011
doc105,0.0015531992570052182,0.14481742845046577,0.852076282095468,0.0015530901970610578
doc106,0.001805628558152291,0.4229561096220273,0.41946144276821806,0.1557768190516023
doc107,0.0004941881197126858,0.0004941772458328645,0.9745368637999856,0.02447477083446879
doc108,0.0023590479617135586,0.9929221874713056,0.0023593253392340356,0.0023594392277467542
doc109,0.001506303684671359,0.6950580556412411,0.001506396668900917,0.3019292440051866
doc110,0.16267178506170446,0.0007554559710504059,0.8358173149873293,0.0007554439799159264
doc111,0.002155508503216771,0.0021554973029364894,0.9935333285285018,0.002155665665344883
doc112,0.0014008676169000413,0.5237093912352866,0.0014009088233127433,0.47348883232450056
doc113,0.0008377793554800168,0.5241876821658128,0.3454292498756085,0.12954528860309858
doc114,0.14092362828886845,0.0011712694188858396,0.6962084093458231,0.16169669294642258
doc115,0.0011314701356729174,0.0011314777195903943,0.8832543120355395,0.11448274010919714
doc116,0.0008593106732542927,0.8859685400906104,0.0008592779278059259,0.11231287130832932
doc117,0.000859182284306238,0.0008592570831326658,0.04385586315626652,0.9544256974762946
doc118,0.0011711401560753013,0.001171156667077937,0.0011712080140303242,0.9964864951628164
doc119,0.026570646395836926,0.001506463945806633,0.24526216849482652,0.7266607211635299
doc120,0.06300208970249606,0.11551009183635935,0.0009768241762810586,0.8205109942848635
doc121,0.9970979547718084,0.0009673358473117955,0.000967370890099713,0.0009673384907800799
doc122,0.0014840504118618133,0.2677824991526709,0.7292489780904771,0.0014844723449903242
doc123,0.9970979547718084,0.0009673358473117955,0.000967370890099713,0.0009673384907800799
doc124,0.024597870201664287,0.4769426513797804,0.4981126372349412,0.00034684118361406636
doc125,0.0007279160651782167,0.0007280604522429943,0.914798288332943,0.08374573514963576
doc126,0.0010708111179660135,0.09060946224569158,0.8765549617730067,0.031764764863335786
doc127,0.0032898265318979767,0.003290221427253801,0.003290306996741513,0.9901296450441067
doc128,0.0010708111179660135,0.09060946224569158,0.8765549617730067,0.031764764863335786
doc129,0.33511437266550415,0.0030868973912452557,0.13629216160924873,0.5255065683340019
doc130,0.0042746698293902015,0.004274527723982708,0.44616414292248757,0.5452866595241396
doc131,0.0005735404100800853,0.0005735282549943276,0.8875451058338362,0.11130782550108934
doc132,0.0014839083722657845,0.0014841671496268172,0.5506610977869055,0.4463708266912018
doc133,0.00038116310346391296,0.0003811849170828257,0.331343145616022,0.6678945063634313
doc134,0.08945118286882484,0.6116222188319547,0.0009313534509484049,0.297995244848272
doc135,0.0016838946221495886,0.166156557042489,0.8079419640628864,0.024217584272474998
doc136,0.0010269011193248237,0.7513532307336381,0.0010270119171017112,0.24659285622993526
doc137,0.0019089152887020902,0.34598756401914205,0.6501946100126978,0.0019089106794579586
doc138,0.10589661513251243,0.0009674161398974735,0.05013244993544342,0.8430035187921466
doc139,0.1919826655059611,0.0024162446733312476,0.8031847292760956,0.00241636054461189
doc140,0.23790017052759083,0.0020246623172046115,0.7580502990343014,0.002024868120903104
doc141,0.0009863383151632115,0.12143117935102755,0.5670090521323596,0.3105734302014496
doc142,0.0010824397271044469,0.4409801131053023,0.1521052654601413,0.40583218170745194
doc143,0.000922672937386798,0.21517795166789408,0.48718511044361273,0.2967142649511064
doc144,0.0017126699918616896,0.6527599607080928,0.0017127933486704371,0.3438145759513751
doc145,0.002604545479197097,0.0026048262545059326,0.0026047928218284853,0.9921858354444684
doc146,0.0017425736595355758,0.0017425849787295043,0.8166455650378013,0.1798692763239336
doc147,0.1321473206115252,0.0008239163414505908,0.8662048490400669,0.0008239140069572465
doc148,0.0010942532359489545,0.0010943348872252084,0.667769596818231,0.3300418150585948
doc149,0.0607907866458957,0.0015294383589444663,0.0015294012484049027,0.9361503737467549
doc150,0.0014838718766336887,0.0014841081770326895,0.19109076765157787,0.8059412522947558
doc151,0.00032858103998852073,0.00032857757721804217,0.9990142483999864,0.00032859298280687397
doc152,0.07461657939555884,0.09167277350591023,0.4717420001357704,0.36196864696276054
doc153,0.08433612881636872,0.9138841012121665,0.0008898856772013315,0.0008898842942634895
doc154,0.001199201091797559,0.001199345508190727,0.9964021603536584,0.0011992930463533371
doc155,0.0016295534158915766,0.9329312291870718,0.0016289841677906616,0.06381023322924596
doc156,0.07743603943793079,0.7931522601630699,0.12832914513355748,0.0010825552654418155
doc157,0.0014007598014805704,0.00140096420777507,0.0014010157137131253,0.9957972602770312
doc158,0.0008900182337918813,0.9973300515947969,0.0008899156260160103,0.0008900145453951509
doc159,0.0006436533542588156,0.04846507247153302,0.25847786223037905,0.6924134119438291
doc160,0.001157537531120117,0.9965271111089145,0.0011576401872723113,0.0011577111726931587
doc161,0.0007278979528939661,0.8367966552421134,0.16174732092473681,0.0007281258802557741
doc162,0.0009059860246868834,0.0009060786837215353,0.6588603801547767,0.33932755513681484
doc163,0.0009059604939833847,0.0009059929022641147,0.8554672757968431,0.14272077080690926
doc164,0.0008447396096790275,0.6152010689543777,0.38310940621474565,0.0008447852211976464
doc165,0.0010375704000874612,0.1550924815359103,0.001037692279885154,0.8428322557841171
doc166,0.0023046221236644264,0.0023048158822055863,0.0023048828970122868,0.9930856790971178
doc167,0.0009142648479086503,0.031171911119501853,0.8950389038531953,0.0728749201793941
doc168,0.0010942488462507686,0.9967170101164547,0.0010943493320359648,0.0010943917052584939
doc169,0.07553992687938041,0.0006606146139666534,0.3290489597102826,0.5947504987963703
doc170,0.012827088708655655,0.0003092948725238232,0.7226201171938775,0.264243499224943
doc171,0.2737677649923051,0.0007123708634505753,0.47426995939080385,0.2512499047534405
doc172,0.0018055294820827458,0.12843072099694847,0.0018057016218531103,0.8679580478991157
doc173,0.05919036825137414,0.0006520625612553332,0.0006521172581021204,0.9395054519292684
doc174,0.13344421658367955,0.0019458509618719324,0.8626640074398324,0.00194592501461614
doc175,0.9973993366722408,0.0008668915336028875,0.0008669257099595868,0.0008668460841967141
doc176,0.9973993366722408,0.0008668915336028875,0.0008669257099595868,0.0008668460841967141
doc177,0.001712733323277658,0.0017129348474299519,0.00171298495182217,0.9948613468774702
doc178,0.001742418025352587,0.26701754199343597,0.49947876480787873,0.23176127517333278
doc179,0.0010597635248140332,0.0010596161845625085,0.9968208184735933,0.0010598018170301464
doc180,0.0017732811430964694,0.0017732866652663958,0.9946800229880094,0.0017734092036278072
doc181,0.0013264846751707895,0.1497735486552814,0.4871385845413123,0.36176138212823544
doc182,0.06603653485323674,0.0010484507829359388,0.931866508786496,0.0010485055773313463
doc183,0.0643011115774821,0.20544118849400184,0.4430184887737306,0.28723921115478546
doc184,0.1784211384063099,0.052228648304574,0.14667064402559735,0.6226795692635188
doc185,0.000817351408891613,0.0008172150346899171,0.957268141458704,0.04109729209771461
doc186,0.0016293281857316406,0.001629184003365152,0.7596290648782019,0.2371124229327013
doc187,0.0007976137583681423,0.09381688231144646,0.000797719922621271,0.9045877840075641
doc188,0.0016839093288660294,0.43337736804507887,0.563254865998157,0.0016838566278981968
doc189,0.001602748193872128,0.8483568022129832,0.0016029927285952583,0.1484374568645494
doc190,0.07172697275251201,0.0008040294100375109,0.5991947675798353,0.32827423025761526
doc191,0.001506384535930519,0.0015063706801013187,0.7356090414226543,0.261378203361314
doc192,0.07283839740102716,0.5958996413543505,0.0010825914998080434,0.3301793697448142
doc193,0.0011443087317986917,0.5995690678056156,0.0011444958452331681,0.3981421276173526
doc194,0.0026743331204480505,0.1920170392664008,0.002674530800143078,0.802634096813008
doc195,0.0745622884644494,0.15546336374896813,0.0015778001052990248,0.7683965476812834
doc196,0.0016558857071816953,0.9950320304309767,0.0016560718879714397,0.0016560119738702282
doc197,0.03247344833331592,0.17772428113263666,0.12867498830039598,0.6611272822336514
doc198,0.06300208970249606,0.11551009183635935,0.0009768241762810586,0.8205109942848635
doc199,0.0013626771204235774,0.0013628802868334308,0.00136268244503921,0.9959117601477038
doc200,0.0022529848488195858,0.002252904945893795,0.0022529530698086444,0.993241157135478
doc201,0.0019463433422650192,0.13619071169449035,0.0019465230871840156,0.8599164218760607
doc202,0.0010484229522955784,0.472818651235697,0.35761559614173277,0.16851732967027475
doc203,0.0012603208219472463,0.0012596805438444376,0.9419109581504698,0.05556904048373847
doc204,0.0016295534158915766,0.9329312291870718,0.0016289841677906616,0.06381023322924596
doc205,0.0011314701356729174,0.0011314777195903943,0.8832543120355395,0.11448274010919714
doc206,0.0010708111179660135,0.09060946224569158,0.8765549617730067,0.031764764863335786
doc207,0.0013627419095859274,0.42594543707180205,0.15716127600107727,0.4155305450175348
doc208,0.000517161339412601,0.000517201890964036,0.8760919092390989,0.12287372753052457
doc209,0.0008240245205673243,0.9975279933340349,0.0008239420446302257,0.0008240401007676443
doc210,0.002110194001172233,0.4325378431416283,0.5632417714571208,0.0021101914000786048
doc211,0.05123497472617023,0.30158498756118396,0.5042418237529246,0.14293821395972117
doc212,0.0022529327219442128,0.0022531192158775346,0.14900161663981498,0.8464923314223632
doc213,0.0295879845785299,0.966665870818647,0.0018730212303013987,0.0018731233725216977
doc214,0.00022611241119272954,0.00022609696291116154,0.6676923811295349,0.33185540949636105
doc215,0.0004665249335282651,0.000466521627984525,0.9986004005688859,0.00046655286960130146
doc216,0.001908745937172122,0.9942734858959954,0.0019088612540757092,0.001908906912756604
doc217,0.09731331954214417,0.7906179644884094,0.10907396332154957,0.0029947526478969508
doc218,0.0015776651769775158,0.001577762781258141,0.9952670115169534,0.0015775605248109696
doc219,0.00032223564050041636,0.00032224669875249265,0.939351168470727,0.060004349190020005
doc220,0.017705619562850532,0.059286300451343456,0.19219941965472986,0.730808660331076
doc221,0.005154937114219704,0.005156197803305785,0.28532843977942485,0.7043604253030497
doc222,0.1713681344630793,0.0009401113027367174,0.5615515930619305,0.2661401611722536
doc223,0.10038846428118747,0.0009226798229036177,0.700257172959552,0.1984316829363568
doc224,0.2688253607427764,0.0018055126318383412,0.07769362441854002,0.6516755022068451
doc225,0.05654154595486004,0.001259683347867711,0.10603074947376946,0.8361680212235029
doc226,0.0005903972927169251,0.000590408671300952,0.0005904249158400821,0.998228769120142
doc227,0.10146114957374952,0.6967940244507712,0.0008519778848812438,0.20089284809059793
doc228,0.9972060623880843,0.0009312239628064143,0.0009314059952628143,0.0009313076538465045
doc229,0.9972060623880843,0.0009312239628064143,0.0009314059952628143,0.0009313076538465045
doc230,0.0021558947897444914,0.0021558290183577747,0.20733568839308425,0.7883525877988135
doc231,0.0008377350111562945,0.04314150903719284,0.7777821849540375,0.17823857099761337
doc232,0.0008307378124975967,0.0008307531079429216,0.9975076762141007,0.0008308328654587764
doc233,0.0009314697925152689,0.0009313125760464679,0.19910023838740404,0.7990369792440342
doc234,0.0005513747539627918,0.0005514488420861939,0.22391457774251589,0.774982598661435
doc235,0.0035212929820475007,0.0035220097403691666,0.0035218614411273216,0.9894348358364561
doc236,0.0014842414139192013,0.001484109165574462,0.4730456239779417,0.5239860254425648
doc237,0.0029942893443982966,0.0029952530060832895,0.0029945168465358215,0.9910159408029826
doc238,0.0008820322273863218,0.8876108716636111,0.0008820712278668974,0.11062502488113568
doc239,0.1169973480418279,0.2182072432481562,0.0018386642967567288,0.6629567444132592
doc240,0.00427402857686286,0.004275022965821714,0.004275052857963042,0.9871758955993523
doc241,0.0013266111906446284,0.4120537790222459,0.0013267424184104533,0.585292867368699
doc242,0.0009962188903529484,0.8579329225707374,0.0009963338521195996,0.14007452468679002
doc243,0.0027481833150488355,0.6518256478931764,0.17737622563878122,0.1680499431529936
doc244,0.0025385766319577746,0.10927345402380906,0.836024198474558,0.052163770869675274
doc245,0.028606277730532124,0.8741425979130074,0.00048701547109643024,0.09676410888536392
doc246,0.0004799765283178181,0.7660413177615994,0.04140713407850352,0.19207157163157915
doc247,0.11868193824679181,0.0010595677591189372,0.7835693675911442,0.09668912640294514
doc248,0.001131363891493707,0.2940181457402381,0.0011315449566922562,0.703718945411576
doc249,0.0004942906192307176,0.9985172743513826,0.0004942278129208787,0.0004942072164657976
doc250,0.0012287523716223742,0.0012289718501915813,0.6472187804951913,0.3503234952829947
doc251,0.001326471131833757,0.0407472320348725,0.68613940127263,0.2717868955606637
doc252,0.0008592563833783033,0.5777195553048908,0.15638903563481069,0.2650321526769202
doc253,0.03488743689020476,0.02720441839306556,0.0009228057102910027,0.9369853390064387
doc254,0.12382008860128856,0.00230470497367138,0.33029339950594994,0.5435818069190901
doc255,0.0015064171629305114,0.29677516482789507,0.27858042772699865,0.42313799028217575
doc256,0.0006196562436151294,0.07582575909527887,0.37861407707568423,0.5449405075854218
doc257,0.0011187221955236634,0.0011189476104984763,0.917603361117346,0.080158969076632
doc258,0.09908579706357953,0.0005575428518678344,0.7471163554110505,0.1532403046735021
doc259,0.0011712616964544573,0.36016325595842275,0.0011712424787007388,0.637494239866422
doc260,0.07712785013208635,0.503259517875014,0.001984445970143198,0.4176281860227564
doc261,0.0018729847178539085,0.36109650121429304,0.38062692868076464,0.2564035853870884
doc262,0.0005903972927169251,0.000590408671300952,0.0005904249158400821,0.998228769120142
doc263,0.00177330094463331,0.0017735553291158704,0.9946795064141785,0.0017736373120723985
doc264,0.0011188158820384653,0.0556197950719397,0.07094794586408547,0.8723134431819364
doc265,0.0009059034589529915,0.05935075677169278,0.9388373620261313,0.0009059777432229173
doc266,0.126976090732474,0.0008593277304781995,0.41051590141091776,0.46164868012613
doc267,0.0005145703585369702,0.13342283383215542,0.0360249080023816,0.830037687806926
doc268,0.0014414555609698716,0.0014412740187357415,0.9956760322563049,0.0014412381639895711
doc269,0.051696082617781414,0.4784374910044176,0.05397482251789378,0.4158916038599072
doc270,0.04229609343272188,0.001309554906906226,0.0013093090595334028,0.9550850426008386
doc271,0.0006121479165749482,0.8714752372492142,0.12730042099844777,0.0006121938357631104
doc272,0.0009961670707522836,0.000996425639232707,0.7278353679526856,0.2701720393373295
doc273,0.0007790342055809143,0.06824554076736616,0.9301964016781251,0.0007790233489278177
doc274,0.003522342405589616,0.0035219240391596153,0.8533809794334738,0.13957475412177697
doc275,0.0017737456699021758,0.0017736885312427996,0.0017735906863953872,0.9946789751124596
doc276,0.03819064241398834,0.07760742009368961,0.8832618032750157,0.0009401342173063592
doc277,0.0017127222467023294,0.0017128790961885526,0.5469838315899697,0.4495905670671394
doc278,0.2161079844512801,0.0013093167198449025,0.7812734958717554,0.00130920295711949
doc279,0.1591556435447793,0.0012288751582923171,0.8383866475548033,0.0012288337421251386
doc280,0.1713681344630793,0.0009401113027367174,0.5615515930619305,0.2661401611722536
doc281,0.00032017477520915804,0.20180457884171898,0.15212582557031448,0.6457494208127573
doc282,0.9972060623880843,0.0009312239628064143,0.0009314059952628143,0.0009313076538465045
doc283,0.9972060623880843,0.0009312239628064143,0.0009314059952628143,0.0009313076538465045
doc284,0.0024165885278217003,0.9927514306355102,0.0024159574405493572,0.0024160233961186724
doc285,0.002538731078748553,0.0025390865500442986,0.002538826306611892,0.9923833560645953
doc286,0.002358715551828028,0.0023587819896813897,0.33807425195427493,0.6572082505042157
doc287,0.000890038320468357,0.9174116496212632,0.08080839233155299,0.0008899197267154803
doc288,0.008793580106829887,0.4222271070684313,0.13626002603034845,0.4327192867943903
doc289,0.0023590550169653975,0.0023590573766301207,0.5141256767792856,0.48115621082711885
doc290,0.001171115685151434,0.0011713483352550535,0.11498000538456936,0.8826775305950242
doc291,0.0011443263263652861,0.2709639054859805,0.3826257676417037,0.34526600054595047
doc292,0.0019461002634697249,0.9941616065317126,0.0019461812805081987,0.0019461119243096108
doc293,0.0008040656716711982,0.0008040383215281105,0.12238886612048455,0.8760030298863162
doc294,0.0005198702594977831,0.5207343711917132,0.38764752653385043,0.09109823201493852
doc295,0.0019461177649001066,0.0019460478314105819,0.17390863158527287,0.8221992028184164
doc296,0.0030873027752566667,0.003087636349436756,0.7887757205883548,0.20504934028695185
doc297,0.0009143025288197403,0.0009142459291096744,0.5107374343369885,0.48743401720508217
doc298,0.00187289692486397,0.0018731106630895842,0.9943806824322954,0.0018733099797509168
doc299,0.1384806930823956,0.0014009365445996143,0.6431791582230226,0.21693921214998213
doc300,0.0007226783834967277,0.07475559933539541,0.18666736051475485,0.737854361766353
doc301,0.0019087674891262914,0.3997095820508449,0.3011693204821737,0.29721232997785507
doc302,0.0012757164970068429,0.5890695784277244,0.001275931266944698,0.40837877380832394
doc303,0.0020244870358569534,0.2347867798550329,0.18461678205606358,0.5785719510530466
doc304,0.001118825503056139,0.1108617764337787,0.3090188022808381,0.5790005957823271
doc305,0.4389450056409978,0.09695521758438838,0.0017426741977902326,0.4623571025768235
doc306,0.0005904004702919295,0.404158619576905,0.39691422533034043,0.1983367546224627
doc307,0.0007227789779494359,0.0007226606150539352,0.0007227103544896828,0.997831850052507
doc308,0.039146019078126065,0.0006740419999557616,0.6636448204100038,0.29653511851191433
doc309,0.0008240243096091735,0.0008239769689900774,0.000823961341161348,0.9975280373802393
doc310,0.09908579706357953,0.0005575428518678344,0.7471163554110505,0.1532403046735021
doc311,0.006945459199890579,0.006946801422470018,0.20550381745116822,0.7806039219264711
doc312,0.0004942906192307176,0.9985172743513826,0.0004942278129208787,0.0004942072164657976
doc313,0.0008520699110373004,0.0008520203648009925,0.7379105038976491,0.26038540582651254
doc314,0.0015530617149804211,0.31164963764531595,0.46304097530755317,0.2237563253321504
doc315,0.0005365562644135893,0.0005365837831233681,0.7965604936358008,0.20236636631666222
doc316,0.0009488953616851665,0.000948996993578951,0.6489372977513561,0.3491648098933797
doc317,0.0015537394653690288,0.6776352949893147,0.0015530978658928778,0.3192578676794234
doc318,0.0004665249335282651,0.000466521627984525,0.9986004005688859,0.00046655286960130146
doc319,0.0008307378124975967,0.0008307531079429216,0.9975076762141007,0.0008308328654587764
doc320,0.001244032595249965,0.3171196566251233,0.31607405015610834,0.36556226062351843
doc321,0.003401796106426719,0.7978464535798351,0.0034026043762445304,0.19534914593749378
doc322,0.00037402413803446486,0.45277755374798345,0.5464743641245017,0.0003740579894802464
doc323,0.0010268410544683197,0.18939674262302786,0.5337611462402382,0.2758152700822657
doc324,0.0009490173088048343,0.382782344649294,0.18401103359714013,0.43225760444476097
doc325,0.0006650051662639719,0.41923340410189924,0.5794365205216635,0.0006650702101732229
doc326,0.013735083194500545,0.2018564072261233,0.1639733628738679,0.6204351467055081
doc327,0.0022524393520072118,0.002253225139358686,0.9932414764316938,0.002252859076940247
doc328,0.001401142559683157,0.17702171552300458,0.5215113333422137,0.3000658085750986
doc329,0.0006974831019299388,0.0006975446248855597,0.9979074374239721,0.000697534849212347
doc330,0.0019093408024510976,0.0019087874506463721,0.9486407851445469,0.04754108660235568
doc331,0.003185974384226042,0.0031856966018667023,0.9904425819717811,0.0031857470421261407
doc332,0.21420633355356375,0.12334690418461841,0.6586578489249689,0.003788913336848838
doc333,0.0022031259100633647,0.002203442378089478,0.22282647020835078,0.7727669615034963
doc334,0.03447852871159554,0.0007612152069195621,0.7896671972249668,0.17509305885651816
doc335,0.0039382062709348705,0.23414518323996733,0.003938185765673218,0.7579784247234246
doc336,0.00029471370082160517,0.0002947649913514442,0.0002947345005585946,0.9991157868072683
doc337,0.0014208387311535544,0.36649889837489297,0.0014208619619299045,0.6306594009320237
doc338,0.9972060068391466,0.0009313111856738114,0.000931247239187856,0.0009314347359918203
doc339,0.9972060068391466,0.0009313111856738114,0.000931247239187856,0.0009314347359918203
doc340,0.0015541259710321023,0.5752802418351918,0.4216124917983205,0.001553140395455672
doc341,0.0012925073615999837,0.0012923267985325982,0.996122842543688,0.001292323296179513
doc342,0.0019086546183845895,0.0019088838710185287,0.7196356891308427,0.27654677237975417
doc343,0.0019847987491466846,0.001984908796819961,0.9940458230584412,0.001984469395592082
doc344,0.0012922687221261307,0.9961229383815496,0.00129239449759778,0.001292398398726459
doc345,0.032701050854240424,0.0019087406384641294,0.0019086784573088922,0.9634815300499866
doc346,0.001048433896920162,0.0010484115132586805,0.9968547274364772,0.0010484271533440714
doc347,0.0013443754299824913,0.02535836361864179,0.20977841602884353,0.7635188449225322
doc348,0.1002899964428081,0.8973672100746586,0.0011714737742302282,0.0011713197083031382
doc349,0.0010063178229044471,0.0010063001298562214,0.8085297340169321,0.1894576480303073
doc350,0.09051200590013472,0.0008307681375179634,0.6873879185801389,0.22126930738220835
doc351,0.001462327941559956,0.44471239963091846,0.0014623971001564704,0.552362875327365
doc352,0.001131423634414686,0.9259128798332583,0.0011314963732559707,0.07182420015907097
doc353,0.001602743350496942,0.5698446846348183,0.0016033548740717637,0.42694921714061307
doc354,0.0011442852460539284,0.0011445789727177447,0.6164682170788638,0.38124291870236454
doc355,0.0023045217587899644,0.04629393179687403,0.0023046889173107582,0.9490968575270252
doc356,0.07467001317167471,0.0013092365868378566,0.1946154710965727,0.7294052791449148
doc357,0.002358715551828028,0.0023587819896813897,0.33807425195427493,0.6572082505042157
doc358,0.0011443263263652861,0.2709639054859805,0.3826257676417037,0.34526600054595047
doc359,0.0014841045399358339,0.17922097238666876,0.2838690186208349,0.5354259044525606
doc360,0.2450388175960351,0.0011993276982044917,0.5163613315252603,0.2374005231805001
doc361,0.02915668471033039,0.001553029115818276,0.0015530780738715784,0.9677372080999797
doc362,0.30205120298228305,0.000643638260038767,0.30014101328310083,0.3971641454745774
doc363,0.0019461002634697249,0.9941616065317126,0.0019461812805081987,0.0019461119243096108
doc364,0.026708929148036745,0.4320490196315658,0.23863726428499324,0.30260478693540427
doc365,0.0009582111276877969,0.00095809068032157,0.7177287747913091,0.2803549234006816
doc366,0.0022030598427920573,0.0022030409503732886,0.0022033502442525043,0.9933905489625822
doc367,0.00235885488685589,0.47288556667416615,0.0023592180510064696,0.5223963603879714
doc368,0.0026045269938554313,0.9090401344023907,0.08575092499548279,0.002604413608271058
doc369,0.0015062937996028532,0.15654640429283023,0.15840587934841402,0.683541422559153
doc370,0.002066321506625443,0.6184983557469478,0.23384964339512485,0.1455856793513019
doc371,0.0024165885278217003,0.9927514306355102,0.0024159574405493572,0.0024160233961186724
doc372,0.001309171854097177,0.618614454563946,0.0013092295845694918,0.37876714399738726
doc373,0.0022525463673645297,0.002253365856467978,0.15647179229950114,0.8390222954766664
doc374,0.02582458824312978,0.03716889129465371,0.0015531942088736642,0.9354533262533429
doc375,0.00039160428990557127,0.07792444041775587,0.888701178907229,0.03298277638510958
doc376,0.05783250042346216,0.9400256144474229,0.0010709380362897256,0.001070947092825274
doc377,0.0004665333498600078,0.06771327390894731,0.5355015874743012,0.39631860526689155
doc378,0.0008666962212116223,0.5505834967043758,0.3990785371662404,0.04947126990817197
doc379,0.000958107108511027,0.06468542450018289,0.9333982901759298,0.0009581782153763566
doc380,0.0004894190573037977,0.5695724324891333,0.0004893212886348737,0.42944882716492805
doc381,0.0004579495849463143,0.4640555701836602,0.2556912403808955,0.2797952398504979
doc382,0.0005454016742843274,0.8002790263284533,0.03489871679077118,0.1642768552064913
doc383,0.04347912520786957,0.5742809283973747,0.001838659819818416,0.38040128657493744
doc384,0.0008977483828927128,0.16873233261183784,0.7372731562489788,0.0930967627562906
doc385,0.0010164844293820714,0.4462548510303013,0.10918226193566065,0.4435464026046559
doc386,0.0051551205247503205,0.0051558613373950506,0.005155900534396142,0.9845331176034585
doc387,0.2225409672271766,0.0012758968480363578,0.5889222751904701,0.18726086073431691
doc388,0.0013815181011075572,0.2247016156900472,0.14711747058003305,0.6267993956288123
doc389,0.04943995921723426,0.09793345539999547,0.3815462898497423,0.47108029553302794
doc390,0.0007174544957336859,0.28355733121566007,0.0007175913572774429,0.7150076229313288
doc391,0.0005735003208535832,0.06969805140421327,0.1755785705297993,0.7541498777451338
doc392,0.9687110945515771,0.000931176355558836,0.029426488255020547,0.0009312408378434887
doc393,0.9687110945515771,0.000931176355558836,0.029426488255020547,0.0009312408378434887
doc394,0.0013626195462957248,0.0013627926749613163,0.9169936164653069,0.08028097131343602
doc395,0.001602727598318473,0.5823606947432243,0.41443357704916,0.0016030006092971965
doc396,0.0006395295899782178,0.054087694507985375,0.0006395516720277918,0.9446332242300086
doc397,0.007813092926833685,0.07142565625619594,0.9204006261522844,0.00036062466468623924
doc398,0.0004894190573037977,0.5695724324891333,0.0004893212886348737,0.42944882716492805
doc399,0.0011992545186753601,0.8795629663051412,0.0011992863784743408,0.11803849279770896
doc400,0.03075315520800908,0.0010709447162168763,0.0010708860526530775,0.967105014023121
doc401,0.002305042652992192,0.5566605615450296,0.0023045632930057697,0.4387298325089726
doc402,0.12572650400976274,0.0029946551651221305,0.0029946987328066904,0.8682841420923085
doc403,0.12572650400976274,0.0029946551651221305,0.0029946987328066904,0.8682841420923085
doc404,0.002252798180053555,0.0022529725119786992,0.002253259968526108,0.9932409693394417
doc405,0.0007498125202427517,0.13348970459487738,0.8650106314316293,0.0007498514532507072
doc406,0.001326499625428328,0.001326566671635151,0.99602041997886,0.0013265137240765035
doc407,0.0017426747272406664,0.0017424845747938905,0.9947724245124067,0.0017424161855588633
doc408,0.18155504756975732,0.24253729438145993,0.5315252243249796,0.044382433723803086
doc409,0.0022032947208808665,0.0493449117228466,0.0022029530012639222,0.9462488405550086
doc410,0.0032905688029436653,0.4825448357948893,0.09307253587380984,0.42109205952835704
doc411,0.0013814691690716056,0.0013816890659565048,0.49098860583819354,0.5062482359267784
doc412,0.0011853132627931038,0.22890194597493466,0.7257850467556672,0.0441276940066051
doc413,0.002825335150522426,0.0028257467023188494,0.002825358753208232,0.9915235593939504
doc414,0.0005904004702919295,0.404158619576905,0.39691422533034043,0.1983367546224627
doc415,0.07173114592677507,0.0023048793763429257,0.49712458677018195,0.4288393879267
doc416,0.0009962224395818398,0.0009962005888735528,0.0009963333024094372,0.9970112436691352
doc417,0.02915668471033039,0.001553029115818276,0.0015530780738715784,0.9677372080999797
doc418,0.002358781892742848,0.002359146062724753,0.7897217233487462,0.2055603486957863
doc419,0.0012923264707350854,0.00129222816418583,0.5228216459570837,0.4745937994079955
doc420,0.2032634015338619,0.10357280725978048,0.001094347606652614,0.692069443599705
doc421,0.0009144939174542358,0.08581459266238495,0.9123565534198456,0.000914360000315182
doc422,0.30205120298228305,0.000643638260038767,0.30014101328310083,0.3971641454745774
doc423,0.006835990008595361,0.10439535368976305,0.000329705154238214,0.8884389511474033
doc424,0.0024756947503145887,0.9109797754940542,0.08406843350874252,0.002476096246888795
doc425,0.013514084514778138,0.01351583590403786,0.013516013200000282,0.9594540663811837
doc426,0.0007612130263094061,0.0007613047802162113,0.19763050468940177,0.8008469775040725
doc427,0.0005454016742843274,0.8002790263284533,0.03489871679077118,0.1642768552064913
doc428,0.0012921442590015837,0.09547826902035765,0.901937327489423,0.001292259231217713
doc429,0.0009863751073717088,0.8775471343963961,0.1204800015677313,0.0009864889285009424
doc430,0.059906731584565685,0.002024570987760253,0.813087791149547,0.12498090627812707
doc431,0.0028257426576818777,0.9915230048168325,0.0028258643076470185,0.002825388217838368
doc432,0.000292946396251645,0.0002929752441087563,0.9991210892562711,0.00029298910336847275
doc433,0.0015294621320274444,0.001529466465036681,0.9954116095519462,0.0015294618509898107
doc434,0.003937703212211975,0.003938585137299715,0.003938120898171521,0.9881855907523167
doc435,0.0006974677760645623,0.0634546723282308,0.7548559817127211,0.1809918781829835
doc436,0.0009768987681071442,0.236178776301497,0.34137978944936,0.421464535481036
doc437,0.0049027297209412795,0.004903490612139991,0.004902871728929058,0.9852909079379897
doc438,0.26433494672090446,0.0897948713740307,0.6440645570405702,0.00180562486449465
doc439,0.16158268700023953,0.0014841802276278101,0.0014841616920129837,0.8354489710801196
doc440,0.0593601329379727,0.001094244149792352,0.07660563972529985,0.8629399831869351
doc441,0.2864959023007133,0.0006832069658001638,0.21764314026354803,0.4951777504699385
doc442,0.00230461546217235,0.002304919770719063,0.14075516878891386,0.8546352959781947
doc443,0.9973063397710474,0.0008979701622826923,0.0008978956107733519,0.0008977944558965334
doc444,0.002747882569770376,0.002748264308059585,0.23250201579616317,0.7620018373260069
doc445,0.9973063397710474,0.0008979701622826923,0.0008978956107733519,0.0008977944558965334
doc446,0.03615098304534918,0.0011994316031773123,0.6248433103015999,0.33780627504987354
doc447,0.0006048191990586836,0.0006047739563853929,0.6477875039379947,0.35100290290656116
doc448,0.00063146045552452,0.06786941053644187,0.7791634932605579,0.1523356357474756
doc449,0.0029944123485219905,0.65834582017518,0.19563219315697417,0.1430275743193239
doc450,0.0008039920172844788,0.0008040712574862318,0.9313462792319823,0.06704565749324698
